
Time stamp	Inside_humidity (in %rH)	Inside_temperature (in °C)	Inside_pressure (in mbar)	Soil_moisture (in %VWC)	Soil_temperature (in °C)	Inside_CO2_ratio (in ppm)	Outside_humidity (in %rH)	Outside_temperature (in °C)	Outside_pressure (in mbar)	Outside_PAR (in µmol m^-2 s^-1)	Power_box_charge (in V)	
9/14/2019 09:54:06.315406649	77.197255	27.105524	1003.772298	11.312674	26.656992	493.633091	69.578322	29.658984	1003.680437	55.921201	11.999115	
9/14/2019 09:54:07.315406649	77.197255	27.159965	1004.781517	11.924740	26.676054	494.678528	69.768328	29.741575	1003.989534	53.687390	11.946613	
9/14/2019 09:54:08.315406649	76.960701	27.220908	1004.162377	11.103784	26.596416	492.479885	69.769379	29.610323	1003.846657	59.930844	12.002295	
9/14/2019 09:54:09.315406649	77.519231	27.279573	1004.711182	11.237138	26.729934	494.379546	69.799974	29.666869	1004.155596	61.348527	11.950463	
9/14/2019 09:54:10.315406649	76.954130	27.158543	1003.674681	11.247967	26.642011	493.034474	69.783415	29.663345	1003.908160	58.764159	11.987904	
9/14/2019 09:54:11.315406649	77.262964	27.290641	1003.509251	11.834120	26.736710	493.850586	69.758945	29.701211	1003.943328	57.871792	11.979349	
9/14/2019 09:54:12.315406649	77.394383	27.162917	1003.872361	10.924851	26.678830	492.896487	69.592963	29.576700	1003.330179	53.172559	11.995264	
9/14/2019 09:54:13.315406649	77.716360	27.395106	1004.018158	11.870083	26.738139	492.274210	69.605710	29.647671	1004.308412	60.793610	11.961318	
9/14/2019 09:54:14.315406649	77.400954	27.163965	1003.642982	11.149751	26.653604	492.112572	69.466668	29.597972	1003.525414	55.080443	11.996368	
9/14/2019 09:54:15.315406649	77.676934	27.185052	1004.651886	11.525832	26.840635	493.602862	69.599796	29.677653	1003.464697	51.162496	11.958900	
9/14/2019 09:54:16.315406649	77.617795	27.194099	1004.721906	11.284313	26.602907	491.167010	69.680645	29.650476	1003.781052	59.711029	11.994935	
9/14/2019 09:54:17.315406649	77.939772	27.190249	1004.432442	12.240361	26.806062	494.075975	69.707586	29.682638	1003.674600	54.935557	11.987405	
9/14/2019 09:54:18.315406649	77.617795	27.220609	1005.318496	11.090434	26.608009	490.569709	69.773190	29.641554	1003.770170	59.524746	11.997288	
9/14/2019 09:54:19.315406649	77.979197	27.180454	1004.228928	11.749179	26.837206	492.787413	69.895174	29.677653	1003.753294	55.671514	11.980361	
9/14/2019 09:54:20.315406649	78.150042	27.111545	1004.624209	11.076140	26.662380	490.879206	69.759944	29.574626	1003.383166	52.578868	11.969361	
9/14/2019 09:54:21.315406649	78.248606	27.138429	1004.040393	11.942530	26.789081	490.135372	69.756580	29.725182	1003.781524	57.355650	11.990730	
9/14/2019 09:54:22.315406649	78.051478	27.132034	1003.645979	11.387655	26.672584	489.484192	69.457285	29.618208	1003.271669	54.997651	11.987996	
9/14/2019 09:54:23.315406649	78.215751	27.118538	1004.475969	11.129024	26.805245	489.831137	69.575458	29.673716	1003.787990	54.724644	11.948755	
9/14/2019 09:54:24.315406649	78.288032	27.115619	1003.942776	11.404457	26.627847	488.035951	69.426638	29.651619	1003.828837	62.027632	12.001322	
9/14/2019 09:54:25.315406649	78.518015	27.198141	1005.227974	11.386057	26.719077	487.798742	69.659276	29.699137	1003.965406	61.748343	11.973435	
9/14/2019 09:54:26.315406649	78.320886	27.179331	1005.624833	12.144635	26.713689	486.119860	69.182567	29.537479	1004.083211	55.730987	11.938767	
9/14/2019 09:54:27.315406649	78.465447	27.182176	1002.887034	11.528284	26.715403	487.702151	69.667004	29.733173	1003.869049	57.648044	11.972673	
9/14/2019 09:54:28.315406649	78.524586	27.221507	1004.411863	11.203484	26.605683	485.299149	69.633649	29.589675	1003.631552	58.708618	11.989863	
9/14/2019 09:54:29.315406649	79.122542	27.370318	1004.038028	10.623417	26.598131	488.217312	69.626422	29.604301	1004.293429	51.445716	11.954905	
9/14/2019 09:54:30.315406649	78.741427	27.199820	1004.873695	11.190411	26.612254	484.831299	69.602898	29.604820	1003.621613	58.112305	11.993989	
9/14/2019 09:54:31.315406649	78.747998	27.258859	1004.316216	11.203270	26.678054	485.096105	69.641272	29.665419	1003.866527	62.169897	11.976037	
9/14/2019 09:54:32.315406649	78.780853	27.211861	1002.553256	10.481227	26.696953	487.150193	69.788330	29.628166	1002.904063	46.240827	11.953591	
9/14/2019 09:54:33.315406649	79.109400	27.233248	1003.762915	11.880590	26.721363	485.410201	69.589756	29.679008	1003.779159	60.024121	11.976800	
9/14/2019 09:54:34.315406649	78.885988	27.142428	1003.805258	11.356641	26.681646	484.839182	69.622401	29.558656	1003.354307	63.547765	11.991124	
9/14/2019 09:54:35.315406649	78.925413	27.354802	1005.811317	11.525964	26.685401	485.594184	69.622611	29.693221	1003.761968	68.237824	11.978114	
9/14/2019 09:54:36.315406649	78.971410	27.121191	1003.794456	11.445651	26.652787	484.693964	69.604948	29.643628	1003.789726	77.574194	12.004897	
9/14/2019 09:54:37.315406649	79.260531	27.374243	1005.302490	11.484292	26.704994	486.048235	69.653205	29.641967	1003.936233	65.394595	11.955497	
9/14/2019 09:54:38.315406649	79.010836	27.132258	1003.073518	11.303002	26.659277	485.558703	69.450110	29.643628	1003.597328	70.205181	12.001362	
9/14/2019 09:54:39.315406649	79.089687	27.353080	1004.934332	11.686918	26.679156	486.453660	69.465512	29.638125	1003.956574	74.965197	11.970886	
9/14/2019 09:54:40.315406649	79.142254	27.190699	1004.441274	11.372801	26.702055	487.321693	69.404166	29.596935	1003.162066	59.191226	11.983660	
9/14/2019 09:54:41.315406649	79.424805	27.300136	1003.607263	11.623143	26.765284	488.974282	69.479258	29.646422	1003.593384	62.144228	11.984435	
9/14/2019 09:54:42.315406649	79.148825	27.231527	1004.283413	11.219450	26.608581	486.683648	69.487328	29.619763	1003.656309	63.547494	11.999772	
9/14/2019 09:54:43.315406649	79.234248	27.227827	1004.036767	11.866386	26.814266	489.951389	69.563577	29.609381	1003.657567	56.376559	11.985460	
9/14/2019 09:54:44.315406649	79.319670	27.148074	1004.600712	11.198095	26.685034	488.191683	69.475737	29.636569	1003.499235	54.543604	11.948676	
9/14/2019 09:54:45.315406649	79.582508	27.217657	1005.639736	12.077495	26.810021	490.738588	69.578112	29.679314	1003.578401	56.114036	11.983055	
9/14/2019 09:54:46.315406649	79.365667	27.185502	1003.712765	11.197020	26.658380	488.666764	69.346526	29.579092	1003.595749	65.129722	11.990060	
9/14/2019 09:54:47.315406649	79.457660	27.095055	1002.179816	10.969554	26.939539	491.809654	69.207589	29.724039	1003.687690	62.667962	11.948650	
9/14/2019 09:54:48.315406649	79.431376	27.137830	1004.726007	11.490461	26.654461	488.257393	69.067444	29.618726	1003.542762	55.443835	11.989416	
9/14/2019 09:54:49.315406649	79.628504	27.164938	1004.687605	11.833781	26.838349	491.040854	69.172579	29.696851	1003.714026	79.933775	11.988588	
9/14/2019 09:54:50.315406649	79.635075	27.158468	1003.040401	11.471729	26.645971	488.219281	69.092676	29.650582	1003.757081	78.273997	11.988943	
9/14/2019 09:54:51.315406649	79.457660	27.185277	1005.281750	11.680065	26.797285	490.141287	69.128081	29.758381	1003.112388	68.021940	11.966746	
9/14/2019 09:54:52.315406649	79.543082	27.153720	1003.794613	12.013210	26.965336	494.920347	69.094675	29.691147	1003.825680	65.527957	11.979757	
9/14/2019 09:54:53.315406649	79.569366	27.148224	1003.759603	11.337399	26.714791	489.841652	68.748280	29.577325	1003.398463	73.995279	11.992780	
9/14/2019 09:54:54.315406649	79.477373	27.323320	1003.179966	11.791605	26.740629	490.839778	69.139462	29.814102	1004.418486	83.216364	11.961029	
9/14/2019 09:54:55.315406649	79.694214	27.167740	1005.239565	11.130276	26.598090	487.947243	68.914499	29.614990	1003.418019	82.525735	11.965550	
9/14/2019 09:54:56.315406649	80.108183	27.403896	1004.323154	10.815504	26.622745	491.195270	69.150134	29.685230	1004.913201	84.380698	11.962409	
9/14/2019 09:54:57.315406649	79.727068	27.195896	1003.743282	11.270504	26.649358	487.196841	68.552098	29.677558	1003.599535	89.836585	11.990927	
9/14/2019 09:54:58.315406649	79.661359	27.229024	1005.337814	11.533567	26.724751	489.678036	68.692191	29.774362	1004.284912	74.090906	11.968481	
9/14/2019 09:54:59.315406649	79.556224	27.204942	1002.630057	10.978063	26.661849	487.581899	68.530230	29.610217	1003.505387	80.310001	11.994265	
9/14/2019 09:55:00.315406649	79.687643	27.176530	1005.177904	11.720240	26.721118	488.689762	68.692243	29.741681	1003.835932	78.131731	11.979310	
9/14/2019 09:55:01.315406649	79.687643	27.216310	1004.639743	11.016773	26.648828	485.947045	68.618360	29.628272	1003.735003	78.805594	11.999745	
9/14/2019 09:55:02.315406649	79.917626	27.144299	1003.982911	11.673581	26.723648	488.729190	68.725650	29.788893	1004.061290	84.538420	11.984961	
9/14/2019 09:55:03.315406649	79.871629	27.189351	1003.716946	11.387202	26.623888	485.054709	68.587608	29.650063	1003.857853	91.388670	12.000994	
9/14/2019 09:55:04.315406649	79.996477	27.233323	1003.970688	11.420440	26.664094	485.382604	68.801375	29.738771	1004.204639	87.579455	11.966326	
9/14/2019 09:55:05.315406649	79.819062	26.952564	1002.714113	11.889797	26.760426	485.060624	68.653660	29.560201	1003.639118	66.009255	11.975788	
9/14/2019 09:55:06.315406649	79.753352	27.251834	1003.045840	11.855758	26.692177	487.033225	68.644434	29.755482	1004.398774	91.853202	11.963211	
9/14/2019 09:55:07.315406649	79.819062	27.126612	1003.029362	11.735257	26.672911	487.022711	68.426646	29.623499	1003.892706	86.305349	11.987168	
9/14/2019 09:55:08.315406649	80.095041	27.166510	1003.436785	11.736671	26.726751	488.654281	68.464468	29.713043	1003.781209	92.395283	11.962343	
9/14/2019 09:55:09.315406649	79.970193	27.221582	1005.100708	11.096043	26.622745	485.734802	68.445307	29.676627	1003.824893	99.090163	11.986117	
9/14/2019 09:55:10.315406649	80.114754	27.208685	1005.326933	11.383095	26.701810	487.389370	68.595283	29.732029	1004.004674	87.069867	11.975577	
9/14/2019 09:55:11.315406649	79.838774	27.221132	1003.189587	11.340775	26.596947	487.637094	68.408641	29.660434	1003.779002	88.725442	12.002820	
9/14/2019 09:55:12.315406649	79.983335	27.196494	1004.293349	11.153756	26.705811	489.913930	68.792806	29.700280	1003.975973	89.585587	11.978771	
9/14/2019 09:55:13.315406649	79.904484	27.158843	1003.814878	11.111254	26.667768	489.991470	68.667511	29.586246	1003.573514	79.601295	12.001625	
9/14/2019 09:55:14.315406649	80.049045	27.297335	1005.284985	11.613880	26.630990	489.802877	68.789442	29.790449	1003.776637	81.983653	11.940738	
9/14/2019 09:55:15.315406649	80.035903	27.163740	1004.610962	11.136313	26.630092	488.865861	68.595283	29.650275	1003.850129	81.186913	12.000534	
9/14/2019 09:55:16.315406649	80.279028	27.208386	1003.938675	11.500465	26.669523	490.454720	68.578329	29.799889	1004.218993	92.444272	11.989140	
9/14/2019 09:55:17.315406649	80.206747	27.152972	1004.033218	11.445148	26.628133	489.406652	68.615443	29.687104	1003.628079	88.477065	12.001664	
9/14/2019 09:55:18.315406649	80.436730	27.223752	1003.082743	11.048579	26.666706	489.935612	68.764262	29.775505	1003.930238	89.012594	11.956666	
9/14/2019 09:55:19.315406649	80.180464	27.231003	1005.180744	11.118776	26.606621	490.068999	68.587555	29.644359	1003.720335	76.378948	11.979678	
9/14/2019 09:55:20.315406649	80.193605	27.202665	1004.429683	11.535315	26.666706	491.191324	68.550547	29.786088	1004.335062	82.058853	11.984172	
9/14/2019 09:55:21.315406649	80.022761	27.111769	1003.311885	11.595362	26.667237	490.090692	68.535645	29.651925	1003.313617	78.243085	11.951239	
9/14/2019 09:55:22.315406649	80.226460	27.244765	1002.754011	11.457762	26.732996	490.444205	68.630450	29.736178	1004.085576	82.100249	11.973580	
9/14/2019 09:55:23.315406649	80.121325	27.258186	1002.451775	11.359986	26.653644	486.841349	68.653317	29.836105	1004.102767	74.868259	11.935021	
9/14/2019 09:55:24.315406649	80.305311	27.243942	1004.528089	11.638857	26.660502	488.859946	68.571311	29.788374	1004.153074	90.483197	11.982897	
9/14/2019 09:55:25.315406649	80.384163	27.169611	1002.348953	11.598789	26.658706	489.967156	68.558222	29.673304	1003.569098	86.042826	11.991098	
9/14/2019 09:55:26.315406649	80.265886	27.254635	1004.942768	11.731043	26.697320	490.354182	68.725755	29.742719	1004.102924	88.359429	11.973527	
9/14/2019 09:55:27.315406649	80.068758	27.242445	1003.688874	11.205842	26.633521	489.964525	68.752486	29.655143	1003.781052	96.730853	11.995684	
9/14/2019 09:55:28.315406649	80.371021	27.270750	1003.263076	11.340605	26.709770	491.613178	68.761869	29.723415	1004.050566	100.973688	11.978560	
9/14/2019 09:55:29.315406649	80.357879	27.153196	1002.422362	11.261279	26.727281	490.338415	68.852706	29.534780	1002.923776	95.780323	11.996407	
9/14/2019 09:55:30.315406649	80.430159	27.239044	1004.587937	11.663249	26.690218	490.401494	68.817091	29.758075	1004.306833	92.343403	11.985644	
9/14/2019 09:55:31.315406649	80.344737	27.058451	1002.232252	11.239817	26.887087	493.227666	68.837094	29.497527	1002.766388	84.541041	11.991229	
9/14/2019 09:55:32.315406649	80.476156	27.228725	1005.019807	11.742670	26.720832	491.764311	68.654921	29.748010	1003.886240	81.053821	11.978784	
9/14/2019 09:55:33.315406649	80.489298	27.122089	1003.872361	11.370399	26.684218	490.812181	68.413609	29.662508	1003.982596	76.089445	11.977917	
9/14/2019 09:55:34.315406649	80.403876	27.260282	1003.906424	11.499145	26.711484	491.748544	68.474508	29.745311	1004.055453	86.084222	11.953315	
9/14/2019 09:55:35.315406649	80.213318	27.253662	1002.937498	11.344316	26.624990	490.731357	68.551546	29.661471	1003.604108	97.231539	11.991256	
9/14/2019 09:55:36.315406649	80.456443	27.207338	1004.038500	11.450323	26.712913	492.293271	68.513671	29.769695	1004.075323	97.756854	11.976550	
9/14/2019 09:55:37.315406649	80.502440	27.205317	1002.377417	11.000707	26.728710	492.106657	68.572915	29.638749	1003.649843	90.743369	11.989008	
9/14/2019 09:55:38.315406649	80.325024	27.307879	1003.875515	11.418454	26.630459	491.508041	68.693347	29.805699	1004.483148	100.015024	11.965353	
9/14/2019 09:55:39.315406649	80.200176	27.164489	1002.983075	11.274170	26.701198	492.084975	68.551546	29.617996	1003.306680	90.217014	11.984487	
9/14/2019 09:55:40.315406649	80.423588	27.254935	1004.142269	11.138614	26.695606	492.782151	68.721025	29.735659	1004.087626	83.905953	11.977023	
9/14/2019 09:55:41.315406649	80.384163	27.185127	1003.987012	11.373361	26.680258	491.481759	68.465467	29.724664	1003.531566	81.581487	11.983699	
9/14/2019 09:55:42.315406649	80.620717	27.265778	1003.973133	11.416781	26.682830	492.205879	68.558012	29.798227	1004.105446	80.868849	11.980663	
9/14/2019 09:55:43.315406649	80.555007	27.168937	1003.979994	11.048415	26.680503	492.152653	68.294123	29.671324	1003.432687	71.589331	11.972949	
9/14/2019 09:55:44.315406649	80.443301	27.234221	1004.154412	11.290406	26.660747	491.706485	68.488544	29.777992	1004.210319	74.064966	11.975656	
9/14/2019 09:55:45.315406649	80.377592	27.179182	1002.993720	11.049478	26.705770	491.426564	68.507757	29.656180	1003.439939	59.248078	11.988062	
9/14/2019 09:55:46.315406649	80.791561	27.149646	1004.667026	11.529605	26.757079	491.396336	68.709801	29.792523	1004.122637	66.221207	11.951988	
9/14/2019 09:55:47.315406649	80.535295	27.232575	1003.858010	11.260751	26.614826	490.513199	68.673687	29.731617	1004.023758	60.937186	11.990454	
9/14/2019 09:55:48.315406649	80.384163	27.291464	1003.297140	11.444946	26.657359	491.871417	68.898046	29.821161	1004.385055	66.007674	11.963763	
9/14/2019 09:55:49.315406649	80.548436	27.226148	1005.799252	11.682051	26.712872	494.671960	69.015009	29.932284	1004.247851	78.152430	11.961240	
9/14/2019 09:55:50.315406649	80.541865	27.237697	1005.018151	11.453517	26.596376	491.200523	68.724389	29.731405	1003.956574	64.211143	11.995790	
9/14/2019 09:55:51.315406649	80.344737	27.267425	1004.142979	11.740129	26.734098	495.475588	68.763315	29.945048	1004.352882	64.075431	11.976221	
9/14/2019 09:55:52.315406649	80.469585	27.153870	1003.449717	11.013233	26.706015	493.530585	68.478819	29.632833	1003.404772	57.403599	11.997682	
9/14/2019 09:55:53.315406649	80.620717	27.239194	1004.174520	11.458850	26.728465	497.370650	68.793962	29.879368	1004.249745	66.151250	11.984409	
9/14/2019 09:55:54.315406649	80.252744	27.173610	1003.913285	11.436898	26.611969	493.607461	68.543372	29.738358	1003.903745	64.760818	11.996368	
9/14/2019 09:55:55.315406649	80.482727	27.160789	1004.117589	11.642996	26.774917	498.768295	68.735638	29.814726	1004.237441	65.158013	11.954156	
9/14/2019 09:55:56.315406649	80.607575	27.112069	1005.164420	10.904773	26.722179	494.898654	68.612945	29.723415	1003.247698	75.244756	11.979467	
9/14/2019 09:55:57.315406649	80.620717	27.376638	1003.068313	11.658263	26.729567	499.790735	68.762421	29.878225	1004.337427	70.130252	11.958283	
9/14/2019 09:55:58.315406649	80.436730	27.180230	1004.110019	11.240534	26.700913	496.929081	68.705990	29.667176	1003.398463	81.899821	11.983186	
9/14/2019 09:55:59.315406649	80.587862	27.186325	1003.189350	11.503188	26.854228	499.748023	68.863535	29.734929	1003.598114	72.745802	11.972988	
9/14/2019 09:56:00.315406649	80.653571	27.237547	1002.996717	10.953916	26.637766	496.475683	68.720630	29.678489	1003.634546	82.197187	11.993424	
9/14/2019 09:56:01.315406649	80.417018	27.201766	1004.640452	11.484695	26.839778	497.251714	68.902856	29.732749	1003.735947	92.759985	11.986906	
9/14/2019 09:56:02.315406649	80.482727	27.205317	1003.718916	11.000575	26.693565	496.590019	68.816882	29.680457	1003.444512	64.855405	11.996210	
9/14/2019 09:56:03.315406649	80.647001	27.184828	1004.201013	12.137925	26.837492	499.146775	68.895890	29.821680	1003.922986	61.955324	11.978587	
9/14/2019 09:56:04.315406649	80.279028	27.233847	1004.647628	10.570779	26.521269	497.107812	68.918705	29.888914	1003.724593	50.034586	11.940515	
9/14/2019 09:56:05.315406649	80.436730	27.333265	1004.522885	11.941052	26.733282	498.226842	68.680705	29.813996	1003.595434	61.167486	11.976984	
9/14/2019 09:56:06.315406649	80.607575	27.153795	1005.451281	11.301443	26.651359	496.047913	68.437133	29.729955	1003.531723	67.430599	11.989613	
9/14/2019 09:56:07.315406649	80.561578	27.285743	1004.660323	11.824644	26.784264	497.757676	68.596491	29.789094	1004.295794	66.241905	11.969151	
9/14/2019 09:56:08.315406649	80.410447	27.253138	1002.720894	11.221588	26.614254	496.099824	68.492907	29.723002	1003.763547	59.218206	11.991834	
9/14/2019 09:56:09.315406649	80.666713	27.274600	1004.983141	11.958119	26.821369	499.368217	68.562585	29.711995	1003.569570	102.432767	11.988759	
9/14/2019 09:56:10.315406649	80.607575	27.189726	1004.111517	11.025489	26.694708	497.697882	68.505602	29.671949	1003.440097	54.998961	11.993516	
9/14/2019 09:56:11.315406649	80.476156	27.332292	1004.454206	11.748091	26.736384	498.775516	68.624431	29.740739	1004.006882	94.698781	11.989521	
9/14/2019 09:56:12.315406649	80.522153	27.189800	1004.242332	11.542213	26.645113	497.681452	68.300799	29.764297	1003.838140	137.986958	12.017500	
9/14/2019 09:56:13.315406649	80.666713	27.342911	1004.477782	11.665362	26.755650	499.627108	68.445412	29.742295	1003.845235	92.243844	11.988088	
9/14/2019 09:56:14.315406649	80.463014	27.174883	1004.070988	11.299965	26.663808	498.301750	68.361645	29.768033	1003.822843	57.371106	12.000731	
9/14/2019 09:56:15.315406649	80.653571	27.369794	1004.536211	11.613478	26.692218	499.081718	68.600907	29.771557	1004.122794	67.201609	11.984658	
9/14/2019 09:56:16.315406649	80.745565	27.201542	1003.612625	11.189782	26.692422	499.462840	68.531334	29.692702	1003.358880	52.374508	11.989928	
9/14/2019 09:56:17.315406649	80.594433	27.264655	1004.038186	11.960099	26.779203	500.830909	68.505207	29.733892	1003.709453	76.227779	11.981820	
9/14/2019 09:56:18.315406649	80.601004	27.195372	1003.622165	11.108060	26.711689	500.303265	68.587213	29.707952	1003.459652	134.301932	12.007105	
9/14/2019 09:56:19.315406649	80.817845	27.327843	1004.899322	11.795699	26.665318	499.607394	68.721891	29.809329	1004.256054	81.141585	11.981649	
9/14/2019 09:56:20.315406649	80.627288	27.159441	1003.957126	11.282553	26.686463	499.795987	68.743550	29.740432	1003.687375	176.146484	12.011047	
9/14/2019 09:56:21.315406649	80.607575	27.291165	1004.344445	11.714687	26.650297	498.889189	68.677893	29.829977	1004.275924	97.439559	11.983029	
9/14/2019 09:56:22.315406649	80.601004	27.174209	1003.867236	11.435841	26.628133	498.305034	68.681047	29.791274	1003.713240	106.298834	12.009431	
9/14/2019 09:56:23.315406649	80.830987	27.255459	1004.357612	11.619678	26.697565	500.138333	68.675185	29.874383	1004.295637	170.684045	11.991729	
9/14/2019 09:56:24.315406649	80.548436	27.232724	1004.826699	11.225103	26.679973	499.612657	68.625877	29.742401	1004.043942	102.183080	11.979691	
9/14/2019 09:56:25.315406649	80.719281	27.229623	1005.297757	11.172570	26.667523	500.983358	68.691691	29.943386	1004.600003	123.562025	11.967981	
9/14/2019 09:56:26.315406649	80.738994	27.237472	1003.275456	11.371003	26.627276	499.009441	68.517588	29.821468	1004.045993	83.548844	11.998418	
9/14/2019 09:56:27.315406649	80.528724	27.218106	1004.172864	11.663193	26.681156	499.843951	68.578934	29.952413	1004.164270	64.407640	11.978718	
9/14/2019 09:56:28.315406649	80.660142	27.290790	1003.389870	11.106846	26.618785	499.168457	68.553754	29.805593	1003.982282	100.588017	11.980860	
9/14/2019 09:56:29.315406649	80.692997	27.233697	1004.352882	11.515765	26.695892	502.198326	68.736032	29.952932	1004.332697	82.665379	11.985565	
9/14/2019 09:56:30.315406649	80.633859	27.249289	1003.180361	11.091647	26.683646	501.053667	68.623327	29.761905	1003.363453	118.571709	11.982989	
9/14/2019 09:56:31.315406649	80.738994	27.279166	1003.909736	11.431829	26.659237	501.244880	68.815540	29.917023	1003.857224	245.684698	11.977509	
9/14/2019 09:56:32.315406649	80.476156	27.185202	1003.971320	11.479815	26.660992	501.737044	68.644696	29.815658	1003.859904	100.388900	12.009549	
9/14/2019 09:56:33.315406649	80.594433	27.196944	1005.057024	11.963721	26.789938	504.575699	68.836752	29.881855	1004.004674	323.553202	12.024951	
9/14/2019 09:56:34.315406649	80.601004	27.159741	1003.552540	11.368262	26.681360	501.781071	68.485442	29.766266	1003.514375	151.509310	12.014596	
9/14/2019 09:56:35.315406649	80.515582	27.227901	1004.922898	11.596883	26.814552	502.415168	68.626087	29.813054	1003.681224	96.749201	11.987734	
9/14/2019 09:56:36.315406649	80.587862	27.254186	1003.995606	11.185896	26.664380	501.152889	68.534645	29.766784	1003.591019	235.308455	12.023217	
9/14/2019 09:56:37.315406649	80.443301	27.270451	1004.229005	12.143540	26.718179	501.023438	68.608739	29.862139	1003.733267	99.176887	11.961857	
9/14/2019 09:56:38.315406649	80.167322	27.200868	1004.395776	11.099709	26.729567	500.563471	68.482682	29.785464	1003.746042	345.040875	12.009273	
9/14/2019 09:56:39.315406649	80.561578	27.390957	1005.794522	12.037703	26.748589	501.552398	68.592233	29.876352	1004.162377	177.844766	11.988693	
9/14/2019 09:56:40.315406649	80.495869	27.211337	1004.983535	11.486204	26.629276	500.355828	68.566239	29.823023	1003.813854	205.067617	12.020023	
9/14/2019 09:56:41.315406649	80.449872	27.354577	1003.871809	11.847910	26.802674	503.099861	68.617755	29.795623	1003.691791	389.870910	12.031838	
9/14/2019 09:56:42.315406649	80.443301	27.221507	1004.296108	11.353591	26.642011	500.586469	68.647089	29.834644	1003.842713	148.515953	12.007171	
9/14/2019 09:56:43.315406649	80.765278	27.343509	1004.703297	11.971670	26.712627	503.314072	68.591918	29.848444	1004.074537	255.620000	12.007880	
9/14/2019 09:56:44.315406649	80.417018	27.180304	1003.196762	11.149858	26.677932	503.263477	68.543609	29.765747	1003.740834	287.944788	12.020391	
9/14/2019 09:56:45.315406649	80.666713	27.312177	1004.149130	11.764522	26.654257	504.073673	68.625930	29.911530	1004.203853	164.899340	11.994291	
9/14/2019 09:56:46.315406649	80.745565	27.200943	1003.824499	11.521424	26.652501	503.867346	68.540954	29.818356	1003.737054	77.492712	12.006329	
9/14/2019 09:56:47.315406649	80.357879	27.216160	1004.083211	11.392698	26.608866	504.655860	68.467280	29.833712	1003.607580	108.127857	12.001217	
9/14/2019 09:56:48.315406649	80.561578	27.155217	1002.839171	11.211916	26.646216	505.358298	68.410454	29.859440	1003.405244	65.385692	11.960582	
9/14/2019 09:56:49.315406649	80.686426	27.448798	1005.874162	11.621515	26.461266	502.601119	68.731669	29.885697	1003.302264	70.485780	11.958690	
9/14/2019 09:56:50.315406649	80.548436	27.263982	1002.895787	11.376153	26.671768	504.778080	68.715163	29.837861	1004.058925	84.309430	11.973501	
9/14/2019 09:56:51.315406649	80.476156	27.242819	1005.274418	11.482425	26.678299	504.293800	68.568894	29.849069	1004.043471	96.195324	11.994764	
9/14/2019 09:56:52.315406649	80.692997	27.196120	1002.814096	11.452889	26.706586	505.150655	68.549181	29.765229	1003.459338	59.451127	11.997130	
9/14/2019 09:56:53.315406649	80.555007	27.259758	1003.270094	11.203176	26.691565	504.925929	68.592970	29.770002	1003.551279	65.324908	11.992977	
9/14/2019 09:56:54.315406649	80.390734	27.195671	1004.205666	11.469156	26.631235	503.670217	68.501029	29.822917	1003.770328	83.673032	12.005423	
9/14/2019 09:56:55.315406649	80.594433	27.232949	1004.096615	11.234328	26.688749	505.418092	68.386721	29.759418	1003.356515	51.770332	11.989232	
9/14/2019 09:56:56.315406649	80.647001	27.275648	1004.053798	11.314541	26.619030	504.188010	68.393291	29.785770	1003.796664	58.400768	11.994449	
9/14/2019 09:56:57.315406649	80.476156	27.161238	1004.299735	11.407355	26.655808	505.410209	68.323980	29.791792	1003.713869	51.673395	11.974907	
9/14/2019 09:56:58.315406649	80.417018	27.168788	1003.649054	11.488041	26.656502	505.282074	68.286158	29.836930	1003.584710	54.681937	11.980164	
9/14/2019 09:56:59.315406649	80.614146	27.191821	1002.802505	11.359408	26.709158	505.826148	68.410849	29.749142	1003.899644	76.009274	11.980216	
9/14/2019 09:57:00.315406649	80.555007	26.970176	1002.186202	11.601619	26.852228	506.183609	68.229280	29.906133	1003.266782	63.828364	11.963828	
9/14/2019 09:57:01.315406649	80.338166	27.269703	1003.828125	11.045919	26.599804	505.771606	68.548287	29.840560	1004.004202	81.080801	11.989705	
9/14/2019 09:57:02.315406649	80.482727	27.170434	1003.956180	11.205823	26.677972	506.836104	68.496928	29.803307	1003.562632	98.140944	12.000967	
9/14/2019 09:57:03.315406649	80.515582	27.295613	1003.164197	11.332374	26.623888	506.242087	68.573467	29.854254	1003.932132	89.853352	11.997380	
9/14/2019 09:57:04.315406649	80.653571	27.253513	1003.733110	11.150732	26.619357	506.199376	68.710353	29.838380	1003.846814	95.949569	12.003031	
9/14/2019 09:57:05.315406649	80.535295	27.212310	1004.363369	11.375977	26.692994	507.065430	68.543424	29.793867	1003.406980	71.791069	11.997498	
9/14/2019 09:57:06.315406649	80.666713	27.222405	1004.485589	11.640405	26.665523	506.608747	68.628794	29.810779	1003.833567	82.793499	11.984816	
9/14/2019 09:57:07.315406649	80.798132	27.220983	1003.098278	11.374065	26.625643	505.164453	68.684673	29.869504	1003.485831	69.646333	11.977995	
9/14/2019 09:57:08.315406649	80.581291	27.223453	1004.290589	11.174483	26.658706	506.554868	68.752538	29.821774	1003.606316	54.670413	11.993450	
9/14/2019 09:57:09.315406649	80.844129	27.265254	1004.809826	11.111336	26.697525	506.865017	68.769938	29.832252	1003.033222	141.738281	11.992373	
9/14/2019 09:57:10.315406649	80.732423	27.243118	1003.632810	10.927096	26.680748	506.872901	68.827026	29.823637	1003.470062	123.349802	11.991243	
9/14/2019 09:57:11.315406649	80.666713	27.280696	1004.174362	11.136785	26.638623	506.518724	68.896837	29.886628	1003.912261	141.184405	12.002558	
9/14/2019 09:57:12.315406649	80.850700	27.169686	1002.439395	11.160925	26.734629	506.246687	68.970721	29.837543	1002.621775	165.389811	12.005357	
9/14/2019 09:57:13.315406649	80.627288	27.285069	1003.721124	11.213847	26.617357	507.143622	68.954819	29.918790	1003.888448	75.192875	12.001901	
9/14/2019 09:57:14.315406649	80.509011	27.216759	1003.891916	11.556167	26.667523	507.678498	68.849289	29.914123	1003.831202	63.957524	12.003990	
9/14/2019 09:57:15.315406649	80.574720	27.259608	1005.188391	11.290023	26.614214	507.018119	68.836305	29.875833	1003.818742	67.397066	11.995790	
9/14/2019 09:57:16.315406649	80.673284	27.232575	1002.766786	11.527153	26.622745	507.223131	68.733929	29.918272	1003.811961	62.030253	11.996171	
9/14/2019 09:57:17.315406649	80.949264	27.137530	1004.343499	11.339537	26.662706	508.148979	68.618412	29.878119	1003.491983	80.698022	11.975025	
9/14/2019 09:57:18.315406649	80.620717	27.184304	1003.778922	11.331040	26.679075	507.570739	68.568157	29.851450	1003.531723	90.484779	11.967311	
9/14/2019 09:57:19.315406649	80.660142	27.279797	1002.324824	9.887295	26.645113	509.630732	68.720630	29.862551	1002.603955	80.889547	11.987090	
9/14/2019 09:57:20.315406649	80.541865	27.268879	1003.390184	11.055887	26.552781	507.452456	68.417525	29.936327	1003.498921	90.303467	11.964709	
9/14/2019 09:57:21.315406649	80.778419	27.243343	1004.215681	10.488647	26.710587	508.309311	68.385222	29.775081	1004.106868	94.423153	11.953775	
9/14/2019 09:57:22.315406649	80.607575	27.201317	1002.835070	11.083328	26.699525	507.681129	68.425095	29.851862	1003.238553	91.817048	11.977719	
9/14/2019 09:57:23.315406649	80.476156	27.228126	1003.442857	11.281936	26.674870	507.445888	68.471486	29.857154	1003.389632	64.583709	11.976129	
9/14/2019 09:57:24.315406649	80.568149	27.228725	1004.742723	11.277950	26.696096	507.911770	68.467570	29.851968	1003.396255	70.422646	11.989771	
9/14/2019 09:57:25.315406649	80.647001	27.185726	1003.549228	11.307285	26.655318	507.406461	68.301193	29.932072	1003.706616	83.325096	12.005028	
9/14/2019 09:57:26.315406649	80.515582	27.264805	1004.191315	11.075619	26.614540	506.752649	68.239900	29.868055	1003.866212	107.364649	12.002545	
9/14/2019 09:57:27.315406649	80.377592	27.221806	1003.844921	10.896793	26.674299	508.822504	68.335257	29.820737	1003.452872	78.822631	11.996381	
9/14/2019 09:57:28.315406649	80.410447	27.264805	1004.252662	11.127088	26.610581	507.606873	68.405172	29.883411	1003.925508	77.795320	11.997196	
9/14/2019 09:57:29.315406649	80.535295	27.293293	1003.780815	11.254625	26.610866	507.873658	68.383751	29.891708	1003.366768	91.167544	11.965064	
9/14/2019 09:57:30.315406649	80.647001	27.265029	1003.248725	11.037329	26.603764	507.527365	68.281533	29.883929	1003.824893	112.197244	11.985946	
9/14/2019 09:57:31.315406649	80.410447	27.220202	1004.543859	11.137627	26.671115	509.490767	68.039564	29.866075	1003.360931	82.538840	11.961792	
9/14/2019 09:57:32.315406649	80.325024	27.449023	1005.290424	10.851524	26.473715	509.505881	68.201578	29.782035	1004.234448	86.075049	11.967784	
9/14/2019 09:57:33.315406649	80.765278	27.186549	1004.486456	10.952381	26.725567	509.967163	67.961922	29.830696	1003.733110	59.764220	11.960819	
9/14/2019 09:57:34.315406649	80.279028	26.997135	1002.682887	11.886603	26.813409	508.608946	67.953747	29.931448	1003.105136	71.590641	11.955457	
9/14/2019 09:57:35.315406649	80.476156	27.290790	1005.486529	11.008579	26.627561	509.509165	68.077387	29.871579	1003.870785	79.958134	11.991072	
9/14/2019 09:57:36.315406649	80.692997	27.281219	1004.535817	11.066023	26.681932	510.408732	68.094944	29.831839	1003.549543	186.110349	12.010522	
9/14/2019 09:57:37.315406649	80.633859	27.285967	1002.903987	11.308699	26.621887	509.185217	68.132661	29.869917	1003.722228	223.000737	12.016619	
9/14/2019 09:57:38.315406649	80.463014	27.201617	1003.673419	11.408789	26.729567	510.829271	68.110241	29.824473	1003.400199	81.194776	11.995803	
9/14/2019 09:57:39.315406649	80.561578	27.232874	1004.404056	11.699344	26.687075	511.466652	67.996380	29.828728	1003.314882	114.621269	11.996368	
9/14/2019 09:57:40.315406649	80.653571	27.285893	1003.201335	11.067047	26.664665	511.121022	67.947019	29.894301	1003.577772	80.906313	11.977246	
9/14/2019 09:57:41.315406649	80.850700	27.217133	1003.311965	10.984326	26.666094	512.829469	67.990808	29.837236	1003.785782	60.229791	11.968244	
9/14/2019 09:57:42.315406649	80.410447	27.222555	1003.758657	11.419574	26.666380	512.288679	68.004055	29.813890	1003.602058	89.407168	11.999312	
9/14/2019 09:57:43.315406649	80.587862	27.439452	1005.288848	12.490520	26.837533	514.175856	68.323271	29.947629	1004.000730	116.429594	11.967469	
9/14/2019 09:57:44.315406649	80.561578	27.276172	1004.051432	11.165075	26.642828	511.712407	68.097704	29.847714	1003.582188	74.626435	11.995671	
9/14/2019 09:57:45.315406649	80.706139	27.482600	1005.765740	11.982227	26.711729	512.553485	68.102277	29.960805	1004.030224	67.761768	11.942171	
9/14/2019 09:57:46.315406649	80.594433	27.186175	1003.280029	11.403243	26.693851	512.749961	68.095995	29.828209	1003.369762	79.616751	11.997879	
9/14/2019 09:57:47.315406649	80.614146	27.451643	1003.955865	11.550915	26.671237	512.648108	68.299038	29.866594	1004.148816	75.098288	11.924429	
9/14/2019 09:57:48.315406649	80.476156	27.270750	1003.629735	11.127610	26.642542	512.519320	68.124829	29.842941	1003.582345	62.060125	11.996644	
9/14/2019 09:57:49.315406649	80.712710	27.424385	1003.312517	11.842533	26.690544	512.552169	67.996774	29.992047	1004.092042	78.907774	11.947322	
9/14/2019 09:57:50.315406649	80.633859	27.312252	1003.612230	11.270152	26.619887	511.960131	67.898263	29.882680	1003.927873	67.970059	11.998983	
9/14/2019 09:57:51.315406649	80.699568	27.171931	1002.346350	11.187813	26.869861	513.138303	67.944259	29.817001	1003.997264	116.103396	11.951791	
9/14/2019 09:57:52.315406649	80.443301	27.249064	1003.782708	11.250451	26.653073	511.607270	67.810185	29.908313	1003.817956	95.641719	12.006014	
9/14/2019 09:57:53.315406649	80.679855	27.261779	1003.315039	11.384900	26.868392	515.556419	67.986944	29.925426	1003.840977	104.413229	11.980230	
9/14/2019 09:57:54.315406649	80.647001	27.253063	1002.912266	10.856712	26.699565	512.557432	67.793784	29.837236	1003.371341	103.837344	11.945574	
9/14/2019 09:57:55.315406649	80.463014	27.276921	1004.720960	12.174516	26.867535	515.325778	67.944968	29.879251	1003.602687	76.956144	11.972147	
9/14/2019 09:57:56.315406649	80.522153	27.299463	1002.535120	10.995468	26.670625	512.907662	67.949831	29.841491	1004.028173	85.051940	11.977325	
9/14/2019 09:57:57.315406649	80.784990	27.349156	1004.715440	11.677838	26.800143	514.258648	68.004055	29.896163	1003.560582	78.755295	11.982648	
9/14/2019 09:57:58.315406649	80.719281	27.290566	1004.002466	11.074160	26.613111	512.230853	67.951435	29.881231	1003.616726	85.540830	12.000192	
9/14/2019 09:57:59.315406649	80.653571	27.417691	1003.195106	11.504766	26.695075	513.537812	68.042324	29.917541	1004.011140	94.286130	11.959097	
9/14/2019 09:58:00.315406649	80.535295	27.269553	1003.982516	11.281181	26.641685	513.001632	68.014831	29.893158	1003.942063	66.909486	11.968796	
9/14/2019 09:58:01.315406649	80.817845	27.377611	1005.511366	11.355722	26.675197	514.906545	68.194560	29.953133	1004.218993	64.474976	11.963815	
9/14/2019 09:58:02.315406649	80.712710	27.296886	1004.252110	10.892731	26.632664	513.303887	68.087217	29.913086	1004.083211	56.839509	11.957218	
9/14/2019 09:58:03.315406649	80.535295	27.287988	1004.358007	11.386698	26.722220	516.918573	68.260059	30.068415	1004.094407	59.862468	11.971306	
9/14/2019 09:58:04.315406649	80.417018	27.288919	1002.913764	11.304453	26.610540	514.632539	68.176950	29.903953	1003.952473	63.982154	11.965261	
9/14/2019 09:58:05.315406649	80.555007	27.281743	1004.436149	11.822707	26.775488	517.575669	68.253489	30.029501	1003.879931	71.417193	11.991742	
9/14/2019 09:58:06.315406649	80.673284	27.312327	1005.309980	11.193819	26.654175	515.118787	68.144542	29.898555	1003.844921	71.992808	11.979047	
9/14/2019 09:58:07.315406649	80.837558	27.291913	1004.161273	11.992578	26.813450	517.453449	68.119125	29.934866	1003.705352	53.873673	11.981439	
9/14/2019 09:58:08.315406649	80.633859	27.278043	1005.533839	11.168000	26.654502	513.809197	68.033151	30.004599	1003.376228	62.010865	11.958322	
9/14/2019 09:58:09.315406649	80.601004	27.381685	1003.671054	11.973047	26.756222	516.591994	68.033755	29.924283	1004.035426	78.062045	11.961200	
9/14/2019 09:58:10.315406649	80.673284	27.228425	1003.813222	11.064834	26.701198	515.604383	68.037461	29.895750	1003.538504	54.221608	11.997209	
9/14/2019 09:58:11.315406649	80.824416	27.396977	1003.830176	11.201748	26.652052	515.168067	68.153031	29.975442	1004.415807	89.295814	11.932025	
9/14/2019 09:58:12.315406649	80.824416	27.287090	1003.886949	11.110066	26.673156	515.448651	68.033098	29.947735	1003.258423	80.193676	11.980742	
9/14/2019 09:58:13.315406649	80.692997	27.277370	1004.100950	11.450373	26.723077	517.213608	68.065900	30.082417	1004.087626	74.054752	11.972897	
9/14/2019 09:58:14.315406649	80.482727	27.244765	1004.576898	11.278484	26.661278	515.653663	68.062641	30.013108	1003.833567	84.888976	11.980046	
9/14/2019 09:58:15.315406649	80.745565	27.288438	1003.489143	11.427044	26.811164	518.807067	68.230674	30.009160	1003.641641	68.655717	11.980440	
9/14/2019 09:58:16.315406649	80.686426	27.339435	1005.241773	11.237654	26.638582	516.330472	68.147459	29.962573	1003.761811	74.745381	11.973869	
9/14/2019 09:58:17.315406649	80.844129	27.255084	1004.422350	12.050418	26.785121	519.296599	68.135474	30.027627	1003.649843	65.258882	11.989048	
9/14/2019 09:58:18.315406649	80.876984	27.318123	1003.347447	11.103381	26.643970	517.626264	68.070816	29.920653	1003.656781	96.230439	11.995500	
9/14/2019 09:58:19.315406649	81.067541	27.313899	1002.181787	11.823606	26.989378	520.075914	67.925965	30.056265	1003.484095	60.604977	11.953525	
9/14/2019 09:58:20.315406649	80.541865	27.334463	1004.406106	11.299562	26.620173	517.611149	68.085061	29.947322	1003.989377	113.576151	12.006132	
9/14/2019 09:58:21.315406649	80.647001	27.334912	1003.335856	11.746449	26.768427	519.478613	67.881467	29.958212	1004.205904	101.281538	11.956285	
9/14/2019 09:58:22.315406649	80.587862	27.314198	1002.455244	11.764428	26.685075	516.308127	67.627460	30.100990	1004.569251	70.826123	11.938925	
9/14/2019 09:58:23.315406649	80.811274	27.314797	1003.069811	11.462843	26.682830	519.794678	67.785610	30.058033	1004.241071	79.533958	11.979638	
9/14/2019 09:58:24.315406649	80.752136	27.338312	1004.046307	10.977415	26.628745	518.044171	67.795782	29.939756	1003.647006	148.605298	12.000862	
9/14/2019 09:58:25.315406649	80.758707	27.314049	1004.013348	11.662300	26.723363	521.273800	67.864304	30.147165	1003.932446	67.431909	11.978285	
9/14/2019 09:58:26.315406649	80.587862	27.344183	1005.217487	11.096118	26.615969	518.265613	67.767948	29.989761	1004.052302	63.975601	11.975025	
9/14/2019 09:58:27.315406649	80.482727	27.355251	1003.872204	11.969343	26.776590	520.966934	67.942341	30.012790	1003.895385	73.200889	11.951672	
9/14/2019 09:58:28.315406649	80.587862	27.250037	1003.579428	11.294997	26.654461	520.211933	67.502402	30.006154	1003.720020	58.689230	12.001283	
9/14/2019 09:58:29.315406649	80.535295	27.496844	1003.161043	11.845351	26.900189	521.198228	67.243743	29.919922	1003.971872	66.935155	11.967889	
9/14/2019 09:58:30.315406649	80.719281	27.266003	1004.229794	11.188518	26.688749	521.850071	67.405047	29.928643	1003.586603	63.044459	11.998063	
9/14/2019 09:58:31.315406649	80.752136	27.424984	1004.716149	11.551727	26.693361	521.711421	67.414378	30.083348	1004.100873	89.836585	11.965353	
9/14/2019 09:58:32.315406649	80.403876	27.244915	1003.745962	11.389642	26.690749	521.752164	67.361258	29.946804	1003.508066	59.039787	11.982319	
9/14/2019 09:58:33.315406649	80.607575	27.351326	1003.191795	11.093382	26.680585	522.547246	67.554366	30.073283	1004.070121	59.855915	11.968139	
9/14/2019 09:58:34.315406649	80.509011	27.292138	1004.388838	11.561644	26.678258	521.370390	67.470152	29.969526	1003.822686	72.119617	11.962186	
9/14/2019 09:58:35.315406649	80.633859	27.350503	1004.186505	11.483764	26.691320	523.456012	67.613452	30.073802	1004.129574	124.334136	11.989114	
9/14/2019 09:58:36.315406649	80.351308	27.291539	1004.473761	11.536824	26.666094	521.726535	67.357290	30.014557	1003.715605	112.157158	12.006500	
9/14/2019 09:58:37.315406649	80.568149	27.282342	1003.223965	11.820524	26.817083	523.536183	67.477827	30.016620	1003.676179	80.894789	11.940173	
9/14/2019 09:58:38.315406649	80.633859	27.265179	1004.624446	11.467553	26.662420	521.515608	67.286717	30.016219	1003.730745	56.218567	11.995908	
9/14/2019 09:58:39.315406649	80.614146	27.340408	1003.497817	11.160290	26.628949	521.897382	67.355187	29.995878	1004.013348	57.236704	11.960057	
9/14/2019 09:58:40.315406649	80.791561	27.561679	1004.393017	11.956646	26.803367	523.526974	67.447285	30.035300	1004.269929	66.567832	11.949675	
9/14/2019 09:58:41.315406649	80.456443	27.345306	1004.544096	11.258211	26.628949	521.431500	67.458062	30.002312	1004.020129	103.885293	11.999653	
9/14/2019 09:58:42.315406649	80.975548	27.295656	1005.392852	11.669996	26.795367	523.740532	67.507922	30.158573	1004.175152	122.947635	11.943774	
9/14/2019 09:58:43.315406649	80.699568	27.309525	1003.935443	11.163561	26.628173	522.478253	67.514440	29.992661	1003.429058	62.630497	11.947874	
9/14/2019 09:58:44.315406649	80.647001	27.362469	1003.975735	11.488549	26.761610	525.935891	67.776070	30.146021	1004.409655	81.230930	11.973251	
9/14/2019 09:58:45.315406649	80.417018	27.255608	1004.144634	11.213143	26.673727	523.422500	67.533154	29.992248	1003.321820	64.607028	11.981793	
9/14/2019 09:58:46.315406649	80.535295	27.334612	1003.793904	12.211579	26.865861	524.665065	67.672748	30.071410	1003.849494	82.674553	11.983857	
9/14/2019 09:58:47.315406649	80.489298	27.271274	1004.578002	11.538812	26.717648	523.590715	67.602675	30.009678	1003.194711	137.584792	11.978337	
9/14/2019 09:58:48.315406649	80.725852	27.519055	1005.491654	12.323340	26.765855	525.328076	67.594553	30.144455	1003.858325	157.765869	11.994672	
9/14/2019 09:58:49.315406649	80.699568	27.233473	1004.059160	11.531838	26.671523	524.159103	67.661866	30.002418	1003.198813	66.223828	11.946613	
9/14/2019 09:58:50.315406649	80.936122	27.445622	1003.367160	11.536893	26.724546	524.761656	67.753307	30.105551	1004.013505	117.478643	11.969545	
9/14/2019 09:58:51.315406649	80.633859	27.259608	1003.885688	11.504698	26.664665	523.848954	67.684733	30.091338	1003.711346	65.457999	11.995185	
9/14/2019 09:58:52.315406649	80.515582	27.353422	1003.123825	11.307800	26.722220	525.633625	67.833158	30.182544	1003.890813	89.149888	11.936244	
9/14/2019 09:58:53.315406649	80.489298	27.265179	1002.890268	11.446255	26.654216	524.180785	67.670592	30.064362	1003.872836	65.662359	11.982661	
9/14/2019 09:58:54.315406649	80.614146	27.315546	1003.552145	11.541717	26.838349	526.964245	67.877498	30.105964	1004.005146	93.746940	11.969808	
9/14/2019 09:58:55.315406649	80.633859	27.313600	1002.412664	11.273831	26.690177	525.731532	67.625699	29.979485	1003.400357	71.238774	11.992517	
9/14/2019 09:58:56.315406649	80.719281	27.381760	1004.448134	12.185106	26.794755	526.811797	67.667885	30.144667	1003.693684	94.909693	11.994909	
9/14/2019 09:58:57.315406649	80.463014	27.249588	1002.678394	11.410877	26.687361	526.124473	67.582962	30.047344	1003.424328	76.716670	11.983318	
9/14/2019 09:58:58.315406649	80.397305	27.507164	1004.527852	11.593261	26.683728	526.746077	67.736854	30.075157	1003.916520	79.872720	11.964775	
9/14/2019 09:58:59.315406649	80.397305	27.276322	1003.949951	11.452204	26.657890	527.049006	67.591741	30.037385	1003.581716	75.192875	11.999298	
9/14/2019 09:59:00.315406649	80.377592	27.604678	1004.867309	10.805405	26.741813	526.511499	67.888827	30.166669	1004.129103	67.735828	11.952947	
9/14/2019 09:59:01.315406649	80.515582	27.349605	1004.250059	11.236070	26.646542	525.974656	67.710860	30.065811	1003.783574	74.846250	11.999482	
9/14/2019 09:59:02.315406649	80.476156	27.335585	1003.591176	11.465798	26.715975	528.370427	67.856971	30.138444	1003.801394	65.234252	11.955142	
9/14/2019 09:59:03.315406649	80.219889	27.323245	1004.177437	11.443821	26.655889	526.063363	67.640235	30.086047	1003.802816	87.575524	11.995816	
9/14/2019 09:59:04.315406649	80.311882	27.440799	1003.829624	12.059127	26.739200	527.091718	67.792418	30.110525	1004.191078	66.388102	11.976366	
9/14/2019 09:59:05.315406649	80.265886	27.365870	1003.983857	11.405224	26.673197	526.344600	67.533996	30.091963	1003.945221	65.271717	11.978179	
9/14/2019 09:59:06.315406649	80.587862	27.466560	1004.220411	11.881911	26.680013	525.786726	67.598654	30.095381	1004.070436	212.688938	12.000783	
9/14/2019 09:59:07.315406649	80.666713	27.345755	1004.109467	11.176702	26.696096	526.272322	67.479825	30.002207	1003.350049	268.061079	12.010890	
