
Time stamp	Inside_humidity (in %rH)	Inside_temperature (in °C)	Inside_pressure (in mbar)	Soil_moisture (in %VWC)	Soil_temperature (in °C)	Inside_CO2_ratio (in ppm)	Outside_humidity (in %rH)	Outside_temperature (in °C)	Outside_pressure (in mbar)	Outside_PAR (in µmol m^-2 s^-1)	Power_box_charge (in V)	
9/14/2019 12:30:37.577376549	65.947795	31.994079	1003.504283	8.484809	26.442979	600.336784	65.330283	32.807261	1002.664201	18.522256	11.878735	
9/14/2019 12:30:38.577376549	65.796663	31.915375	1004.466034	7.831996	26.194148	597.752431	65.146087	32.766802	1002.083697	7.166648	11.906425	
9/14/2019 12:30:39.577376549	65.941224	31.832521	1002.706544	8.081234	26.303869	599.662606	65.179993	32.839847	1002.764501	16.773404	11.886594	
9/14/2019 12:30:40.577376549	65.836089	31.783277	1002.696294	8.008719	26.257907	609.584740	64.965517	32.726956	1002.123280	8.658220	11.905466	
9/14/2019 12:30:41.577376549	66.079214	31.789148	1002.480556	8.120903	26.406651	616.544693	65.211192	32.849593	1002.472431	16.054214	11.875528	
9/14/2019 12:30:42.577376549	66.256630	31.747721	1001.446735	7.867179	26.268153	614.775137	64.750384	32.753414	1002.364250	12.737821	11.876567	
9/14/2019 12:30:43.577376549	66.414332	31.980285	1003.161280	8.545119	26.284888	615.068856	64.711011	32.725188	1002.199452	10.431431	11.855802	
9/14/2019 12:30:44.577376549	66.355194	31.767836	1002.442944	8.073500	26.286236	621.944039	64.872919	32.696762	1002.335549	12.869602	11.916137	
9/14/2019 12:30:45.577376549	66.374907	31.821753	1003.107818	8.145186	26.297012	626.668554	65.012855	32.813801	1002.697318	16.615683	11.886712	
9/14/2019 12:30:46.577376549	66.309197	31.789223	1002.220740	7.804639	26.288766	625.207831	64.611737	32.720521	1002.221844	13.125842	11.914100	
9/14/2019 12:30:47.577376549	66.512897	31.863329	1002.681311	8.299138	26.391630	631.017863	64.678708	32.804044	1002.585821	17.988038	11.892626	
9/14/2019 12:30:48.577376549	66.486613	31.781182	1003.628474	8.113474	26.251091	629.898170	64.691193	32.739201	1002.522267	11.342146	11.874043	
9/14/2019 12:30:49.577376549	66.657458	31.847514	1002.402020	8.257394	26.293379	633.094937	64.775854	32.764410	1002.631398	16.490184	11.889774	
9/14/2019 12:30:50.577376549	66.670599	31.825603	1003.925113	7.750184	26.164392	631.499512	64.584744	32.802287	1002.035440	16.191237	11.875068	
9/14/2019 12:30:51.577376549	66.716596	31.784924	1003.424565	7.938227	26.322197	637.055252	64.697659	32.856547	1002.585664	15.314325	11.897278	
9/14/2019 12:30:52.577376549	66.874299	31.863404	1002.810470	7.739941	26.187332	634.461038	64.633658	32.824903	1002.265371	11.578728	11.916452	
9/14/2019 12:30:53.577376549	67.071427	31.909429	1002.602065	8.367893	26.337014	636.777952	64.723786	32.802689	1002.517537	16.385383	11.887553	
9/14/2019 12:30:54.577376549	66.986005	31.804365	1003.561846	7.631605	26.225293	637.451477	64.471040	32.819506	1002.329240	14.825435	11.896371	
9/14/2019 12:30:55.577376549	67.176562	31.917920	1002.141495	8.211760	26.213129	640.914366	64.571760	32.890688	1002.377339	9.385003	11.879353	
9/14/2019 12:30:56.577376549	67.248843	31.793971	1002.395948	8.008027	26.253091	641.181803	64.742052	32.770950	1002.501768	16.340055	11.920552	
9/14/2019 12:30:57.577376549	67.183133	31.879370	1003.741232	8.552552	26.255050	641.618772	64.925777	32.775511	1002.191093	13.773764	11.853397	
9/14/2019 12:30:58.577376549	67.084569	31.863105	1003.705275	7.985364	26.170882	641.704195	64.565741	32.830713	1002.338071	7.828986	11.905465	
9/14/2019 12:30:59.577376549	67.294839	31.914295	1003.535981	8.133562	26.209537	644.409452	64.644145	32.812246	1002.281297	7.411093	11.869273	
9/14/2019 12:31:00.577376549	67.242272	31.798869	1002.458241	8.042883	26.219946	644.720916	64.746520	32.746567	1002.040013	7.581920	11.915650	
9/14/2019 12:31:01.577376549	67.459113	31.889988	1001.822777	8.111601	26.278602	647.463632	64.893027	32.807991	1002.309684	8.796554	11.890878	
9/14/2019 12:31:02.577376549	67.715380	31.799318	1001.040178	8.310536	26.296440	646.227635	64.747415	32.729030	1002.292336	15.135906	11.885358	
9/14/2019 12:31:03.577376549	67.531394	32.020214	1003.326158	8.320704	26.272684	649.595901	64.651820	32.791492	1002.114763	7.810909	11.900826	
9/14/2019 12:31:04.577376549	67.439400	31.799243	1000.880977	7.837473	26.271214	649.054458	64.760714	32.723114	1002.257169	14.007996	11.911300	
9/14/2019 12:31:05.577376549	67.603674	31.853534	1003.629578	7.709664	26.151697	650.521749	64.985415	32.902414	1002.570209	7.506991	11.857931	
9/14/2019 12:31:06.577376549	67.649671	31.863105	1002.639915	7.740324	26.181658	648.860614	64.666460	32.843995	1002.527790	12.416865	11.903389	
9/14/2019 12:31:07.577376549	67.662812	31.921994	1003.154814	8.528431	26.293583	653.472108	64.788653	32.788275	1002.212856	7.374939	11.900156	
9/14/2019 12:31:08.577376549	67.728522	31.847738	1002.366220	7.702909	26.195536	650.912722	64.917603	32.771257	1002.458241	15.373798	11.917267	
9/14/2019 12:31:09.577376549	67.774519	31.941884	1003.110026	8.155405	26.229334	653.633092	64.568605	32.778835	1002.493880	7.521136	11.890024	
9/14/2019 12:31:10.577376549	67.827086	31.857833	1002.352264	7.807069	26.214803	652.611969	64.722392	32.771363	1002.314100	16.898903	11.923076	
9/14/2019 12:31:11.577376549	67.899367	31.817080	1002.974087	7.988848	26.275174	655.645120	64.893736	32.898573	1002.657892	16.019370	11.899407	
9/14/2019 12:31:12.577376549	67.794231	31.878921	1001.664285	8.231820	26.221334	654.756068	64.758296	32.750821	1002.324510	6.675136	11.899578	
9/14/2019 12:31:13.577376549	68.043927	31.984434	1001.685102	8.810616	26.131573	656.988875	64.699367	32.653487	1002.465022	17.067109	11.842122	
9/14/2019 12:31:14.577376549	67.951934	31.778006	1002.126592	7.968895	26.245376	656.035430	64.567949	32.760367	1002.246916	13.962668	11.901286	
9/14/2019 12:31:15.577376549	68.030786	31.842242	1002.350608	8.181243	26.294767	656.684641	64.702679	32.842440	1002.803927	21.990089	11.895583	
9/14/2019 12:31:16.577376549	68.076782	31.830800	1003.391763	8.013416	26.219374	656.252272	64.719370	32.765140	1002.567530	18.250560	11.918936	
9/14/2019 12:31:17.577376549	68.089924	31.885315	1002.570209	8.483646	26.255050	658.146680	64.498875	32.874496	1002.471645	11.298129	11.906596	
9/14/2019 12:31:18.577376549	68.030786	31.916722	1001.696378	8.020610	26.185046	656.774664	64.401519	32.810997	1002.263478	12.424728	11.913929	
9/14/2019 12:31:19.577376549	68.175346	31.884342	1002.147803	8.624974	26.366485	659.299222	64.652871	32.826353	1002.635814	20.227091	11.866750	
9/14/2019 12:31:20.577376549	68.175346	31.783352	1002.475352	8.138841	26.261867	658.666440	64.652557	32.771469	1002.105618	13.139987	11.916400	
9/14/2019 12:31:21.577376549	68.267340	31.933885	1001.831923	8.196228	26.256193	660.648239	64.393792	32.854578	1002.307319	5.135886	11.879103	
9/14/2019 12:31:22.577376549	68.346191	31.818684	1001.436800	7.720004	26.183862	658.299781	64.490201	32.821273	1002.458084	16.462933	11.880575	
9/14/2019 12:31:23.577376549	68.477610	31.851513	1003.027154	8.537970	26.371547	661.570140	64.663858	32.805705	1002.556963	19.429040	11.906267	
9/14/2019 12:31:24.577376549	68.352762	31.925544	1000.510848	8.359679	26.303543	659.592941	64.815122	32.698731	1002.733907	16.984317	11.885174	
9/14/2019 12:31:25.577376549	68.530177	31.922892	1002.432772	7.845678	26.185372	660.992554	64.482474	32.914860	1002.690065	13.674206	11.898251	
9/14/2019 12:31:26.577376549	68.425042	31.889764	1003.528097	8.058207	26.186760	660.656123	64.403727	32.790868	1002.340279	8.298489	11.914507	
9/14/2019 12:31:27.577376549	68.457897	31.883893	1003.443568	8.302629	26.361301	665.155911	64.670928	32.796572	1002.198502	15.635281	11.877960	
9/14/2019 12:31:28.577376549	68.477610	31.905430	1003.394837	8.669156	26.361913	665.804460	64.703126	32.824585	1002.848711	20.657819	11.861585	
9/14/2019 12:31:29.577376549	68.530177	31.779278	1001.216647	7.949965	26.318237	662.898128	64.477506	32.677977	1001.764662	23.202101	11.873347	
9/14/2019 12:31:30.577376549	68.674738	31.851780	1001.677612	8.257305	26.309543	664.421277	64.519797	32.868485	1002.919839	22.314705	11.848706	
9/14/2019 12:31:31.577376549	68.451326	31.884642	1002.252754	8.084021	26.302930	662.746996	64.594679	32.744386	1001.676823	13.900574	11.859968	
9/14/2019 12:31:32.577376549	68.595887	31.794645	1003.450901	8.570536	26.403263	664.034903	64.738531	32.928036	1002.369452	19.491134	11.870574	
9/14/2019 12:31:33.577376549	68.576174	31.893763	1000.839895	8.272090	26.310604	662.713483	64.421180	32.915590	1001.668149	15.261405	11.905728	
9/14/2019 12:31:34.577376549	68.733877	32.079478	1004.249507	8.464164	26.271296	665.736119	64.497376	32.795122	1002.594023	13.308193	11.862689	
9/14/2019 12:31:35.577376549	68.549890	31.941285	1004.004359	7.826775	26.227865	666.296623	64.589003	32.796371	1001.767027	8.999603	11.890720	
9/14/2019 12:31:36.577376549	68.714164	31.912199	1002.232094	7.911955	26.289379	668.401957	64.391637	32.894943	1002.430012	10.357813	11.866369	
9/14/2019 12:31:37.577376549	68.753590	31.847588	1001.240933	7.749406	26.207455	666.569976	64.521400	32.812140	1002.451932	17.517224	11.905649	
9/14/2019 12:31:38.577376549	68.740448	31.910253	1001.893507	8.759461	26.324238	668.302735	64.553755	32.776961	1002.381755	15.075122	11.893966	
9/14/2019 12:31:39.577376549	68.852154	31.852037	1001.765689	7.977774	26.242886	667.620012	64.555097	32.787344	1002.646381	17.389104	11.902285	
9/14/2019 12:31:40.577376549	68.996715	31.922443	1003.974711	8.372689	26.251417	668.338216	64.351659	32.821792	1002.302589	15.746364	11.867788	
9/14/2019 12:31:41.577376549	69.049282	31.884941	1003.903745	7.852173	26.211129	668.367129	64.420628	32.837042	1002.254647	9.528579	11.908212	
9/14/2019 12:31:42.577376549	69.042711	31.905056	1003.541186	8.401848	26.336973	669.685918	64.608978	32.824279	1002.428118	11.099012	11.896332	
9/14/2019 12:31:43.577376549	69.134705	31.906253	1002.185336	7.796738	26.168351	669.282462	64.550181	32.876263	1002.342329	13.057195	11.920723	
9/14/2019 12:31:44.577376549	69.246411	31.900008	1002.612632	8.247993	26.295624	670.983025	64.398260	32.830501	1002.373395	19.097871	11.892508	
9/14/2019 12:31:45.577376549	69.068995	31.894961	1002.946647	7.824266	26.187903	669.545300	64.443652	32.850324	1002.296280	10.467585	11.916741	
9/14/2019 12:31:46.577376549	69.147846	31.799842	1001.392169	8.268789	26.290481	671.264261	64.699367	32.838598	1002.604748	18.298509	11.867486	
9/14/2019 12:31:47.577376549	69.160988	31.846765	1001.529687	7.909163	26.254234	670.659077	64.582037	32.814733	1002.156397	18.482171	11.895057	
9/14/2019 12:31:48.577376549	69.174130	31.894886	1003.518319	8.109333	26.293297	669.670804	64.517641	32.878020	1002.642437	17.452509	11.904388	
9/14/2019 12:31:49.577376549	69.055853	31.809787	1002.121072	7.789178	26.291909	670.695874	64.560326	32.815770	1002.386328	16.062077	11.913824	
9/14/2019 12:31:50.577376549	69.266124	31.949626	1002.788549	7.894486	26.186760	669.752280	64.629085	32.917358	1002.723654	15.518685	11.872926	
9/14/2019 12:31:51.577376549	69.312120	31.768061	1002.411403	8.191845	26.250805	670.423837	64.529417	32.756007	1002.064142	9.443165	11.913614	
9/14/2019 12:31:52.577376549	69.331833	31.805263	1001.051374	8.259458	26.406651	672.275532	64.443101	32.849075	1002.642752	20.170239	11.901576	
9/14/2019 12:31:53.577376549	69.298978	31.820780	1003.060508	7.717490	26.277705	670.044694	64.399364	32.830089	1002.535042	17.721584	11.916281	
9/14/2019 12:31:54.577376549	69.292407	31.894287	1001.937191	8.275366	26.310074	670.541457	64.478215	32.840672	1002.386170	19.592004	11.889945	
9/14/2019 12:31:55.577376549	69.206985	31.868901	1003.232009	7.700534	26.187046	669.921159	64.504132	32.878337	1002.515329	17.325699	11.919015	
9/14/2019 12:31:56.577376549	69.226698	31.822127	1002.374580	8.081512	26.349709	672.660590	64.299039	32.878337	1002.576833	17.666043	11.896779	
9/14/2019 12:31:57.577376549	69.338404	31.879968	1003.368344	7.783035	26.156718	670.680760	64.301799	32.850737	1002.357626	14.269208	11.920526	
9/14/2019 12:31:58.577376549	69.489536	31.921171	1002.086062	8.212194	26.268112	671.689399	64.474694	32.872315	1002.666566	19.100492	11.906635	
9/14/2019 12:31:59.577376549	69.509249	31.830575	1003.170506	7.974183	26.292195	673.211232	64.123831	32.854578	1002.368508	17.636171	11.914231	
9/14/2019 12:32:00.577376549	69.634097	31.901655	1001.568481	7.969134	26.199822	672.765064	64.227363	32.963627	1002.617995	11.744313	11.888565	
9/14/2019 12:32:01.577376549	69.430397	31.826126	1001.912668	8.169201	26.232396	674.464312	64.220240	32.769807	1002.118865	10.697885	11.911038	
9/14/2019 12:32:02.577376549	69.515820	31.848337	1003.046472	8.120644	26.305461	674.418316	64.311472	32.957605	1002.598596	13.389675	11.907332	
9/14/2019 12:32:03.577376549	69.443539	31.862955	1002.614840	7.850588	26.188475	674.116050	64.164361	32.900128	1002.416922	17.108505	11.922327	
9/14/2019 12:32:04.577376549	69.410684	31.963720	1002.601041	8.187720	26.260193	675.286991	64.231279	32.847731	1002.269944	15.981906	11.880036	
9/14/2019 12:32:05.577376549	69.574958	31.841568	1002.664438	8.001110	26.238641	674.742264	64.226154	32.789830	1002.383805	11.674626	11.891259	
9/14/2019 12:32:06.577376549	69.581529	31.834467	1002.106327	8.345644	26.312972	675.011670	64.047031	32.910394	1002.563586	18.301130	11.873978	
9/14/2019 12:32:07.577376549	69.502678	31.826126	1002.342329	7.917701	26.256479	675.413157	64.259114	32.786095	1002.318358	20.602278	11.914271	
9/14/2019 12:32:08.577376549	69.548674	31.948054	1003.231458	8.193034	26.240641	674.876967	64.408642	32.918596	1002.403518	9.483251	11.898724	
9/14/2019 12:32:09.577376549	69.758945	31.884791	1002.629191	7.945704	26.195251	674.319094	64.371215	32.887259	1002.305111	14.767272	11.919816	
9/14/2019 12:32:10.577376549	69.752374	31.933137	1002.641096	8.011410	26.183658	675.070811	64.365353	32.967882	1002.758507	17.898693	11.895333	
9/14/2019 12:32:11.577376549	69.542103	31.836820	1002.680050	7.819766	26.209741	674.961074	64.421180	32.842852	1002.467072	24.418046	11.923444	
9/14/2019 12:32:12.577376549	69.778657	31.968693	1003.566970	8.741942	26.310033	676.835768	64.555963	32.845964	1001.911326	12.674416	11.889459	
9/14/2019 12:32:13.577376549	69.765515	31.826126	1003.110421	7.878066	26.257581	677.038811	64.606061	32.839635	1002.230990	22.894251	11.903402	
9/14/2019 12:32:14.577376549	69.870651	31.852486	1004.723485	8.240013	26.087652	678.945702	64.492961	32.689904	1002.913530	19.016389	11.833343	
9/14/2019 12:32:15.577376549	69.634097	31.822202	1001.937743	8.132022	26.233049	677.197828	64.580643	32.809653	1001.749680	13.475088	11.884649	
9/14/2019 12:32:16.577376549	69.594671	31.827025	1002.467072	8.284509	26.322809	679.686904	64.871054	32.841191	1002.425911	14.669024	11.895333	
9/14/2019 12:32:17.577376549	69.607813	31.879669	1003.068235	7.894210	26.205170	675.900721	64.760504	32.854991	1002.379547	17.600017	11.918818	
9/14/2019 12:32:18.577376549	69.686664	31.936986	1002.781374	8.142388	26.346035	677.960712	64.761713	32.854261	1002.572260	21.849134	11.899841	
9/14/2019 12:32:19.577376549	69.791799	31.820256	1002.510362	8.060477	26.270643	678.069134	64.530179	32.801144	1002.094893	15.666192	11.913771	
9/14/2019 12:32:20.577376549	69.896934	31.907226	1002.924331	8.088560	26.203496	677.905518	64.755247	32.951382	1002.907064	11.296819	11.900327	
9/14/2019 12:32:21.577376549	69.712948	31.900457	1003.446643	8.161913	26.208558	677.694591	64.759952	32.838492	1002.292022	14.851375	11.912983	
9/14/2019 12:32:22.577376549	69.666951	31.843215	1003.027311	7.898831	26.149085	676.636008	64.505551	32.892657	1002.832314	13.283563	11.892258	
9/14/2019 12:32:23.577376549	70.074350	32.062989	1003.461388	8.249182	26.280072	678.567865	64.661151	32.887153	1002.545767	20.228402	11.881652	
9/14/2019 12:32:24.577376549	69.864080	31.825528	1002.225945	7.736704	26.277459	678.416079	64.787497	32.825422	1002.471331	16.284514	11.915677	
9/14/2019 12:32:25.577376549	69.778657	31.892533	1003.166405	8.377556	26.291338	681.048405	64.897233	32.928660	1002.638022	22.360033	11.884294	
9/14/2019 12:32:26.577376549	69.752374	31.916572	1002.369769	7.793678	26.176556	677.482348	64.458450	32.905833	1002.405726	22.259164	11.920999	
9/14/2019 12:32:27.577376549	70.061208	31.941809	1003.493639	8.554904	26.338688	679.525909	64.738294	32.880824	1002.533149	18.854736	11.902535	
9/14/2019 12:32:28.577376549	69.818083	31.836371	1003.359670	7.795365	26.234681	678.590210	64.626982	32.836005	1002.473853	14.644394	11.888828	
9/14/2019 12:32:29.577376549	69.962644	31.869050	1001.447050	8.212470	26.246070	677.527028	64.663201	32.979089	1003.418969	20.268487	11.864213	
9/14/2019 12:32:30.577376549	69.910076	31.852411	1001.014708	8.691139	26.140309	677.712989	64.634158	32.753721	1003.174370	17.130514	11.898277	
9/14/2019 12:32:31.577376549	70.028353	31.849235	1003.438126	8.592684	26.421060	679.623163	64.627824	32.895662	1002.540087	16.228701	11.890891	
9/14/2019 12:32:32.577376549	69.818083	31.921096	1003.000975	8.154858	26.210558	676.407998	64.452773	32.859764	1002.296437	10.643654	11.917701	
9/14/2019 12:32:33.577376549	70.028353	32.048520	1002.120363	8.486148	26.256234	678.385850	64.494512	32.828946	1002.136684	10.368026	11.860731	
9/14/2019 12:32:34.577376549	70.067779	31.900233	1002.758744	8.221928	26.195210	676.984269	64.468832	32.894012	1002.344380	11.514284	11.896792	
9/14/2019 12:32:35.577376549	69.995499	31.928688	1002.818197	8.392591	26.261581	679.905715	64.376235	32.892551	1002.407934	9.734249	11.893888	
9/14/2019 12:32:36.577376549	69.890363	31.862581	1003.583372	7.824784	26.229293	678.396365	64.465573	32.855510	1002.661993	17.063177	11.910275	
9/14/2019 12:32:37.577376549	70.186056	31.935115	1003.084951	8.444243	26.294114	680.284194	64.672427	32.896075	1002.261585	17.272779	11.866027	
9/14/2019 12:32:38.577376549	69.910076	31.826950	1002.447517	8.390535	26.234355	680.116642	64.652162	32.827390	1002.066507	7.801735	11.912273	
9/14/2019 12:32:39.577376549	70.232053	31.970714	1003.029282	8.335544	26.239784	681.458429	64.893132	32.909050	1002.582984	9.033136	11.868274	
9/14/2019 12:32:40.577376549	69.988928	31.805787	1002.186834	8.376770	26.253336	681.065487	65.106766	32.837349	1002.090792	10.452129	11.910039	
9/14/2019 12:32:41.577376549	70.061208	31.869425	1003.569493	8.652165	26.278562	682.153635	65.389369	32.924194	1002.073602	7.969941	11.870311	
9/14/2019 12:32:42.577376549	70.153201	31.816331	1001.670042	8.407815	26.258438	681.600362	65.471822	32.849593	1002.145201	11.661521	11.912155	
9/14/2019 12:32:43.577376549	70.094063	31.969292	1001.757567	8.757970	26.222517	683.086051	65.284943	33.030343	1002.361885	0.172820	11.857103	
9/14/2019 12:32:44.577376549	69.988928	31.846990	1002.704730	8.518973	26.248805	682.590604	65.611126	32.853848	1002.217743	12.489444	11.915900	
9/14/2019 12:32:45.577376549	70.232053	31.817379	1001.333425	8.044945	26.332116	684.211659	65.838192	32.985206	1003.009886	17.346398	11.880378	
9/14/2019 12:32:46.577376549	70.054637	31.856860	1002.819144	7.910830	26.229293	682.714792	65.695944	32.832788	1002.202132	6.474708	11.911064	
9/14/2019 12:32:47.577376549	70.159772	32.053343	1003.897121	8.039154	26.257662	683.190525	65.913389	32.979089	1002.285398	11.746934	11.875318	
9/14/2019 12:32:48.577376549	70.330617	31.889614	1003.029362	7.694329	26.191577	682.086610	66.220516	32.940281	1002.489150	15.688201	11.920053	
9/14/2019 12:32:49.577376549	70.238624	31.906403	1003.450112	7.929053	26.202720	684.325332	66.345601	33.020491	1002.315836	11.016219	11.870810	
9/14/2019 12:32:50.577376549	69.982357	31.857159	1002.249285	8.034375	26.248274	683.682036	65.981806	32.845032	1002.158290	8.504159	11.910854	
9/14/2019 12:32:51.577376549	70.199198	31.921994	1003.118700	8.431558	26.323911	685.804453	66.314822	32.835687	1002.353840	10.566104	11.876094	
9/14/2019 12:32:52.577376549	70.278049	31.915974	1004.069412	8.024571	26.257622	683.931075	66.353039	32.801557	1002.105618	7.537903	11.899552	
9/14/2019 12:32:53.577376549	70.317475	31.948653	1003.676574	8.146525	26.217660	682.371130	66.463983	33.012913	1002.475589	13.361113	11.855434	
9/14/2019 12:32:54.577376549	70.113776	31.846915	1002.516828	7.884046	26.268112	683.860766	66.269272	32.856547	1002.399103	14.252441	11.915269	
9/14/2019 12:32:55.577376549	70.363472	31.913022	1002.562482	8.089120	26.323666	684.852323	66.493683	32.966114	1002.561064	12.096180	11.883611	
9/14/2019 12:32:56.577376549	70.258336	31.922069	1002.814885	7.868660	26.206884	683.518420	66.369992	32.907388	1002.337756	8.606339	11.915742	
9/14/2019 12:32:57.577376549	70.271478	31.952578	1001.868826	8.515476	26.314931	685.722313	66.343603	32.833200	1002.589608	14.213666	11.884977	
9/14/2019 12:32:58.577376549	70.107205	31.799617	1002.321118	8.337374	26.307502	685.475905	65.999311	32.804149	1002.035755	16.096920	11.892718	
9/14/2019 12:32:59.577376549	70.409468	31.833345	1003.326395	8.084178	26.251948	687.756686	66.011901	32.865468	1003.090788	16.345297	11.861256	
9/14/2019 12:33:00.577376549	70.218911	31.846840	1002.293678	8.022540	26.279460	685.301775	65.874306	32.820543	1002.035912	8.836639	11.903481	
9/14/2019 12:33:01.577376549	70.126918	31.990080	1003.558297	8.654089	26.298726	686.510827	65.370708	32.835899	1002.064299	10.412043	11.896017	
9/14/2019 12:33:02.577376549	70.120347	31.921994	1001.983240	7.991174	26.225579	684.513261	65.033382	32.887778	1002.339964	8.954275	11.913009	
9/14/2019 12:33:03.577376549	70.448894	31.880717	1002.888217	7.817033	26.261581	685.996982	65.145088	32.952420	1002.751726	17.329631	11.898435	
9/14/2019 12:33:04.577376549	70.297762	31.804889	1002.482370	8.103653	26.253948	686.151398	64.706885	32.805187	1002.062248	10.250390	11.914139	
9/14/2019 12:33:05.577376549	70.205769	31.926742	1002.854548	8.665955	26.355382	686.794694	64.387274	32.853329	1002.235563	9.924463	11.900314	
9/14/2019 12:33:06.577376549	70.146630	31.816481	1001.350616	7.815195	26.322768	684.245824	64.352711	32.782665	1003.073283	14.371387	11.868064	
9/14/2019 12:33:07.577376549	70.527745	31.943157	1002.607979	8.272511	26.288521	685.165756	64.183627	32.877607	1002.333970	11.690082	11.869930	
9/14/2019 12:33:08.577376549	70.402897	31.868751	1003.608999	7.752912	26.279990	684.777415	64.076521	32.869829	1002.554598	17.700886	11.909986	
9/14/2019 12:33:09.577376549	70.350330	31.859255	1002.519193	7.923167	26.298114	683.686635	63.854370	32.918903	1002.905013	16.854886	11.905006	
9/14/2019 12:33:10.577376549	70.343759	31.886588	1001.102233	7.708760	26.231824	683.947505	63.849955	32.906870	1002.200238	15.721734	11.895859	
9/14/2019 12:33:11.577376549	70.573742	31.958448	1002.671928	8.491883	26.313217	685.717714	63.917977	32.856028	1002.465022	16.098231	11.891377	
9/14/2019 12:33:12.577376549	70.324046	31.847139	1002.626116	8.132612	26.271786	684.945630	63.648962	32.864018	1002.224367	14.296458	11.891943	
9/14/2019 12:33:13.577376549	70.284620	31.943980	1002.975585	8.370689	26.267541	687.313802	63.598603	32.908944	1002.212856	10.253012	11.880049	
9/14/2019 12:33:14.577376549	70.370043	31.890213	1001.331218	7.691415	26.205741	684.311533	63.563145	32.932290	1002.342329	15.109965	11.911222	
9/14/2019 12:33:15.577376549	70.672306	31.953551	1002.569815	8.066478	26.295909	686.880118	63.665126	32.937783	1002.536306	18.272569	11.897909	
9/14/2019 12:33:16.577376549	70.665735	32.070132	1003.183358	8.659591	26.315666	687.656148	63.652721	32.897842	1002.887194	24.401008	11.864607	
9/14/2019 12:33:17.577376549	70.278049	31.932763	1001.597972	7.909559	26.197822	687.207349	63.370380	32.874602	1002.269787	8.892181	11.906898	
9/14/2019 12:33:18.577376549	70.389755	31.858357	1003.438678	7.519631	26.214517	686.921514	63.444868	32.870760	1002.355419	18.497627	11.898159	
9/14/2019 12:33:19.577376549	70.593455	31.887336	1001.330666	7.805487	26.181984	687.593723	63.578495	32.942355	1002.085748	10.309864	11.896135	
9/14/2019 12:33:20.577376549	70.481749	31.858057	1002.220189	7.736015	26.240886	688.869800	63.669384	32.862875	1002.412664	17.619404	11.918542	
9/14/2019 12:33:21.577376549	70.356901	31.942782	1003.030860	7.910245	26.212843	689.557776	63.614899	32.863500	1002.237142	7.599997	11.893178	
9/14/2019 12:33:22.577376549	70.402897	31.902927	1001.403288	7.971321	26.244396	689.916552	63.541777	32.824903	1001.815599	8.079984	11.887146	
9/14/2019 12:33:23.577376549	70.632880	31.873948	1001.838627	7.792260	26.213415	690.164276	63.512733	32.890476	1002.403676	18.173010	11.916294	
9/14/2019 12:33:24.577376549	70.350330	31.958673	1003.498212	7.441251	26.301257	689.091895	63.504506	32.894837	1001.641813	7.700866	11.887290	
9/14/2019 12:33:25.577376549	70.330617	31.868901	1002.787997	8.080505	26.237212	690.356804	63.677007	32.831126	1001.992071	9.157324	11.912641	
9/14/2019 12:33:26.577376549	70.659164	31.831398	1001.462584	8.078103	26.264438	690.821370	63.738696	32.869310	1002.051524	14.561602	11.894387	
9/14/2019 12:33:27.577376549	70.560600	31.852486	1001.965892	7.778641	26.353382	690.943590	63.559282	32.890582	1002.416765	17.231383	11.909172	
9/14/2019 12:33:28.577376549	70.422610	31.836521	1003.375756	7.708102	26.261010	690.741862	63.693513	32.894731	1002.766866	17.477139	11.903310	
9/14/2019 12:33:29.577376549	70.652593	31.820855	1003.154342	7.960833	26.257295	690.740547	63.728471	32.882899	1002.361885	14.174891	11.891430	
9/14/2019 12:33:30.577376549	70.534316	31.847514	1001.424262	7.775805	26.281990	690.732663	63.836156	32.871903	1002.517537	17.477139	11.908580	
9/14/2019 12:33:31.577376549	70.310904	31.900981	1002.830025	8.172402	26.225865	690.592045	63.569716	32.899916	1002.049159	6.981676	11.902272	
9/14/2019 12:33:32.577376549	70.619739	31.900158	1003.487252	7.887682	26.234110	690.280580	63.819360	32.922226	1002.329397	17.169289	11.901536	
9/14/2019 12:33:33.577376549	70.514603	31.841867	1002.063038	7.736913	26.278317	691.759701	63.832897	32.882073	1002.261427	17.103263	11.911274	
9/14/2019 12:33:34.577376549	70.678877	31.869200	1001.710886	7.700917	26.185903	690.502022	63.681922	32.889852	1002.679498	16.403460	11.900997	
9/14/2019 12:33:35.577376549	70.547458	31.859480	1001.371747	8.214778	26.235253	692.084964	63.677007	32.849699	1002.362199	7.642703	11.891864	
9/14/2019 12:33:36.577376549	70.435752	31.825827	1002.538196	7.880709	26.254234	692.341887	63.834210	32.849699	1002.057833	12.547606	11.913955	
9/14/2019 12:33:37.577376549	70.724874	31.875520	1003.212849	7.690303	26.179984	691.342446	63.947205	32.893588	1002.305111	16.913048	11.875239	
9/14/2019 12:33:38.577376549	70.475178	31.927191	1002.786341	8.043493	26.180801	692.352402	63.648068	32.937063	1002.342644	10.642343	11.915624	
9/14/2019 12:33:39.577376549	70.672306	31.847064	1002.606009	7.861737	26.312319	694.632519	63.810134	32.854991	1002.532677	16.756638	11.904730	
9/14/2019 12:33:40.577376549	70.724874	31.926967	1003.390422	7.825515	26.193903	693.031179	63.857025	32.920257	1002.033704	12.442805	11.876185	
9/14/2019 12:33:41.577376549	70.632880	31.832072	1002.196612	7.801228	26.270929	694.004338	63.829138	32.869204	1002.232883	13.374219	11.914402	
9/14/2019 12:33:42.577376549	70.534316	31.852336	1002.996954	7.846848	26.306931	694.238263	63.798044	32.877713	1002.324824	15.773614	11.909145	
9/14/2019 12:33:43.577376549	70.836580	31.890662	1003.673419	7.666990	26.248233	693.150115	64.030682	32.921601	1002.515172	19.051232	11.905952	
9/14/2019 12:33:44.577376549	70.685448	31.894661	1003.619328	7.892176	26.244315	693.617964	63.986236	32.860283	1002.302904	9.454960	11.894755	
9/14/2019 12:33:45.577376549	70.567171	31.832147	1001.487816	7.895564	26.256764	694.760654	63.715933	32.876051	1002.038277	14.996261	11.892232	
9/14/2019 12:33:46.577376549	70.639451	31.715790	1003.151188	9.002119	26.089612	695.807406	63.693013	32.926586	1001.747315	13.348279	11.883124	
9/14/2019 12:33:47.577376549	70.830009	31.975088	1003.128241	7.894335	26.226722	694.219864	63.862702	32.889333	1002.300067	10.472827	11.878354	
9/14/2019 12:33:48.577376549	70.698590	31.905580	1003.685247	7.748213	26.178801	693.370241	64.063931	32.940693	1002.259534	15.232843	11.893322	
9/14/2019 12:33:49.577376549	70.475178	31.890961	1003.867316	7.460013	26.176841	693.867004	63.827140	32.930841	1002.775226	12.419486	11.877027	
9/14/2019 12:33:50.577376549	71.053421	31.791020	1004.134622	7.602559	26.265540	693.020664	63.872032	32.973692	1002.702998	12.216437	11.887185	
9/14/2019 12:33:51.577376549	70.665735	31.927041	1001.376872	7.605738	26.179699	694.475471	64.043324	32.931878	1002.257012	12.667863	11.890366	
9/14/2019 12:33:52.577376549	70.527745	31.853010	1003.589838	8.018622	26.285378	696.007819	64.088507	32.913304	1002.302904	18.474307	11.906149	
9/14/2019 12:33:53.577376549	70.889147	31.889689	1003.741074	7.890801	26.209741	695.546537	63.833658	32.940799	1002.524160	18.359293	11.915545	
9/14/2019 12:33:54.577376549	70.659164	31.970040	1002.930955	7.850720	26.230681	695.806091	63.858838	32.952420	1002.335706	12.485512	11.917135	
9/14/2019 12:33:55.577376549	70.606597	31.842167	1001.626201	8.070859	26.263010	697.580246	64.060330	32.892138	1002.337756	16.240496	11.913771	
9/14/2019 12:33:56.577376549	70.823438	31.895335	1002.839723	8.213017	26.230191	697.112397	64.043719	32.907176	1001.980246	8.793933	11.888710	
9/14/2019 12:33:57.577376549	70.698590	31.932837	1001.819780	8.269631	26.240886	697.425830	63.810686	32.860695	1001.771128	10.370647	11.895806	
9/14/2019 12:33:58.577376549	70.626309	31.836970	1002.175795	7.890740	26.278602	697.960704	63.931171	32.856441	1002.390429	16.225041	11.916110	
9/14/2019 12:33:59.577376549	70.718303	31.915375	1003.675784	7.932607	26.181413	696.107041	63.999036	32.934259	1002.511071	10.062797	11.875936	
9/14/2019 12:34:00.577376549	70.790583	31.847588	1001.181085	7.741208	26.266398	697.609159	64.124226	32.925443	1002.342486	18.421387	11.897107	
9/14/2019 12:34:01.577376549	70.738016	31.890437	1002.714113	7.688160	26.209986	696.073528	63.974907	32.956049	1002.716559	18.171700	11.922208	
9/14/2019 12:34:02.577376549	70.665735	31.858057	1002.375446	8.143747	26.267867	697.353552	64.060986	32.869829	1002.155454	12.921482	11.893927	
9/14/2019 12:34:03.577376549	70.705161	32.010943	1000.596323	8.379279	26.231008	698.121036	64.082750	32.920776	1002.729648	18.254492	11.879182	
9/14/2019 12:34:04.577376549	70.692019	31.874173	1001.746686	8.195040	26.276031	697.421230	64.130797	32.878856	1002.212856	14.985777	11.912549	
9/14/2019 12:34:05.577376549	70.580313	31.921695	1001.556575	8.157417	26.234967	697.157077	63.935587	32.864537	1001.978667	10.313795	11.884057	
9/14/2019 12:34:06.577376549	70.876005	31.815583	1002.534490	8.051812	26.271786	697.111081	64.132610	32.887884	1002.101360	12.238446	11.910985	
9/14/2019 12:34:07.577376549	70.810296	31.868526	1001.209314	7.842356	26.268112	697.650555	64.208597	32.910606	1002.156397	18.934907	11.894847	
9/14/2019 12:34:08.577376549	70.790583	31.964993	1002.483631	8.075645	26.243988	697.322008	64.028474	32.894106	1002.160655	8.073431	11.912628	
9/14/2019 12:34:09.577376549	70.770870	31.874397	1001.596868	8.367331	26.252519	698.304366	63.921341	32.873977	1002.096944	12.870912	11.866999	
9/14/2019 12:34:10.577376549	70.685448	31.857983	1001.960767	7.954633	26.278317	698.631598	64.099203	32.885185	1002.129746	13.018420	11.912733	
9/14/2019 12:34:11.577376549	71.342543	31.973890	1004.270247	8.230228	26.390894	698.365466	64.351607	33.008341	1002.605534	19.161276	11.856814	
9/14/2019 12:34:12.577376549	70.744587	31.938109	1002.815595	7.691110	26.186189	697.931791	64.002190	32.961341	1002.475746	14.451559	11.917320	
9/14/2019 12:34:13.577376549	70.908860	31.962416	1003.942066	8.292004	26.304114	701.777769	64.245867	32.999113	1002.823640	16.259884	11.865514	
9/14/2019 12:34:14.577376549	70.810296	31.826276	1002.457847	8.008983	26.282562	700.068007	64.143045	32.905833	1001.959111	12.607079	11.910249	
9/14/2019 12:34:15.577376549	70.738016	32.053418	1003.166800	8.721260	26.307216	701.244862	64.201579	33.005229	1002.419287	13.583821	11.897870	
9/14/2019 12:34:16.577376549	70.862864	31.953775	1002.685569	7.786378	26.196679	699.035054	63.967784	32.992053	1002.478111	13.882497	11.912115	
9/14/2019 12:34:17.577376549	70.744587	32.018161	1002.535594	8.080939	26.255377	700.497745	64.199476	33.034704	1002.094893	14.297769	11.847760	
9/14/2019 12:34:18.577376549	70.948286	31.890437	1002.638654	7.811822	26.242845	699.301175	64.375526	32.972655	1002.228625	19.242757	11.890011	
9/14/2019 12:34:19.577376549	70.770870	31.896682	1002.597887	8.958497	26.412039	701.876991	64.132558	32.959161	1002.425911	18.581729	11.887080	
9/14/2019 12:34:20.577376549	71.013995	31.958598	1003.073203	7.814637	26.190434	698.626998	64.105275	32.988836	1002.254647	13.370287	11.912050	
9/14/2019 12:34:21.577376549	70.981141	31.932388	1003.103955	8.305209	26.326523	700.085090	64.209359	32.942874	1002.379390	22.193138	11.884504	
9/14/2019 12:34:22.577376549	70.849722	31.842541	1003.237924	7.754836	26.211170	699.734860	64.325113	32.927623	1002.444995	13.577268	11.887251	
9/14/2019 12:34:23.577376549	70.928573	31.938933	1003.374967	8.190657	26.306890	702.031407	64.186676	32.977946	1002.472431	9.115928	11.884071	
9/14/2019 12:34:24.577376549	70.685448	31.916273	1002.704730	7.982798	26.252234	699.837366	64.014937	32.929179	1002.156082	9.981315	11.907989	
9/14/2019 12:34:25.577376549	71.020566	32.027433	1002.056729	8.316497	26.281745	701.526098	64.232331	32.960410	1002.188885	12.587692	11.878406	
9/14/2019 12:34:26.577376549	70.777441	31.901281	1003.167589	7.626913	26.234069	700.504975	64.284741	32.951276	1002.169644	19.668243	11.905860	
9/14/2019 12:34:27.577376549	71.046850	31.907226	1003.316223	7.815459	26.299828	704.525083	64.409432	33.045075	1002.773647	22.713211	11.896595	
9/14/2019 12:34:28.577376549	70.790583	31.884192	1002.267184	7.837112	26.287950	703.358080	64.114553	32.910087	1002.392794	16.552278	11.913745	
9/14/2019 12:34:29.577376549	71.027137	32.012365	1004.110965	7.919174	26.225620	704.406800	64.299092	33.026502	1002.780270	14.063537	11.875923	
9/14/2019 12:34:30.577376549	70.856293	31.857983	1001.213492	7.879382	26.272929	704.366719	64.271994	32.948790	1002.411878	17.694333	11.911511	
9/14/2019 12:34:31.577376549	70.954857	31.948878	1002.581880	8.089246	26.215415	704.846400	64.183522	33.044663	1002.808500	16.390625	11.891719	
9/14/2019 12:34:32.577376549	70.948286	31.989706	1004.016345	7.671429	26.228722	705.014615	64.146252	32.900541	1001.928360	11.032986	11.882310	
9/14/2019 12:34:33.577376549	70.836580	31.937660	1002.649693	8.466529	26.266112	704.080884	64.110190	32.999313	1002.333970	16.945542	11.885490	
9/14/2019 12:34:34.577376549	70.987712	31.921470	1003.401303	7.952521	26.258479	704.525736	64.121124	32.960823	1002.344694	22.711900	11.897594	
9/14/2019 12:34:35.577376549	71.059992	31.891785	1002.546396	7.805047	26.241457	704.651240	64.322011	33.018099	1003.004842	25.801925	11.870876	
9/14/2019 12:34:36.577376549	70.770870	31.894961	1002.706386	8.066080	26.256764	705.197945	64.123122	32.888815	1001.996329	14.189036	11.910565	
9/14/2019 12:34:37.577376549	70.961428	31.900906	1001.597105	8.332175	26.391058	706.172419	64.110190	33.002012	1002.559485	22.589022	11.897830	
9/14/2019 12:34:38.577376549	70.954857	31.869200	1001.573686	8.009322	26.270929	704.601960	64.130455	32.930216	1002.449096	21.817951	11.911984	
9/14/2019 12:34:39.577376549	70.935144	32.038650	1003.077618	8.261248	26.235253	704.444912	64.050999	33.054515	1002.594495	20.140367	11.888368	
9/14/2019 12:34:40.577376549	71.125701	31.938558	1002.943807	7.422866	26.211986	704.850999	64.053207	32.931666	1002.644173	23.154152	11.883348	
9/14/2019 12:34:41.577376549	70.922002	31.923716	1001.274444	8.027319	26.275174	707.269766	64.276567	33.056177	1002.585349	18.973682	11.894177	
9/14/2019 12:34:42.577376549	71.105989	31.938558	1002.910295	7.771647	26.190720	704.873997	64.061329	33.001081	1002.307319	20.532320	11.915072	
9/14/2019 12:34:43.577376549	71.086276	32.022610	1002.287054	7.941026	26.246029	706.466791	64.184074	33.003049	1002.607270	25.845942	11.895241	
9/14/2019 12:34:44.577376549	70.902289	31.884716	1001.907700	7.761516	26.298400	707.306563	64.143097	32.927411	1002.379547	22.038038	11.914034	
9/14/2019 12:34:45.577376549	71.112560	31.945178	1001.434512	7.777844	26.243743	707.948543	64.403360	33.080772	1002.696846	18.231173	11.888539	
9/14/2019 12:34:46.577376549	70.862864	31.889689	1001.766793	7.810766	26.229008	707.285533	64.094788	32.974104	1002.648904	24.311934	11.913666	
9/14/2019 12:34:47.577376549	71.059992	31.979162	1002.901307	8.591313	26.299869	708.671347	64.210462	32.920977	1002.195508	19.430351	11.892429	
9/14/2019 12:34:48.577376549	70.908860	31.911151	1002.259062	7.831883	26.180556	706.769057	64.389824	33.007410	1002.578726	23.923913	11.914757	
9/14/2019 12:34:49.577376549	71.197982	31.997822	1003.217264	7.954709	26.208884	707.601598	64.193904	33.069977	1002.554598	20.062817	11.893572	
9/14/2019 12:34:50.577376549	70.981141	31.938259	1003.315908	7.689673	26.278847	707.306563	64.254251	32.991535	1002.918260	25.174701	11.901260	
9/14/2019 12:34:51.577376549	71.132272	31.943306	1002.877730	8.624025	26.378894	708.689745	64.367456	32.960198	1002.270258	23.550037	11.902154	
9/14/2019 12:34:52.577376549	70.777441	31.995427	1001.972516	8.304481	26.309747	707.506975	64.283532	32.928554	1002.094579	20.305952	11.889787	
9/14/2019 12:34:53.577376549	71.027137	31.970340	1002.741239	7.831873	26.227905	705.450921	64.356969	33.007516	1001.791156	24.619784	11.861637	
9/14/2019 12:34:54.577376549	71.013995	31.890063	1002.653319	7.998255	26.237212	707.253336	64.174796	32.911643	1002.064142	17.311554	11.913048	
9/14/2019 12:34:55.577376549	70.954857	31.922743	1002.428356	8.092214	26.302645	709.137229	64.510861	33.058145	1002.754091	27.946662	11.903008	
9/14/2019 12:34:56.577376549	71.211124	31.975237	1001.868826	7.808775	26.173453	708.468304	64.154978	33.033455	1002.258905	20.983746	11.911038	
9/14/2019 12:34:57.577376549	71.092847	31.953925	1003.583057	8.147192	26.318278	709.919827	64.119625	32.950133	1002.646696	27.145989	11.873018	
9/14/2019 12:34:58.577376549	70.954857	31.905879	1002.087166	7.652893	26.224436	708.532045	64.240610	32.958960	1002.559485	26.981715	11.900288	
9/14/2019 12:34:59.577376549	71.066563	31.933137	1002.380099	8.301890	26.350566	712.587633	64.310578	32.969850	1002.329554	22.572256	11.897002	
9/14/2019 12:35:00.577376549	70.922002	31.884492	1002.593629	7.686532	26.215660	710.289770	64.387064	32.980952	1002.613736	29.980045	11.918542	
9/14/2019 12:35:01.577376549	71.289975	31.979910	1003.294065	7.947553	26.278317	711.257014	64.201631	33.018924	1002.946489	32.601877	11.879142	
9/14/2019 12:35:02.577376549	71.027137	31.816331	1004.402085	7.767483	26.233824	712.633629	63.971201	33.023909	1001.615791	26.494135	11.872663	
9/14/2019 12:35:03.577376549	71.145414	31.870997	1003.203465	8.078946	26.336973	713.359064	64.364749	33.065723	1003.031964	31.831077	11.870679	
9/14/2019 12:35:04.577376549	71.007424	31.905580	1001.888382	8.015774	26.273500	711.857598	64.321302	32.916310	1001.886726	22.899494	11.912733	
9/14/2019 12:35:05.577376549	71.046850	31.938558	1002.063432	8.233486	26.245417	711.168307	64.127143	32.940175	1002.097101	22.567014	11.895057	
9/14/2019 12:35:06.577376549	71.257120	31.997373	1003.766149	7.844906	26.275255	711.480424	64.407434	33.091768	1003.368819	32.720823	11.844382	
9/14/2019 12:35:07.577376549	70.895718	31.947979	1002.578646	7.941304	26.242600	711.103250	64.304796	32.926480	1002.156711	21.352380	11.887514	
9/14/2019 12:35:08.577376549	71.178269	31.871071	1002.584008	8.564343	26.451960	715.728552	64.301142	33.068104	1002.388535	32.613672	11.886883	
9/14/2019 12:35:09.577376549	71.013995	31.964768	1002.488046	7.818467	26.215660	710.327882	64.191749	32.990392	1002.189199	24.992350	11.915913	
9/14/2019 12:35:10.577376549	71.329401	32.170074	1001.768449	8.419361	26.280357	711.893079	64.382963	33.003462	1002.305269	26.757968	11.862110	
9/14/2019 12:35:11.577376549	71.027137	31.895560	1003.495057	8.075670	26.262724	711.134794	64.442838	32.952420	1002.300381	26.756658	11.884806	
9/14/2019 12:35:12.577376549	70.967999	31.970639	1002.602460	8.165240	26.281705	713.288755	64.268392	33.056177	1002.607742	26.170830	11.890011	
9/14/2019 12:35:13.577376549	71.224266	31.868976	1000.982300	7.878350	26.252519	710.974462	64.328083	32.972030	1002.456033	32.357432	11.907476	
9/14/2019 12:35:14.577376549	71.145414	32.087220	1004.177359	8.377431	26.287705	713.149442	64.467571	33.019961	1002.397052	30.428850	11.848272	
9/14/2019 12:35:15.577376549	71.257120	31.846840	1001.891142	7.737639	26.268683	712.585002	64.254751	32.966220	1002.401153	33.920001	11.918187	
9/14/2019 12:35:16.577376549	71.119130	31.982081	1001.562961	7.903346	26.234396	714.022727	64.479714	33.050885	1002.582984	27.311574	11.884084	
9/14/2019 12:35:17.577376549	71.171698	31.964469	1002.038120	7.847255	26.277174	713.115277	64.359886	32.932809	1002.265371	23.370307	11.890549	
9/14/2019 12:35:18.577376549	71.066563	32.001073	1003.873782	8.494210	26.361913	715.405909	64.307870	32.942556	1001.812919	31.586631	11.857971	
9/14/2019 12:35:19.577376549	71.099418	31.964544	1002.576124	7.760326	26.191577	712.777531	64.270100	33.002637	1002.460449	31.521916	11.918318	
9/14/2019 12:35:20.577376549	71.329401	31.928164	1002.293126	8.007014	26.272398	714.634478	64.481922	33.068940	1003.068868	43.528068	11.897042	
9/14/2019 12:35:21.577376549	71.086276	31.905954	1002.372924	7.691666	26.236641	713.838081	64.532729	32.984169	1002.620360	40.617773	11.918699	
9/14/2019 12:35:22.577376549	71.086276	31.932688	1002.118865	8.250797	26.408079	716.206253	64.367009	33.010415	1002.331762	42.877524	11.903836	
9/14/2019 12:35:23.577376549	71.197982	31.954374	1001.737145	7.815248	26.196394	714.363757	64.220792	32.983026	1002.077546	36.878245	11.904454	
9/14/2019 12:35:24.577376549	71.053421	32.012740	1002.488284	7.815581	26.336687	715.375681	64.400915	33.053997	1003.274355	39.215546	11.859062	
9/14/2019 12:35:25.577376549	71.197982	31.969367	1003.689583	7.778449	26.190148	714.966310	64.163152	33.002637	1001.939241	29.096580	11.890786	
9/14/2019 12:35:26.577376549	71.119130	31.959721	1003.158283	8.429089	26.331259	717.473131	64.279931	33.016225	1002.482684	29.784859	11.890523	
9/14/2019 12:35:27.577376549	70.981141	31.947979	1002.367956	7.934448	26.206353	716.347524	64.404779	32.963109	1002.600489	33.392336	11.921196	
9/14/2019 12:35:28.577376549	71.368826	32.011766	1002.538354	7.928103	26.241498	717.316083	64.509205	33.021210	1002.826162	37.042519	11.894466	
9/14/2019 12:35:29.577376549	70.922002	31.869350	1001.474332	8.222123	26.251091	718.231416	64.242608	32.894731	1002.234777	28.417475	11.889603	
9/14/2019 12:35:30.577376549	71.053421	31.928015	1002.896891	7.717110	26.433591	720.397860	64.380203	33.001081	1002.968567	35.033766	11.866697	
9/14/2019 12:35:31.577376549	71.112560	31.716090	1003.645664	8.568789	26.097245	720.361064	64.465021	32.870760	1002.570367	34.440074	11.882822	
9/14/2019 12:35:32.577376549	71.112560	31.985706	1002.205758	8.023490	26.330156	719.455582	64.456190	32.965902	1002.611214	36.832917	11.863122	
9/14/2019 12:35:33.577376549	71.053421	31.975312	1003.566181	7.793751	26.202639	718.268213	64.277723	32.961966	1002.300381	25.605429	11.905032	
9/14/2019 12:35:34.577376549	71.375397	31.923566	1002.287606	7.774035	26.291052	720.167219	64.575519	33.046737	1002.745260	36.263855	11.900209	
9/14/2019 12:35:35.577376549	71.165127	31.902029	1003.800055	8.072073	26.250560	719.368191	64.387116	32.887778	1002.305269	28.012688	11.878196	
9/14/2019 12:35:36.577376549	71.145414	32.085349	1002.222239	8.289420	26.334728	720.661351	64.244316	32.895037	1002.266000	28.222289	11.875607	
9/14/2019 12:35:37.577376549	71.020566	31.869125	1002.164914	7.964594	26.285950	719.705937	64.250335	32.895249	1002.114606	28.537732	11.912641	
9/14/2019 12:35:38.577376549	71.289975	32.002720	1001.846117	7.956236	26.296195	719.588317	64.484077	33.005441	1002.665780	27.131844	11.866119	
9/14/2019 12:35:39.577376549	71.263691	31.891036	1002.519193	8.306964	26.255336	718.565879	64.444494	32.913717	1002.064299	26.015459	11.913863	
9/14/2019 12:35:40.577376549	71.204553	31.960170	1003.361720	8.138213	26.264724	718.554048	64.462761	33.039678	1002.180211	28.334683	11.876422	
9/14/2019 12:35:41.577376549	71.000853	31.960095	1002.486391	8.036595	26.241743	717.621633	64.383962	32.940175	1002.079439	22.589022	11.910473	
9/14/2019 12:35:42.577376549	71.322830	32.014686	1003.677363	7.823584	26.239539	717.958064	64.530521	33.046324	1003.118861	21.113177	11.861821	
9/14/2019 12:35:43.577376549	71.276833	32.033079	1004.126737	8.046712	26.263581	718.104597	64.385066	32.946609	1002.151824	20.641053	11.889630	
9/14/2019 12:35:44.577376549	71.230837	32.054541	1002.360386	8.703213	26.318809	719.430616	64.553545	32.989143	1002.294544	20.911438	11.897344	
9/14/2019 12:39:09.577376549	63.838521	31.953700	1002.738322	7.718466	26.284276	498.878022	64.350555	33.072983	1002.226417	18.976303	11.882362	
9/14/2019 12:39:10.577376549	63.871376	32.024331	1002.917708	8.304852	26.364158	503.289106	64.214064	33.124861	1002.180683	10.823384	11.883019	
