
Time stamp	Inside_humidity (in %rH)	Inside_temperature (in °C)	Inside_pressure (in mbar)	Soil_moisture (in %VWC)	Soil_temperature (in °C)	Inside_CO2_ratio (in ppm)	Outside_humidity (in %rH)	Outside_temperature (in °C)	Outside_pressure (in mbar)	Outside_PAR (in µmol m^-2 s^-1)	Power_box_charge (in V)	
9/14/2019 13:08:46.631910049	64.528470	32.355574	1005.851058	3.344572	26.940437	498.569188	64.703099	34.290068	1004.117428	5.490645	11.903941	
9/14/2019 13:08:47.631910049	64.784737	32.022353	1002.451853	4.643336	26.375710	496.090625	64.478820	33.506267	1003.163645	17.334873	11.873426	
9/14/2019 13:08:48.631910049	64.916156	32.420292	1005.491968	4.966797	26.278765	498.707175	64.514172	33.959079	1004.967295	32.433671	11.876067	
9/14/2019 13:08:49.631910049	64.751883	32.314255	1003.009963	3.538498	26.404365	500.051594	64.164466	33.406564	1003.358251	17.063177	11.900708	
9/14/2019 13:08:50.631910049	64.922727	32.614455	1005.277020	5.357849	26.389099	501.755442	64.673793	33.651002	1003.562947	21.607310	11.903218	
9/14/2019 13:08:51.631910049	64.981866	32.151948	1002.826791	3.427176	26.552333	491.272127	64.249626	34.072193	1001.034809	19.339695	11.916886	
9/14/2019 13:08:52.631910049	65.612677	32.507038	1004.167974	3.575633	26.521147	505.542291	64.540456	33.673111	1004.183826	24.768602	11.874280	
9/14/2019 13:08:53.631910049	64.903014	32.454276	1003.347684	3.345804	26.255867	503.070295	63.982687	33.383937	1002.942231	15.652047	11.905124	
9/14/2019 13:08:54.631910049	65.882086	32.606338	1005.765583	5.737459	26.435999	500.522065	64.179553	33.746357	1003.512482	23.555279	11.859167	
9/14/2019 13:08:55.631910049	65.152710	32.170865	1003.033383	4.367520	26.259091	499.978654	63.668228	33.571958	1003.428586	20.283943	11.902325	
9/14/2019 13:08:56.631910049	65.560109	32.631169	1005.677191	4.736963	26.524576	506.396515	64.324247	33.860909	1003.635803	25.609360	11.870850	
9/14/2019 13:08:57.631910049	65.402407	32.385966	1003.362035	3.268964	26.346525	503.626853	63.516754	33.353118	1003.283658	15.752916	11.903337	
9/14/2019 13:08:58.631910049	66.585177	31.921031	1004.612855	6.232441	25.920255	509.172081	63.580570	33.729032	1002.965252	29.644944	11.868366	
9/14/2019 13:08:59.631910049	65.474687	32.401482	1003.046629	3.334232	26.364934	503.848295	63.456459	33.397737	1003.257322	16.615683	11.905584	
9/14/2019 13:09:00.631910049	65.901799	32.494174	1003.183515	5.659837	26.697770	504.810277	63.786006	33.783091	1004.261098	26.283223	11.872650	
9/14/2019 13:09:01.631910049	65.809805	32.302738	1002.204969	3.808747	26.398651	503.643935	63.505610	33.476804	1003.476057	18.645134	11.885174	
9/14/2019 13:09:02.631910049	66.204062	32.367573	1004.140613	4.712702	26.320400	503.800321	63.616660	34.028907	1004.709135	28.557120	11.892534	
9/14/2019 13:09:03.631910049	65.855802	32.198978	1003.093702	3.881617	26.319135	503.443513	63.356819	33.638663	1003.600951	16.674885	11.883637	
9/14/2019 13:09:04.631910049	66.092356	32.769918	1004.820628	4.896583	26.458613	507.577307	63.896241	33.528554	1003.316769	22.753296	11.872466	
9/14/2019 13:09:05.631910049	66.006934	32.156995	1001.506663	3.724544	26.209251	504.450185	63.231943	33.691389	1003.211430	14.503439	11.882494	
9/14/2019 13:09:06.631910049	66.335481	32.415918	1004.887336	4.474118	26.324278	509.739154	64.081883	33.857491	1004.206061	26.306542	11.892166	
9/14/2019 13:09:07.631910049	66.020076	32.572579	1000.904001	5.698906	25.853883	510.036157	63.409649	33.621762	1004.064762	20.285254	11.859811	
9/14/2019 13:09:08.631910049	66.664028	32.721989	1004.782701	4.295048	26.487227	511.759056	63.364124	33.507199	1003.574935	24.618474	11.896871	
9/14/2019 13:09:09.631910049	66.204062	32.164652	1003.910288	4.255947	26.359505	507.940020	63.114637	33.698119	1003.942856	13.912369	11.884754	
9/14/2019 13:09:10.631910049	66.677170	32.364621	1002.428119	4.080118	26.625643	516.040046	63.755753	33.656294	1003.447192	25.227892	11.869667	
9/14/2019 13:09:11.631910049	66.427474	32.342817	1004.171445	3.924934	26.127328	510.120265	63.356529	33.517263	1002.829156	20.533631	11.905150	
9/14/2019 13:09:12.631910049	66.723167	32.457794	1004.245329	5.392322	26.420202	511.511985	63.331112	33.830420	1004.899168	31.056074	11.866290	
9/14/2019 13:09:13.631910049	66.572035	32.244672	1003.055146	4.064010	26.355709	511.615154	63.275732	33.643447	1003.327971	20.982436	11.901562	
9/14/2019 13:09:14.631910049	66.079214	32.786706	1005.116006	3.423149	26.979623	509.838365	64.100388	33.755797	1003.650629	21.898393	11.882454	
9/14/2019 13:09:15.631910049	66.703454	32.204293	1002.886561	4.183339	26.253336	510.993539	63.289925	33.601114	1003.373234	20.553018	11.891404	
9/14/2019 13:09:16.631910049	67.360549	32.417790	1002.897206	3.881200	26.499186	515.315916	63.570715	33.754570	1004.803283	23.736320	11.890655	
9/14/2019 13:09:17.631910049	66.788876	32.117921	1003.399805	4.131622	26.207823	510.961342	63.382313	33.598522	1003.247227	21.356312	11.895517	
9/14/2019 13:09:18.631910049	66.834873	32.510738	1005.059864	5.202524	26.558006	514.326326	63.245452	33.471914	1003.704880	24.888859	11.879142	
9/14/2019 13:09:19.631910049	66.762593	32.240523	1001.893822	4.337866	26.252805	512.060006	63.531132	33.604332	1003.137152	22.234534	11.889143	
9/14/2019 13:09:20.631910049	67.196275	32.489875	1003.558769	4.263578	26.324523	517.087452	64.056204	33.792743	1003.958782	27.399609	11.896306	
9/14/2019 13:09:21.631910049	67.038572	32.222836	1003.417862	4.006485	26.189128	512.293931	63.563093	33.515931	1003.336960	19.660380	11.911931	
9/14/2019 13:09:22.631910049	67.222559	32.292344	1007.417363	4.585395	26.050466	523.356137	63.292290	33.345953	1004.986693	18.526188	11.875108	
9/14/2019 13:09:23.631910049	67.255414	32.126262	1001.587405	4.825111	26.380813	511.165039	63.322333	33.596130	1003.484731	22.215146	11.880995	
9/14/2019 13:09:24.631910049	67.294839	32.625972	1006.103541	4.870558	26.603642	518.751872	63.895794	33.784647	1004.312192	24.357262	11.876882	
9/14/2019 13:09:25.631910049	67.196275	32.197225	1003.261657	4.160236	26.194475	512.466746	63.522354	33.579218	1003.220576	22.215146	11.907121	
9/14/2019 13:09:26.631910049	67.708809	32.589368	1003.598037	3.947567	26.502084	516.532852	63.631115	33.654337	1004.787829	25.928735	11.890274	
9/14/2019 13:09:27.631910049	67.820515	32.519827	1003.666321	4.223204	26.609846	524.304994	64.075312	33.965809	1003.751401	29.315356	11.864279	
9/14/2019 13:09:28.631910049	67.275127	32.219884	1004.213236	4.456315	26.256193	512.983223	63.682317	33.629647	1003.355729	21.414474	11.883887	
9/14/2019 13:09:29.631910049	68.287052	32.820359	1004.552927	4.710444	26.639195	518.192673	63.679686	33.628174	1004.085576	37.217006	11.895833	
9/14/2019 13:09:30.631910049	67.564248	32.415950	1003.544655	3.280741	26.253050	516.649167	63.512338	33.379470	1003.098669	20.251721	11.901037	
9/14/2019 13:09:31.631910049	67.597103	32.172811	1002.883565	6.486788	26.935661	522.117519	63.915060	33.945669	1003.984640	27.015519	11.869759	
9/14/2019 13:09:32.631910049	67.327694	32.479513	1003.617592	3.555536	26.156718	515.813342	63.646465	33.450547	1002.599068	20.988988	11.904375	
9/14/2019 13:09:33.631910049	67.807373	33.132226	1001.831843	4.378871	26.598131	513.554232	63.776570	34.020292	1004.628547	37.194998	11.868208	
9/14/2019 13:09:34.631910049	67.636529	32.395761	1002.377497	3.420095	26.353342	517.563185	63.634874	33.407696	1003.340904	19.081104	11.892126	
9/14/2019 13:09:35.631910049	68.155634	32.554443	1004.239572	5.384740	26.798306	522.494683	63.660316	33.624321	1003.874408	25.204573	11.897751	
9/14/2019 13:09:36.631910049	67.708809	32.532457	1004.695650	2.661898	26.172351	519.464162	63.597893	33.226109	1004.625239	4.785600	11.886752	
9/14/2019 13:09:37.631910049	68.379046	32.620892	1005.111038	3.973081	26.515024	523.419216	64.029421	33.808735	1004.146136	30.864820	11.874201	
9/14/2019 13:09:38.631910049	67.919079	32.345886	1003.168770	3.429588	26.373465	518.995649	63.263799	33.444642	1003.318511	20.453460	11.895149	
9/14/2019 13:09:39.631910049	68.339620	32.718546	1004.143610	4.755283	26.603478	522.522933	63.775728	33.448673	1003.591333	27.637501	11.897843	
9/14/2019 13:09:40.631910049	67.853370	32.163497	1003.472270	4.153921	26.173494	517.247774	63.615503	33.589377	1003.091732	22.979665	11.909001	
9/14/2019 13:09:41.631910049	67.984789	32.406572	1004.208583	4.553420	26.424774	525.988465	64.271837	33.829996	1003.878352	27.460392	11.898842	
9/14/2019 13:09:42.631910049	67.965076	32.186232	1003.343663	4.228071	26.245213	518.889196	63.623783	33.639499	1003.192189	23.570735	11.905426	
9/14/2019 13:09:43.631910049	68.379046	32.786001	1004.203064	4.043656	26.390935	523.220109	63.623493	33.531582	1003.807074	29.359102	11.895925	
9/14/2019 13:09:44.631910049	67.813944	32.258242	1003.701097	3.993553	26.139778	519.376107	63.681817	33.532101	1003.141725	21.295528	11.908146	
9/14/2019 13:09:45.631910049	68.109637	32.454019	1004.875351	5.450861	26.466409	523.927809	63.885674	33.807369	1003.707403	25.120470	11.898119	
9/14/2019 13:09:46.631910049	68.076782	32.449828	1003.642116	3.384422	26.250274	521.352002	63.584724	33.366941	1002.941124	20.017760	11.883190	
9/14/2019 13:09:47.631910049	68.208201	32.643584	1004.498362	4.070757	26.189985	522.421743	63.957350	33.820143	1003.715290	31.842601	11.897331	
9/14/2019 13:09:48.631910049	68.043927	32.483887	1003.689269	3.551318	26.153330	521.877016	63.376452	33.465385	1002.752512	20.231023	11.905019	
9/14/2019 13:09:49.631910049	68.293623	32.525057	1003.241945	5.611197	26.657563	524.925272	63.643206	33.705273	1003.895857	26.140958	11.893506	
9/14/2019 13:09:50.631910049	68.089924	32.480261	1005.146048	3.997985	26.120552	520.566762	63.493363	33.551299	1002.721918	21.459802	11.890773	
9/14/2019 13:09:51.631910049	68.484181	32.422014	1004.878505	3.664678	26.227375	524.224160	64.188964	33.853755	1004.486299	31.441745	11.874227	
9/14/2019 13:09:52.631910049	68.273911	32.379346	1003.233034	3.283463	26.313339	521.716031	63.366227	33.406859	1002.755670	20.215567	11.884807	
9/14/2019 13:09:53.631910049	68.766732	32.443133	1004.906892	5.392737	26.432570	522.471022	63.343255	33.784541	1004.033218	30.674605	11.896135	
9/14/2019 13:09:54.631910049	68.116208	32.135159	1001.303303	4.029513	26.410570	521.947977	63.175170	33.590107	1004.011933	21.316226	11.852924	
9/14/2019 13:09:55.631910049	68.582745	32.513208	1004.227192	4.201735	26.564456	529.222030	63.835761	33.635340	1003.534403	24.154213	11.896871	
9/14/2019 13:09:56.631910049	68.510465	32.319077	1001.849823	3.533232	26.395915	523.467180	63.150280	33.496627	1003.441676	20.329271	11.898067	
9/14/2019 13:09:57.631910049	69.160988	32.622646	1002.471013	3.987921	26.416978	526.230263	63.627356	33.558146	1003.979602	30.321428	11.887356	
9/14/2019 13:09:58.631910049	68.241056	32.128764	1002.224761	4.070635	26.176106	522.677350	63.348407	33.621656	1003.503179	22.993810	11.877960	
9/14/2019 13:09:59.631910049	68.431613	32.191097	1004.402794	5.359222	26.488002	530.804310	63.702739	33.538937	1003.429529	24.914800	11.877855	
9/14/2019 13:10:00.631910049	68.760161	32.414197	1002.916999	3.502597	26.362771	525.644793	63.283012	33.436546	1003.149455	17.493905	11.884925	
9/14/2019 13:10:01.631910049	68.917863	32.545888	1003.285549	3.547064	26.498289	529.448061	63.536704	33.630684	1004.419279	23.566803	11.893572	
9/14/2019 13:10:02.631910049	68.701022	32.373775	1002.808419	3.227045	26.368649	526.612700	63.393195	33.431561	1003.296591	18.011357	11.896884	
9/14/2019 13:10:03.631910049	68.858725	32.537729	1004.471001	5.427813	26.521474	528.353997	63.381129	33.724577	1003.991264	23.553698	11.893257	
9/14/2019 13:10:04.631910049	68.589316	32.230428	1003.185566	3.693039	26.301257	524.964700	63.173908	33.495378	1002.574468	28.125081	11.841635	
9/14/2019 13:10:05.631910049	68.845583	32.093101	1003.293433	5.215450	26.360811	530.219492	63.795179	33.971430	1004.759442	26.371258	11.855408	
9/14/2019 13:10:06.631910049	69.272694	31.692617	1005.598734	3.454660	26.481104	522.636606	63.397768	33.692108	1002.675082	18.832728	11.872111	
9/14/2019 13:10:07.631910049	68.996715	32.751375	1003.381433	5.128141	26.516248	528.633255	63.657399	33.750728	1004.069650	32.022331	11.872374	
9/14/2019 13:10:08.631910049	68.181917	32.834079	1000.245590	4.476362	26.145942	529.430326	63.432935	33.399705	1002.848554	15.899114	11.862400	
9/14/2019 13:10:09.631910049	68.372475	32.298589	1003.114756	5.002020	26.471062	530.224092	64.064274	33.817751	1004.451918	25.059686	11.874240	
9/14/2019 13:10:10.631910049	69.312120	32.248522	1001.612085	5.503294	25.908213	532.470709	63.179033	33.517369	1002.380648	24.886238	11.847378	
9/14/2019 13:10:11.631910049	69.088708	32.421265	1003.146690	4.390085	26.373261	529.661599	63.504639	33.855829	1004.024551	29.427749	11.845000	
9/14/2019 13:10:12.631910049	68.740448	32.353361	1004.387340	3.849089	26.101776	527.192255	63.528320	33.500351	1002.919675	18.072141	11.886975	
9/14/2019 13:10:13.631910049	69.108421	32.524757	1004.089439	4.734114	26.677360	532.967462	63.664417	33.491218	1003.758182	21.197280	11.896713	
9/14/2019 13:10:14.631910049	69.042711	32.313431	1003.120513	3.437033	26.402610	529.440177	63.404496	33.444843	1003.390739	20.371978	11.901825	
9/14/2019 13:10:15.631910049	69.174130	32.573070	1004.409418	3.720955	26.324564	534.252086	63.766688	33.722821	1003.686432	24.847463	11.891956	
9/14/2019 13:10:16.631910049	68.911292	32.197524	1002.667433	4.287790	26.277419	527.963024	63.396611	33.622799	1003.371970	19.607459	11.877631	
9/14/2019 13:10:17.631910049	69.279265	32.719818	1004.125159	4.538684	26.518371	532.872839	63.631272	33.495049	1003.370234	25.958607	11.886002	
9/14/2019 13:10:18.631910049	68.832441	32.342144	1004.509323	3.982168	26.149942	528.538643	63.731677	33.520375	1003.102456	21.706868	11.898816	
9/14/2019 13:10:19.631910049	68.806157	32.464713	1004.343656	4.437688	26.402365	534.052337	63.964815	33.787134	1003.836719	24.211065	11.889288	
9/14/2019 13:10:20.631910049	69.226698	32.346635	1003.017533	3.730608	26.389344	529.573565	63.437903	33.510946	1003.506966	19.055164	11.897699	
9/14/2019 13:10:21.631910049	69.075566	32.258766	1002.342487	3.758986	26.375751	532.298546	63.531947	33.463617	1002.857700	17.028334	11.876001	
9/14/2019 13:10:22.631910049	69.213556	32.185408	1003.358408	4.267742	26.245213	528.432190	63.718878	33.614904	1003.240760	22.401429	11.907305	
9/14/2019 13:10:23.631910049	69.088708	32.232556	1001.553973	3.553411	26.559313	526.449074	63.459271	33.884479	1000.721140	21.909917	11.925625	
9/14/2019 13:10:24.631910049	68.865296	32.326702	1002.855020	4.108514	26.103164	529.130028	63.654534	33.515295	1003.028178	20.083515	11.905216	
9/14/2019 13:10:25.631910049	68.911292	32.397108	1005.278519	3.795452	26.157371	529.931025	63.835000	33.533868	1002.881828	19.898543	11.884097	
9/14/2019 13:10:26.631910049	68.786444	32.341438	1004.567752	3.454669	26.180842	530.609803	63.675246	33.620101	1003.069654	19.467815	11.860862	
9/14/2019 13:10:27.631910049	69.305549	32.399504	1002.839723	3.307998	26.383098	531.485056	63.524376	33.408638	1003.345005	18.790021	11.899815	
9/14/2019 13:10:28.631910049	69.022999	32.228931	1003.116492	4.251753	26.242967	529.210189	63.517096	33.618957	1003.345476	20.532320	11.904204	
9/14/2019 13:10:29.631910049	69.423826	32.283297	1003.994739	3.850193	26.389670	531.914794	63.589824	33.557014	1003.640540	19.792432	11.892994	
9/14/2019 13:10:30.631910049	68.615600	32.554143	1005.685865	3.285150	26.026465	530.178749	63.698823	33.512490	1003.465961	19.447117	11.876645	
9/14/2019 13:10:31.631910049	69.298978	32.321505	1003.059956	3.464157	26.114593	529.162878	64.109009	32.962768	1004.043785	18.522256	11.844185	
9/14/2019 13:10:32.631910049	69.726090	31.940772	1003.162147	5.971313	25.785063	535.130623	63.315262	33.874626	1003.008465	18.257113	11.885884	
9/14/2019 13:10:33.631910049	69.765515	32.018204	1003.950031	5.564523	25.637462	536.747079	63.368934	33.782383	1001.992385	26.806957	11.861125	
9/14/2019 13:10:34.631910049	69.128134	32.269909	1003.731297	4.002800	26.127042	531.300410	63.766583	33.578593	1003.017453	20.863489	11.903889	
9/14/2019 13:10:35.631910049	69.535532	32.245495	1002.476613	3.970483	26.300440	533.172474	63.653036	33.632864	1003.395784	19.712260	11.902219	
9/14/2019 13:10:36.631910049	69.121563	32.500077	1002.528024	3.586376	26.176025	534.445931	63.693408	33.477417	1002.855492	18.545576	11.898356	
9/14/2019 13:10:37.631910049	69.555245	32.261012	1003.488828	4.080525	26.286562	533.819054	63.679557	33.651956	1003.369133	20.224470	11.895727	
9/14/2019 13:10:38.631910049	69.377830	32.434461	1002.790520	3.331246	26.383915	535.697695	63.665678	33.420047	1003.141567	17.703507	11.904086	
9/14/2019 13:10:39.631910049	69.325262	32.249270	1003.578009	4.214830	26.191944	534.210027	63.646755	33.561469	1003.056722	20.841481	11.906386	
9/14/2019 13:10:40.631910049	69.417255	32.461045	1003.412894	3.414541	26.229212	537.157103	63.775571	33.398256	1002.694953	18.113537	11.902693	
9/14/2019 13:10:41.631910049	69.417255	32.159797	1003.490484	4.333876	26.280643	535.218668	63.493073	33.632239	1003.441990	21.149331	11.899499	
9/14/2019 13:10:42.631910049	69.423826	32.495254	1005.117347	3.696075	26.157901	536.636027	63.857919	33.519232	1002.785472	20.289185	11.898277	
9/14/2019 13:10:43.631910049	69.200414	32.275330	1004.309830	4.075039	26.161902	534.613483	63.826326	33.548812	1002.966988	20.042119	11.902522	
9/14/2019 13:10:44.631910049	69.318691	32.406604	1003.217264	3.746653	26.151697	536.174744	63.771445	33.482085	1002.879306	19.101803	11.901102	
9/14/2019 13:10:45.631910049	69.634097	32.442759	1002.352264	3.138916	26.380853	538.257082	63.698533	33.399388	1003.115546	17.152522	11.881626	
9/14/2019 13:10:46.631910049	69.502678	32.285650	1003.048995	4.037002	26.324931	536.167524	63.514361	33.651225	1002.834528	21.612552	11.892600	
9/14/2019 13:10:47.631910049	69.476394	32.380469	1004.598662	3.963762	26.124961	537.085479	63.881653	33.482508	1003.141567	20.637121	11.904835	
9/14/2019 13:10:48.631910049	69.397542	32.413673	1003.476528	3.717851	26.138676	535.313943	63.725763	33.634938	1003.846342	20.369357	11.878433	
9/14/2019 13:10:49.631910049	69.456681	32.337545	1004.056085	4.079625	26.121287	537.334518	63.725816	33.507929	1002.958000	20.595725	11.907319	
9/14/2019 13:10:50.631910049	69.417255	32.485683	1004.313851	3.141542	26.360485	539.832795	63.795521	33.441826	1002.737372	18.258424	11.879103	
9/14/2019 13:10:51.631910049	69.732661	32.314404	1003.951055	3.807603	26.322156	539.543012	63.528792	33.580255	1003.393104	19.013768	11.892705	
9/14/2019 13:10:52.631910049	69.390972	32.422570	1003.452005	3.627474	26.135533	539.813081	63.584856	33.493398	1002.877255	18.649066	11.903547	
9/14/2019 13:10:53.631910049	69.436968	32.352762	1003.911315	3.679567	26.162962	538.888559	63.724188	33.563616	1002.604119	20.139057	11.894623	
9/14/2019 13:10:54.631910049	69.614384	32.228706	1003.399647	4.310067	26.246641	538.968709	63.360550	33.647596	1003.058929	22.790761	11.891588	
9/14/2019 13:10:55.631910049	69.745803	32.377817	1002.899808	3.510549	26.384037	540.200107	63.476909	33.448484	1003.323241	18.398068	11.895228	
9/14/2019 13:10:56.631910049	69.956073	32.472936	1004.035111	3.582323	26.466369	541.035280	63.304880	33.398150	1003.465175	18.977614	11.873741	
9/14/2019 13:10:57.631910049	69.647238	32.441080	1003.161595	3.396427	26.355913	540.797408	63.109802	33.415073	1003.007679	18.726616	11.896923	
9/14/2019 13:10:58.631910049	69.726090	32.472562	1004.248798	3.458836	26.250193	541.306001	63.416824	33.420047	1002.793202	19.159965	11.895714	
9/14/2019 13:10:59.631910049	69.423826	32.495254	1003.591808	3.663699	26.156963	539.731604	63.349169	33.420353	1002.440893	18.955605	11.895189	
9/14/2019 13:11:00.631910049	69.640668	32.416624	1002.862828	3.947152	26.131002	538.366156	63.324778	33.571322	1003.008779	21.089858	11.897252	
9/14/2019 13:11:01.631910049	69.791799	32.067298	1002.810390	4.143690	26.128920	539.786799	63.449731	33.485207	1002.886087	18.239036	11.869890	
9/14/2019 13:11:02.631910049	69.864080	32.226760	1002.844613	4.292030	26.270398	537.563843	63.219643	33.654844	1003.581402	22.428680	11.886542	
9/14/2019 13:11:03.631910049	69.450110	32.416400	1003.679491	3.739120	26.093245	540.697533	63.196276	33.465903	1002.723654	19.489824	11.901510	
9/14/2019 13:11:04.631910049	69.896934	32.186681	1003.372207	4.250754	26.240967	539.138240	63.364703	33.651638	1003.336802	22.053493	11.902706	
9/14/2019 13:11:05.631910049	69.831225	32.336166	1003.849336	3.652369	26.379139	542.871199	63.117582	33.485419	1003.607423	21.538663	11.888670	
9/14/2019 13:11:06.631910049	69.272694	32.272154	1006.264950	2.317636	26.093081	548.403291	62.727846	33.718884	1003.800451	18.914209	11.871389	
9/14/2019 13:11:07.631910049	69.620955	32.421297	1003.520527	3.677532	26.149125	543.385708	63.496175	33.455108	1002.651583	20.476779	11.903481	
9/14/2019 13:11:08.631910049	69.844367	32.443807	1002.374894	3.339881	26.356730	544.481087	63.285667	33.401261	1003.137309	19.573927	11.898711	
9/14/2019 13:11:09.631910049	69.883793	32.214912	1002.619728	4.239702	26.270112	543.440240	63.233442	33.622281	1003.384273	22.197069	11.890274	
9/14/2019 13:11:10.631910049	69.824654	32.355756	1002.683124	3.617321	26.352158	545.841916	63.205739	33.459469	1003.128478	18.762770	11.888683	
9/14/2019 13:11:11.631910049	69.804941	32.422121	1004.312195	3.711244	26.121614	545.042244	63.406442	33.491737	1002.986387	22.220389	11.903534	
9/14/2019 13:11:12.631910049	69.929789	32.351607	1002.117681	3.511005	26.420488	545.372760	63.347356	33.499632	1003.393104	21.336924	11.891312	
9/14/2019 13:11:13.631910049	70.140059	32.333920	1002.103882	3.505465	26.389589	545.040929	63.252365	33.485313	1003.406194	21.171339	11.894584	
9/14/2019 13:11:14.631910049	69.699806	32.423543	1004.780178	3.883330	26.138104	544.170275	63.409097	33.543933	1003.059087	22.300560	11.897712	
9/14/2019 13:11:15.631910049	70.442323	33.277594	1005.131697	5.358350	26.603519	549.415858	63.813708	33.638640	1003.384267	31.375719	11.884885	
9/14/2019 13:11:16.631910049	69.456681	32.726138	1000.583233	5.465780	25.918785	545.843241	63.239618	33.555977	1003.679494	27.612871	11.874792	
9/14/2019 13:11:17.631910049	70.186056	32.377336	1003.397597	4.436092	26.802796	553.659399	64.065325	33.836737	1004.971861	25.720714	11.866434	
9/14/2019 13:11:18.631910049	70.008641	32.213639	1001.455723	4.176924	26.303583	543.618970	63.387333	33.628091	1003.297377	22.830847	11.890839	
9/14/2019 13:11:19.631910049	70.619739	32.863732	1005.603544	4.257081	26.502206	547.116025	63.519461	33.623825	1004.205589	33.869431	11.877513	
9/14/2019 13:11:20.631910049	69.666951	32.419918	1002.736586	3.928714	26.445143	543.071612	63.295707	33.612523	1003.566261	24.742662	11.880062	
9/14/2019 13:11:21.631910049	70.080921	32.318671	1002.627218	5.559130	26.767243	549.929071	63.573185	33.914226	1004.672703	25.693463	11.833816	
9/14/2019 13:11:22.631910049	69.719519	32.517689	1004.031168	3.635936	26.179168	545.311660	63.746080	33.409062	1002.842239	18.580419	11.884386	
9/14/2019 13:11:23.631910049	70.435752	32.493692	1003.814484	4.921130	26.365669	547.014182	63.768106	34.029637	1004.885607	36.315465	11.887987	
9/14/2019 13:11:24.631910049	69.982357	32.289649	1004.243121	4.245774	26.203210	543.552608	63.615109	33.589271	1002.850919	22.895562	11.894321	
9/14/2019 13:11:25.631910049	70.232053	32.619801	1005.470994	5.266771	26.658910	549.591304	63.474883	33.761713	1002.278769	37.795242	11.820490	
9/14/2019 13:11:26.631910049	70.264907	32.368172	1003.125481	3.301363	26.405753	547.330247	63.606277	33.417972	1003.353521	19.549297	11.900800	
9/14/2019 13:11:27.631910049	70.245195	32.332990	1005.193359	4.827129	26.462286	551.301077	63.997617	34.057746	1004.661349	30.394006	11.877684	
9/14/2019 13:11:28.631910049	70.172914	32.380245	1002.183443	3.018894	26.307176	548.686496	63.440006	33.429793	1002.807392	21.768963	11.876159	
9/14/2019 13:11:29.631910049	70.560600	32.592020	1003.990638	5.298138	26.440571	549.775950	63.643153	33.770846	1004.138091	31.534751	11.888407	
9/14/2019 13:11:30.631910049	70.008641	32.257386	1004.163718	4.090578	26.275133	547.524744	63.431831	33.615846	1003.218054	21.785729	11.878222	
9/14/2019 13:11:31.631910049	70.080921	32.334487	1004.160169	5.188322	26.661563	552.744055	63.682369	33.746781	1003.368812	31.691432	11.828218	
9/14/2019 13:11:32.631910049	69.982357	32.489682	1003.727590	3.426988	26.214844	550.761603	63.522668	33.427613	1002.892553	20.374599	11.902495	
9/14/2019 13:11:33.631910049	70.133488	32.458393	1005.770945	3.883247	26.396119	552.889926	63.500300	33.731330	1004.492451	29.562151	11.862584	
9/14/2019 13:11:34.631910049	69.732661	32.459099	1003.930081	3.605037	26.141737	550.404142	63.542723	33.461543	1002.826791	19.408342	11.899065	
9/14/2019 13:11:35.631910049	70.383184	32.485501	1002.965885	4.448130	26.671605	555.239701	63.703658	33.498584	1003.521156	22.984907	11.870456	
9/14/2019 13:11:36.631910049	69.870651	32.328723	1004.117826	3.882422	26.146105	548.728545	63.428100	33.519137	1003.392469	19.936008	11.885819	
9/14/2019 13:11:37.631910049	70.659164	32.461761	1002.880962	3.936515	26.560047	554.559608	63.893481	33.778129	1004.415492	27.744923	11.884333	
9/14/2019 13:11:38.631910049	69.910076	32.288045	1004.538577	3.913295	26.167535	548.503156	63.359051	33.570296	1003.277349	20.964359	11.869706	
9/14/2019 13:11:39.631910049	70.297762	32.626977	1004.947107	5.453604	26.345994	551.816881	63.614899	33.715315	1003.770642	29.574986	11.896174	
9/14/2019 13:11:40.631910049	70.054637	32.422046	1003.581873	3.706917	26.132961	550.716260	63.684919	33.460506	1002.822532	21.789661	11.904007	
9/14/2019 13:11:41.631910049	70.159772	32.607130	1004.317634	4.381120	26.526209	557.530345	64.117708	33.697389	1003.619877	26.808538	11.886791	
9/14/2019 13:11:42.631910049	70.159772	32.696111	1002.754643	2.977842	26.300400	553.982684	63.528740	33.346684	1002.525104	19.717503	11.883505	
9/14/2019 13:11:43.631910049	71.086276	32.261985	1006.439606	4.804669	26.409957	550.300963	63.994805	33.814640	1004.109704	27.696974	11.855316	
9/14/2019 13:11:44.631910049	70.061208	32.337171	1003.995448	3.897414	26.090142	551.981160	63.728209	33.474423	1003.046154	24.295168	11.883966	
9/14/2019 13:11:45.631910049	70.356901	32.419693	1003.584633	5.239218	26.718995	557.709065	63.604831	33.620089	1003.972343	22.878795	11.891614	
9/14/2019 13:11:46.631910049	70.192627	32.511369	1003.605607	3.389232	26.217905	554.948613	63.409411	33.348451	1002.881199	19.060406	11.900997	
9/14/2019 13:11:47.631910049	70.376614	32.412817	1002.235406	4.605980	26.368281	554.537263	63.823908	33.954106	1004.516736	32.481620	11.876343	
9/14/2019 13:11:48.631910049	70.304333	32.501873	1004.342395	3.504097	26.192189	554.293486	63.575026	33.382688	1002.665144	21.603378	11.885871	
9/14/2019 13:11:49.631910049	70.278049	32.455099	1004.990790	5.060202	26.373383	558.789982	63.462688	33.394721	1004.100559	31.411873	11.862492	
9/14/2019 13:11:50.631910049	70.442323	32.316019	1001.469130	3.657275	26.360035	553.121893	63.177744	33.416640	1003.901851	22.726046	11.867223	
9/14/2019 13:11:51.631910049	70.146630	32.362974	1002.945305	4.899054	26.434489	556.912667	64.028607	33.841510	1004.188870	29.271339	11.881547	
9/14/2019 13:11:52.631910049	70.179485	32.301989	1003.608919	4.036307	26.170678	553.665957	63.685471	33.443404	1003.146612	21.382252	11.889288	
9/14/2019 13:11:53.631910049	70.705161	32.503969	1004.497338	5.080545	26.392690	555.989440	63.349169	33.673842	1004.517051	32.043029	11.884833	
9/14/2019 13:11:54.631910049	70.225482	32.233390	1003.019269	4.095092	26.211251	553.370269	63.541592	33.477758	1003.280029	23.918671	11.879129	
9/14/2019 13:11:55.631910049	70.442323	32.672895	1005.338366	4.751166	26.568170	561.821829	63.746028	33.581788	1003.313775	24.465995	11.893138	
9/14/2019 13:11:56.631910049	70.048066	32.274175	1002.703941	3.870419	26.110919	556.217450	63.605069	33.375545	1002.535042	21.207493	11.891141	
9/14/2019 13:11:57.631910049	70.652593	32.399504	1004.402794	4.636067	26.281541	558.053379	63.867802	33.844008	1004.612935	33.217577	11.888210	
9/14/2019 13:11:58.631910049	70.192627	32.495927	1003.234375	3.355570	26.292726	559.477969	63.333767	33.267204	1002.958315	19.492445	11.900603	
9/14/2019 13:11:59.631910049	70.560600	32.711328	1004.412967	5.019878	26.350607	559.251265	63.752547	33.592689	1004.092357	23.429780	11.861059	
9/14/2019 13:12:00.631910049	70.363472	32.448854	1002.857228	3.324880	26.354444	559.800601	63.394666	33.296679	1003.084794	19.244068	11.900511	
9/14/2019 13:12:01.631910049	70.527745	32.251516	1002.103882	4.362016	26.358076	562.662906	63.878236	33.702279	1003.864948	34.064888	11.853108	
9/14/2019 13:12:02.631910049	70.455465	32.382116	1003.035196	3.352050	26.406569	559.441825	63.475568	33.376677	1003.355729	19.449738	11.898921	
9/14/2019 13:12:03.631910049	71.408252	32.156247	1005.680031	6.372570	25.989279	564.179477	63.190020	33.866011	1004.070593	29.541453	11.875463	
9/14/2019 13:12:04.631910049	70.192627	32.343566	1003.861322	3.837512	26.144676	558.934547	63.396349	33.394932	1002.871418	18.989138	11.881101	
9/14/2019 13:12:05.631910049	70.501462	32.513208	1003.719468	4.492594	26.724302	565.818278	63.839572	33.469226	1003.517055	20.787250	11.891916	
9/14/2019 13:12:06.631910049	70.297762	32.548497	1004.542835	3.514861	26.193291	561.748889	63.444921	33.325105	1002.936237	18.771944	11.896844	
9/14/2019 13:12:07.631910049	70.803725	32.583240	1003.544970	3.852635	26.499636	563.461272	63.723503	33.556390	1004.592279	27.226161	11.881232	
9/14/2019 13:12:08.631910049	70.540887	32.324275	1002.041195	3.902675	26.351627	560.323646	63.457116	33.420153	1003.576986	21.397708	11.887343	
9/14/2019 13:12:09.631910049	70.245195	32.506771	1004.101820	2.426282	26.458776	564.144659	63.225425	33.222067	1002.862430	17.973893	11.867946	
9/14/2019 13:12:10.631910049	71.224266	32.724534	1005.188154	5.551685	26.473062	561.677254	63.845958	33.930346	1006.453482	44.962246	11.858733	
9/14/2019 13:12:11.631910049	70.586884	32.273502	1003.726644	4.104986	26.316809	560.577938	63.499696	33.499431	1003.729959	21.803806	11.881048	
9/14/2019 13:12:12.631910049	69.778657	33.211005	1007.471929	3.147556	26.981664	572.205246	63.587036	34.002025	1002.715288	29.282863	11.863293	
9/14/2019 13:12:13.631910049	70.573742	32.256488	1002.614445	4.276720	26.231293	559.544984	63.664469	33.529625	1003.380958	21.373078	11.885740	
9/14/2019 13:12:14.631910049	70.876005	32.679332	1003.961699	3.709720	26.467184	565.929983	64.047425	33.832907	1004.821103	27.373668	11.883059	
9/14/2019 13:12:15.631910049	70.435752	32.335193	1003.874254	4.100755	26.174106	559.765110	63.938374	33.470793	1003.067918	21.106624	11.899788	
9/14/2019 13:12:16.631910049	71.013995	32.819610	1003.205279	5.952731	26.743731	565.685533	63.886987	33.678804	1004.449395	28.398088	11.870508	
9/14/2019 13:12:17.631910049	70.317475	32.490581	1004.154649	3.668007	26.138023	561.484735	63.629959	33.373872	1002.831206	19.961948	11.900038	
9/14/2019 13:12:18.631910049	70.646022	32.365295	1002.931664	4.788712	26.696055	568.484118	64.295913	33.815370	1004.596374	26.994821	11.883900	
9/14/2019 13:12:19.631910049	70.389755	32.259290	1003.912970	4.105341	26.188515	560.832892	63.917767	33.497346	1003.286495	20.412063	11.904598	
9/14/2019 13:12:20.631910049	71.066563	32.768613	1004.205666	4.152593	26.516289	566.261152	63.763638	33.449828	1004.181775	31.446716	11.890392	
9/14/2019 13:12:21.631910049	70.547458	32.383795	1003.217894	3.201874	26.376485	563.567073	63.749287	33.333803	1003.157343	20.139328	11.867906	
9/14/2019 13:12:22.631910049	70.481749	32.671141	1004.819209	5.379830	26.599887	568.783089	64.280088	33.626513	1003.010673	22.891901	11.882047	
9/14/2019 13:12:23.631910049	70.652593	32.391847	1002.930483	3.442757	26.397017	563.463251	63.560386	33.384963	1003.244554	18.884608	11.860060	
9/14/2019 13:12:24.631910049	70.823438	32.638130	1002.621856	3.512613	26.314931	568.598444	64.480161	33.603389	1004.039055	24.006705	11.901707	
9/14/2019 13:12:25.631910049	70.501462	32.357328	1002.356995	3.656610	26.352811	564.965360	63.608248	33.455342	1003.417862	19.105463	11.901234	
9/14/2019 13:12:26.631910049	71.105989	32.782333	1004.130049	4.893898	26.668053	568.748914	63.871480	33.344504	1003.566576	24.764671	11.891667	
9/14/2019 13:12:27.631910049	70.613168	32.277651	1002.810075	3.937861	26.322197	564.500794	63.589034	33.572370	1003.245654	21.891841	11.885845	
9/14/2019 13:12:28.631910049	70.521174	32.321997	1003.594173	4.894226	26.499105	569.757564	63.857420	33.880319	1004.460277	26.948183	11.884977	
9/14/2019 13:12:29.631910049	70.856293	32.425564	1002.635419	3.425740	26.378037	565.958233	63.559229	33.377513	1003.353679	18.665832	11.896503	
9/14/2019 13:12:30.631910049	70.941715	32.845596	1005.106780	4.594490	26.288970	566.869620	63.891193	33.622989	1003.814326	33.051992	11.891246	
9/14/2019 13:12:31.631910049	70.494891	32.141180	1002.154427	4.495794	26.410570	566.677754	63.383180	33.460104	1003.434738	21.189416	11.866947	
9/14/2019 13:12:32.631910049	70.685448	32.306480	1002.752278	5.504589	26.553231	571.376641	63.953644	33.708290	1003.961462	25.671455	11.864739	
9/14/2019 13:12:33.631910049	70.744587	32.278699	1001.408176	4.091421	26.264969	565.960202	63.529844	33.540314	1003.557116	21.537352	11.883689	
9/14/2019 13:12:34.631910049	71.027137	32.497392	1003.176497	3.827331	26.496656	569.369212	64.004740	33.679038	1004.522731	29.828605	11.887934	
9/14/2019 13:12:35.631910049	70.475178	32.319976	1003.018400	3.959090	26.290971	566.607445	63.659869	33.533478	1003.375121	20.184114	11.893769	
9/14/2019 13:12:36.631910049	71.007424	32.630570	1005.125546	4.490610	26.631603	570.942956	63.438874	33.698426	1001.945701	36.049011	11.854790	
9/14/2019 13:12:37.631910049	70.494891	32.215585	1001.401395	3.795069	26.263214	567.300021	63.869220	33.463734	1003.202599	20.514243	11.873439	
9/14/2019 13:12:38.631910049	70.895718	32.509433	1003.732873	3.953243	26.592294	572.397112	64.166412	33.618439	1003.754716	26.023322	11.875410	
9/14/2019 13:12:39.631910049	70.711732	32.351532	1002.016909	3.520292	26.388446	568.245583	63.641050	33.370973	1003.458709	18.646445	11.893927	
9/14/2019 13:12:40.631910049	71.322830	32.625073	1003.250224	4.553009	26.529270	570.992236	63.933379	33.541128	1004.122794	30.013577	11.889840	
9/14/2019 13:12:41.631910049	70.672306	32.293990	1002.294939	4.116708	26.249907	567.955800	63.742374	33.592711	1003.193925	21.149331	11.899867	
9/14/2019 13:12:42.631910049	70.593455	32.629490	1003.996552	4.829761	26.537516	575.591911	64.326874	33.555860	1003.331280	22.718453	11.884872	
9/14/2019 13:12:43.631910049	70.586884	32.294739	1004.931967	4.086033	26.088305	567.317756	63.929410	33.363406	1004.079902	10.520776	11.904519	
9/14/2019 13:12:44.631910049	70.895718	32.522554	1003.319060	4.111855	26.176514	570.482327	64.117708	33.898385	1004.658513	30.076982	11.866999	
9/14/2019 13:12:45.631910049	70.738016	32.507594	1002.907141	3.443676	26.300073	572.196699	64.032285	33.365882	1002.822218	19.634710	11.890733	
9/14/2019 13:12:46.631910049	70.823438	32.565435	1005.062781	5.666009	26.438489	572.899127	64.217033	33.681609	1003.552065	27.166688	11.892915	
9/14/2019 13:12:47.631910049	70.567171	32.554143	1004.588017	3.469094	26.226722	573.549002	63.854527	33.314828	1003.172476	19.286775	11.875804	
9/14/2019 13:12:48.631910049	70.810296	32.524426	1002.878045	3.756382	26.590049	576.197748	64.522584	33.540621	1004.181461	25.816341	11.889630	
9/14/2019 13:12:49.631910049	70.856293	32.316800	1003.959257	3.873021	26.358607	572.721713	64.011468	33.332588	1003.462496	16.265126	11.890865	
9/14/2019 13:12:50.631910049	71.178269	32.900710	1003.034092	4.442143	26.330279	574.574062	64.101673	33.498584	1003.273563	30.981145	11.891693	
9/14/2019 13:12:51.631910049	70.711732	32.383014	1002.325533	3.620344	26.363913	572.397765	63.906885	33.441118	1003.279400	20.408132	11.892876	
9/14/2019 13:12:52.631910049	70.186056	33.142245	1001.854790	5.744367	26.258560	578.374708	64.232226	33.753109	1004.556948	29.244088	11.857774	
9/14/2019 13:12:53.631910049	70.606597	32.492452	1003.301635	3.285766	26.296359	573.617995	63.801460	33.326142	1003.027234	17.947952	11.892087	
9/14/2019 13:12:54.631910049	70.974570	32.688262	1003.360694	4.271575	26.192026	573.429403	64.478743	33.731012	1004.470530	31.902074	11.879944	
9/14/2019 13:12:55.631910049	70.646022	32.554667	1003.377332	3.299403	26.255867	574.294804	63.880364	33.315559	1002.962258	18.464094	11.898448	
9/14/2019 13:12:56.631910049	70.876005	32.700527	1004.840183	4.577590	26.599111	574.788273	64.473038	33.146195	1004.933385	11.479440	11.858023	
9/14/2019 13:12:57.631910049	70.803725	32.203470	1002.809366	4.175027	26.283460	571.817547	63.862544	33.527445	1003.264574	22.687271	11.898842	
9/14/2019 13:12:58.631910049	70.889147	32.577145	1002.717977	3.363128	26.397711	579.144824	64.124830	33.720005	1004.659456	23.482971	11.859246	
9/14/2019 13:12:59.631910049	70.698590	32.248971	1003.245651	4.258199	26.194761	571.749869	63.948466	33.558252	1003.216318	21.397708	11.902246	
9/14/2019 13:13:00.631910049	70.935144	32.887696	1005.704079	4.900157	26.297746	574.548433	64.025976	33.623507	1003.742098	32.049582	11.885319	
9/14/2019 13:13:01.631910049	70.685448	32.543749	1003.243286	3.619103	26.165290	574.550411	63.926993	33.323031	1002.681863	18.346458	11.878617	
9/14/2019 13:13:02.631910049	70.777441	32.367273	1002.482684	5.621815	26.676748	577.170908	64.145647	33.701643	1004.075323	24.218928	11.873951	
9/14/2019 13:13:03.631910049	71.289975	33.076812	1005.027219	6.200817	26.696830	577.515864	63.721767	33.646123	1004.224509	30.509021	11.894006	
9/14/2019 13:13:04.631910049	70.935144	32.388810	1003.639119	3.325871	26.381466	574.664747	63.712621	33.333920	1002.752984	19.266077	11.877868	
9/14/2019 13:13:05.631910049	70.908860	32.626838	1003.307627	4.683199	26.631439	582.290996	64.663833	33.890701	1003.976759	29.358063	11.864910	
9/14/2019 13:13:06.631910049	70.600026	32.560987	1003.776399	3.685370	26.137696	576.245059	63.864305	33.380413	1002.828527	18.359293	11.895622	
9/14/2019 13:13:07.631910049	71.460820	32.899587	1004.279155	4.455341	26.331584	577.636779	64.124883	33.559501	1003.999630	36.077302	11.882638	
9/14/2019 13:13:08.631910049	70.784012	32.304834	1003.489538	4.200026	26.310890	576.770072	63.565458	33.523815	1003.239817	19.610081	11.886712	
9/14/2019 13:13:09.631910049	70.889147	32.708045	1004.426214	5.118408	26.700178	583.941617	64.260165	33.538006	1003.318190	21.589233	11.892823	
9/14/2019 13:13:10.631910049	71.007424	32.359798	1001.501772	3.283428	26.392527	580.436006	63.717641	33.114585	1004.075015	6.315676	11.905203	
9/14/2019 13:13:11.631910049	71.112560	32.723603	1003.787753	3.862328	26.331095	582.669476	64.189936	33.837479	1003.999630	31.843911	11.879445	
9/14/2019 13:13:12.631910049	70.639451	32.541172	1003.099696	3.449763	26.299583	582.119487	63.834552	33.270327	1002.907378	16.265126	11.895294	
9/14/2019 13:13:13.631910049	71.105989	32.825855	1005.994015	5.649358	26.426284	581.091785	64.062248	33.615930	1003.687532	29.341025	11.878656	
9/14/2019 13:13:14.631910049	70.810296	32.293841	1002.491358	4.054395	26.285419	580.642333	63.693356	33.553596	1002.973140	19.321618	11.898093	
9/14/2019 13:13:15.631910049	70.856293	32.460788	1005.506241	4.397998	26.395834	586.522686	64.532020	33.767841	1003.495291	24.566864	11.871704	
9/14/2019 13:13:16.631910049	70.915431	31.919759	1005.714961	2.310765	26.662993	578.303073	63.917872	33.280592	1003.110658	23.572046	11.872125	
9/14/2019 13:13:17.631910049	71.487103	32.784653	1003.082191	4.275296	26.345993	584.455453	63.946468	33.471407	1003.682645	32.348258	11.883519	
9/14/2019 13:13:18.631910049	70.810296	32.233155	1002.711354	4.291132	26.237539	581.334257	63.559229	33.552029	1003.244862	21.724945	11.894308	
9/14/2019 13:13:19.631910049	70.816867	33.398292	1002.104434	3.228116	27.157185	583.362704	64.342119	33.566443	1003.529830	17.446227	11.883322	
9/14/2019 13:13:20.631910049	70.738016	32.272154	1004.074379	4.132515	26.178066	581.796191	63.777017	33.452220	1003.205593	19.795053	11.892836	
9/14/2019 13:13:21.631910049	71.243978	32.462136	1003.458154	4.555380	26.456286	585.514698	63.659055	33.789950	1004.822367	26.777356	11.884439	
9/14/2019 13:13:22.631910049	70.738016	32.480561	1003.360536	1.271170	26.900762	579.798625	63.664207	33.413506	1002.422124	20.743233	11.867380	
9/14/2019 13:13:23.631910049	71.132272	32.707852	1004.594641	5.382424	26.466899	584.683462	63.623992	33.621539	1003.858482	24.928945	11.889656	
9/14/2019 13:13:24.631910049	70.876005	32.521731	1001.727525	3.467285	26.402610	584.289216	63.305380	33.474317	1003.841298	20.002033	11.872033	
9/14/2019 13:13:25.631910049	71.066563	32.327236	1001.356293	4.391525	26.857330	588.937507	63.587616	33.721053	1003.852016	17.466925	11.870929	
9/14/2019 13:13:26.631910049	70.902289	32.538509	1003.444275	3.472537	26.143493	584.354915	63.326039	33.204140	1002.748405	15.166817	11.883729	
9/14/2019 13:13:27.631910049	71.066563	32.578375	1004.514605	4.856742	26.276684	582.298869	63.661000	33.655787	1004.354146	32.105123	11.886226	
9/14/2019 13:13:28.631910049	70.987712	32.494847	1002.433481	3.433477	26.339218	584.508026	63.235202	33.277386	1002.915895	17.863850	11.896766	
9/14/2019 13:13:29.631910049	71.007424	32.578075	1002.835860	5.124694	26.786673	587.953180	63.382970	33.492762	1003.659775	19.496377	11.887028	
9/14/2019 13:13:30.631910049	71.066563	32.292568	1002.486391	3.997721	26.177494	581.637175	63.308824	33.521222	1003.249120	20.615112	11.877118	
9/14/2019 13:13:31.631910049	70.724874	32.448074	1003.590704	4.785037	26.305624	585.143439	63.747369	33.802713	1004.958621	29.157364	11.866408	
9/14/2019 13:13:32.631910049	71.322830	31.630552	1004.560103	6.506121	25.624891	583.900211	63.618763	33.061870	1005.174519	11.180493	11.888276	
9/14/2019 13:13:33.631910049	71.066563	32.799271	1004.909100	4.897523	26.372771	585.342526	63.518305	33.506373	1003.033065	24.255082	11.858181	
9/14/2019 13:13:34.631910049	70.928573	32.358451	1001.412986	3.597273	26.415100	586.434631	63.242482	33.386530	1002.759136	32.168528	11.808557	
9/14/2019 13:13:35.631910049	70.941715	32.527751	1004.182327	4.423085	26.397466	589.053812	63.985317	33.610036	1003.907053	25.352080	11.838350	
9/14/2019 13:13:36.631910049	70.567171	32.455099	1001.668306	4.539395	25.921602	590.900256	62.667813	33.565618	1004.362663	-0.837183	11.859272	
9/14/2019 13:13:37.631910049	71.329401	32.486881	1005.515310	5.249430	26.414569	582.288344	64.095577	33.228607	1005.591482	37.395426	11.776977	
9/14/2019 13:13:38.631910049	70.744587	32.509947	1003.856354	3.427571	26.202312	586.955055	63.138898	33.562094	1000.975513	33.273118	11.853292	
9/14/2019 13:13:39.631910049	71.171698	32.404401	1003.997341	5.921875	26.624949	589.740473	63.599155	33.690954	1003.798079	23.760949	11.876922	
9/14/2019 13:13:40.631910049	70.967999	32.378641	1002.772857	3.425316	26.371220	587.483352	63.100577	33.263067	1003.138731	18.396757	11.893454	
9/14/2019 13:13:41.631910049	71.480533	32.456714	1002.916524	3.885823	26.500574	588.322461	63.195120	33.633076	1004.581397	27.963428	11.885175	
9/14/2019 13:13:42.631910049	70.967999	32.378491	1002.907141	3.567979	26.371751	585.672399	63.060232	33.292954	1003.423227	19.532530	11.884439	
9/14/2019 13:13:43.631910049	71.171698	32.744157	1004.556004	5.237690	26.393302	586.479301	63.178666	33.563544	1003.263939	24.086876	11.843291	
9/14/2019 13:13:44.631910049	70.751157	32.590523	1003.516269	3.416224	26.183087	587.461017	62.809247	33.247805	1002.824583	17.663422	11.898185	
9/14/2019 13:13:45.631910049	71.217695	32.483074	1003.204489	4.005335	26.666748	592.555476	63.247977	33.433953	1003.917306	22.449378	11.887658	
9/14/2019 13:13:46.631910049	70.876005	32.560089	1003.524390	3.457025	26.177454	587.206063	62.909257	33.226946	1002.761029	17.848394	11.898658	
9/14/2019 13:13:47.631910049	71.224266	32.567681	1003.185171	4.917497	26.412528	585.890547	62.838738	33.663883	1004.499231	27.448597	11.879944	
9/14/2019 13:13:48.631910049	70.757728	32.670649	1004.919272	3.359764	26.151697	587.871041	63.029480	33.330396	1002.628084	18.073451	11.879681	
9/14/2019 13:13:49.631910049	70.751157	32.588095	1006.412560	5.482489	26.361709	588.747599	63.155195	33.631816	1003.608838	22.962898	11.855080	
9/14/2019 13:13:50.631910049	70.744587	32.458500	1004.314640	3.413333	26.045119	589.622200	62.886680	33.285365	1002.313150	14.812600	11.865304	
9/14/2019 13:13:51.631910049	71.335972	32.475930	1002.983390	4.168041	26.498860	591.425269	63.135562	33.686817	1004.766223	26.444876	11.878499	
