
Time stamp	Inside_humidity (in %rH)	Inside_temperature (in °C)	Inside_pressure (in mbar)	Soil_moisture (in %VWC)	Soil_temperature (in °C)	Inside_CO2_ratio (in ppm)	Outside_humidity (in %rH)	Outside_temperature (in °C)	Outside_pressure (in mbar)	Outside_PAR (in µmol m^-2 s^-1)	Power_box_charge (in V)	
9/14/2019 12:00:08.858820149	64.482474	31.717919	1002.832785	-0.187059	26.652706	486.437893	63.983581	32.562505	1002.906114	12.040639	11.927951	
9/14/2019 12:00:09.858820149	64.370768	31.791800	1003.090628	0.128631	26.694994	488.530746	64.122780	32.582316	1002.607585	12.061337	11.916597	
9/14/2019 12:00:10.858820149	64.436477	31.655404	1002.762685	-0.093186	26.603437	487.325629	63.983581	32.482294	1002.772225	11.639512	11.942591	
9/14/2019 12:00:11.858820149	64.876731	31.746673	1004.162377	0.041698	26.682870	491.375306	63.952987	32.608986	1002.907221	19.569995	11.859364	
9/14/2019 12:00:12.858820149	64.594180	31.628970	1003.311413	0.092757	26.615071	490.421208	63.723950	32.495164	1002.289814	12.504900	11.929528	
9/14/2019 12:00:13.858820149	64.949011	31.573149	1004.624840	-0.009228	26.698422	493.011476	63.545483	32.642291	1002.839880	15.549867	11.899736	
9/14/2019 12:00:14.858820149	64.942440	31.645384	1002.190855	0.077884	26.642868	491.645375	63.336421	32.545275	1002.437264	11.300750	11.927005	
9/14/2019 12:00:15.858820149	64.705886	31.713320	1002.179659	0.011257	26.778264	496.342295	63.436589	32.616976	1003.097883	14.092099	11.912260	
9/14/2019 12:00:16.858820149	65.047575	31.696681	1003.846971	-0.177487	26.661808	494.241559	63.336369	32.571945	1002.951220	15.243328	11.937584	
9/14/2019 12:00:17.858820149	65.448403	31.729660	1002.161759	0.134880	26.659604	495.985487	63.296287	32.538322	1002.885929	14.416715	11.918358	
9/14/2019 12:00:18.858820149	65.231562	31.618051	1002.275621	0.026561	26.576252	495.049787	62.947185	32.516849	1002.878677	14.291216	11.937584	
9/14/2019 12:00:19.858820149	65.435261	31.818310	1002.434190	-0.127352	26.701525	498.827427	62.994889	32.640323	1003.441204	23.339125	11.906162	
9/14/2019 12:00:20.858820149	65.527255	31.671145	1002.799351	-0.075406	26.628133	497.366703	63.118976	32.562293	1002.756456	11.034296	11.938741	
9/14/2019 12:00:21.858820149	65.435261	31.788774	1001.799278	0.155313	26.649685	499.834752	63.247478	32.673109	1003.327657	12.577478	11.902009	
9/14/2019 12:00:22.858820149	65.750667	31.654581	1003.384745	-0.194412	26.611928	500.283551	62.964033	32.571638	1003.100248	18.905035	11.941185	
9/14/2019 12:00:23.858820149	65.862373	31.640112	1002.070370	0.200013	26.698382	501.351986	63.012237	32.616351	1002.969039	11.890510	11.935587	
9/14/2019 12:00:24.858820149	65.770380	31.681539	1004.197624	0.021372	26.610540	501.301391	62.959774	32.543825	1002.657735	12.504900	11.928175	
9/14/2019 12:00:25.858820149	65.987221	31.768916	1002.286423	0.103674	26.735812	504.663091	63.130619	32.651318	1003.049941	18.908967	11.907884	
9/14/2019 12:00:26.858820149	65.822947	31.701953	1003.274195	-0.237661	26.661237	503.141257	63.118319	32.604319	1003.093625	15.178612	11.937860	
9/14/2019 12:00:27.858820149	66.125211	31.739830	1003.141725	0.145680	26.654787	504.280001	63.228869	32.625898	1002.957843	14.309293	11.923154	
9/14/2019 12:00:28.858820149	66.131782	31.728238	1002.842878	-0.204753	26.656706	504.637462	62.919640	32.589375	1002.966674	12.389885	11.946626	
9/14/2019 12:00:29.858820149	66.033217	31.693505	1003.085346	0.042542	26.632949	506.102785	63.064805	32.643434	1002.942231	12.299229	11.930856	
9/14/2019 12:00:30.858820149	66.250059	31.649309	1002.967621	-0.109544	26.636582	506.117899	62.952100	32.608986	1003.128950	20.043430	11.930015	
9/14/2019 12:00:31.858820149	66.552322	31.491900	1003.190219	0.431453	26.450449	507.393977	63.095005	32.584602	1002.427804	12.155653	11.904598	
9/14/2019 12:00:32.858820149	66.322339	31.681614	1003.279005	-0.182430	26.645603	508.132549	63.085017	32.638767	1002.982286	18.537712	11.928897	
9/14/2019 12:00:33.858820149	66.440616	31.654356	1001.958954	-0.230345	26.606540	508.596463	63.166523	32.608467	1002.905170	17.532680	11.919238	
9/14/2019 12:00:34.858820149	66.598319	31.685988	1002.682258	-0.102140	26.589559	508.925010	63.158849	32.663775	1003.150398	18.722684	11.912404	
9/14/2019 12:00:35.858820149	66.473471	31.681090	1003.355411	-0.217380	26.668625	511.119706	62.909862	32.648101	1003.027863	16.676467	11.941579	
9/14/2019 12:00:36.858820149	66.650887	31.692757	1001.727288	-0.079465	26.651073	510.504007	63.098763	32.618426	1003.141725	11.342146	11.927163	
9/14/2019 12:00:37.858820149	66.539180	31.717619	1003.091575	-0.181628	26.661523	512.218370	63.096056	32.595291	1002.802662	15.918501	11.928214	
9/14/2019 12:00:38.858820149	66.769164	31.618800	1002.387589	-0.089121	26.587314	512.097465	63.213124	32.590518	1002.826162	17.365785	11.926874	
9/14/2019 12:00:39.858820149	66.683741	31.717395	1003.346580	-0.208852	26.652951	513.205981	63.148966	32.622998	1002.920939	14.742642	11.920684	
9/14/2019 12:00:40.858820149	66.795447	31.718667	1003.197551	-0.086906	26.663523	513.002284	63.029847	32.612203	1002.762922	11.827105	11.946245	
9/14/2019 12:00:41.858820149	67.143708	31.643887	1001.952803	-0.006369	26.584457	513.138303	63.191861	32.559806	1002.382069	16.060766	11.930632	
9/14/2019 12:00:42.858820149	66.841444	31.649533	1003.141330	-0.066744	26.604295	513.917618	63.143157	32.608467	1002.918574	19.158655	11.932906	
9/14/2019 12:00:43.858820149	67.084569	31.723565	1004.532033	-0.221655	26.629806	515.456534	63.228369	32.642809	1002.977713	18.915520	11.912483	
9/14/2019 12:00:44.858820149	67.077998	31.654506	1003.222784	-0.033587	26.589559	514.765926	63.047852	32.560737	1002.861644	17.025713	11.948347	
9/14/2019 12:00:45.858820149	67.452542	31.571053	1004.308646	-0.287148	26.575966	516.067634	63.145364	32.559700	1002.769546	13.899263	11.925481	
9/14/2019 12:00:46.858820149	67.045143	31.717245	1003.447195	-0.227105	26.668584	516.536799	63.082914	32.645614	1002.987966	16.470796	11.937505	
9/14/2019 12:00:47.858820149	67.314552	31.654506	1002.980473	-0.030494	26.588416	517.640062	63.211626	32.584708	1002.850448	16.385383	11.939004	
9/14/2019 12:00:48.858820149	67.215988	31.677689	1002.560512	0.033223	26.606825	517.241206	63.338577	32.568421	1002.929613	11.254112	11.924272	
9/14/2019 12:00:49.858820149	67.505110	31.697505	1002.681311	-0.065946	26.612254	518.694699	63.100419	32.574537	1002.583299	11.128613	11.947230	
9/14/2019 12:00:50.858820149	67.281698	31.703001	1003.363928	0.004258	26.610254	518.456174	63.292081	32.560737	1002.631398	11.643444	11.948295	
9/14/2019 12:00:51.858820149	67.491968	31.691334	1003.170663	-0.135427	26.661237	522.624786	63.227475	32.657340	1003.338381	18.214406	11.920381	
9/14/2019 12:00:52.858820149	67.426258	31.655030	1003.192269	-0.142783	26.588988	522.080712	63.146915	32.591555	1002.764973	19.338384	11.941014	
9/14/2019 12:00:53.858820149	67.544535	31.708872	1002.340593	-0.130737	26.642297	522.946103	63.194568	32.635338	1002.780585	12.061337	11.924364	
9/14/2019 12:00:54.858820149	67.445971	31.633643	1003.079432	-0.036252	26.584171	523.049925	63.195172	32.589375	1002.811336	16.430711	11.945483	
9/14/2019 12:00:55.858820149	67.708809	31.719041	1001.862203	0.001417	26.694422	525.261050	63.330902	32.643846	1003.207172	11.565894	11.914087	
9/14/2019 12:00:56.858820149	67.741664	31.703151	1002.648352	-0.019830	26.600907	524.655866	63.425498	32.563848	1002.872525	10.472827	11.946876	
9/14/2019 12:00:57.858820149	67.656242	31.681315	1001.425524	0.020112	26.570578	526.119874	63.154091	32.582528	1002.653319	15.301490	11.945390	
9/14/2019 12:00:58.858820149	67.767948	31.739231	1002.415267	-0.068059	26.628378	526.744772	63.237410	32.604213	1003.016667	14.066158	11.905373	
9/14/2019 12:00:59.858820149	67.945363	31.628520	1002.120835	0.034322	26.575966	527.865117	63.378554	32.597259	1002.675554	14.913469	11.940975	
9/14/2019 12:01:00.858820149	67.721951	31.707300	1003.324502	-0.234721	26.652746	528.401308	63.354873	32.643434	1003.007993	17.169289	11.938373	
9/14/2019 12:01:01.858820149	67.912508	31.734034	1002.950825	-0.228294	26.658706	528.818563	63.132722	32.640217	1002.668931	13.519105	11.922379	
9/14/2019 12:01:02.858820149	67.827086	31.735082	1001.473780	-0.062054	26.601192	528.170667	63.335318	32.598815	1002.496088	9.879136	11.933458	
9/14/2019 12:01:03.858820149	67.971647	31.696606	1004.194470	-0.217191	26.665482	530.406106	63.322228	32.666262	1002.922518	18.255802	11.940778	
9/14/2019 12:01:04.858820149	68.149063	31.713919	1003.377727	-0.135286	26.673727	530.326598	63.407441	32.669892	1003.031807	13.242167	11.942670	
9/14/2019 12:01:05.858820149	68.043927	31.676417	1002.840118	-0.074480	26.586171	529.241733	63.244980	32.550154	1002.686436	14.020831	11.947244	
9/14/2019 12:01:06.858820149	68.181917	31.708423	1001.967076	-0.207625	26.681075	530.253005	63.163474	32.653086	1003.132264	16.446167	11.920894	
9/14/2019 12:01:07.858820149	68.162204	31.682512	1004.007671	-0.134164	26.597233	529.804206	63.422396	32.547974	1002.813230	13.324959	11.942302	
9/14/2019 12:01:08.858820149	68.076782	31.740054	1002.171142	-0.126261	26.622745	530.085442	63.502089	32.605662	1002.833100	10.293097	11.946166	
9/14/2019 12:01:09.858820149	68.273911	31.692158	1002.696056	-0.067934	26.606009	530.893670	63.292081	32.575056	1002.620360	13.591413	11.950950	
9/14/2019 12:01:10.858820149	68.293623	31.671369	1003.141173	-0.134345	26.600335	531.185421	63.299756	32.592074	1002.839251	16.750085	11.949701	
9/14/2019 12:01:11.858820149	68.168775	31.742300	1004.128550	-0.044586	26.657890	533.037771	63.305223	32.674665	1002.640387	11.774185	11.915848	
9/14/2019 12:01:12.858820149	68.333049	31.718667	1002.471960	-0.000240	26.635766	533.268412	63.558677	32.617495	1002.546238	10.145590	11.929410	
9/14/2019 12:01:13.858820149	68.359333	31.744428	1001.809293	-0.208455	26.660380	535.418427	63.447970	32.648207	1003.137152	16.739871	11.932879	
9/14/2019 12:01:14.858820149	68.346191	31.734483	1002.782635	0.017588	26.590416	534.231057	63.367673	32.556588	1002.629191	12.096180	11.944063	
9/14/2019 12:01:15.858820149	68.457897	31.676267	1003.332230	-0.096772	26.610540	538.037609	63.355635	32.619463	1003.058458	19.632089	11.947467	
9/14/2019 12:01:16.858820149	68.457897	31.756693	1003.074701	-0.172748	26.657277	537.229381	63.592137	32.616764	1002.913373	12.556780	11.937230	
9/14/2019 12:01:17.858820149	68.385617	31.724912	1003.589758	-0.397917	26.626418	540.095633	63.464529	32.568621	1003.458866	5.941800	11.921551	
9/14/2019 12:01:18.858820149	68.635313	31.692307	1004.076035	-0.073696	26.613928	539.417508	63.484189	32.641254	1002.946961	18.255802	11.926216	
9/14/2019 12:01:19.858820149	68.372475	31.746000	1002.368508	-0.100854	26.698667	540.618678	63.412566	32.643846	1003.240132	15.936578	11.921052	
9/14/2019 12:01:20.858820149	68.503894	31.723789	1002.267736	-0.232401	26.671441	540.863117	63.394009	32.669479	1003.119647	19.282843	11.918226	
9/14/2019 12:01:21.858820149	68.963860	31.617902	1002.858332	0.157004	26.531474	542.344870	63.410515	32.694381	1002.981814	18.047511	11.917556	
9/14/2019 12:01:22.858820149	68.543319	31.713844	1001.734700	0.032453	26.644828	540.149512	63.726867	32.634406	1002.743209	10.330562	11.937203	
9/14/2019 12:01:23.858820149	68.806157	31.708797	1003.596224	-0.111172	26.642297	542.449345	63.743111	32.633676	1003.139517	19.322929	11.945496	
9/14/2019 12:01:24.858820149	68.517036	31.761591	1002.924489	-0.137342	26.626133	541.575407	63.722294	32.622056	1002.802505	12.079414	11.944970	
9/14/2019 12:01:25.858820149	68.701022	31.808739	1003.599141	0.156823	26.826104	546.223700	63.693565	32.709113	1003.243283	20.170239	11.905374	
9/14/2019 12:01:26.858820149	68.661596	31.834574	1000.903606	-0.144126	26.788469	540.539822	63.669384	32.761722	1002.167908	16.309143	11.901286	
9/14/2019 12:01:27.858820149	68.839012	31.962822	1002.168383	0.133631	26.804429	544.969957	63.758223	32.721453	1003.369448	18.136856	11.882428	
9/14/2019 12:01:28.858820149	68.983573	31.681913	1004.126657	-0.156660	26.516779	544.553365	63.710861	32.663457	1002.767652	10.701817	11.935994	
9/14/2019 12:01:29.858820149	68.786444	31.784700	1001.751653	-0.076460	26.665318	546.098849	63.745424	32.743974	1003.752036	21.026453	11.891351	
9/14/2019 12:01:30.858820149	68.990144	31.676342	1004.235946	-0.010927	26.579354	544.602644	63.777227	32.589375	1002.887665	16.553589	11.936546	
9/14/2019 12:01:31.858820149	69.009857	31.764061	1001.934903	-0.059425	26.764712	550.572358	63.864253	32.763584	1003.166010	15.899114	11.910604	
9/14/2019 12:01:32.858820149	68.858725	31.766489	1003.703619	-0.191030	26.675727	547.348645	63.948072	32.626310	1002.949169	13.414304	11.931381	
9/14/2019 12:01:33.858820149	69.141276	31.840969	1003.241945	0.133701	26.807776	551.358240	64.113292	32.728924	1003.231772	21.172650	11.928070	
9/14/2019 12:01:34.858820149	68.911292	31.708872	1003.618144	-0.117206	26.658135	549.692505	63.922287	32.641360	1003.021711	19.423798	11.930698	
9/14/2019 12:01:35.858820149	69.134705	31.841194	1004.505145	0.022975	26.691687	551.331296	63.776780	32.751858	1003.012251	18.257113	11.903757	
9/14/2019 12:01:36.858820149	69.174130	31.724538	1003.116255	-0.084697	26.615111	550.366683	63.971044	32.651837	1002.802820	10.228382	11.920539	
9/14/2019 12:01:37.858820149	68.878438	31.916498	1002.626983	-0.350098	26.784264	552.180920	64.224446	32.707970	1003.426064	16.432021	11.876106	
9/14/2019 12:01:38.858820149	69.206985	31.718368	1004.160406	-0.191698	26.670870	553.202706	64.009917	32.686285	1002.887508	20.554329	11.935705	
9/14/2019 12:01:39.858820149	69.121563	31.688383	1003.534326	0.059387	26.688749	554.422274	64.213355	32.673416	1003.095833	20.231023	11.929831	
9/14/2019 12:01:40.858820149	69.305549	31.592066	1004.550642	-0.167848	26.526372	556.082757	63.863701	32.503979	1003.631709	14.869452	11.892534	
9/14/2019 12:01:41.858820149	69.292407	31.798195	1004.161510	0.293285	26.669768	554.616118	63.885227	32.615727	1002.607742	12.426039	11.927649	
9/14/2019 12:01:42.858820149	69.200414	31.730109	1003.394128	-0.148531	26.645399	555.169392	63.884018	32.694794	1002.942546	18.929665	11.943275	
9/14/2019 12:01:43.858820149	69.331833	31.756319	1002.132031	0.046542	26.604621	556.350847	63.877000	32.655054	1003.263474	20.259313	11.873859	
9/14/2019 12:01:44.858820149	69.358117	31.729735	1001.722715	-0.072528	26.606295	555.342207	63.993569	32.582422	1002.624775	10.678497	11.945207	
9/14/2019 12:01:45.858820149	69.259553	31.762639	1004.377799	-0.308395	26.688749	559.734892	64.162153	32.774380	1002.966831	20.368046	11.895635	
9/14/2019 12:01:46.858820149	69.371259	31.687185	1002.171142	0.032680	26.590988	556.332449	64.079281	32.604837	1002.641173	14.437413	11.940265	
9/14/2019 12:01:47.858820149	69.443539	31.809113	1004.398773	0.014937	26.795000	560.366358	63.950175	32.754451	1002.859593	20.351280	11.927202	
9/14/2019 12:01:48.858820149	69.239840	31.739904	1002.992696	-0.067342	26.644828	557.310208	63.858339	32.638449	1003.204807	11.375679	11.922603	
9/14/2019 12:01:49.858820149	69.542103	31.898811	1003.539136	0.144754	26.716832	559.109331	64.072473	32.686698	1002.907378	11.049752	11.924153	
9/14/2019 12:01:50.858820149	69.174130	31.757217	1002.572812	-0.019495	26.666094	558.604684	64.051104	32.671966	1002.872368	15.586021	11.916544	
9/14/2019 12:01:51.858820149	69.588100	31.788624	1003.632338	-0.136419	26.667808	561.260662	64.224893	32.767839	1003.327500	25.521326	11.924153	
9/14/2019 12:01:52.858820149	69.226698	31.803916	1003.731059	-0.027364	26.643970	559.830167	64.057018	32.674146	1002.749676	10.576317	11.927991	
9/14/2019 12:01:53.858820149	69.607813	31.730558	1002.822061	0.039653	26.659849	560.152799	64.186229	32.648514	1003.049941	14.026073	11.934838	
9/14/2019 12:01:54.858820149	69.246411	31.819732	1003.620589	-0.187818	26.723893	561.072732	64.007815	32.706827	1003.069182	20.985057	11.916649	
9/14/2019 12:01:55.858820149	69.627526	31.786977	1003.097489	0.278958	26.698667	562.953995	64.328582	32.648514	1002.888137	15.239396	11.937046	
9/14/2019 12:01:56.858820149	69.476394	31.772434	1003.660330	-0.208716	26.680544	562.481545	64.304297	32.694169	1003.001527	17.619404	11.930146	
9/14/2019 12:01:57.858820149	69.653809	31.824629	1003.721519	-0.075483	26.688789	564.879284	64.198767	32.738682	1003.224834	24.350709	11.919738	
9/14/2019 12:01:58.858820149	69.712948	31.697729	1002.982366	-0.087691	26.583028	566.376804	63.962370	32.625379	1002.677448	16.858818	11.951212	
9/14/2019 12:01:59.858820149	69.634097	31.769034	1002.597098	-0.019617	26.666094	567.663397	64.238797	32.684211	1003.025655	12.054784	11.927846	
9/14/2019 12:02:00.858820149	69.877222	31.761441	1003.815667	0.007901	26.588988	566.376804	64.238797	32.608986	1002.756142	13.187936	11.941527	
9/14/2019 12:02:01.858820149	69.502678	31.935939	1001.709468	0.108945	26.895577	567.604255	64.304849	32.900340	1002.499082	20.600967	11.914284	
9/14/2019 12:02:02.858820149	69.785228	31.798794	1003.201415	-0.103188	26.673727	569.090607	63.973856	32.656610	1003.150241	15.601477	11.942578	
9/14/2019 12:02:03.858820149	69.601242	31.883294	1003.025103	0.078204	26.699851	571.506745	64.138734	32.682856	1003.036851	16.206964	11.910630	
9/14/2019 12:02:04.858820149	69.798370	31.751496	1001.465896	-0.128595	26.618744	570.069019	64.255303	32.577955	1002.724125	14.685790	11.906215	
9/14/2019 12:02:05.858820149	69.699806	31.761591	1003.678544	-0.118710	26.646828	573.386038	64.357521	32.720321	1003.465804	21.819262	11.920986	
9/14/2019 12:02:06.858820149	69.844367	31.729510	1003.791539	-0.137356	26.602295	572.319572	64.286344	32.577130	1002.718767	17.493905	11.947546	
9/14/2019 12:02:07.858820149	69.581529	31.878621	1002.112241	0.117978	26.603723	577.910142	64.344931	32.678401	1003.841455	16.984317	11.892731	
9/14/2019 12:02:08.858820149	69.824654	31.793148	1003.243915	-0.236338	26.652746	575.800860	64.123279	32.634819	1002.973140	14.795833	11.937624	
9/14/2019 12:02:09.858820149	69.732661	31.799617	1004.153940	0.107447	26.695280	576.392245	64.246024	32.636269	1002.785157	15.131974	11.935495	
9/14/2019 12:02:10.858820149	69.883793	31.846241	1004.160563	-0.147661	26.624990	575.570219	64.307266	32.651212	1003.145826	15.860338	11.918699	
9/14/2019 12:02:11.858820149	69.883793	31.857084	1003.427719	0.036160	26.643970	577.647294	64.479662	32.619781	1003.043475	23.159395	11.909421	
9/14/2019 12:02:12.858820149	69.903505	31.697879	1002.979212	-0.209466	26.636582	579.420798	64.220740	32.658790	1002.955478	21.972012	11.945009	
9/14/2019 12:02:13.858820149	69.903505	31.868077	1004.473052	-0.186750	26.702913	580.355845	64.279931	32.774898	1003.211430	20.307262	11.914941	
9/14/2019 12:02:14.858820149	69.923218	31.688383	1003.943959	-0.409473	26.649644	578.378645	64.255355	32.616246	1003.117439	18.844252	11.920855	
9/14/2019 12:02:15.858820149	69.910076	31.751571	1003.718364	0.054986	26.717648	581.213352	64.625774	32.645709	1003.137938	11.683800	11.917517	
9/14/2019 12:02:16.858820149	70.002070	31.735306	1003.209537	-0.158708	26.590702	580.675193	64.347691	32.618013	1002.880885	21.370457	11.948334	
9/14/2019 12:02:17.858820149	69.864080	31.924721	1004.600712	0.001284	26.719934	582.469716	64.267393	32.679850	1003.014774	20.250410	11.920014	
9/14/2019 12:02:18.858820149	69.949502	31.820929	1001.667440	-0.097616	26.633521	582.892886	64.433770	32.679332	1003.268518	15.529169	11.928214	
9/14/2019 12:02:19.858820149	69.962644	31.782529	1003.341770	-0.066860	26.669768	582.512428	64.442943	32.645921	1003.259687	13.808878	11.908672	
9/14/2019 12:02:20.858820149	70.034924	31.820224	1002.951220	-0.009313	26.676339	585.485785	64.816069	32.852092	1003.343426	22.163537	11.897541	
9/14/2019 12:02:21.858820149	70.179485	31.782903	1004.104185	-0.007072	26.648216	583.254946	64.294177	32.639073	1002.776012	14.170959	11.940029	
9/14/2019 12:02:22.858820149	70.061208	31.884342	1002.913450	0.288988	26.838635	588.017574	64.479267	32.710869	1003.037166	22.365275	11.907069	
9/14/2019 12:02:23.858820149	69.942931	31.735755	1002.159946	0.011637	26.609968	584.841173	64.348505	32.688465	1002.303532	13.372908	11.938307	
9/14/2019 12:02:24.858820149	70.317475	31.977665	1002.981971	0.321302	26.702953	585.912892	64.546028	32.683480	1003.118068	17.605259	11.915125	
9/14/2019 12:02:25.858820149	70.034924	31.826201	1003.908160	-0.115146	26.681115	586.042343	64.342224	32.684623	1002.791466	15.485152	11.916163	
9/14/2019 12:02:26.858820149	70.212340	31.820555	1003.375676	0.036364	26.640337	587.839497	64.424492	32.733391	1003.184622	16.695854	11.912838	
9/14/2019 12:02:27.858820149	70.212340	31.766788	1002.582352	-0.087977	26.590416	587.310537	64.388325	32.629633	1002.432377	17.246839	11.937479	
9/14/2019 12:02:28.858820149	70.061208	31.791693	1003.393024	-0.019759	26.770957	591.796528	64.438081	32.791079	1002.936551	28.157574	11.874135	
9/14/2019 12:02:29.858820149	70.100634	31.735007	1003.187774	0.034453	26.603723	587.535263	64.427251	32.608361	1002.320723	15.672745	11.947559	
9/14/2019 12:02:30.858820149	70.264907	31.840894	1005.050086	0.195563	26.674870	589.929718	64.526972	32.661690	1002.749990	19.347558	11.914993	
9/14/2019 12:02:31.858820149	70.067779	31.825902	1002.898390	-0.221533	26.647113	589.905404	64.461053	32.685555	1002.778377	16.861439	11.936415	
9/14/2019 12:02:32.858820149	70.166343	31.914776	1002.940890	-0.053347	26.677727	592.260431	64.555149	32.664494	1003.250856	22.873553	11.907292	
9/14/2019 12:02:33.858820149	70.370043	31.740354	1003.456578	-0.207991	26.622704	591.835293	64.243212	32.711187	1003.054042	21.930616	11.943025	
9/14/2019 12:02:34.858820149	70.363472	31.758041	1001.917398	0.147025	26.679115	591.008667	64.533333	32.732460	1002.939866	15.013028	11.896818	
9/14/2019 12:02:35.858820149	70.212340	31.719266	1003.438521	-0.158504	26.575681	593.125169	64.329239	32.685661	1002.964309	22.013408	11.944181	
9/14/2019 12:02:36.858820149	70.396326	31.656826	1004.576426	0.295812	26.662951	597.584879	64.405935	32.823453	1003.117753	21.524517	11.905518	
9/14/2019 12:02:37.858820149	70.172914	31.773258	1002.843981	-0.154527	26.636052	592.960238	64.465521	32.656504	1002.660100	12.695114	11.949465	
9/14/2019 12:02:38.858820149	70.514603	31.862281	1002.576518	0.037226	26.711729	595.137850	64.458450	32.684930	1003.113023	19.629468	11.887645	
9/14/2019 12:02:39.858820149	70.317475	31.825378	1003.053095	-0.250501	26.665237	595.556421	64.229019	32.710669	1003.118068	18.048822	11.937663	
9/14/2019 12:02:40.858820149	70.297762	31.847364	1001.737460	0.001352	26.645440	596.400129	64.425044	32.731835	1003.036380	12.772664	11.918410	
9/14/2019 12:02:41.858820149	70.396326	31.805039	1002.531099	-0.203549	26.633235	596.485553	64.382306	32.708795	1003.076120	13.371598	11.934562	
9/14/2019 12:02:42.858820149	70.297762	31.848337	1003.797925	0.009711	26.750834	600.754702	64.598833	32.775099	1003.203071	18.431872	11.905807	
9/14/2019 12:02:43.858820149	70.304333	31.820331	1002.928747	-0.111782	26.652461	598.190716	64.348243	32.696868	1002.760400	13.411683	11.944063	
9/14/2019 12:02:44.858820149	70.448894	32.030983	1001.849823	0.208381	26.680258	600.507631	64.167226	32.721040	1002.896339	10.906176	11.898711	
9/14/2019 12:02:45.858820149	70.304333	31.777631	1002.644645	-0.068042	26.597764	599.494391	64.240505	32.667712	1002.666409	17.188676	11.948597	
9/14/2019 12:02:46.858820149	70.580313	31.916498	1004.455467	-0.152678	26.681156	603.064386	64.363697	32.775723	1003.198655	19.840381	11.882783	
9/14/2019 12:02:47.858820149	70.475178	31.787801	1003.491588	-0.180391	26.586171	602.193080	64.258957	32.675596	1003.003735	20.494856	11.943432	
9/14/2019 12:02:48.858820149	70.363472	31.874397	1002.168777	-0.106068	26.681932	604.377923	64.345431	32.695725	1003.688325	21.393776	11.868865	
9/14/2019 12:02:49.858820149	70.593455	31.808889	1004.269615	-0.223570	26.673156	603.756309	64.055415	32.707970	1003.001370	20.700526	11.936651	
9/14/2019 12:02:50.858820149	70.494891	31.777856	1003.962331	0.096675	26.706586	606.090969	64.272860	32.685036	1002.960208	18.973682	11.935850	
9/14/2019 12:02:51.858820149	70.284620	31.857758	1003.383089	-0.134119	26.679401	605.042901	64.296279	32.722808	1003.119647	17.103263	11.937545	
9/14/2019 12:02:52.858820149	70.705161	31.900083	1002.976452	0.270922	26.731037	606.250638	64.458740	32.710869	1002.627769	17.804376	11.898895	
9/14/2019 12:02:53.858820149	70.494891	31.820405	1002.913292	-0.058842	26.620459	604.497511	64.421023	32.665013	1002.697003	12.012077	11.941724	
9/14/2019 12:02:54.858820149	70.475178	31.836745	1003.148900	-0.170862	26.689891	608.183158	64.295123	32.842757	1003.397520	23.405150	11.916781	
9/14/2019 12:02:55.858820149	70.738016	31.804365	1002.150483	-0.074041	26.642256	607.202115	64.053864	32.666156	1002.788787	18.947742	11.919540	
9/14/2019 12:02:56.858820149	70.501462	31.842915	1002.425202	-0.089356	26.792469	611.469948	64.251939	32.802700	1003.212059	17.170599	11.922800	
9/14/2019 12:02:57.858820149	70.324046	31.809936	1002.861092	-0.061439	26.626133	608.294863	64.293073	32.655573	1002.979606	10.330562	11.925297	
9/14/2019 12:02:58.858820149	70.639451	31.962448	1002.478978	0.073323	26.766671	611.687443	64.288762	32.705790	1003.295012	21.164787	11.901904	
9/14/2019 12:02:59.858820149	70.573742	31.873649	1001.784218	-0.251192	26.679973	611.448919	64.246367	32.738682	1002.973140	16.327220	11.930172	
9/14/2019 12:03:00.858820149	70.494891	31.900757	1004.082107	-0.156417	26.673482	612.322856	64.150220	32.793884	1003.601114	21.740401	11.873452	
9/14/2019 12:03:01.858820149	70.593455	31.841867	1002.493566	-0.131929	26.654461	612.031105	64.329791	32.663976	1002.979606	12.401409	11.940883	
9/14/2019 12:03:02.858820149	70.475178	31.774979	1001.968337	0.053719	26.684789	614.430159	64.549839	32.728618	1002.607585	16.545725	11.901773	
9/14/2019 12:03:03.858820149	70.659164	31.761741	1002.902568	-0.016722	26.622418	612.874814	64.544767	32.634300	1002.557277	14.974253	11.949938	
9/14/2019 12:03:04.858820149	70.462036	31.937061	1004.652833	0.065970	26.788795	615.940162	64.522347	32.773956	1003.233980	18.277811	11.921656	
9/14/2019 12:03:05.858820149	70.678877	31.773632	1004.013585	-0.272306	26.647113	614.856613	64.407986	32.736502	1003.125956	14.397328	11.919935	
9/14/2019 12:03:06.858820149	70.882576	31.910627	1003.291857	0.139159	26.689932	616.585426	64.526919	32.749054	1002.539772	11.527119	11.889866	
9/14/2019 12:03:07.858820149	70.639451	31.846615	1004.598504	-0.172191	26.646256	616.898207	64.556410	32.762441	1003.054042	18.379991	11.932709	
9/14/2019 12:03:08.858820149	70.521174	31.869200	1002.731619	-0.086813	26.779448	619.284778	64.688933	32.841508	1003.250384	16.721794	11.906898	
9/14/2019 12:03:09.858820149	70.724874	31.894587	1004.070516	-0.158920	26.665237	617.854936	64.669010	32.713156	1003.334280	16.492805	11.920855	
9/14/2019 12:03:10.858820149	70.606597	31.890063	1003.270883	0.153336	26.790469	622.035377	64.653266	32.793566	1003.100248	15.421747	11.929660	
9/14/2019 12:03:11.858820149	70.606597	31.850315	1001.953512	-0.206206	26.632092	619.535785	64.404332	32.738682	1003.371184	14.562912	11.913876	
9/14/2019 12:03:12.858820149	70.889147	31.926368	1002.226103	0.091375	26.728465	622.080057	64.604719	32.781427	1002.861644	15.068569	11.902338	
9/14/2019 12:03:13.858820149	70.836580	31.983386	1003.876856	0.090069	26.681075	621.752825	64.817040	32.789111	1003.607266	15.314325	11.895662	
9/14/2019 12:03:14.858820149	70.869434	31.747048	1003.260554	-0.060615	26.612540	624.549420	64.766576	32.660652	1002.848397	17.182124	11.944181	
9/14/2019 12:03:15.858820149	70.876005	31.843290	1001.553421	0.327918	26.612254	626.819687	64.987623	32.842133	1002.673661	15.732218	11.882572	
9/14/2019 12:03:16.858820149	70.803725	31.788325	1003.563422	-0.180450	26.625561	626.106734	64.518141	32.684105	1002.892081	19.466505	11.942880	
9/14/2019 12:03:17.858820149	70.770870	31.872975	1003.296430	0.371236	26.796755	628.028739	64.738136	32.739708	1002.953899	11.230793	11.909868	
9/14/2019 12:03:18.858820149	70.751157	31.846840	1002.390349	-0.135464	26.588988	626.135647	64.630399	32.639698	1002.675240	13.839790	11.920947	
9/14/2019 12:03:19.858820149	70.948286	32.000624	1003.450507	0.097895	26.730220	627.591108	64.723049	32.723220	1002.896968	19.707018	11.883716	
9/14/2019 12:03:20.858820149	70.606597	31.810835	1003.472427	-0.086108	26.637194	627.284905	64.589869	32.677670	1003.023605	19.833828	11.942250	
9/14/2019 12:03:21.858820149	70.948286	31.828073	1002.536618	-0.053038	26.652501	627.914403	64.759400	32.712849	1003.049626	18.151001	11.905373	
9/14/2019 12:03:22.858820149	70.685448	31.836146	1003.228540	-0.211809	26.663237	628.790308	64.499874	32.720003	1003.018560	20.171550	11.931158	
9/14/2019 12:03:23.858820149	70.994282	31.820855	1003.029362	0.227044	26.744834	629.900802	64.498927	32.713568	1002.966831	16.786510	11.933169	
9/14/2019 12:03:24.858820149	70.744587	31.777482	1002.210568	-0.058128	26.609111	628.411166	64.416265	32.620087	1002.668931	16.594985	11.945864	
9/14/2019 12:03:25.858820149	71.079705	31.978713	1003.256138	0.185839	26.722506	629.095858	64.549944	32.658991	1002.922990	13.881186	11.915887	
9/14/2019 12:03:26.858820149	70.882576	31.762564	1003.241707	0.074694	26.573150	631.149282	64.414661	32.716997	1003.255429	17.581940	11.908160	
9/14/2019 12:03:27.858820149	70.974570	31.943531	1002.818197	-0.028129	26.680013	629.997393	64.651163	32.755076	1003.375756	15.974042	11.918239	
9/14/2019 12:03:28.858820149	70.915431	31.873798	1004.587465	-0.088988	26.681115	631.073058	64.584744	32.683586	1003.012723	19.586761	11.929515	
9/14/2019 12:03:29.858820149	70.994282	31.853983	1001.573686	0.275304	26.730996	632.623804	64.640624	32.775205	1003.334595	14.487983	11.890300	
9/14/2019 12:03:30.858820149	71.033708	31.788699	1003.080930	-0.158801	26.589273	633.223072	64.504946	32.618426	1002.863694	18.193708	11.938334	
9/14/2019 12:03:31.858820149	71.040279	31.905056	1004.107496	0.227412	26.672054	633.548989	64.695609	32.628797	1003.006414	16.699786	11.925021	
9/14/2019 12:03:32.858820149	70.954857	31.774081	1001.413143	0.294920	26.579395	634.132491	64.723234	32.672485	1002.640230	15.439824	11.899722	
9/14/2019 12:03:33.858820149	70.987712	31.885390	1002.901464	-0.005050	26.668135	634.322388	64.640124	32.712118	1003.106714	13.845032	11.918831	
9/14/2019 12:03:34.858820149	71.007424	31.894512	1003.824656	-0.211667	26.676013	635.976956	64.460606	32.661795	1002.957843	13.640673	11.929699	
9/14/2019 12:03:35.858820149	71.059992	31.853010	1002.377654	-0.053896	26.696667	636.078146	64.752330	32.709632	1002.973612	14.960108	11.897042	
9/14/2019 12:03:36.858820149	70.915431	31.889015	1003.182097	-0.078446	26.653032	636.574256	64.546080	32.605768	1002.953113	9.652767	11.943787	
9/14/2019 12:03:37.858820149	70.797154	31.984434	1002.135818	0.460633	26.670054	637.925242	64.565793	32.658166	1002.999319	13.184004	11.908041	
9/14/2019 12:03:38.858820149	70.862864	31.894886	1003.164592	-0.076375	26.679115	639.916241	64.505051	32.638142	1002.961787	13.877255	11.942197	
9/14/2019 12:03:39.858820149	71.276833	32.015990	1002.437502	0.180491	26.712015	640.204045	64.380256	32.609504	1003.161437	21.739091	11.898408	
9/14/2019 12:03:40.858820149	70.987712	31.841942	1002.914948	-0.040062	26.615356	640.877569	64.416817	32.524214	1002.620517	13.450458	11.943314	
9/14/2019 12:03:41.858820149	70.895718	31.875445	1002.915106	0.022859	26.691892	641.514950	64.654108	32.669479	1003.187302	12.014698	11.919028	
9/14/2019 12:03:42.858820149	71.230837	31.797896	1003.549386	0.023420	26.592661	642.861337	64.197163	32.576093	1002.414872	11.292887	11.914678	
9/14/2019 12:03:43.858820149	71.066563	31.890363	1004.407447	0.189066	26.767529	645.784098	64.153979	32.680888	1002.990960	13.512553	11.912733	
9/14/2019 12:03:44.858820149	71.007424	31.857309	1003.032593	-0.199683	26.667482	645.293903	64.088269	32.626522	1002.992381	15.220009	11.936533	
9/14/2019 12:03:45.858820149	70.981141	32.022011	1004.258339	0.058090	26.706382	645.619820	64.291969	32.622056	1003.104664	10.482001	11.914481	
9/14/2019 12:03:46.858820149	71.158556	31.793896	1002.956739	-0.119016	26.589273	646.895244	64.139024	32.563542	1002.758349	16.550968	11.943380	
9/14/2019 12:03:47.858820149	71.316259	31.885914	1002.193300	-0.056811	26.616254	647.190279	64.108429	32.630152	1003.421648	14.432171	11.897370	
9/14/2019 12:03:48.858820149	70.967999	31.842317	1003.032831	-0.064005	26.645399	646.832819	63.943708	32.545381	1002.738794	9.467795	11.949359	
9/14/2019 12:03:49.858820149	70.895718	31.848711	1003.415811	0.224724	26.793898	649.613647	64.049343	32.610329	1002.973612	12.084656	11.903455	
9/14/2019 12:03:50.858820149	70.987712	31.884492	1003.965643	-0.041266	26.675156	648.435475	63.953644	32.584189	1002.985915	12.154343	11.935416	
9/14/2019 12:03:51.858820149	71.125701	32.142067	1001.748262	0.220665	26.672911	649.765432	64.113502	32.599852	1002.811494	15.282103	11.889275	
9/14/2019 12:03:52.858820149	71.079705	31.905355	1003.087002	-0.062057	26.640868	648.542581	64.033941	32.571426	1002.771596	8.974973	11.940633	
9/14/2019 12:03:53.858820149	71.132272	31.916273	1003.994187	-0.110725	26.653073	649.777262	63.933616	32.674358	1003.252749	21.083305	11.917083	
9/14/2019 12:03:54.858820149	71.066563	31.847963	1002.348243	0.017970	26.695851	650.856211	63.856973	32.556483	1002.758978	11.992690	11.916938	
9/14/2019 12:03:55.858820149	71.257120	31.826650	1002.528024	0.158548	26.706301	651.862883	63.815996	32.592074	1002.763079	11.770253	11.934167	
9/14/2019 12:03:56.858820149	71.092847	31.800291	1002.046005	-0.011712	26.605723	651.155846	63.654087	32.530131	1002.614051	10.964339	11.928674	
9/14/2019 12:03:57.858820149	71.000853	31.964095	1003.760945	0.117729	26.791081	653.501673	63.712174	32.615621	1002.991117	18.791331	11.926729	
9/14/2019 12:03:58.858820149	71.335972	31.842391	1001.672407	-0.074491	26.611969	653.605495	63.745529	32.512076	1002.596388	11.375679	11.924456	
9/14/2019 12:03:59.858820149	71.171698	31.985631	1003.065790	-0.096214	26.692789	654.918369	63.816653	32.648101	1003.353993	12.859388	11.915230	
9/14/2019 12:04:00.858820149	71.112560	31.752245	1004.503252	-0.348705	26.666911	657.301656	63.746975	32.627771	1002.227046	17.718963	11.897239	
9/14/2019 12:04:01.858820149	71.368826	31.832222	1002.807316	0.064395	26.664094	657.996862	63.814340	32.592074	1003.176735	14.662471	11.933694	
9/14/2019 12:04:02.858820149	71.224266	31.900457	1001.231392	0.085687	26.639725	658.262984	63.689702	32.577861	1002.878520	8.399358	11.932801	
9/14/2019 12:04:03.858820149	71.151985	31.890063	1003.650947	0.163692	26.705198	659.922804	63.824380	32.586052	1002.872840	17.437053	11.931854	
9/14/2019 12:04:04.858820149	71.414823	31.862506	1004.088098	0.044177	26.614499	658.636212	63.908094	32.552959	1002.465179	12.058716	11.927807	
9/14/2019 12:04:05.858820149	71.401681	31.915525	1002.849738	0.147583	26.619642	658.978558	64.012230	32.569764	1002.793360	15.496676	11.916584	
9/14/2019 12:04:06.858820149	71.138843	31.847439	1004.214025	-0.159696	26.613356	661.112805	64.089373	32.574749	1002.966202	16.279271	11.930080	
9/14/2019 12:04:07.858820149	71.427965	31.864452	1002.661046	0.099634	26.660420	661.493263	64.286792	32.641984	1003.016667	10.679808	11.929081	
9/14/2019 12:04:08.858820149	71.276833	31.822576	1003.093625	0.261261	26.865004	664.371997	64.378128	32.663870	1003.103085	11.877675	11.927557	
9/14/2019 12:04:09.858820149	71.112560	31.869200	1003.108370	-0.201159	26.674870	661.632566	64.083092	32.623823	1003.010044	17.268847	11.931000	
9/14/2019 12:04:10.858820149	71.546242	31.994079	1002.954926	0.262637	26.711158	663.619617	64.065297	32.641666	1002.362828	17.760359	11.868313	
9/14/2019 12:04:11.858820149	71.309688	31.884716	1003.446643	-0.111127	26.572293	662.162841	63.896660	32.533242	1002.933557	12.175041	11.917214	
9/14/2019 12:04:12.858820149	71.414823	31.928763	1002.527629	0.235521	26.624500	665.144734	64.062485	32.651837	1003.183358	18.723995	11.908278	
9/14/2019 12:04:13.858820149	71.237407	31.905280	1002.912740	-0.074435	26.650501	664.795820	64.011678	32.548080	1002.926619	11.256733	11.927123	
9/14/2019 12:04:14.858820149	71.283404	31.842915	1001.719403	0.177019	26.721608	667.419599	64.247576	32.638142	1002.761186	12.577478	11.919987	
9/14/2019 12:04:15.858820149	71.237407	31.878247	1002.733274	0.042474	26.638011	666.738191	64.193142	32.572569	1002.670981	12.779217	11.947191	
9/14/2019 12:04:16.858820149	71.237407	31.990155	1004.329305	0.197994	26.711158	669.504557	64.116708	32.631496	1003.030385	11.961778	11.904441	
9/14/2019 12:04:17.858820149	71.250549	31.869275	1001.995383	-0.053330	26.614826	668.102976	64.010469	32.572357	1002.325296	13.905816	11.920053	
9/14/2019 12:04:18.858820149	71.257120	31.975237	1003.355254	0.051824	26.681442	671.284628	64.183022	32.620087	1003.051834	13.675516	11.915388	
9/14/2019 12:04:19.858820149	71.322830	31.842167	1002.329240	-0.054106	26.604295	670.394924	64.133504	32.551297	1002.784528	16.673845	11.946810	
9/14/2019 12:04:20.858820149	71.276833	31.828447	1002.971327	0.072216	26.676870	673.880157	64.233724	32.654430	1002.990331	23.440265	11.922314	
9/14/2019 12:04:21.858820149	71.237407	31.874322	1001.543249	-0.118611	26.669768	671.563896	64.124673	32.613240	1002.865745	13.123221	11.932038	
9/14/2019 12:04:22.858820149	71.204553	31.985257	1002.334522	-0.029871	26.760141	675.784416	63.741270	32.771575	1002.874890	18.774565	11.916295	
9/14/2019 12:04:23.858820149	71.408252	31.852486	1002.648509	-0.038014	26.604580	673.055500	63.859942	32.555445	1002.787051	21.194659	11.944089	
9/14/2019 12:04:24.858820149	71.309688	32.032630	1004.364867	-0.077007	26.714301	675.349416	63.922392	32.659721	1003.305736	21.256753	11.910683	
9/14/2019 12:04:25.858820149	71.487103	31.874547	1002.537802	-0.061448	26.612540	673.703395	64.072420	32.582009	1002.403990	15.542004	11.931486	
9/14/2019 12:04:26.858820149	71.368826	31.878621	1003.735080	-0.176513	26.694994	675.708192	64.214116	32.723538	1003.411081	23.482701	11.900656	
9/14/2019 12:04:27.858820149	71.230837	31.922294	1002.450829	-0.148698	26.694422	675.995343	64.112136	32.649763	1003.007836	19.256903	11.935061	
9/14/2019 12:04:28.858820149	71.441107	31.857533	1004.855718	0.160191	26.672013	675.643798	64.089873	32.589682	1002.841931	15.116518	11.923049	
9/14/2019 12:04:29.858820149	71.197982	31.836221	1001.630616	-0.129643	26.609968	676.351488	63.983134	32.593629	1002.782478	21.193348	11.933826	
9/14/2019 12:04:30.858820149	71.533100	32.027358	1003.332782	0.048873	26.725077	677.649248	64.093841	32.670929	1003.219947	20.075652	11.913889	
9/14/2019 12:04:31.858820149	71.211124	31.920722	1001.449337	0.104708	26.642256	674.221840	64.260165	32.644058	1001.903124	18.621815	11.916452	
9/14/2019 12:04:32.858820149	71.473962	31.944429	1004.120901	-0.084289	26.712015	678.816251	64.338412	32.703197	1003.417547	21.521896	11.906425	
9/14/2019 12:04:33.858820149	71.316259	31.869200	1003.292804	-0.067283	26.698096	677.456066	64.188542	32.665225	1002.762765	19.602217	11.940121	
9/14/2019 12:04:34.858820149	71.552813	31.917396	1001.855500	0.190009	26.768957	680.022019	64.409694	32.707758	1003.050098	17.772154	11.906832	
9/14/2019 12:04:35.858820149	71.441107	31.874098	1002.230124	-0.087323	26.609683	677.717588	64.501477	32.588338	1002.782321	18.253181	11.945574	
9/14/2019 12:04:36.858820149	71.519958	31.963945	1002.398865	0.148824	26.637521	680.019388	64.344589	32.609917	1003.376071	20.486992	11.899473	
9/14/2019 12:04:37.858820149	71.546242	31.852860	1002.464627	0.040690	26.620459	679.733552	64.346140	32.558038	1002.679813	12.617564	11.946718	
9/14/2019 12:04:38.858820149	71.467391	31.880118	1004.039684	-0.070642	26.575436	683.731978	64.448120	32.682137	1003.548756	8.281723	11.880838	
9/14/2019 12:04:39.858820149	71.349114	31.836595	1002.800929	-0.135297	26.579354	682.110924	64.635866	32.594254	1002.821904	17.329631	11.937965	
9/14/2019 12:04:40.858820149	71.592239	31.916647	1002.931507	0.207406	26.769488	685.501535	64.919468	32.650069	1002.736586	12.653718	11.927662	
9/14/2019 12:04:41.858820149	71.519958	31.874547	1003.917701	-0.168381	26.723893	683.032825	64.780112	32.674665	1003.141410	14.872073	11.903008	
9/14/2019 12:04:42.858820149	71.565955	31.974713	1002.327979	0.038367	26.655930	686.110655	64.853207	32.635750	1003.202756	14.070090	11.884425	
9/14/2019 12:04:43.858820149	71.546242	31.884941	1002.756299	-0.074540	26.625847	685.301775	64.872158	32.600477	1002.611843	10.759979	11.946915	
9/14/2019 12:04:44.858820149	71.500245	31.961143	1002.775065	-0.006061	26.644868	686.990507	64.843771	32.681512	1002.929456	12.507521	11.910657	
9/14/2019 12:04:45.858820149	71.618522	31.836595	1003.265364	-0.095679	26.582457	686.052176	64.628139	32.574738	1002.678712	14.473567	11.939569	
9/14/2019 12:04:46.858820149	71.565955	31.853235	1003.318588	0.169714	26.740588	688.414433	64.831838	32.615727	1002.750147	14.645705	11.934457	
9/14/2019 12:04:47.858820149	71.270262	31.885240	1003.464305	0.000035	26.645113	686.437234	64.865297	32.577130	1002.316307	10.759979	11.919343	
9/14/2019 12:04:48.858820149	71.651377	32.022385	1003.016035	0.032073	26.695606	688.711436	64.888322	32.672273	1002.692902	12.719744	11.902022	
9/14/2019 12:04:49.858820149	71.434536	31.868976	1002.130456	-0.106258	26.600621	687.710027	64.924988	32.540089	1002.832628	14.721944	11.944733	
9/14/2019 12:04:50.858820149	71.618522	31.969591	1003.298086	-0.155541	26.714015	690.749093	65.050440	32.695112	1003.272934	22.300560	11.900564	
9/14/2019 12:04:51.858820149	71.434536	32.011617	1001.786426	-0.175145	26.644828	688.074056	65.143722	32.523590	1002.615944	14.040218	11.902614	
9/14/2019 12:04:52.858820149	71.480533	31.864078	1003.075963	0.014172	26.740017	692.514049	64.928194	32.616351	1003.027863	16.299970	11.931723	
9/14/2019 12:04:53.858820149	71.309688	31.886887	1002.111689	-0.043835	26.651604	690.364688	64.780427	32.547974	1002.701576	10.330562	11.896201	
9/14/2019 12:04:54.858820149	71.710516	32.079777	1003.309205	0.082093	26.737813	693.931397	64.841273	32.581279	1003.170111	15.397117	11.917858	
9/14/2019 12:04:55.858820149	71.500245	31.954599	1003.572647	-0.209537	26.766386	692.552814	64.785394	32.789217	1002.664830	13.575957	11.927728	
9/14/2019 12:04:56.858820149	71.526529	31.929287	1003.331283	-0.046076	26.672094	695.777178	64.751226	32.715960	1003.290439	23.322358	11.919383	
9/14/2019 12:04:57.858820149	71.605380	31.857983	1003.500814	-0.207073	26.612499	694.910472	64.597834	32.552959	1003.265839	16.628518	11.903008	
9/14/2019 12:04:58.858820149	71.717087	31.912498	1003.367240	0.107778	26.728424	697.628873	64.765419	32.622162	1002.741316	11.439084	11.927123	
9/14/2019 12:04:59.858820149	71.414823	32.043398	1001.183213	0.084883	26.559272	696.843643	64.517983	32.535316	1002.960208	10.267157	11.912247	
9/14/2019 12:05:00.858820149	71.730228	32.038500	1003.010515	0.093760	26.720832	698.364813	64.392793	32.569034	1003.161595	12.900784	11.925336	
9/14/2019 12:05:01.858820149	71.572526	31.965143	1003.696996	-0.177105	26.662135	697.245784	64.342880	32.561774	1002.990488	10.375890	11.923614	
9/14/2019 12:05:02.858820149	71.473962	31.937361	1003.177287	-0.093418	26.666339	698.327364	64.461158	32.559806	1002.806606	10.639722	11.936231	
9/14/2019 12:05:03.858820149	71.533100	31.879145	1004.074694	-0.149984	26.623275	698.688108	64.475456	32.544968	1002.848082	16.962308	11.937584	
9/14/2019 12:05:04.858820149	71.861647	31.900832	1002.334445	0.037772	26.587885	698.701907	64.575913	32.572982	1003.134787	9.322909	11.917582	
9/14/2019 12:05:05.858820149	71.710516	31.894512	1003.166405	-0.222391	26.683360	699.490420	64.176399	32.588338	1002.962101	16.266437	11.938070	
9/14/2019 12:05:06.858820149	71.618522	31.847289	1002.163573	-0.077944	26.624704	702.338925	64.177003	32.563542	1003.023448	17.271469	11.935258	
9/14/2019 12:05:07.858820149	71.473962	31.930966	1003.247070	-0.116223	26.673687	702.505825	64.181866	32.574844	1002.977241	14.745263	11.910118	
9/14/2019 12:05:08.858820149	71.598810	31.884642	1003.108922	-0.183521	26.646542	704.878597	64.295228	32.597365	1003.119647	17.330942	11.940528	
9/14/2019 12:05:09.858820149	71.776225	31.984509	1001.884281	0.087523	26.561231	705.839272	64.324876	32.557213	1003.213166	17.984106	11.905045	
9/14/2019 12:05:10.858820149	71.631664	31.906403	1002.804398	-0.062615	26.645971	705.291252	64.446807	32.560324	1002.629505	8.726596	11.943577	
9/14/2019 12:05:11.858820149	71.598810	31.874098	1004.274977	-0.103307	26.608254	706.131676	64.411192	32.543412	1002.894132	15.587332	11.925375	
