
Time stamp	Inside_humidity (in %rH)	Inside_temperature (in °C)	Inside_pressure (in mbar)	Soil_moisture (in %VWC)	Soil_temperature (in °C)	Inside_CO2_ratio (in ppm)	Outside_humidity (in %rH)	Outside_temperature (in °C)	Outside_pressure (in mbar)	Outside_PAR (in µmol m^-2 s^-1)	Power_box_charge (in V)	
9/14/2019 12:08:34.858820149	66.131782	31.776059	1004.430629	0.578262	26.647971	499.406982	65.797006	32.682856	1002.806763	11.340836	11.915598	
9/14/2019 12:08:35.858820149	66.348623	31.713021	1001.523930	0.398799	26.658992	498.527792	65.582477	32.702160	1002.902491	9.590673	11.930632	
9/14/2019 12:08:36.858820149	66.335481	31.683560	1002.380808	0.360903	26.635235	499.953688	65.516820	32.794297	1003.019032	17.314175	11.909316	
9/14/2019 12:08:37.858820149	66.598319	31.644187	1001.500748	0.401096	26.624704	498.245240	65.421068	32.682031	1002.710250	7.950554	11.930540	
9/14/2019 12:08:38.858820149	66.388049	31.788100	1003.856434	0.512188	26.769243	500.147532	65.214109	32.832269	1002.999634	19.510522	11.901654	
9/14/2019 12:08:39.858820149	66.788876	31.893314	1003.064844	0.917503	26.749487	500.756653	65.271040	32.757869	1002.890030	19.898543	11.873058	
9/14/2019 12:08:40.858820149	66.578606	31.687110	1003.384193	0.276667	26.655604	499.490437	65.034985	32.704128	1002.942231	17.264916	11.934641	
9/14/2019 12:08:41.858820149	66.933437	31.762339	1003.438126	0.406005	26.669809	499.756559	65.102351	32.850123	1003.368819	23.010576	11.909408	
9/14/2019 12:08:42.858820149	66.690312	31.686137	1002.495774	0.415046	26.634337	498.454852	65.014221	32.719590	1002.535357	9.927085	11.938741	
9/14/2019 12:08:43.858820149	66.913724	31.736204	1002.086377	0.682235	26.806347	501.264594	65.029518	32.816288	1003.209851	16.457962	11.912759	
9/14/2019 12:08:44.858820149	66.664028	31.713470	1002.162469	0.309824	26.671196	500.514192	64.809470	32.697281	1002.861486	17.489974	11.928030	
9/14/2019 12:08:45.858820149	67.215988	31.803916	1004.950181	0.565787	26.663359	501.221219	64.904775	32.730374	1002.684228	11.815581	11.904992	
9/14/2019 12:08:46.858820149	66.920295	31.691709	1002.446018	0.397241	26.633766	500.239523	64.910190	32.680369	1002.659785	9.718793	11.930448	
9/14/2019 12:08:47.858820149	67.235701	31.742599	1003.883480	0.325913	26.695606	503.362699	65.000475	32.792117	1003.196605	17.351640	11.907108	
9/14/2019 12:08:48.858820149	66.946579	31.687709	1004.503409	0.273146	26.639766	501.578027	64.888217	32.710975	1002.835307	16.860128	11.930672	
9/14/2019 12:08:49.858820149	67.130566	31.824330	1004.832851	0.587235	26.800959	503.678764	65.040348	32.774993	1003.045683	17.819832	11.916229	
9/14/2019 12:08:50.858820149	67.084569	31.734258	1004.375197	0.282830	26.688463	502.800226	64.656183	32.775829	1002.878677	16.645284	11.927531	
9/14/2019 12:08:51.858820149	67.577390	31.730334	1003.018085	0.557063	26.668135	502.940182	64.802295	32.767733	1003.087159	13.682069	11.909829	
9/14/2019 12:08:52.858820149	67.380262	31.687185	1002.400127	0.410526	26.641970	502.444734	64.714165	32.689502	1002.296437	8.096751	11.911511	
9/14/2019 12:08:53.858820149	67.505110	31.742150	1004.665765	0.273525	26.698953	507.176482	64.936369	32.830195	1002.701733	19.800295	11.900380	
9/14/2019 12:08:54.858820149	67.491968	31.693355	1002.836254	0.546215	26.570333	505.385895	64.719632	32.670611	1002.857385	18.378680	11.907923	
9/14/2019 12:08:55.858820149	67.702238	31.813636	1004.061685	0.489533	26.669523	505.739409	64.856623	32.703398	1003.063188	10.043410	11.877132	
9/14/2019 12:08:56.858820149	67.176562	31.776508	1003.588654	-0.080035	26.765814	504.304314	64.774408	32.805917	1002.775854	15.560081	11.905098	
9/14/2019 12:08:57.858820149	67.741664	31.778305	1003.544418	0.294254	26.714546	507.354550	64.881646	32.883216	1003.303686	22.882456	11.902771	
9/14/2019 12:08:58.858820149	67.636529	31.713769	1003.412027	0.264586	26.674299	507.098942	64.887717	32.741794	1002.861172	18.061656	11.936204	
9/14/2019 12:08:59.858820149	67.905938	31.735456	1003.597722	0.459556	26.792183	509.540709	64.943439	32.793048	1002.988752	18.496316	11.929042	
9/14/2019 12:09:00.858820149	67.603674	31.723565	1003.153158	0.289792	26.692708	507.422890	64.905565	32.781639	1002.966202	14.062227	11.932235	
9/14/2019 12:09:01.858820149	68.195059	31.765665	1002.704336	0.523704	26.656216	508.389472	64.775459	32.756007	1002.677762	14.705178	11.918318	
9/14/2019 12:09:02.858820149	67.965076	31.692457	1002.276882	0.352731	26.589028	508.020844	64.566845	32.708901	1002.662150	14.154193	11.935639	
9/14/2019 12:09:03.858820149	67.886225	31.726259	1004.822363	0.340934	26.675768	510.810872	64.734325	32.794709	1003.115546	19.285464	11.907187	
9/14/2019 12:09:04.858820149	68.168775	31.718143	1001.628014	0.378912	26.667482	508.971006	64.608531	32.749784	1002.675082	9.427710	11.926308	
9/14/2019 12:09:05.858820149	68.162204	31.835024	1001.597577	0.803925	26.709158	510.852268	64.874523	32.659922	1003.403829	10.022712	11.887763	
9/14/2019 12:09:06.858820149	67.925650	31.744353	1003.315828	0.300706	26.687034	510.928493	64.514277	32.777279	1002.779484	16.488873	11.929607	
9/14/2019 12:09:07.858820149	68.372475	31.788924	1003.632338	0.401461	26.689116	512.539686	64.548288	32.767108	1003.189824	23.671604	11.914533	
9/14/2019 12:09:08.858820149	68.168775	31.708123	1002.928352	0.408738	26.653318	511.122990	64.640177	32.741275	1002.664358	11.016219	11.936691	
9/14/2019 12:09:09.858820149	68.287052	31.777706	1003.084242	0.372363	26.772345	516.212199	64.511570	32.852504	1003.122012	18.452299	11.922169	
9/14/2019 12:09:10.858820149	68.267340	31.744802	1002.300853	0.366976	26.654747	513.014767	64.359282	32.754038	1002.751883	12.164827	11.933182	
9/14/2019 12:09:11.858820149	68.326478	31.823806	1001.899893	0.632972	26.739200	515.846192	64.354471	32.779872	1002.635814	13.366356	11.897580	
9/14/2019 12:09:12.858820149	68.681309	31.571053	1004.725298	0.230324	26.608295	515.490047	64.229466	32.782158	1001.933876	15.179923	11.897475	
9/14/2019 12:09:13.858820149	68.457897	31.819881	1002.827738	0.339186	26.706954	517.768850	64.391769	32.887989	1003.190296	20.890469	11.893375	
9/14/2019 12:09:14.858820149	68.372475	31.755496	1004.332854	0.233202	26.674870	516.823951	64.073367	32.794709	1002.555541	21.455870	11.881232	
9/14/2019 12:09:15.858820149	68.569603	31.763313	1002.028185	0.448331	26.762426	519.207892	63.987050	32.787650	1003.174684	21.849134	11.888749	
9/14/2019 12:09:16.858820149	68.438184	31.734183	1003.086687	0.389406	26.686789	517.268803	63.880312	32.806436	1002.800297	13.327580	11.920552	
9/14/2019 12:09:17.858820149	68.878438	31.777631	1003.260554	0.474552	26.658787	519.839358	64.048344	32.735147	1002.756613	20.145609	11.913981	
9/14/2019 12:09:18.858820149	68.648455	31.771910	1002.812678	0.251078	26.706586	519.663259	64.096549	32.799588	1002.837201	17.632239	11.934982	
9/14/2019 12:09:19.858820149	68.648455	31.777856	1001.929069	0.398569	26.696422	522.011719	64.327978	32.896604	1003.209223	20.097661	11.907358	
9/14/2019 12:09:20.858820149	68.707593	31.681764	1003.533616	0.301482	26.628378	520.384748	64.298830	32.724882	1002.861329	16.041379	11.924258	
9/14/2019 12:09:21.858820149	68.694451	31.929993	1003.575012	0.234867	26.868677	521.208743	64.456585	32.764304	1003.052463	19.650166	11.884833	
9/14/2019 12:09:22.858820149	68.812728	31.679935	1002.557909	0.279550	26.631847	522.151021	64.187228	32.725188	1002.852184	21.092479	11.908330	
9/14/2019 12:09:23.858820149	68.766732	31.799617	1003.489143	0.345859	26.701280	524.059881	64.165964	32.793566	1003.200391	24.248529	11.911064	
9/14/2019 12:09:24.858820149	68.793015	31.734483	1002.912898	0.369094	26.668339	522.702979	64.141336	32.747710	1002.830892	14.050703	11.931092	
9/14/2019 12:09:25.858820149	69.036140	31.804814	1002.448226	0.343375	26.771529	526.684977	64.263977	32.859351	1003.209694	24.543545	11.921591	
9/14/2019 12:09:26.858820149	68.990144	31.703750	1003.964934	0.299995	26.610009	525.086920	64.153427	32.724151	1002.929456	17.254702	11.927649	
9/14/2019 12:09:27.858820149	69.055853	31.898885	1003.645113	0.458185	26.770386	527.505689	64.212171	32.818469	1003.308258	19.136646	11.882310	
9/14/2019 12:09:28.858820149	68.839012	31.750523	1002.646853	0.442122	26.654461	526.034450	64.365853	32.725919	1002.671139	13.273350	11.937939	
9/14/2019 12:09:29.858820149	69.154417	31.794046	1002.402020	0.389403	26.682830	528.885588	64.399864	32.843064	1003.089052	22.394876	11.913837	
9/14/2019 12:09:30.858820149	69.154417	31.724238	1002.423388	0.347624	26.631235	528.237692	64.389481	32.733803	1002.787208	17.411113	11.936691	
9/14/2019 12:09:31.858820149	69.147846	31.730558	1003.520921	0.651576	26.717975	529.703015	64.569604	32.781734	1002.762451	14.286245	11.920237	
9/14/2019 12:09:32.858820149	69.134705	31.587767	1003.454213	0.712630	26.511677	530.211609	64.327136	32.781015	1002.222316	21.900744	11.894939	
9/14/2019 12:09:33.858820149	69.266124	31.682213	1002.605772	0.399937	26.601233	529.278530	64.497928	32.689703	1002.412664	14.002754	11.937729	
9/14/2019 12:09:34.858820149	69.272694	31.714368	1003.661119	0.335985	26.624459	530.386392	64.464469	32.743762	1002.846346	18.730548	11.925783	
9/14/2019 12:09:35.858820149	69.036140	31.792474	1002.832391	0.301208	26.661808	530.349596	64.477506	32.787968	1002.703626	14.746574	11.930488	
9/14/2019 12:09:36.858820149	69.344975	31.682737	1003.167824	0.464188	26.619071	530.047330	64.553940	32.736809	1002.474325	13.253962	11.922760	
9/14/2019 12:09:37.858820149	69.095279	31.787651	1003.153001	0.234711	26.692994	531.927940	64.251991	32.802700	1002.810707	20.223160	11.909474	
9/14/2019 12:09:38.858820149	69.371259	31.735680	1002.102226	0.281238	26.653073	532.114554	64.210910	32.700392	1002.655841	18.008736	11.933300	
9/14/2019 12:09:39.858820149	69.160988	31.846466	1002.658049	0.248639	26.742874	533.141592	64.146961	32.799070	1003.139360	17.698265	11.899394	
9/14/2019 12:09:40.858820149	69.463252	31.693355	1003.256375	0.351654	26.608295	532.942495	64.299748	32.649138	1002.887508	15.243328	11.915164	
9/14/2019 12:09:41.858820149	69.292407	31.813786	1003.080378	0.245602	26.681360	535.922421	64.240005	32.714817	1002.948383	17.774504	11.929108	
9/14/2019 12:09:42.858820149	69.509249	31.798045	1002.353368	0.274630	26.668339	535.612272	64.333602	32.727686	1002.817331	15.704967	11.930908	
9/14/2019 12:09:43.858820149	69.430397	31.720239	1003.838692	0.327428	26.624173	536.703705	64.335758	32.651106	1002.590394	17.622025	11.937243	
9/14/2019 12:09:44.858820149	69.528961	31.746748	1001.885385	0.306779	26.604907	537.084163	64.345036	32.658060	1002.743367	16.964929	11.935455	
9/14/2019 12:09:45.858820149	69.601242	31.788100	1003.004601	0.274429	26.704913	539.385311	64.186886	32.729136	1003.115388	20.180453	11.919291	
9/14/2019 12:09:46.858820149	69.450110	31.804141	1003.573357	0.289654	26.683075	539.360998	64.232883	32.658578	1003.019346	14.459422	11.918621	
9/14/2019 12:09:47.858820149	69.515820	31.703001	1002.638179	0.364143	26.615071	539.627120	64.201027	32.619569	1002.635971	15.959897	11.940370	
9/14/2019 12:09:48.858820149	69.423826	31.734932	1002.933557	0.405297	26.654175	539.539728	64.218637	32.643952	1002.767181	12.260454	11.929883	
9/14/2019 12:09:49.858820149	69.745803	31.782155	1003.154025	0.438919	26.643970	540.924227	64.227915	32.602763	1002.898233	11.338215	11.916163	
9/14/2019 12:09:50.858820149	69.726090	31.845942	1002.143940	0.332949	26.710872	541.830362	63.953644	32.641254	1002.778534	17.822453	11.902863	
9/14/2019 12:09:51.858820149	69.660380	31.729660	1002.726808	0.433041	26.625561	541.818531	63.823171	32.599334	1002.655527	12.145440	11.935955	
9/14/2019 12:09:52.858820149	69.509249	31.824405	1002.517537	0.324782	26.672870	542.835718	63.577996	32.678401	1003.051520	16.321978	11.928648	
9/14/2019 12:09:53.858820149	69.634097	31.787651	1003.640145	0.397833	26.592131	544.915425	63.428020	32.764421	1002.333498	19.602217	11.904348	
9/14/2019 12:09:54.858820149	69.772086	31.735606	1003.238081	0.309623	26.620214	544.660470	63.500143	32.615208	1002.861644	18.908967	11.940173	
9/14/2019 12:09:55.858820149	69.601242	31.767462	1004.656144	0.361441	26.628418	545.251856	63.584856	32.608361	1002.839723	17.637481	11.928319	
9/14/2019 12:09:56.858820149	69.811512	31.803841	1003.173423	0.258587	26.702341	545.056043	63.384968	32.651424	1002.979606	18.924423	11.929042	
9/14/2019 12:09:57.858820149	69.515820	31.883519	1001.969756	0.445360	26.588743	547.217226	63.306669	32.601514	1003.049626	18.279122	11.917963	
9/14/2019 12:09:58.858820149	69.818083	31.814759	1003.264023	0.235201	26.706056	547.189629	63.245822	32.654536	1002.972983	17.826385	11.912247	
9/14/2019 12:09:59.858820149	69.666951	31.825079	1003.345319	0.298956	26.663808	548.894792	63.153382	32.642915	1003.012094	18.495005	11.933747	
9/14/2019 12:10:00.858820149	69.818083	31.762938	1002.247234	0.306802	26.647399	549.076806	62.961825	32.587195	1002.887980	19.448428	11.921078	
9/14/2019 12:10:01.858820149	69.896934	31.731082	1003.191480	0.345995	26.618214	550.831249	63.175459	32.566335	1002.640859	17.416355	11.935482	
9/14/2019 12:10:02.858820149	69.699806	31.824779	1004.485747	0.257683	26.709729	551.260334	63.331059	32.667299	1002.979449	20.155823	11.927544	
9/14/2019 12:10:03.858820149	69.995499	31.740803	1003.102614	0.370938	26.613397	552.299856	63.532946	32.587713	1002.570524	13.905816	11.921196	
9/14/2019 12:10:04.858820149	69.686664	31.820929	1001.895715	0.223648	26.697565	553.535853	63.718141	32.655985	1002.984022	21.047151	11.925297	
9/14/2019 12:10:05.858820149	69.850938	31.804889	1003.651104	0.265812	26.684218	555.921109	63.738958	32.663457	1002.841145	21.175271	11.926532	
9/14/2019 12:10:06.858820149	70.048066	31.794046	1003.739181	0.239453	26.672625	556.042014	63.836261	32.654948	1002.916209	21.128633	11.931040	
9/14/2019 12:10:07.858820149	69.877222	31.761741	1003.212454	-0.002495	26.775162	555.420399	63.889380	32.764833	1002.243922	11.465024	11.926387	
9/14/2019 12:10:08.858820149	70.034924	31.740728	1001.725080	0.396338	26.635194	556.007185	64.170670	32.621124	1002.600804	13.890360	11.930080	
9/14/2019 12:10:09.858820149	70.120347	31.762265	1002.728464	0.366239	26.626133	558.114489	64.146094	32.622056	1002.640387	14.588853	11.941842	
9/14/2019 12:10:10.858820149	69.870651	31.788025	1002.739031	0.321202	26.645971	558.088207	64.192643	32.670929	1002.489622	11.149311	11.914823	
9/14/2019 12:10:11.858820149	70.094063	31.713320	1003.365978	0.363625	26.577069	559.387283	63.995724	32.647170	1002.817488	15.243328	11.915821	
9/14/2019 12:10:12.858820149	69.988928	31.751122	1002.445861	0.423247	26.644828	559.324858	64.084458	32.608880	1002.633449	14.257683	11.921761	
9/14/2019 12:10:13.858820149	69.988928	31.798345	1002.822850	0.326343	26.677115	561.214666	64.129903	32.697493	1002.869531	16.451409	11.926953	
9/14/2019 12:10:14.858820149	70.192627	31.863030	1003.253221	0.197118	26.748548	560.719871	64.281429	32.561562	1003.189981	23.324979	11.874437	
9/14/2019 12:10:15.858820149	70.087492	31.814610	1001.706076	0.556077	26.680789	561.066817	64.208202	32.633888	1002.515958	12.409273	11.910157	
9/14/2019 12:10:16.858820149	70.251766	31.778455	1001.722715	0.348542	26.634092	562.255503	64.281534	32.618838	1002.728069	16.473417	11.933760	
9/14/2019 12:10:17.858820149	70.034924	31.761217	1002.673189	0.356824	26.623847	563.316055	64.352159	32.647064	1002.666409	13.658750	11.942867	
9/14/2019 12:10:18.858820149	70.264907	31.725361	1003.087554	0.311861	26.598947	564.199191	64.302955	32.643222	1002.780270	18.872813	11.934115	
9/14/2019 12:10:19.858820149	69.988928	31.777856	1002.611291	0.632796	26.480777	566.040373	64.301904	32.635962	1002.861644	11.568515	11.916570	
9/14/2019 12:10:20.858820149	70.356901	31.762190	1002.771202	0.406727	26.649358	564.479112	64.427698	32.665637	1002.550654	13.252652	11.936940	
9/14/2019 12:10:21.858820149	70.179485	31.773183	1002.705440	0.389186	26.628133	566.069939	64.406724	32.650588	1002.657892	14.506060	11.939411	
9/14/2019 12:10:22.858820149	70.120347	31.809936	1002.731776	0.462890	26.642868	566.267067	64.244264	32.676115	1002.750147	12.783148	11.935232	
9/14/2019 12:10:23.858820149	70.291191	31.791351	1004.036135	0.399683	26.627276	568.141761	64.212670	32.681618	1002.736114	12.634330	11.899644	
9/14/2019 12:10:24.858820149	70.199198	31.757442	1004.341133	-0.069167	26.764426	569.193113	64.174296	32.739201	1002.474482	21.252821	11.892862	
9/14/2019 12:10:25.858820149	70.238624	31.799617	1002.619098	0.267359	26.657318	571.766299	64.244369	32.677152	1002.782478	19.462573	11.913745	
9/14/2019 12:10:26.858820149	70.166343	31.988134	1001.455251	0.185488	26.806878	569.120173	64.483026	32.641772	1003.348949	13.224090	11.908751	
9/14/2019 12:10:27.858820149	70.337188	31.745775	1001.482849	0.423935	26.653889	570.843734	64.375735	32.649763	1003.080221	12.591624	11.897659	
9/14/2019 12:10:28.858820149	70.416039	31.635364	1004.197624	0.391160	26.567190	572.541014	64.324376	32.765246	1002.217743	13.864420	11.898290	
9/14/2019 12:10:29.858820149	70.475178	32.015092	1003.101904	0.692469	26.847166	575.392804	64.598805	32.785163	1003.104507	23.424538	11.906530	
9/14/2019 12:10:30.858820149	70.429181	31.799467	1002.484340	0.402824	26.650501	572.049503	64.573915	32.651625	1002.585821	14.650947	11.938373	
9/14/2019 12:10:31.858820149	70.448894	31.885465	1003.117753	0.561535	26.641521	573.512195	64.715059	32.790042	1003.345162	18.259734	11.902390	
9/14/2019 12:10:32.858820149	70.494891	31.750598	1003.117753	0.367281	26.603723	573.620616	64.545766	32.689703	1002.456820	16.350540	11.905676	
9/14/2019 12:10:33.858820149	70.238624	31.853609	1002.312759	0.777257	26.779733	576.984947	64.756536	32.798339	1003.210166	14.301701	11.891798	
9/14/2019 12:10:34.858820149	70.573742	31.847214	1002.369375	0.292197	26.667237	576.150437	64.364197	32.709526	1002.817645	19.995481	11.924180	
9/14/2019 12:10:35.858820149	70.462036	31.978338	1003.537637	0.547135	26.693932	578.230796	64.395605	32.700805	1002.918417	19.277601	11.893612	
9/14/2019 12:10:36.858820149	70.356901	31.768135	1004.137539	0.348646	26.648256	577.580932	64.491305	32.643222	1002.773961	16.734629	11.925691	
9/14/2019 12:10:37.858820149	70.540887	31.885390	1002.985283	0.327266	26.720220	582.310047	64.682914	32.746154	1003.244390	22.988568	11.905479	
9/14/2019 12:10:38.858820149	70.317475	31.830575	1003.046472	0.409084	26.663808	579.583098	64.576175	32.669892	1002.859121	12.370497	11.930829	
9/14/2019 12:10:39.858820149	70.652593	31.946782	1003.669398	0.498807	26.839492	584.853004	64.637075	32.774580	1003.003735	20.710740	11.924692	
9/14/2019 12:10:40.858820149	70.462036	31.814684	1002.573521	0.321035	26.682789	582.532142	64.638573	32.682031	1003.021240	15.177302	11.931460	
9/14/2019 12:10:41.858820149	70.527745	31.948503	1003.553172	0.370533	26.717077	586.504277	64.658733	32.745530	1003.205436	19.313755	11.898067	
9/14/2019 12:10:42.858820149	70.606597	31.810835	1003.862426	-0.026229	26.767243	584.943679	64.680444	32.667500	1002.668616	15.957276	11.910197	
9/14/2019 12:10:43.858820149	70.475178	31.852711	1002.117681	0.416887	26.758467	587.010902	64.716163	32.812246	1003.406665	19.216817	11.894256	
9/14/2019 12:10:44.858820149	70.711732	31.799842	1002.957528	0.419949	26.627276	585.657285	64.717110	32.668643	1002.618309	13.190557	11.934969	
9/14/2019 12:10:45.858820149	70.646022	31.910851	1003.633284	0.504579	26.670951	587.689680	64.689328	32.692296	1003.039059	19.015079	11.917701	
9/14/2019 12:10:46.858820149	70.370043	31.948354	1001.855500	0.238725	26.754507	585.711164	64.743394	32.784232	1002.108612	22.052183	11.902482	
9/14/2019 12:10:47.858820149	70.718303	31.885839	1002.154741	0.298346	26.727322	589.306135	64.741843	32.788487	1003.469905	18.720063	11.908869	
9/14/2019 12:10:48.858820149	70.442323	31.851139	1003.137072	0.230944	26.668951	587.747506	64.446360	32.699461	1003.036851	17.262295	11.909553	
9/14/2019 12:10:49.858820149	70.705161	31.905580	1003.269779	0.544175	26.800102	591.676277	64.450828	32.790455	1003.036851	18.720063	11.923746	
9/14/2019 12:10:50.858820149	70.534316	31.920871	1004.049147	0.236725	26.719934	591.150601	64.345693	32.737021	1002.673189	19.503969	11.913548	
9/14/2019 12:10:51.858820149	70.915431	31.884417	1003.042214	0.471764	26.660175	591.846460	64.519797	32.723845	1003.016667	10.356502	11.913916	
9/14/2019 12:10:52.858820149	70.554029	31.825752	1002.189909	0.356062	26.726710	591.525144	64.581538	32.790667	1002.800455	17.859918	11.905715	
9/14/2019 12:10:53.858820149	70.790583	31.822127	1003.997499	0.556423	26.730424	593.968878	64.647799	32.763478	1003.071862	13.506271	11.915283	
9/14/2019 12:10:54.858820149	70.744587	31.757592	1002.625722	0.406489	26.618499	593.395891	64.573416	32.651519	1002.651740	13.354831	11.926716	
9/14/2019 12:10:55.858820149	70.692019	31.905280	1001.879865	0.559980	26.694177	595.966445	64.691298	32.784126	1002.984336	13.059816	11.890970	
9/14/2019 12:10:56.858820149	70.705161	31.904382	1002.833337	0.337257	26.667768	595.961192	64.675843	32.712224	1002.690537	15.996051	11.915677	
9/14/2019 12:10:57.858820149	70.632880	31.916947	1003.049941	0.437392	26.706341	599.316976	64.759006	32.762135	1003.323084	18.108295	11.911471	
9/14/2019 12:10:58.858820149	70.830009	31.818053	1001.976616	0.408291	26.647726	597.370005	64.780821	32.688571	1002.655841	12.200981	11.896674	
9/14/2019 12:10:59.858820149	70.613168	31.915899	1004.517445	0.368876	26.848309	598.290590	64.971169	32.691777	1002.601433	27.365805	11.881744	
9/14/2019 12:11:00.858820149	70.889147	31.799692	1001.576997	0.421068	26.625847	597.615097	64.765314	32.675077	1002.675397	12.596866	11.930645	
9/14/2019 12:11:01.858820149	70.770870	31.957850	1002.968173	0.437582	26.696422	599.410283	64.618755	32.763584	1003.108451	21.532110	11.909185	
9/14/2019 12:11:02.858820149	70.836580	31.821229	1003.317484	0.294829	26.647685	599.185557	64.452931	32.670198	1002.839566	18.907656	11.932617	
9/14/2019 12:11:03.858820149	70.836580	31.842766	1003.274510	0.355184	26.743241	602.042610	64.565636	32.760356	1002.970775	21.334303	11.907976	
9/14/2019 12:11:04.858820149	70.586884	31.816256	1004.230584	0.325309	26.604907	598.802468	64.449619	32.686698	1002.535514	13.684690	11.917871	
9/14/2019 12:11:05.858820149	71.033708	31.916198	1002.664201	0.541892	26.710056	601.875700	64.432718	32.640936	1002.887980	15.099752	11.913377	
9/14/2019 12:11:06.858820149	70.889147	31.800441	1002.183680	0.268540	26.623888	602.808778	64.377943	32.665531	1002.830892	18.173010	11.934049	
9/14/2019 12:11:07.858820149	70.784012	31.849160	1003.832621	0.403543	26.665849	603.319340	64.483078	32.734428	1002.975348	21.433862	11.915834	
9/14/2019 12:11:08.858820149	70.915431	31.821079	1003.060665	0.338268	26.597519	602.358011	64.511622	32.642185	1002.780427	15.296248	11.938215	
9/14/2019 12:11:09.858820149	70.718303	31.869499	1003.234769	0.536896	26.720505	604.431802	64.625826	32.726744	1002.886558	16.989559	11.907319	
9/14/2019 12:11:10.858820149	70.922002	31.800291	1004.233738	0.272180	26.565802	603.863414	64.666803	32.643741	1002.132740	13.110386	11.913968	
9/14/2019 12:11:11.858820149	70.816867	32.010195	1002.537565	0.519821	26.708341	605.787388	64.571103	32.749265	1003.288074	22.248679	11.890944	
9/14/2019 12:11:12.858820149	70.981141	31.842466	1002.494433	0.329380	26.625602	604.876654	64.503186	32.643116	1002.585821	14.751816	11.927662	
9/14/2019 12:11:13.858820149	70.764299	31.843963	1002.745969	0.444298	26.678870	609.075494	64.545818	32.761298	1002.826791	18.056685	11.900340	
9/14/2019 12:11:14.858820149	70.954857	31.826650	1002.627692	0.319667	26.657318	607.868409	64.267341	32.689290	1002.568002	17.678877	11.936875	
9/14/2019 12:11:15.858820149	70.902289	31.933511	1003.326395	0.519750	26.701525	610.222121	64.309027	32.697069	1003.172476	20.128843	11.893559	
9/14/2019 12:11:16.858820149	70.908860	31.910926	1003.499158	0.275868	26.684789	612.614607	64.286002	32.677776	1003.088895	20.136436	11.922747	
9/14/2019 12:11:17.858820149	70.948286	31.875744	1002.719238	0.407022	26.639807	612.395133	64.351055	32.768770	1002.725704	16.701096	11.918647	
9/14/2019 12:11:18.858820149	71.040279	31.800066	1003.071547	0.315905	26.617642	612.309057	64.195113	32.698318	1002.758507	18.620504	11.931027	
9/14/2019 12:11:19.858820149	70.876005	31.917246	1004.278131	0.474897	26.697565	615.128650	64.351055	32.737846	1003.069968	16.024613	11.905150	
9/14/2019 12:11:20.858820149	71.171698	31.842092	1002.184232	0.402597	26.630664	615.925048	64.348348	32.698424	1002.528733	12.783148	11.937229	
9/14/2019 12:11:21.858820149	71.007424	31.984209	1003.680200	0.385721	26.722301	617.567785	64.300143	32.772707	1003.022819	22.039348	11.898277	
9/14/2019 12:11:22.858820149	71.191411	32.004816	1003.086292	0.399663	26.742384	619.002226	64.558356	32.988435	1003.463282	28.447076	11.871651	
9/14/2019 12:11:23.858820149	70.974570	31.904382	1003.008702	0.245520	26.697239	618.725589	64.276409	32.731835	1002.699211	19.339695	11.931408	
9/14/2019 12:11:24.858820149	70.882576	31.869350	1004.136198	0.886904	26.784795	624.483058	64.343328	32.765648	1002.798876	16.188887	11.873728	
9/14/2019 12:11:25.858820149	71.066563	31.810086	1003.246755	0.322117	26.605723	620.710673	63.901076	32.682962	1002.629191	17.140727	11.934693	
9/14/2019 12:11:26.858820149	71.046850	32.026385	1002.735877	0.509049	26.673523	622.870539	64.004003	32.727475	1003.126113	17.165357	11.891062	
9/14/2019 12:11:27.858820149	71.125701	31.895560	1004.428264	0.332651	26.632949	622.258787	63.939897	32.688772	1003.075963	18.439464	11.917543	
9/14/2019 12:11:28.858820149	71.066563	31.902853	1004.197781	0.420578	26.806102	625.415474	64.091424	32.895980	1003.181465	22.776616	11.896030	
9/14/2019 12:11:29.858820149	71.040279	31.873424	1003.378121	0.345134	26.616499	624.362807	64.051603	32.701123	1002.462814	18.864950	11.936809	
9/14/2019 12:11:30.858820149	71.178269	31.975162	1002.697160	0.640152	26.705525	626.386655	64.149958	32.731411	1002.533778	15.954655	11.894702	
9/14/2019 12:11:31.858820149	71.046850	31.884267	1002.076757	0.498631	26.621030	624.743918	63.932617	32.713261	1002.863694	14.997572	11.900182	
9/14/2019 12:11:32.858820149	71.224266	31.944654	1001.814813	0.476132	26.710913	625.851780	63.863149	32.857902	1003.377964	21.746954	11.901129	
9/14/2019 12:11:33.858820149	71.105989	31.889539	1002.422442	0.295412	26.673442	627.899289	63.749892	32.734428	1002.896497	18.154933	11.929423	
9/14/2019 12:11:34.858820149	70.908860	31.968917	1003.424170	0.546639	26.836349	630.080848	63.795389	32.815357	1003.202914	21.968080	11.925073	
9/14/2019 12:11:35.858820149	71.040279	31.894736	1002.648509	0.298222	26.685361	628.579381	63.721400	32.730798	1002.949326	17.394347	11.923680	
9/14/2019 12:11:36.858820149	71.427965	31.932239	1003.181150	0.577995	26.650869	628.960492	63.868721	32.730374	1002.909743	18.810719	11.913456	
9/14/2019 12:11:37.858820149	71.007424	31.842092	1002.827423	0.356405	26.639725	629.182597	63.791525	32.722289	1002.804241	17.920702	11.940055	
9/14/2019 12:11:38.858820149	71.211124	31.886363	1002.934266	0.428872	26.717689	630.157724	63.992255	32.800520	1003.014931	19.634710	11.920868	
9/14/2019 12:11:39.858820149	71.250549	31.847439	1003.045920	0.372556	26.627561	629.350812	63.876186	32.714193	1002.548446	17.491284	11.936585	
9/14/2019 12:11:40.858820149	71.086276	32.021262	1002.054916	0.614441	26.758467	632.590291	63.848903	32.821167	1003.049626	19.833828	11.910814	
9/14/2019 12:11:41.858820149	71.099418	31.925619	1001.586933	0.274132	26.662951	631.397006	63.533103	32.764209	1003.014459	18.213096	11.926676	
9/14/2019 12:11:42.858820149	71.250549	31.997148	1002.836254	0.332694	26.724791	632.885326	63.732939	32.868485	1003.209223	20.424898	11.912812	
9/14/2019 12:11:43.858820149	71.046850	31.879594	1003.016272	0.481837	26.647113	631.987075	63.867012	32.703610	1002.598753	12.717123	11.935087	
9/14/2019 12:11:44.858820149	71.250549	31.921021	1002.809918	0.632272	26.760712	634.641084	63.997380	32.772400	1003.010358	14.152882	11.923365	
9/14/2019 12:11:45.858820149	71.145414	31.849834	1003.248096	0.295375	26.614826	634.388761	63.948019	32.724363	1002.886244	18.562342	11.918870	
9/14/2019 12:11:46.858820149	71.342543	31.986155	1003.923457	0.549435	26.684013	635.630663	63.754754	32.802594	1003.045368	17.399589	11.911090	
9/14/2019 12:11:47.858820149	71.165127	32.017038	1001.867013	0.375082	26.557598	636.785183	63.885674	32.693439	1002.331762	16.782578	11.911576	
9/14/2019 12:11:48.858820149	71.112560	31.870473	1003.226647	0.468400	26.691606	637.341740	64.118811	32.779872	1002.909901	15.022202	11.919619	
9/14/2019 12:11:49.858820149	71.237407	31.858656	1002.516985	0.396947	26.670951	636.780584	64.095944	32.721770	1002.607270	14.494536	11.921512	
9/14/2019 12:11:50.858820149	71.355685	31.954374	1004.393411	0.552389	26.687687	638.174934	64.123727	32.784433	1002.907693	15.513713	11.912155	
9/14/2019 12:11:51.858820149	71.138843	31.858132	1003.262052	0.274083	26.657318	638.841891	63.878603	32.740651	1002.852655	19.582830	11.936967	
9/14/2019 12:11:52.858820149	71.329401	31.959646	1002.712063	0.268435	26.708056	640.516825	64.151823	32.945266	1003.627136	24.040238	11.867630	
9/14/2019 12:11:53.858820149	71.099418	31.952877	1001.833422	0.259754	26.692708	640.194193	64.067453	32.770950	1002.909272	21.142778	11.918121	
9/14/2019 12:11:54.858820149	71.145414	31.985107	1003.368029	0.510553	26.818511	643.059128	64.171931	32.841296	1003.104507	20.858247	11.909987	
9/14/2019 12:11:55.858820149	71.381968	31.933062	1003.231772	0.225599	26.595274	640.425487	63.985185	32.706202	1002.441051	15.326120	11.916294	
9/14/2019 12:11:56.858820149	71.427965	31.958972	1003.655757	0.437511	26.673237	644.193925	63.903231	32.777173	1002.999476	18.398068	11.912615	
9/14/2019 12:11:57.858820149	71.171698	31.895485	1002.670981	0.357240	26.674299	643.490834	63.928359	32.739095	1002.782321	14.586232	11.928950	
9/14/2019 12:11:58.858820149	71.447678	31.866847	1003.892311	0.514864	26.740343	647.685074	64.219531	32.837148	1003.308101	17.103263	11.881784	
9/14/2019 12:11:59.858820149	71.211124	31.863704	1001.882310	0.406130	26.618214	645.416123	64.151719	32.717929	1002.760557	14.289906	11.922576	
9/14/2019 12:12:00.858820149	71.519958	31.974489	1003.326158	0.615359	26.711199	648.317192	64.189436	32.721347	1002.708514	15.223940	11.920736	
9/14/2019 12:12:01.858820149	71.171698	31.852486	1003.479760	0.315679	26.648501	648.684515	63.988049	32.769289	1002.876312	19.893301	11.928017	
9/14/2019 12:12:02.858820149	71.447678	31.845311	1003.350681	0.475333	26.673237	650.009872	64.197663	32.874295	1002.734693	16.948163	11.855053	
9/14/2019 12:12:03.858820149	71.526529	31.869574	1003.680437	0.455701	26.648256	648.920408	64.272755	32.764410	1002.570524	13.847654	11.923430	
9/14/2019 12:12:04.858820149	71.322830	31.944130	1002.951062	0.697743	26.746589	653.058137	64.408827	32.815558	1002.804398	15.396078	11.912549	
9/14/2019 12:12:05.858820149	71.473962	31.884716	1004.090701	0.303646	26.618785	651.442997	64.052103	32.692402	1002.791309	15.769683	11.919580	
9/14/2019 12:12:06.858820149	71.388539	31.975237	1002.727912	0.527608	26.681156	652.523915	64.174796	32.807991	1003.069339	14.114107	11.911274	
9/14/2019 12:12:07.858820149	71.368826	31.918476	1002.889479	0.262948	26.684136	652.859693	63.952487	32.805293	1003.110187	20.321408	11.904808	
9/14/2019 12:12:08.858820149	71.309688	31.870847	1003.441833	0.471481	26.720505	656.344926	64.288605	32.793460	1003.023762	17.523777	11.909579	
9/14/2019 12:12:09.858820149	71.329401	31.858731	1002.639283	0.334784	26.638337	653.463561	64.204838	32.700805	1002.517851	13.786870	11.937716	
9/14/2019 12:12:10.858820149	71.473962	32.022011	1003.108765	0.485460	26.733772	655.656287	64.177898	32.788275	1003.146140	19.003284	11.896279	
9/14/2019 12:12:11.858820149	71.342543	31.895036	1003.038350	0.347040	26.689891	654.239592	64.077782	32.670611	1003.360616	17.188676	11.883847	
9/14/2019 12:12:12.858820149	71.243978	32.034351	1003.651736	0.208859	26.704953	658.925994	64.120520	32.825940	1002.811022	22.670504	11.891693	
9/14/2019 12:12:13.858820149	71.322830	31.958224	1003.300294	0.303386	26.688463	656.831174	64.081199	32.780084	1002.867795	16.528959	11.912496	
9/14/2019 12:12:14.858820149	71.526529	31.990005	1002.860935	0.576454	26.747691	659.647483	64.125540	32.774062	1002.949012	13.309504	11.922787	
9/14/2019 12:12:15.858820149	71.204553	31.895560	1002.786579	0.272208	26.639970	658.721635	64.027475	32.771151	1002.401468	18.806787	11.901654	
9/14/2019 12:12:16.858820149	71.355685	31.869050	1002.495064	0.270310	26.641725	660.700150	64.107877	32.747604	1002.784371	17.180813	11.930277	
9/14/2019 12:12:17.858820149	71.611951	31.908125	1003.161043	0.352547	26.706056	660.491191	64.336442	32.856865	1003.156550	20.166308	11.907122	
9/14/2019 12:12:18.858820149	71.237407	31.919749	1004.146133	0.367678	26.655604	661.284305	63.870928	32.802806	1003.011937	13.538493	11.900025	
9/14/2019 12:12:19.858820149	71.519958	31.985931	1003.148900	0.623656	26.716546	662.423048	64.141941	32.706297	1003.269147	12.779217	11.848443	
9/14/2019 12:12:20.858820149	71.421394	31.885465	1002.533149	0.380544	26.604335	662.678002	64.061434	32.751234	1002.557277	12.633020	11.928056	
9/14/2019 12:12:21.858820149	71.454249	31.992101	1003.240446	0.357580	26.736425	664.198519	64.125278	32.901165	1003.415182	26.197810	11.903205	
9/14/2019 12:12:22.858820149	71.513387	31.921470	1003.332782	0.301933	26.704872	665.637560	63.743873	32.804880	1002.679655	18.207853	11.921393	
9/14/2019 12:12:23.858820149	71.191411	31.918893	1003.206697	0.616942	26.807490	667.533936	64.122176	32.839222	1002.923304	21.640842	11.890523	
9/14/2019 12:12:24.858820149	71.546242	31.864602	1003.376308	0.386172	26.606866	666.241428	64.114343	32.728924	1002.576990	11.726236	11.921078	
9/14/2019 12:12:25.858820149	71.598810	32.012066	1001.788319	0.664234	26.699035	666.851864	63.950332	32.815145	1002.958000	15.770993	11.900012	
9/14/2019 12:12:26.858820149	71.414823	31.968393	1002.705440	0.201248	26.687320	667.879566	64.017093	32.787862	1002.950905	17.988038	11.929909	
9/14/2019 12:12:27.858820149	71.565955	31.960544	1004.232240	0.305844	26.731853	670.041410	64.167411	32.959479	1002.330026	18.418766	11.881574	
9/14/2019 12:12:28.858820149	71.480533	31.864602	1002.403676	0.344279	26.619642	670.061777	63.877999	32.759224	1002.590079	13.266797	11.927491	
9/14/2019 12:12:29.858820149	71.487103	32.021786	1002.999319	0.562467	26.731853	671.036904	64.034151	32.771775	1002.920625	13.715602	11.922800	
9/14/2019 12:12:30.858820149	71.355685	31.916572	1002.769151	0.407668	26.651930	672.181563	64.038461	32.811621	1002.670667	10.872643	11.911800	
9/14/2019 12:12:31.858820149	71.671090	31.996924	1003.830176	0.309651	26.741772	673.813132	64.170984	32.907706	1003.101984	22.842371	11.895215	
9/14/2019 12:12:32.858820149	71.684232	31.853160	1002.747468	0.308549	26.621602	674.606245	64.103067	32.752271	1002.764816	14.657229	11.934706	
9/14/2019 12:12:33.858820149	71.565955	31.986305	1003.150398	0.438562	26.787938	676.992816	64.214169	32.860283	1003.081007	19.233583	11.919738	
9/14/2019 12:12:34.858820149	71.513387	31.912199	1003.968403	0.191204	26.604050	675.288306	64.173377	32.765553	1002.905013	12.431281	11.909999	
9/14/2019 12:12:35.858820149	71.664519	31.980210	1003.369999	0.433344	26.661318	676.618926	63.915322	32.791386	1002.948540	19.479339	11.907029	
9/14/2019 12:12:36.858820149	71.703945	31.969816	1003.611364	0.411976	26.664094	677.687360	64.047687	32.781946	1003.178628	13.436313	11.905912	
9/14/2019 12:12:37.858820149	71.611951	31.934559	1002.863694	0.518861	26.740343	680.474102	64.185125	32.903864	1003.087002	16.292377	11.912023	
9/14/2019 12:12:38.858820149	71.493674	31.927640	1001.812762	0.401181	26.618785	677.490231	64.156424	32.778104	1002.830892	12.307093	11.924850	
9/14/2019 12:12:39.858820149	71.572526	32.016664	1003.477789	0.608929	26.712872	678.526469	64.022612	32.771257	1002.640544	13.940659	11.919698	
9/14/2019 12:12:40.858820149	71.789367	31.884866	1002.019354	0.447368	26.628133	678.834649	63.926256	32.749572	1002.751726	11.951294	11.909329	
9/14/2019 12:12:41.858820149	71.644806	32.013039	1002.170591	0.355736	26.719934	680.623919	64.099203	32.903970	1003.301163	23.485322	11.909592	
9/14/2019 12:12:42.858820149	71.625093	31.895635	1002.779009	0.441394	26.627276	679.416835	64.142992	32.779660	1002.464707	10.882857	11.936244	
9/14/2019 12:12:43.858820149	71.519958	32.007542	1004.128076	0.622310	26.823654	682.566291	64.248732	32.890476	1002.752355	20.061507	11.899933	
9/14/2019 12:12:44.858820149	71.434536	31.996250	1003.569888	0.344743	26.695851	683.199072	64.171274	32.848768	1002.898547	19.917931	11.934890	
9/14/2019 12:12:45.858820149	71.500245	31.996325	1003.523444	0.436808	26.691892	683.419198	63.988102	32.839222	1003.143461	17.614162	11.910105	
9/14/2019 12:12:46.858820149	71.618522	31.926817	1003.299113	0.270466	26.667482	684.829326	64.005160	32.797927	1002.768917	17.079944	11.911590	
9/14/2019 12:12:47.858820149	71.756512	31.980434	1003.241945	0.414806	26.775733	687.156102	64.181366	32.878443	1002.938130	20.408132	11.921591	
9/14/2019 12:12:48.858820149	71.690803	31.932987	1004.247931	0.385186	26.642868	685.952954	64.173140	32.743656	1002.673189	11.732789	11.928608	
9/14/2019 12:12:49.858820149	71.743370	32.069832	1002.985440	0.572656	26.738384	687.068700	64.278617	32.832788	1003.119489	15.628728	11.905544	
9/14/2019 12:12:50.858820149	71.480533	32.006045	1002.208912	0.261159	26.682503	688.509056	64.008814	32.849393	1002.946489	18.558410	11.929318	
9/14/2019 12:12:51.858820149	71.802509	31.967089	1002.491358	0.399357	26.643195	688.576734	64.116656	32.854991	1002.889873	12.638262	11.895373	
9/14/2019 12:12:52.858820149	71.671090	32.017712	1001.339654	0.503177	26.581395	690.252983	64.028079	32.842746	1002.487571	12.432592	11.913574	
9/14/2019 12:12:53.858820149	71.671090	31.970414	1002.376393	0.658969	26.723363	690.337091	64.320408	32.833613	1002.916524	12.168759	11.906162	
9/14/2019 12:12:54.858820149	71.480533	31.884716	1003.863215	0.345837	26.654461	691.676909	64.266527	32.768252	1002.677290	15.889940	11.935061	
9/14/2019 12:12:55.858820149	71.881360	32.022909	1002.707805	0.426634	26.679156	692.102047	64.132558	32.921919	1003.356044	18.398068	11.908922	
9/14/2019 12:12:56.858820149	71.657948	31.926518	1003.149846	0.268537	26.658992	694.005653	64.042825	32.795334	1002.795410	17.098021	11.932117	
9/14/2019 12:12:57.858820149	71.749941	31.796366	1004.341528	0.703099	26.651359	695.310644	64.127248	32.944641	1002.424175	14.072711	11.875318	
9/14/2019 12:12:58.858820149	71.408252	31.911899	1001.939004	0.291220	26.640582	695.850118	64.141494	32.803737	1002.859279	16.155083	11.913666	
9/14/2019 12:12:59.858820149	71.874789	32.106811	1004.370939	0.380121	26.743772	696.726023	64.301851	32.888508	1003.351314	21.242337	11.893033	
9/14/2019 12:13:00.858820149	71.710516	31.901580	1002.980867	0.402527	26.671482	697.076253	64.331080	32.765447	1002.684228	11.259354	11.934154	
9/14/2019 12:13:01.858820149	71.585668	31.933511	1003.448851	0.424991	26.695565	699.544962	64.178055	32.817950	1002.866059	14.738711	11.917451	
9/14/2019 12:13:02.858820149	71.592239	31.916872	1003.133603	0.293781	26.663523	700.307847	64.232278	32.825528	1002.879149	19.153412	11.930185	
9/14/2019 12:13:03.858820149	71.828793	32.088525	1004.506878	0.483389	26.763774	701.032619	64.344931	32.872315	1002.825847	18.947742	11.888184	
9/14/2019 12:13:04.858820149	71.736799	31.969292	1003.558611	0.305182	26.649358	702.538685	64.075732	32.776654	1002.891767	16.667293	11.914560	
9/14/2019 12:13:05.858820149	71.671090	31.997747	1002.627850	0.381254	26.708341	703.104441	64.366956	32.945266	1003.419598	20.123601	11.909973	
9/14/2019 12:13:06.858820149	71.618522	31.890961	1002.022351	0.456401	26.638337	703.072244	64.143045	32.751646	1002.246759	11.929285	11.915191	
9/14/2019 12:13:07.858820149	71.868218	31.986305	1003.145351	0.667282	26.757405	704.047371	64.358782	32.862251	1002.840195	12.001864	11.896424	
9/14/2019 12:13:08.858820149	71.644806	31.907077	1002.136527	0.418712	26.647971	703.671513	64.395790	32.814214	1002.561693	11.646065	11.930566	
9/14/2019 12:13:09.858820149	71.907644	32.060411	1004.408788	0.483485	26.653114	704.185358	64.382858	32.835899	1002.850605	19.157344	11.891548	
9/14/2019 12:13:10.858820149	71.828793	32.012889	1003.397754	0.296642	26.748262	708.171301	64.609715	32.976602	1003.299585	24.932877	11.865751	
9/14/2019 12:13:11.858820149	71.552813	31.969591	1003.323950	0.267229	26.682789	705.809044	64.227416	32.774062	1002.769231	18.517014	11.933287	
9/14/2019 12:13:12.858820149	71.841935	32.092567	1003.326158	0.655434	26.833288	708.926302	64.497167	32.900329	1002.735007	21.358933	11.896503	
9/14/2019 12:13:13.858820149	71.585668	31.970639	1002.444600	0.295661	26.683932	706.870247	64.304953	32.810372	1002.885615	11.992690	11.918292	
9/14/2019 12:13:14.858820149	71.986495	31.991951	1003.909973	0.443912	26.657073	708.083246	64.310026	32.839847	1003.167746	20.445596	11.907608	
9/14/2019 12:13:15.858820149	71.697374	31.969965	1001.506425	0.260779	26.719363	708.454505	64.447254	32.818680	1002.937816	19.097871	11.922550	
9/14/2019 12:13:16.858820149	71.657948	32.034276	1002.780113	0.493952	26.886801	712.330711	64.437029	32.848662	1003.211902	21.171339	11.905045	
9/14/2019 12:13:17.858820149	71.894502	31.928389	1001.831371	0.321919	26.665808	709.440147	64.261716	32.819612	1001.961948	13.640673	11.923536	
9/14/2019 12:13:18.858820149	71.914215	32.069383	1003.673262	0.565725	26.689401	711.508022	64.349057	32.736915	1002.784686	21.409232	11.909224	
9/14/2019 12:13:19.858820149	71.887931	31.933361	1004.215129	0.432492	26.627276	710.500697	64.526657	32.725294	1002.583299	12.589002	11.925402	
9/14/2019 12:13:20.858820149	71.749941	31.987203	1002.727598	0.424895	26.725322	714.569432	64.524607	32.798964	1002.820010	18.584351	11.901773	
9/14/2019 12:13:21.858820149	71.848505	31.976136	1002.389245	0.351921	26.644868	711.992301	64.609215	32.754970	1002.999634	12.906026	11.906320	
9/14/2019 12:13:22.858820149	71.782796	32.072303	1002.815123	0.511493	26.767569	713.446456	64.459107	32.759012	1003.143618	22.275930	11.891653	
9/14/2019 12:13:23.858820149	71.644806	31.885390	1002.935765	0.361642	26.616785	712.106638	64.595679	32.686592	1002.640387	15.068569	11.931946	
9/14/2019 12:13:24.858820149	71.933928	31.971238	1003.493244	0.389630	26.674625	714.895348	64.459002	32.804361	1003.130528	21.185485	11.913666	
9/14/2019 12:13:25.858820149	71.657948	31.970190	1003.103403	0.434041	26.672339	713.349202	64.669168	32.738576	1002.673346	14.257683	11.929344	
9/14/2019 12:13:26.858820149	71.809080	32.060187	1003.227751	0.631320	26.806347	716.542684	64.650611	32.839222	1003.467697	20.697905	11.892232	
9/14/2019 12:13:27.858820149	71.723658	31.953850	1003.075963	0.277392	26.670625	715.680577	64.666907	32.699461	1002.900598	22.742812	11.936691	
9/14/2019 12:13:28.858820149	71.809080	32.023733	1004.611594	0.503684	26.674952	716.135281	64.684018	32.741063	1003.108922	22.470076	11.901970	
9/14/2019 12:13:29.858820149	71.920786	31.926068	1004.035426	0.373077	26.620704	716.185876	64.758139	32.735147	1002.898390	21.014929	11.902785	
9/14/2019 12:13:30.858820149	71.717087	31.971238	1002.632108	0.464805	26.785652	718.274128	64.665409	32.817019	1003.207644	23.309523	11.913863	
9/14/2019 12:13:31.858820149	71.881360	32.033453	1001.663813	0.537918	26.530658	717.711656	64.937473	32.555128	1002.909429	28.681308	11.870495	
9/14/2019 12:13:32.858820149	71.894502	32.060037	1003.835932	0.493175	26.695892	720.483936	64.569157	32.715124	1003.065238	26.076242	11.914179	
9/14/2019 12:13:33.858820149	71.625093	31.975387	1002.530074	0.422581	26.671768	719.374759	64.738241	32.727475	1002.725704	17.977824	11.920395	
9/14/2019 12:13:34.858820149	71.986495	31.921363	1002.661284	0.447056	26.638378	721.747530	64.907220	32.806954	1002.811494	23.543755	11.888132	
9/14/2019 12:13:35.858820149	71.743370	31.933661	1002.411797	0.389625	26.638337	720.962300	64.646248	32.703610	1002.745574	22.837399	11.929252	
