
Time stamp	Inside_humidity (in %rH)	Inside_temperature (in °C)	Inside_pressure (in mbar)	Soil_moisture (in %VWC)	Soil_temperature (in °C)	Inside_CO2_ratio (in ppm)	Outside_humidity (in %rH)	Outside_temperature (in °C)	Outside_pressure (in mbar)	Outside_PAR (in µmol m^-2 s^-1)	Power_box_charge (in V)	
9/14/2019 11:23:18.002124449	68.411900	31.254246	1003.699756	7.565868	26.016424	518.150624	61.592360	33.241075	1002.963837	15.431961	11.960201	
9/14/2019 11:23:19.002124449	68.195059	31.228742	1004.141640	7.573507	25.941399	516.725381	61.601586	33.138874	1002.384434	12.557820	11.958178	
9/14/2019 11:23:20.002124449	68.477610	31.370528	1005.422895	7.866837	26.077897	515.277804	61.743887	33.148515	1002.632027	7.964699	11.931618	
9/14/2019 11:23:21.002124449	68.379046	31.274885	1004.340424	7.478045	25.915765	514.137744	61.554143	33.176740	1002.638022	9.963239	11.974000	
9/14/2019 11:23:22.002124449	68.517036	31.258994	1003.831674	8.430999	26.115818	514.610857	61.760051	33.190847	1002.599225	5.376670	11.975472	
9/14/2019 11:23:23.002124449	68.635313	31.179167	1001.827113	7.687125	25.990586	512.834069	61.724936	33.089895	1002.235248	4.723235	11.967127	
9/14/2019 11:23:24.002124449	68.931005	31.229159	1003.577063	8.038443	26.011281	511.768918	61.939859	33.204860	1002.747625	7.133115	11.964801	
9/14/2019 11:23:25.002124449	68.799586	31.225310	1003.377884	7.762848	25.946910	510.907463	61.596671	33.110330	1002.589765	3.848944	11.958677	
9/14/2019 11:23:26.002124449	69.134705	31.253722	1004.830800	8.147450	26.037119	510.559202	61.621456	33.141255	1002.784371	10.651246	11.954629	
9/14/2019 11:23:27.002124449	69.075566	31.232710	1003.131947	7.891211	25.929929	509.229244	61.625924	33.127973	1002.391058	6.150092	11.987826	
9/14/2019 11:23:28.002124449	69.174130	31.316761	1004.612540	7.806459	26.102225	508.094437	61.714211	33.171237	1003.389160	21.000513	11.962357	
9/14/2019 11:23:29.002124449	69.358117	31.289578	1002.194167	7.875502	25.919194	507.776404	61.951345	33.143022	1002.598282	11.204852	11.970741	
9/14/2019 11:23:30.002124449	69.417255	31.243253	1003.601586	8.529015	26.075897	508.262000	61.755530	33.183069	1002.691009	4.771184	11.972463	
9/14/2019 11:23:31.002124449	69.252982	31.185337	1001.895083	7.623252	25.946665	507.453772	61.715105	33.188678	1002.140942	14.403610	11.946061	
9/14/2019 11:23:32.002124449	69.377830	31.262138	1002.927011	7.766904	25.973809	507.697559	62.039080	33.206828	1002.958315	14.066158	11.943209	
9/14/2019 11:23:33.002124449	69.390972	31.238431	1002.310788	7.792024	25.904989	506.238804	61.987512	33.146546	1002.729805	12.644544	11.984803	
9/14/2019 11:23:34.002124449	69.686664	31.338298	1002.646144	7.918193	25.931439	505.178905	61.872756	33.247298	1003.032121	13.839790	11.944287	
9/14/2019 11:23:35.002124449	69.910076	31.228261	1001.797071	6.971986	25.866211	506.794708	62.097062	33.275418	1002.482841	5.359633	11.957100	
9/14/2019 11:23:36.002124449	69.798370	31.311788	1004.987399	8.237184	26.033119	506.437900	61.945089	33.119464	1002.546395	12.066308	11.942434	
9/14/2019 11:23:37.002124449	69.903505	31.226539	1002.015410	7.665487	25.919194	504.683457	62.053326	33.143022	1002.759928	13.173520	11.970741	
9/14/2019 11:23:38.002124449	69.956073	31.337849	1002.889479	8.355183	26.034507	504.810277	62.180329	33.203198	1002.736586	14.164407	11.977930	
9/14/2019 11:23:39.002124449	70.074350	31.253198	1001.856841	8.238850	25.918337	505.424008	61.782970	33.132852	1002.502397	15.580779	11.960504	
9/14/2019 11:23:40.002124449	70.251766	31.264715	1004.112859	7.933788	26.036793	503.573626	62.128918	33.226544	1003.043160	16.879516	11.974263	
9/14/2019 11:23:41.002124449	70.126918	31.248151	1003.680043	7.936680	25.943236	502.100419	62.117642	33.121125	1002.254961	6.807188	11.981899	
9/14/2019 11:23:42.002124449	70.245195	31.444934	1005.271343	7.994319	25.764491	501.550430	62.647970	33.238789	1003.150398	13.785559	11.931907	
9/14/2019 11:23:43.002124449	70.284620	31.201303	1001.948624	7.783431	25.979524	502.100419	62.340792	33.123200	1002.559170	10.551688	11.966273	
9/14/2019 11:23:44.002124449	70.422610	31.287150	1003.260159	7.952432	26.013852	502.380340	62.405897	33.197906	1002.808657	14.599066	11.964604	
9/14/2019 11:23:45.002124449	70.324046	31.243703	1003.319060	7.667894	25.950829	501.313221	62.168001	33.116247	1002.420237	13.011867	11.961857	
9/14/2019 11:23:46.002124449	70.370043	31.355461	1003.543157	8.383669	25.984953	500.588438	62.320684	33.106700	1003.081957	3.471136	11.940397	
9/14/2019 11:23:47.002124449	70.534316	31.243104	1004.724666	7.411144	25.941808	499.122462	62.368337	33.151319	1002.465494	10.845393	11.948347	
9/14/2019 11:23:48.002124449	70.646022	31.369256	1004.165768	8.414896	26.052671	502.810078	62.381374	33.089683	1002.438686	5.073792	11.948453	
9/14/2019 11:23:49.002124449	70.652593	31.222540	1003.468012	7.920658	25.973850	502.020911	62.386684	33.076507	1002.423546	6.739851	11.972949	
9/14/2019 11:23:50.002124449	70.685448	31.359984	1003.805338	8.570738	26.031650	503.909405	62.222225	33.138344	1002.537879	9.024232	11.973751	
9/14/2019 11:23:51.002124449	70.744587	31.279333	1003.488276	7.758534	25.893396	501.665419	62.253319	33.135550	1002.826005	11.984827	11.987366	
9/14/2019 11:23:52.002124449	70.692019	31.254770	1003.496318	8.641412	26.081775	505.677646	62.363369	33.100784	1002.513436	6.140918	11.945496	
9/14/2019 11:23:53.002124449	70.606597	31.238805	1003.722071	8.148570	25.863640	503.712276	62.219413	32.989037	1002.734850	10.412043	11.972279	
9/14/2019 11:23:54.002124449	70.632880	31.117176	1004.856742	8.402131	26.001076	505.240678	62.499494	33.168856	1003.176735	15.401049	11.949070	
9/14/2019 11:23:55.002124449	70.567171	31.179766	1003.804471	8.648627	26.036466	501.443977	61.932104	33.216173	1002.546395	8.324430	11.964065	
9/14/2019 11:23:56.002124449	71.059992	31.317734	1003.731059	7.938649	25.991729	503.827265	62.324995	33.219803	1002.723654	13.887739	11.946126	
9/14/2019 11:23:57.002124449	71.125701	31.221492	1002.745180	7.712742	25.922296	503.592025	62.285070	33.100171	1002.968096	11.675666	11.961332	
9/14/2019 11:23:58.002124449	71.151985	31.345142	1001.965183	8.241541	25.933929	501.153542	62.322840	33.262760	1003.714819	17.510672	11.943603	
9/14/2019 11:23:59.002124449	71.112560	31.269089	1002.793280	7.644379	25.911806	503.173454	62.357088	33.050885	1002.683599	12.125781	11.970820	
9/14/2019 11:24:00.002124449	71.434536	31.376249	1001.685339	8.149248	25.942460	505.680930	62.242280	33.112310	1003.242182	13.982056	11.938110	
9/14/2019 11:24:01.002124449	71.184840	31.265239	1003.458943	7.965864	25.923153	505.246593	61.918857	32.846164	1001.884675	5.602768	11.975341	
9/14/2019 11:24:02.002124449	71.303117	31.292647	1003.472585	8.172024	25.977850	504.050676	62.125212	33.067691	1002.865588	5.399719	11.959518	
9/14/2019 11:24:03.002124449	71.355685	31.354338	1004.133595	8.874488	26.121165	504.542186	62.374251	33.129328	1003.318511	9.385003	11.966010	
9/14/2019 11:24:04.002124449	71.342543	31.264042	1003.437732	7.738350	25.906132	502.652377	62.327150	33.013738	1002.977084	7.383842	11.980033	
9/14/2019 11:24:05.002124449	71.335972	31.232036	1003.638961	7.791628	25.968462	503.822666	62.258733	32.980327	1002.664201	3.037787	11.981347	
9/14/2019 11:24:06.002124449	71.381968	31.208072	1002.181867	8.168302	25.915724	504.404852	62.294743	33.010521	1001.751887	1.360203	11.972581	
9/14/2019 11:24:07.002124449	71.493674	31.232260	1002.256775	7.776401	25.978667	504.437049	62.137197	32.987280	1002.403518	3.835839	11.964906	
9/14/2019 11:24:08.002124449	71.526529	31.311564	1004.617508	7.955375	25.909275	503.645904	62.148788	33.019654	1002.456348	4.560271	11.970255	
9/14/2019 11:24:09.002124449	71.454249	31.369705	1005.041175	7.956161	25.758817	504.130184	62.407053	32.918384	1003.263317	6.709979	11.962764	
9/14/2019 11:24:10.002124449	71.598810	31.311938	1003.076357	7.810461	25.879232	504.115069	62.303127	33.038228	1002.463129	5.075102	11.972226	
9/14/2019 11:24:11.002124449	71.664519	31.222615	1004.005778	7.847997	25.962788	505.836663	62.178174	32.946398	1002.515329	2.075462	11.979546	
9/14/2019 11:24:12.002124449	71.677661	31.279259	1003.493244	7.706586	25.930786	506.234204	62.164585	32.951901	1002.683756	7.630908	11.981662	
9/14/2019 11:24:13.002124449	71.717087	31.291449	1003.231535	7.914199	25.880253	505.588939	62.181248	33.014363	1002.900598	3.250010	11.950306	
9/14/2019 11:24:14.002124449	71.841935	31.279932	1004.865258	7.702891	25.879232	506.705338	62.322288	32.949827	1002.968253	7.819812	11.980887	
9/14/2019 11:24:15.002124449	71.782796	31.249498	1004.258813	7.564172	25.898172	507.035201	62.389548	32.875533	1003.381908	11.334283	11.923877	
9/14/2019 11:24:16.002124449	71.736799	31.221642	1003.042214	7.674690	25.926541	508.942093	62.119692	32.894106	1002.445152	5.168108	11.981452	
9/14/2019 11:24:17.002124449	71.684232	31.222315	1001.920238	7.763968	25.969605	509.397460	62.148184	32.890370	1002.609321	4.966369	11.964617	
9/14/2019 11:24:18.002124449	71.559384	31.322856	1002.772305	7.965732	25.858823	508.378305	62.199752	32.966845	1002.721603	5.200601	11.954051	
9/14/2019 11:24:19.002124449	71.651377	31.269613	1003.866527	8.018057	25.900744	509.261441	62.114277	32.970993	1002.515172	2.598156	11.977089	
9/14/2019 11:24:20.002124449	72.012779	31.222540	1003.028572	7.834109	25.929644	509.938250	62.224275	32.887672	1002.486942	2.401389	11.979599	
9/14/2019 11:24:21.002124449	71.881360	31.328802	1004.716149	7.781155	25.868701	508.368453	62.346364	32.982814	1002.779641	6.655749	11.945404	
9/14/2019 11:24:22.002124449	71.605380	31.100762	1002.750622	8.570738	26.083244	508.719335	62.305177	33.061162	1002.300538	8.681268	11.941579	
9/14/2019 11:24:23.002124449	71.815651	31.242879	1001.994042	7.753109	25.957441	509.880424	62.204562	32.915379	1002.383805	6.791461	11.954669	
9/14/2019 11:24:24.002124449	71.940499	31.306966	1005.009714	7.919425	25.880620	508.767962	62.254475	32.976803	1002.721289	4.359843	11.981715	
9/14/2019 11:24:25.002124449	71.973353	31.286252	1003.578009	8.021600	25.899315	509.229244	62.271376	32.982401	1002.466915	2.984867	11.971412	
9/14/2019 11:24:26.002124449	71.999637	31.297470	1003.048522	7.951365	25.888539	509.698410	62.237522	32.991535	1002.823954	3.330182	11.961240	
9/14/2019 11:24:27.002124449	72.071918	31.269314	1003.151660	7.676610	25.906989	510.190574	62.326151	32.919114	1002.775540	8.082335	11.981820	
9/14/2019 11:24:28.002124449	71.855076	31.328951	1004.260389	7.524687	25.794207	511.421972	62.573430	33.072263	1002.351318	-4.179787	11.916163	
9/14/2019 11:24:29.002124449	72.209908	31.271709	1002.821194	7.590653	25.929113	510.797074	62.435440	32.911537	1003.219790	9.201341	11.963066	
9/14/2019 11:24:30.002124449	72.104772	31.303340	1003.235321	7.936718	25.934746	511.515279	62.098875	33.045700	1003.064767	-2.659924	11.913889	
9/14/2019 11:24:31.002124449	72.012779	31.259967	1002.472355	7.983648	25.933317	512.120463	62.154255	32.935814	1002.217900	1.095060	11.964972	
9/14/2019 11:24:32.002124449	72.045634	31.238655	1003.005548	7.875345	25.938134	513.416255	62.261546	32.897112	1002.441051	2.345848	11.977141	
9/14/2019 11:24:33.002124449	72.347897	31.285429	1003.153867	7.698114	25.912091	513.109390	62.369940	32.927517	1002.819381	9.929435	11.982293	
9/14/2019 11:24:34.002124449	72.183624	31.348842	1002.658444	7.777797	25.873844	514.164026	62.477835	32.936026	1002.782321	10.430120	11.979467	
9/14/2019 11:24:35.002124449	72.091630	31.348692	1004.160563	7.858992	25.867028	514.333557	62.469004	32.990604	1002.823954	8.297179	11.983988	
9/14/2019 11:24:36.002124449	72.367610	31.274960	1003.452714	7.843626	25.873273	515.192380	62.321683	32.919633	1002.784214	9.004574	11.983528	
9/14/2019 11:24:37.002124449	72.249333	31.275933	1002.667670	7.877533	25.952298	516.354785	62.311353	32.915167	1002.607270	6.200391	11.980072	
9/14/2019 11:24:38.002124449	72.131056	31.249199	1003.279635	8.041823	25.907520	517.158414	62.355799	32.904277	1002.574782	1.736700	11.974487	
9/14/2019 11:24:39.002124449	72.315043	31.338597	1003.779316	7.945480	25.870130	516.287760	62.393069	32.973173	1002.721760	6.270348	11.977049	
9/14/2019 11:24:40.002124449	72.255904	31.333325	1003.771432	7.688985	25.851435	516.882430	62.586177	32.960928	1002.797775	10.145590	11.979297	
9/14/2019 11:24:41.002124449	72.163911	31.265464	1003.052543	8.096232	25.906132	517.969926	62.465140	32.924501	1002.711193	1.424919	11.966864	
9/14/2019 11:24:42.002124449	72.420178	31.312612	1003.620352	7.989086	25.908663	518.100029	62.547750	32.931772	1002.688644	5.120430	11.986143	
9/14/2019 11:24:43.002124449	72.321614	31.387017	1004.869279	7.918902	25.859639	517.916699	62.383030	32.981470	1002.430326	3.618644	11.971083	
9/14/2019 11:24:44.002124449	72.301901	31.307789	1003.637857	7.979239	25.873518	518.038919	62.316873	32.941730	1002.611686	4.480100	11.982924	
9/14/2019 11:24:45.002124449	72.334755	31.339346	1003.110578	7.921627	25.874375	518.052718	62.411626	32.968813	1002.765130	6.001273	11.983883	
9/14/2019 11:24:46.002124449	72.393894	31.359984	1004.974309	7.779329	25.864742	519.037045	62.564361	32.973692	1002.944596	9.612682	11.975512	
9/14/2019 11:24:47.002124449	72.420178	31.269987	1002.006422	7.748581	25.952053	520.760607	62.541889	32.916416	1002.364407	6.753997	11.962370	
9/14/2019 11:24:48.002124449	72.380752	31.333400	1003.663247	7.729096	25.946379	521.196260	62.580605	32.925962	1002.635657	9.071911	11.961148	
9/14/2019 11:24:49.002124449	72.499029	31.243478	1004.222462	7.446352	25.916908	520.252013	62.380979	32.955637	1003.091103	10.040789	11.950805	
9/14/2019 11:24:50.002124449	72.446462	31.287001	1004.213393	7.632508	25.827638	520.962335	62.534214	32.967257	1003.041267	11.150621	11.964341	
9/14/2019 11:24:51.002124449	72.485887	31.286552	1003.927478	7.636798	25.840659	521.328994	62.597820	32.950758	1002.912108	9.859748	11.964170	
9/14/2019 11:24:52.002124449	72.361039	31.307040	1002.679575	7.920444	25.890825	522.623471	62.601869	32.913717	1002.202603	2.466105	11.959833	
9/14/2019 11:24:53.002124449	72.433320	31.376324	1004.131782	7.868660	25.873518	522.192417	62.377168	33.005960	1002.765130	7.254682	11.969020	
9/14/2019 11:24:54.002124449	72.485887	31.311788	1002.766234	7.725323	25.932501	523.815441	62.544096	32.913304	1002.843510	8.906326	11.979481	
9/14/2019 11:24:55.002124449	72.426749	31.365481	1003.746751	7.801552	25.868701	522.990130	62.595061	32.960823	1002.881042	9.449718	11.989153	
9/14/2019 11:24:56.002124449	72.630448	31.253872	1003.247464	7.899756	25.951196	523.633427	62.677566	32.880930	1002.537250	3.409042	11.974828	
9/14/2019 11:24:57.002124449	72.531884	31.350488	1003.063820	7.771495	25.851108	521.951261	62.724010	32.939138	1002.697632	11.968060	11.941868	
9/14/2019 11:24:58.002124449	72.518742	31.345067	1004.193286	7.339128	25.909234	525.344505	62.493632	32.822511	1001.766870	1.585261	11.968231	
9/14/2019 11:24:59.002124449	72.577880	31.285953	1002.167988	8.146472	25.913479	521.758732	62.519521	33.052653	1003.577143	11.153243	11.914257	
9/14/2019 11:25:00.002124449	72.965566	31.499150	1002.443653	8.606574	25.887804	525.936544	62.640610	33.088657	1003.740998	4.224131	11.909671	
9/14/2019 11:25:01.002124449	72.617306	31.318482	1004.896957	7.922584	25.904132	524.492250	62.685688	32.922638	1002.605377	5.526528	11.976721	
9/14/2019 11:25:02.002124449	72.847289	31.366753	1004.156305	7.897315	25.921194	527.111432	62.754157	33.113665	1003.478579	13.736300	11.960109	
9/14/2019 11:25:03.002124449	72.821005	31.296197	1003.496870	7.661779	25.912663	525.095466	62.537920	32.930004	1002.947590	10.594394	11.955996	
9/14/2019 11:25:04.002124449	73.004992	31.308687	1003.535587	8.450808	26.064794	528.197612	62.746140	33.082116	1003.264574	11.696635	11.948623	
9/14/2019 11:25:05.002124449	73.024705	31.248675	1003.557350	7.843161	25.941848	526.815081	62.651939	32.872421	1002.357626	4.516254	11.972042	
9/14/2019 11:25:06.002124449	73.077272	31.413377	1004.206218	8.687995	26.069897	528.997293	62.779941	32.962060	1002.651740	4.341766	11.965682	
9/14/2019 11:25:07.002124449	72.965566	31.334448	1003.745805	7.868507	25.878906	526.628467	62.502463	32.939032	1002.701733	7.027003	11.986051	
9/14/2019 11:25:08.002124449	73.136411	31.386943	1004.010745	8.542246	25.959155	527.353240	62.481199	32.903959	1002.800455	7.455110	11.949990	
9/14/2019 11:25:09.002124449	72.958995	31.285653	1004.668287	8.101298	25.875804	526.805882	62.439014	33.019348	1002.169329	-2.724640	11.946705	
9/14/2019 11:25:10.002124449	72.991850	31.155652	1003.501918	9.131707	25.923480	526.633719	62.862104	32.951901	1003.464861	10.020091	11.931079	
9/14/2019 11:25:11.002124449	72.840718	31.360358	1003.548676	7.863344	25.869844	525.895148	62.641057	32.986243	1002.802662	10.374579	11.980532	
9/14/2019 11:25:12.002124449	72.781580	31.334747	1004.301156	8.298532	25.990014	529.577512	62.827936	32.964664	1003.148191	5.833068	11.941290	
9/14/2019 11:25:13.002124449	73.018134	31.327829	1003.400357	7.710365	25.897070	527.123915	62.523779	32.911749	1002.797618	10.404180	11.979599	
9/14/2019 11:25:14.002124449	73.156124	31.338597	1003.627922	8.743005	26.062549	529.601825	62.562206	32.939444	1002.567844	6.580820	11.949491	
9/14/2019 11:25:15.002124449	73.110127	31.310366	1003.355097	7.743134	25.931970	527.244166	62.576899	32.910288	1002.546081	8.663191	11.954577	
9/14/2019 11:25:16.002124449	73.116698	31.418799	1003.395626	8.711311	25.944175	529.544652	62.556239	33.018099	1003.100091	0.626868	11.892954	
9/14/2019 11:25:17.002124449	72.998421	31.284605	1003.831359	7.981918	25.917153	528.795565	62.645158	32.883005	1002.800140	5.792982	11.939766	
9/14/2019 11:25:18.002124449	73.050989	31.430914	1004.742486	7.497678	25.784043	530.021048	62.788116	33.094985	1002.796039	0.087407	11.921407	
9/14/2019 11:25:19.002124449	72.939283	31.296347	1003.718602	8.102118	25.920867	529.434262	62.557238	32.868791	1002.773489	4.291196	11.957008	
9/14/2019 11:25:20.002124449	72.945853	31.318632	1003.186118	7.880734	25.986912	530.379824	62.811193	33.008553	1003.047576	12.860699	11.947901	
9/14/2019 11:25:21.002124449	73.077272	31.338522	1002.147723	7.778525	25.896499	528.968380	62.706557	32.904277	1002.990173	10.054934	11.962922	
9/14/2019 11:25:22.002124449	73.326968	31.440560	1004.535974	8.390936	25.955972	530.555924	62.758625	32.965902	1003.314725	13.204703	11.952448	
9/14/2019 11:25:23.002124449	73.313826	31.354937	1004.084315	7.743429	25.952053	530.517811	62.550063	32.884148	1002.675240	9.547966	11.963487	
9/14/2019 11:25:24.002124449	73.412391	31.482137	1002.645749	8.099156	25.895111	531.141394	62.556187	32.992572	1003.012566	14.820192	11.958033	
9/14/2019 11:25:25.002124449	73.195549	31.317509	1003.461546	7.757284	25.928786	532.001533	62.484406	32.868273	1002.451775	5.398408	11.977023	
9/14/2019 11:25:26.002124449	73.241546	31.351162	1003.510354	7.779032	25.943808	534.340793	62.605443	32.987492	1003.091889	13.941970	11.932406	
9/14/2019 11:25:27.002124449	73.136411	31.344842	1004.687448	7.592412	25.902989	533.294041	62.549616	32.894106	1002.850448	11.810339	11.974289	
9/14/2019 11:25:28.002124449	73.142982	31.340618	1004.715046	7.929663	25.968748	536.124149	62.784409	33.044557	1003.327500	10.718583	11.946573	
9/14/2019 11:25:29.002124449	72.952424	31.371801	1003.409345	7.726244	25.876620	533.812486	62.663268	32.946292	1003.054042	8.410883	11.975394	
9/14/2019 11:25:30.002124449	73.221833	31.498401	1004.488664	8.304959	25.935889	536.870604	62.627811	32.974517	1003.008465	8.745984	11.960688	
9/14/2019 11:25:31.002124449	73.399249	31.280905	1003.344372	7.745020	25.939032	537.033568	62.507326	32.854155	1002.649375	5.848523	11.965945	
9/14/2019 11:25:32.002124449	73.412391	31.335646	1004.375986	7.955422	25.967441	538.318845	62.526539	32.937889	1002.823797	11.607290	11.930396	
9/14/2019 11:25:33.002124449	73.142982	31.260042	1003.568074	7.669958	25.891111	540.288162	62.454968	32.908425	1002.524947	7.973873	11.950555	
9/14/2019 11:25:34.002124449	73.215262	31.372624	1002.709146	8.018126	25.986871	539.079762	62.837029	32.986868	1003.284130	13.389675	11.949425	
9/14/2019 11:25:35.002124449	73.405820	31.333325	1003.867236	7.776589	25.941563	539.943184	62.755865	32.874602	1002.644488	6.900194	11.972423	
9/14/2019 11:25:36.002124449	73.333539	31.440261	1003.002788	8.116072	25.940134	541.045132	62.736809	32.918278	1003.067446	13.101212	11.960872	
9/14/2019 11:25:37.002124449	73.169266	31.371277	1003.567837	7.648160	25.854537	540.215222	62.614721	32.909568	1002.850762	12.156964	11.979349	
9/14/2019 11:25:38.002124449	73.504384	31.468042	1005.302095	7.935341	25.682608	539.600175	62.906498	33.174571	1003.200077	8.458832	11.920999	
9/14/2019 11:25:39.002124449	73.353252	31.338971	1004.481488	7.833205	25.964503	542.519654	62.692521	32.861426	1003.101827	7.350309	11.960477	
9/14/2019 11:25:40.002124449	73.267830	31.345441	1003.559558	7.954237	25.974993	544.033604	62.967187	32.962072	1003.233665	15.853786	11.959308	
9/14/2019 11:25:41.002124449	73.379536	31.397337	1003.063031	7.843836	25.839802	541.022134	62.681982	32.915897	1002.962101	11.439084	11.983423	
9/14/2019 11:25:42.002124449	73.234975	31.407282	1003.952396	8.497650	26.019771	544.011259	62.587990	32.868061	1002.659942	2.448028	11.962698	
9/14/2019 11:25:43.002124449	73.346681	31.360733	1003.481810	7.582528	25.852823	541.750854	62.753263	32.890889	1002.721289	12.874844	11.978403	
9/14/2019 11:25:44.002124449	73.458387	31.471967	1003.831911	7.920035	25.921194	542.308727	62.851775	33.020480	1003.047733	6.671204	11.942408	
9/14/2019 11:25:45.002124449	73.294114	31.328727	1002.557357	7.997016	25.911520	542.481542	62.634933	32.868273	1002.469437	3.759599	11.967088	
9/14/2019 11:25:46.002124449	73.576664	31.329850	1002.400679	8.230292	26.018914	545.648744	62.726979	32.938101	1002.787208	5.740062	11.955457	
9/14/2019 11:25:47.002124449	73.359823	31.312163	1003.382694	7.898723	25.902744	543.636716	62.671152	32.829570	1002.644488	3.246079	11.980046	
9/14/2019 11:25:48.002124449	73.563522	31.524462	1003.995843	8.170975	25.897356	543.258225	62.904342	32.946398	1003.119332	11.349739	11.965038	
9/14/2019 11:25:49.002124449	73.346681	31.424220	1003.595909	7.787700	25.854823	542.379036	62.862999	32.936545	1002.918574	9.481940	11.978219	
9/14/2019 11:25:50.002124449	73.464958	31.361406	1003.545916	8.061823	25.939889	544.721580	62.706767	32.917559	1002.959736	9.306142	11.953644	
9/14/2019 11:25:51.002124449	73.432103	31.296946	1003.006494	7.872808	25.931072	544.017174	62.763697	32.832788	1002.705834	3.513843	11.976484	
9/14/2019 11:25:52.002124449	73.261259	31.350488	1003.661276	8.543202	26.037038	546.281526	63.001251	32.914235	1002.813544	5.860318	11.965248	
9/14/2019 11:25:53.002124449	73.451816	31.393038	1002.932768	7.734328	25.853680	543.674828	62.897167	32.892032	1003.006100	12.997722	11.983699	
9/14/2019 11:25:54.002124449	73.510955	31.391541	1003.867788	7.675604	25.864823	543.799016	62.846964	32.920152	1003.086844	13.302951	11.976694	
9/14/2019 11:25:55.002124449	73.471529	31.408405	1004.004122	9.766501	26.236804	549.065639	63.113666	32.948672	1003.041896	10.440605	11.958651	
9/14/2019 11:25:56.002124449	73.576664	31.376623	1004.135489	8.096597	25.885437	544.904910	62.932781	32.900541	1002.708199	3.925184	11.977588	
9/14/2019 11:25:57.002124449	73.668657	31.536053	1004.586676	8.219594	25.960053	546.677088	63.034605	32.940175	1003.539925	22.671544	11.933379	
9/14/2019 11:25:58.002124449	73.563522	31.372175	1003.283735	7.739827	25.848292	545.322165	62.860054	32.901578	1002.911951	13.081825	11.979835	
9/14/2019 11:25:59.002124449	73.438674	31.373447	1002.883565	8.004323	26.057447	549.239769	63.103022	33.007621	1003.178785	13.552638	11.953065	
9/14/2019 11:26:00.002124449	73.629232	31.408105	1002.838067	7.712375	25.842618	546.527934	62.988109	32.867648	1003.095676	13.306882	11.979467	
9/14/2019 11:26:01.002124449	73.458387	31.583276	1003.188326	8.797379	25.994260	550.459337	62.966845	32.910182	1002.892553	7.993260	11.958059	
9/14/2019 11:26:02.002124449	73.668657	31.350264	1003.653706	7.724539	25.889682	548.540615	62.837634	32.833306	1002.933714	12.176351	11.978442	
9/14/2019 11:26:03.002124449	73.497813	31.500722	1004.107654	8.022898	25.891968	549.460548	63.000199	33.022978	1003.353993	14.414094	11.954708	
9/14/2019 11:26:04.002124449	73.576664	31.339196	1003.564763	7.940051	25.901030	549.944828	62.953546	32.854578	1002.697318	4.534331	11.976077	
9/14/2019 11:26:05.002124449	73.458387	31.435962	1003.890261	8.374396	25.955115	552.285404	63.110092	32.949509	1003.367711	9.652767	11.970018	
9/14/2019 11:26:06.002124449	73.517526	31.370453	1003.448614	7.810940	25.863640	551.746582	62.842549	32.867236	1002.856756	3.489213	11.977023	
9/14/2019 11:26:07.002124449	73.675228	31.428968	1002.720342	8.271216	25.961196	553.501025	63.070377	32.864325	1002.633921	7.746194	11.917149	
9/14/2019 11:26:08.002124449	73.497813	31.440335	1004.256368	7.907019	25.893968	550.965952	63.222745	32.850324	1002.362357	9.335743	11.962620	
9/14/2019 11:26:09.002124449	73.767222	31.161897	1003.627133	8.991341	25.940134	555.572195	63.092744	32.941318	1002.958157	14.007996	11.923417	
9/14/2019 11:26:10.002124449	73.570093	31.286701	1004.473998	7.631875	25.897927	555.541967	62.978383	32.661065	1002.845875	5.668794	11.918344	
9/14/2019 11:26:11.002124449	73.806647	31.551420	1003.438206	8.274460	25.897111	554.455786	63.194173	32.887259	1002.237928	7.045080	11.941041	
9/14/2019 11:26:12.002124449	73.556951	31.355985	1003.401303	7.630497	25.886253	553.424148	62.996388	32.815251	1002.833100	9.713551	11.976458	
9/14/2019 11:26:13.002124449	73.819789	31.468791	1003.422277	7.847842	25.874130	555.323809	63.241064	32.974316	1003.373549	11.885268	11.959571	
9/14/2019 11:26:14.002124449	73.510955	31.317884	1004.003098	7.656140	25.941318	555.209472	63.180717	32.794085	1002.664987	6.307813	11.953933	
9/14/2019 11:26:15.002124449	73.800076	31.440261	1003.834671	8.335872	25.982871	555.797574	63.096109	32.871278	1002.851548	10.925564	11.942986	
9/14/2019 11:26:16.002124449	73.445245	31.381895	1003.823000	7.929191	25.903275	554.601004	62.999148	32.838598	1002.712458	3.780297	11.982017	
9/14/2019 11:26:17.002124449	73.826360	31.488756	1002.736506	8.220061	25.926582	556.072895	63.255914	32.893800	1003.029914	5.362254	11.929581	
9/14/2019 11:26:18.002124449	73.445245	31.424145	1003.903507	7.735049	25.856537	554.486668	63.127098	32.873670	1003.075963	8.370797	11.968073	
9/14/2019 11:26:19.002124449	73.701512	31.382045	1003.924719	8.769925	26.011240	558.422670	63.032554	32.842122	1002.715137	1.687441	11.964026	
9/14/2019 11:26:20.002124449	73.464958	31.323754	1004.549695	8.027005	25.892254	557.233984	63.018309	32.801663	1002.526211	1.748225	11.970741	
9/14/2019 11:26:21.002124449	73.839502	31.440036	1003.482914	8.372349	25.926868	558.063894	63.097764	32.858314	1002.981657	7.184725	11.953722	
9/14/2019 11:26:22.002124449	73.497813	31.344618	1002.796039	7.912835	25.976381	555.794943	63.061598	32.953775	1002.311735	-3.438588	11.940397	
9/14/2019 11:26:23.002124449	73.767222	31.377222	1002.266238	8.506554	26.047242	558.628998	63.298941	32.859764	1002.623353	9.263436	11.951988	
9/14/2019 11:26:24.002124449	73.648945	31.308388	1003.686114	7.778667	25.912377	558.060610	62.912674	32.794191	1003.016981	4.255042	11.940489	
9/14/2019 11:26:25.002124449	73.951208	31.540951	1004.269063	7.991300	25.886335	557.929844	63.057734	32.929179	1003.301006	9.335743	11.958979	
9/14/2019 11:26:26.002124449	73.602948	31.355536	1003.442385	7.968193	25.896784	558.378643	63.234046	32.802181	1002.416922	0.435343	11.972055	
9/14/2019 11:26:27.002124449	73.813218	31.461947	1005.164814	8.150972	25.956584	560.537857	63.398110	32.914447	1003.019189	2.733869	11.954721	
9/14/2019 11:26:28.002124449	73.510955	31.429866	1003.367397	7.930669	25.849721	559.035738	63.151831	32.854472	1002.911794	6.734609	11.981544	
9/14/2019 11:26:29.002124449	73.918353	31.440785	1003.483309	8.038311	25.967074	560.542457	63.246636	32.870548	1003.104035	12.422107	11.939082	
9/14/2019 11:26:30.002124449	73.786934	31.339420	1002.931507	7.970778	25.911520	560.275019	63.253811	32.786200	1002.574468	2.238426	11.971582	
9/14/2019 11:26:31.002124449	73.701512	31.457499	1002.592997	8.488670	25.980055	560.731702	63.479826	32.876157	1003.078799	4.508661	11.936467	
9/14/2019 11:26:32.002124449	73.918353	31.423846	1003.389080	7.674062	25.825964	559.209868	63.464923	32.829158	1003.005628	10.176501	11.945154	
9/14/2019 11:26:33.002124449	73.872357	31.429492	1003.683749	8.315158	25.974177	562.848205	63.341993	32.795122	1002.786893	5.283393	11.947690	
9/14/2019 11:26:34.002124449	73.681799	31.413676	1003.808649	7.821747	25.826209	561.213351	63.409806	32.864643	1002.909272	8.947722	11.985026	
9/14/2019 11:26:35.002124449	73.800076	31.473539	1003.707483	8.141614	25.909806	563.026935	63.678505	32.943604	1003.152763	5.316926	11.963829	
9/14/2019 11:26:36.002124449	73.662087	31.393262	1003.488119	7.650362	25.876049	561.633237	63.641840	32.795641	1003.026127	10.064108	11.974986	
9/14/2019 11:26:37.002124449	73.990634	31.550447	1004.238468	8.276498	25.911846	562.258787	63.496884	32.894837	1003.191875	7.572746	11.945456	
9/14/2019 11:26:38.002124449	73.701512	31.383317	1004.421089	7.545551	25.884539	563.417908	63.385335	32.880930	1002.550968	11.007045	11.932367	
9/14/2019 11:26:39.002124449	73.924924	31.393637	1003.570834	8.260538	25.939277	564.683471	63.656690	32.881142	1003.143932	3.447817	11.960031	
9/14/2019 11:26:40.002124449	73.832931	31.339346	1003.986460	7.902347	25.919439	564.466629	63.538308	32.781946	1002.585349	1.766302	11.974119	
9/14/2019 11:26:41.002124449	73.892070	31.530856	1005.006954	8.097282	25.903601	565.660567	63.389593	32.842122	1003.526993	13.569405	11.952382	
9/14/2019 11:26:42.002124449	73.872357	31.482810	1003.134155	7.800770	25.860211	565.038300	63.411409	32.848662	1002.780585	9.729007	11.969125	
9/14/2019 11:26:43.002124449	73.924924	31.409976	1002.701733	8.732359	25.891682	569.724052	63.598760	32.854472	1003.054357	9.232524	11.931473	
9/14/2019 11:26:44.002124449	73.918353	31.413751	1003.864791	7.930376	25.759348	566.911679	63.552554	32.730999	1002.929299	14.219948	11.964972	
9/14/2019 11:26:45.002124449	73.878928	31.509170	1003.598037	8.119530	25.952910	568.300778	63.336027	32.839010	1003.089052	11.398998	11.955089	
9/14/2019 11:26:46.002124449	73.865786	31.424145	1003.677678	7.771569	25.843516	566.511507	63.332006	32.826977	1002.771282	10.137726	11.957008	
9/14/2019 11:26:47.002124449	73.800076	31.378270	1003.037956	7.791679	25.965605	568.131247	63.615608	32.908119	1003.029914	10.941020	11.950371	
9/14/2019 11:26:48.002124449	73.990634	31.435138	1002.583142	7.733454	25.815188	569.415871	63.444659	32.657848	1003.115231	18.465133	11.960727	
9/14/2019 11:26:49.002124449	73.951208	31.509918	1003.933550	7.979044	25.966789	569.211512	63.379763	32.781734	1002.927406	8.321808	11.958217	
9/14/2019 11:26:50.002124449	73.865786	31.540652	1004.511688	8.823061	26.087489	570.776709	63.539726	32.837243	1002.655999	7.413714	11.955089	
9/14/2019 11:26:51.002124449	73.944637	31.446506	1003.461546	7.692145	25.837802	567.432755	63.524272	32.814214	1003.069497	10.083495	11.979007	
9/14/2019 11:26:52.002124449	73.780364	31.444378	1004.059397	8.020100	25.911520	570.373916	63.630249	32.942979	1003.400199	3.456991	11.944142	
9/14/2019 11:26:53.002124449	74.010347	31.371426	1002.933952	7.587438	25.881518	569.896204	63.342835	32.800001	1003.022026	6.838100	11.949990	
9/14/2019 11:26:54.002124449	73.786934	31.514067	1003.558297	8.679349	26.033119	571.398323	63.379816	32.778199	1002.725547	0.671924	11.944668	
9/14/2019 11:26:55.002124449	73.885499	31.424669	1003.716157	7.636474	25.853966	570.277978	63.418085	32.804149	1002.944439	8.564943	11.968586	
9/14/2019 11:26:56.002124449	73.997205	31.478661	1004.194390	8.070764	25.908622	570.476422	63.624834	32.976591	1003.222784	5.472026	11.939661	
9/14/2019 11:26:57.002124449	73.694941	31.429193	1003.714264	7.727805	25.833556	570.548047	63.585251	32.864219	1003.040324	8.721354	11.950831	
9/14/2019 11:26:58.002124449	74.082627	31.504048	1003.908397	8.316189	26.007934	572.870877	63.414878	32.812034	1002.568788	11.953915	11.905347	
9/14/2019 11:26:59.002124449	73.819789	31.389188	1003.085266	7.682953	25.914500	572.569927	63.436851	32.785470	1002.504133	5.304092	11.950608	
9/14/2019 11:27:00.002124449	73.970921	31.458621	1004.094012	7.965996	25.932746	571.962112	63.734437	32.900541	1003.441990	12.279842	11.964867	
9/14/2019 11:27:01.002124449	74.082627	31.371651	1002.322931	7.818987	25.934460	574.300056	63.543328	32.775099	1002.721446	3.004255	11.963947	
9/14/2019 11:27:02.002124449	73.773793	31.436411	1005.302410	8.131308	25.884906	574.706796	63.627042	32.836312	1003.789569	13.424518	11.918423	
9/14/2019 11:27:03.002124449	73.977492	31.407881	1003.936547	8.086637	25.891968	574.651601	63.265245	32.795228	1002.725704	1.949963	11.961962	
9/14/2019 11:27:04.002124449	73.846073	31.447254	1003.944746	8.385781	25.993933	576.264773	63.644047	32.923263	1003.179100	11.397688	11.960583	
9/14/2019 11:27:05.002124449	73.911782	31.434165	1002.717583	7.958520	25.849721	575.249555	63.476120	32.813389	1003.095361	4.373989	11.914612	
9/14/2019 11:27:06.002124449	74.043201	31.505844	1003.921250	8.015975	25.873844	575.805459	63.736540	32.942979	1003.207329	16.541794	11.942039	
9/14/2019 11:27:07.002124449	74.102340	31.547121	1001.736908	7.826643	25.855394	576.191833	63.540016	32.830089	1003.290439	10.449508	11.945128	
9/14/2019 11:27:08.002124449	74.036630	31.505096	1004.491581	8.133880	25.971319	577.237270	63.535153	32.826766	1003.794142	6.444836	11.900918	
9/14/2019 11:27:09.002124449	73.754080	31.472865	1003.472270	7.791903	25.815433	576.317337	63.548900	32.827390	1003.238081	10.362784	11.975696	
9/14/2019 11:27:10.002124449	74.115482	31.495450	1004.220649	7.620822	25.932541	576.333104	63.779882	33.089599	1003.277035	1.177852	11.908646	
9/14/2019 11:27:11.002124449	73.832931	31.382943	1004.605365	8.089039	25.873273	578.115807	63.489656	32.865786	1002.876941	-4.134459	11.924771	
9/14/2019 11:27:12.002124449	74.036630	31.542149	1002.365117	8.063804	25.950379	578.563943	63.684025	32.750397	1003.794142	13.173520	11.894321	
9/14/2019 11:27:13.002124449	73.977492	31.452376	1003.508147	7.756898	25.823923	577.275382	63.545088	32.810478	1003.071704	11.621435	11.982096	
9/14/2019 11:27:14.002124449	73.911782	31.442581	1004.350831	7.952703	25.932174	578.092809	63.815496	32.904277	1003.352100	13.348279	11.962120	
9/14/2019 11:27:15.002124449	73.957779	31.398759	1004.085181	7.900630	25.912622	579.299893	63.696825	32.742206	1002.614365	2.864610	11.969401	
9/14/2019 11:27:16.002124449	74.214046	31.526333	1002.977319	8.048473	25.880947	578.625053	63.867907	32.850218	1003.349577	15.821293	11.949188	
9/14/2019 11:27:17.002124449	73.905212	31.425044	1003.916282	7.677138	25.836414	579.466793	63.590481	32.797302	1002.994746	11.102673	11.968389	
9/14/2019 11:27:18.002124449	74.122053	31.530482	1003.664351	8.337912	25.998505	581.189039	63.686994	32.944017	1002.743838	7.585851	11.931920	
9/14/2019 11:27:19.002124449	73.984063	31.350339	1003.461231	8.129252	25.909806	580.757985	63.758118	32.760473	1002.725862	0.802666	11.965314	
9/14/2019 11:27:20.002124449	73.892070	31.520762	1003.819688	8.213395	25.888294	580.978112	63.923891	32.905007	1003.152135	7.142018	11.953262	
9/14/2019 11:27:21.002124449	74.299468	31.436411	1002.516985	7.818180	25.887682	580.739587	63.902365	32.812658	1003.196290	11.702917	11.957100	
9/14/2019 11:27:22.002124449	74.030059	31.583650	1002.712615	8.764668	25.893111	579.564037	63.780486	32.966845	1002.562164	8.229842	11.951580	
9/14/2019 11:27:23.002124449	73.872357	31.371726	1003.263156	8.007114	25.881437	582.367210	63.597656	32.740545	1002.544502	2.329081	11.954984	
9/14/2019 11:27:24.002124449	74.227188	31.443030	1003.422277	7.888814	25.950869	582.180596	63.780986	32.874496	1003.255586	11.909898	11.955983	
9/14/2019 11:27:25.002124449	73.832931	31.498476	1003.768120	7.866780	25.850006	582.451318	63.730126	32.830195	1003.088895	7.982776	11.976655	
9/14/2019 11:27:26.002124449	74.168049	31.457573	1004.109624	7.906754	25.944665	584.096687	63.738905	32.882486	1002.760872	12.376779	11.916189	
9/14/2019 11:27:27.002124449	73.931495	31.382644	1004.382530	7.846273	25.915479	584.400921	63.849797	32.754970	1002.931349	5.548537	11.959439	
9/14/2019 11:27:28.002124449	73.977492	31.440710	1004.109704	8.722952	25.993402	585.033702	63.577391	32.792942	1002.896811	2.718413	11.962804	
9/14/2019 11:27:29.002124449	74.220617	31.435812	1003.730507	7.744942	25.827883	584.081572	63.569217	32.815770	1003.067760	11.149311	11.974920	
9/14/2019 11:27:30.002124449	73.970921	31.553666	1004.632725	7.668524	25.898254	583.964605	63.836313	32.898573	1002.737215	10.740592	11.943262	
9/14/2019 11:27:31.002124449	74.161478	31.367651	1004.495287	7.642009	25.949441	584.729468	63.671540	32.810478	1002.704255	7.889770	11.950266	
9/14/2019 11:27:32.002124449	74.030059	31.546672	1003.633994	8.306122	26.007566	586.606131	63.689045	32.803938	1003.319297	9.800275	11.944786	
9/14/2019 11:27:33.002124449	74.187762	31.388365	1002.723102	8.064100	25.909520	585.770305	63.505006	32.770326	1002.539772	1.629278	11.970728	
9/14/2019 11:27:34.002124449	73.944637	31.473913	1002.741711	8.280944	25.972136	588.116796	63.502403	32.874083	1003.120118	3.775326	11.940502	
9/14/2019 11:27:35.002124449	74.220617	31.488906	1004.003018	7.743543	25.828740	584.831974	63.576839	32.812140	1003.095833	10.228382	11.977956	
9/14/2019 11:27:36.002124449	74.069485	31.489579	1003.510669	7.979937	25.921194	586.007514	63.643048	32.854472	1003.384588	11.182844	11.935495	
9/14/2019 11:27:37.002124449	74.115482	31.451553	1005.322203	7.865139	25.828780	585.238714	63.611245	32.818574	1003.108608	0.167578	11.949675	
9/14/2019 11:27:38.002124449	74.089198	31.490403	1002.436241	8.554259	25.942665	588.338891	63.689939	32.837867	1003.262367	6.795393	11.938294	
9/14/2019 11:27:39.002124449	74.319181	31.434914	1005.195566	7.760996	25.897070	586.707321	63.317313	32.793672	1002.937816	4.333903	11.954406	
9/14/2019 11:27:40.002124449	73.911782	31.542673	1004.217889	8.015139	25.902458	589.669511	63.594844	32.901271	1002.907535	6.867972	11.940134	
9/14/2019 11:27:41.002124449	74.036630	31.503823	1003.924167	7.877904	25.840373	587.909806	63.560938	32.854060	1002.907221	7.655538	11.981741	
9/14/2019 11:27:42.002124449	74.187762	31.667552	1002.435926	8.403954	25.918949	586.628465	63.753151	32.979195	1002.476532	7.724185	11.946363	
9/14/2019 11:27:43.002124449	73.964350	31.514517	1003.595120	7.928474	25.827638	588.895448	63.663760	32.821792	1003.051520	7.078613	11.978731	
9/14/2019 11:27:44.002124449	74.273184	31.516089	1003.822448	8.284402	25.945196	590.554616	63.860232	32.892445	1003.283816	10.532300	11.961581	
9/14/2019 11:27:45.002124449	73.970921	31.433235	1004.001362	8.587081	26.053202	597.241880	63.786400	32.914860	1003.080221	5.473608	11.928438	
9/14/2019 11:27:46.002124449	74.135195	31.414425	1004.262439	8.071656	25.900744	591.656563	63.614609	32.736396	1002.331919	2.000533	11.956732	
9/14/2019 11:27:47.002124449	74.082627	31.542598	1003.551041	8.479507	25.949808	593.256588	63.720848	32.828015	1003.377964	9.726386	11.940436	
9/14/2019 11:27:48.002124449	74.358607	31.426241	1002.532992	8.425813	25.766410	591.858291	63.732886	32.854472	1002.920468	9.401769	11.953906	
9/14/2019 11:27:49.002124449	74.003776	31.536652	1004.162929	9.060801	25.995647	594.237631	63.822015	32.788994	1002.958472	2.181574	11.955431	
9/14/2019 11:27:50.002124449	74.023489	31.414425	1004.397118	8.118369	25.882049	592.932640	63.542329	32.732766	1002.898547	2.303141	11.958427	
9/14/2019 11:27:51.002124449	74.319181	31.431888	1003.329627	8.089831	25.967074	595.395436	63.799595	32.849911	1003.261738	5.011697	11.946731	
9/14/2019 11:27:52.002124449	74.200904	31.509469	1002.156792	7.450551	26.029935	591.556025	63.650828	32.795334	1002.933714	2.122101	11.949425	
9/14/2019 11:27:53.002124449	74.306039	31.631098	1002.811574	8.266317	25.900825	593.478683	63.799252	32.858314	1003.150241	7.760339	11.944694	
9/14/2019 11:27:54.002124449	74.023489	31.491376	1004.359190	7.752247	25.830821	591.994309	63.901918	32.814733	1003.277035	9.788480	11.945509	
9/14/2019 11:27:55.002124449	74.181191	31.493953	1004.244382	8.564582	26.044140	594.147608	64.011364	32.786095	1002.868582	6.719153	11.958651	
9/14/2019 11:27:56.002124449	74.135195	31.440186	1003.503574	8.061616	25.846904	592.824219	63.591033	32.793778	1002.727283	2.175021	11.973264	
9/14/2019 11:27:57.002124449	74.148336	31.441758	1003.650158	8.218344	25.945522	594.194920	63.851058	32.846069	1003.233036	5.861629	11.951357	
9/14/2019 11:27:58.002124449	74.266614	31.473165	1002.815043	7.805047	25.819719	592.327456	63.582858	32.780909	1003.351314	6.421517	11.962817	
9/14/2019 11:27:59.002124449	74.174620	31.504871	1003.372365	8.305719	25.918908	595.053743	63.670041	32.789830	1003.095833	6.743783	11.947966	
9/14/2019 11:28:00.002124449	74.141766	31.519938	1004.200384	7.542932	25.870987	593.936681	63.797439	32.798445	1002.999162	9.540103	11.944063	
9/14/2019 11:28:01.002124449	74.154907	31.537026	1004.008538	8.407212	25.967034	596.257543	63.935324	32.822511	1003.229564	11.437773	11.966733	
9/14/2019 11:28:02.002124449	74.214046	31.482810	1004.898375	7.676671	25.822249	594.306625	63.868354	32.815982	1003.336331	10.567144	11.967824	
9/14/2019 11:28:03.002124449	74.266614	31.617004	1003.308810	7.408563	26.013771	597.414032	63.590481	32.897430	1003.286652	2.330392	11.931973	
9/14/2019 11:28:04.002124449	74.102340	31.420296	1003.362587	7.798661	25.899275	595.901398	63.522668	32.772400	1002.640701	2.762430	11.970518	
9/14/2019 11:28:05.002124449	74.338894	31.532054	1005.150779	8.174879	25.941277	597.965990	63.644809	32.760049	1003.104664	9.037067	11.938635	
9/14/2019 11:28:06.002124449	74.174620	31.466096	1004.235236	7.750509	25.812943	595.848172	63.755306	32.803949	1002.914316	9.661670	11.949097	
9/14/2019 11:28:07.002124449	74.108911	31.520088	1003.242497	8.695026	25.986626	600.311818	63.781985	32.771257	1002.997426	4.380541	11.960911	
9/14/2019 11:28:08.002124449	74.246901	31.510442	1002.824426	7.797530	25.823637	597.251069	63.812527	32.786719	1003.104507	11.066519	11.977023	
9/14/2019 11:28:09.002124449	73.997205	31.473464	1004.928812	8.367231	25.942134	601.608925	63.554314	32.835592	1002.951220	3.356122	11.941540	
9/14/2019 11:28:10.002124449	74.003776	31.672300	1004.502305	7.325979	25.901030	598.380613	63.517701	32.775205	1003.171847	5.315616	11.941027	
9/14/2019 11:28:11.002124449	74.095769	31.480158	1002.681311	8.057691	25.926256	601.210721	63.522721	32.753308	1003.198184	4.989689	11.924521	
9/14/2019 11:28:12.002124449	74.115482	31.508945	1004.525724	7.914313	25.848904	599.690204	63.573580	32.812870	1002.984022	5.580759	11.978837	
9/14/2019 11:28:13.002124449	74.194333	31.609561	1004.960116	8.425731	25.962829	602.228560	63.588430	32.855616	1003.424170	7.822433	11.943524	
9/14/2019 11:28:14.002124449	74.049772	31.415398	1004.554031	7.501630	25.923113	601.978868	63.571425	32.750197	1003.117124	4.024742	11.945469	
9/14/2019 11:28:15.002124449	74.253472	31.544694	1005.215911	7.975479	25.925072	602.750300	63.801698	32.904795	1003.591019	7.754057	11.941790	
9/14/2019 11:28:16.002124449	74.030059	31.388440	1003.513903	7.863561	25.881967	601.386167	63.675903	32.695313	1002.768281	3.956366	11.959558	
9/14/2019 11:28:17.002124449	74.168049	31.590045	1004.399483	8.077279	25.863395	602.196364	63.632771	32.871184	1003.410924	5.611942	11.946573	
9/14/2019 11:28:18.002124449	74.141766	31.515265	1004.799259	7.649555	25.770124	601.695001	63.660106	32.724776	1004.014770	9.480630	11.911392	
9/14/2019 11:28:19.002124449	74.207475	31.609486	1004.489610	8.230078	25.915234	602.005803	63.758670	32.788381	1003.310152	10.300690	11.965235	
9/14/2019 11:28:20.002124449	74.246901	31.504122	1002.628007	8.032205	25.821392	601.319142	63.764375	32.755594	1003.080378	9.541414	11.956548	
9/14/2019 11:28:21.002124449	74.128624	31.552842	1005.332452	7.951078	25.927398	603.577578	63.650171	32.896498	1002.947590	8.219629	11.925402	
9/14/2019 11:28:22.002124449	74.279755	31.417975	1003.476685	7.990269	25.886008	602.606398	63.563802	32.674347	1002.594810	3.172460	11.949254	
9/14/2019 11:28:23.002124449	74.089198	31.475186	1003.422040	8.020924	25.914051	604.683472	63.727367	32.776549	1002.902805	4.465955	11.950950	
