
Time stamp	Inside_humidity (in %rH)	Inside_temperature (in °C)	Inside_pressure (in mbar)	Soil_moisture (in %VWC)	Soil_temperature (in °C)	Inside_CO2_ratio (in ppm)	Outside_humidity (in %rH)	Outside_temperature (in °C)	Outside_pressure (in mbar)	Outside_PAR (in µmol m^-2 s^-1)	Power_box_charge (in V)	
9/14/2019 11:40:24.002124449	66.834873	31.314408	1003.852885	7.788703	25.957115	504.861535	65.416338	32.537496	1003.218683	12.134955	11.931960	
9/14/2019 11:40:25.002124449	66.756022	31.348991	1003.677835	7.762048	25.836128	502.027479	65.053042	32.492052	1003.159230	13.791841	11.964407	
9/14/2019 11:40:26.002124449	66.742880	31.381446	1004.679326	7.712913	25.877232	503.445491	65.068996	32.604425	1003.597013	9.550587	11.935915	
9/14/2019 11:40:27.002124449	67.222559	31.324204	1002.145358	7.738678	25.944053	503.767471	64.943596	32.451688	1003.023762	8.527479	11.933037	
9/14/2019 11:40:28.002124449	67.143708	31.328053	1003.896727	8.443953	26.027404	504.713686	64.917917	32.499831	1002.993325	5.492995	11.943722	
9/14/2019 11:40:29.002124449	67.255414	31.306292	1003.127768	7.612209	25.830168	501.984115	64.719737	32.517167	1003.076749	11.005735	11.940725	
9/14/2019 11:40:30.002124449	67.340836	31.354338	1005.043463	7.591204	25.833597	502.739769	64.773594	32.543518	1003.419440	10.731418	11.945390	
9/14/2019 11:40:31.002124449	67.564248	31.481238	1003.845315	8.166793	25.940787	504.816845	64.593680	32.513113	1003.389003	6.179693	11.927518	
9/14/2019 11:40:32.002124449	67.616816	31.349889	1004.208426	6.814374	25.915765	505.117142	64.169486	32.539264	1003.806602	8.830086	11.934614	
9/14/2019 11:40:33.002124449	67.767948	31.471892	1004.196283	7.668900	25.874171	504.648629	64.382858	32.628808	1003.894442	12.784188	11.931736	
9/14/2019 11:40:34.002124449	67.583961	31.375800	1003.949242	7.416379	25.827923	504.387107	64.403070	32.516023	1003.084479	12.128403	11.955786	
9/14/2019 11:40:35.002124449	67.932221	31.325775	1002.317254	7.975165	25.986586	507.011551	64.512674	32.604319	1003.781367	9.682639	11.896043	
9/14/2019 11:40:36.002124449	67.741664	31.238655	1003.228855	7.819334	25.890825	506.529239	64.454639	32.431665	1003.108922	6.265106	11.959584	
9/14/2019 11:40:37.002124449	68.168775	31.293695	1003.339562	7.802587	26.033037	509.708272	64.565136	32.560737	1003.260631	6.809809	11.937203	
9/14/2019 11:40:38.002124449	67.971647	31.338971	1004.523674	7.308120	25.803514	506.980006	64.507102	32.509483	1003.487567	10.046031	11.946678	
9/14/2019 11:40:39.002124449	68.267340	31.402459	1005.221036	8.108847	25.963646	509.585389	64.581038	32.613134	1003.406665	14.225190	11.945824	
9/14/2019 11:40:40.002124449	68.070211	31.265015	1003.745490	7.773537	25.899805	509.153020	64.384856	32.471087	1002.725704	5.699976	11.930015	
9/14/2019 11:40:41.002124449	68.569603	31.413452	1004.199043	7.853682	26.022016	510.861468	64.460448	32.503249	1003.021711	6.843342	11.939647	
9/14/2019 11:40:42.002124449	68.411900	31.375351	1004.820156	7.421645	25.823964	509.484852	64.357021	32.535010	1003.001527	13.665032	11.948387	
9/14/2019 11:40:43.002124449	68.517036	31.410351	1005.253129	7.836597	25.920867	510.705735	64.191354	32.549011	1003.364875	12.728647	11.902982	
9/14/2019 11:40:44.002124449	68.595887	31.291973	1002.782241	7.562567	25.910908	511.736721	64.260270	32.497132	1002.971090	5.328721	11.957021	
9/14/2019 11:40:45.002124449	68.858725	31.404031	1002.862511	7.820416	25.926827	512.035040	64.443205	32.576612	1003.385059	5.534391	11.912457	
9/14/2019 11:40:46.002124449	68.668167	31.327904	1003.884346	7.392907	25.845761	511.622384	64.506892	32.532829	1003.211745	11.453229	11.956837	
9/14/2019 11:40:47.002124449	68.845583	31.404929	1003.865895	7.571471	25.849476	512.716448	64.540903	32.697186	1003.634546	17.863850	11.921814	
9/14/2019 11:40:48.002124449	68.845583	31.344243	1003.458549	7.594027	25.857639	511.941733	64.487284	32.552334	1003.255901	11.933217	11.954813	
9/14/2019 11:40:49.002124449	68.714164	31.398834	1003.173343	7.641763	25.927358	514.827699	64.762003	32.627041	1003.363296	16.823974	11.936599	
9/14/2019 11:40:50.002124449	69.042711	31.364732	1003.283578	7.287466	25.866170	513.433338	64.488940	32.498381	1003.025498	10.035546	11.956955	
9/14/2019 11:40:51.002124449	69.009857	31.405154	1004.204090	7.723299	25.959686	514.219884	64.449724	32.593005	1003.500971	14.500818	11.923720	
9/14/2019 11:40:52.002124449	68.950718	31.291075	1004.139352	7.488426	25.889396	514.143659	64.374684	32.480220	1002.699840	4.214957	11.954853	
9/14/2019 11:40:53.002124449	69.239840	31.397337	1003.196762	8.042772	25.997933	515.447335	64.543925	32.518086	1003.067760	5.095800	11.936664	
9/14/2019 11:40:54.002124449	69.108421	31.323605	1003.031017	7.624770	25.892499	514.224483	64.556462	32.506678	1002.767652	4.936768	11.936612	
9/14/2019 11:40:55.002124449	69.509249	31.491932	1003.479051	7.665833	25.899397	513.603522	64.723995	32.576199	1003.568469	14.896432	11.939464	
9/14/2019 11:40:56.002124449	69.200414	31.277056	1003.137072	7.634086	25.875804	513.440569	64.601907	32.551604	1003.018403	8.963449	11.954117	
9/14/2019 11:40:57.002124449	69.384401	31.440186	1002.270259	7.541398	25.926582	514.535285	64.789600	32.559912	1003.360459	13.996201	11.905715	
9/14/2019 11:40:58.002124449	69.535532	31.292722	1001.822697	7.572451	25.897029	514.904576	64.679497	32.499312	1002.697789	4.896683	11.945824	
9/14/2019 11:40:59.002124449	69.489536	31.346564	1003.259607	7.532662	25.954869	516.157657	64.660389	32.591037	1003.334437	8.731838	11.934943	
9/14/2019 11:41:00.002124449	69.312120	31.312911	1003.370157	7.411413	25.911194	516.087347	64.540613	32.478040	1002.846504	4.218888	11.955102	
9/14/2019 11:41:01.002124449	69.653809	31.400256	1004.787905	7.714290	25.920010	517.596698	64.743104	32.632332	1003.459495	10.109436	11.929489	
9/14/2019 11:41:02.002124449	69.594671	31.402684	1003.942224	7.586011	25.824780	516.671502	64.726151	32.526807	1003.054357	14.593824	11.950253	
9/14/2019 11:41:03.002124449	69.430397	31.397711	1004.088887	7.875569	25.959686	518.925340	64.818591	32.630258	1003.411081	12.090938	11.950831	
9/14/2019 11:41:04.002124449	69.844367	31.339271	1003.044816	7.539715	25.857680	517.875956	64.672375	32.519653	1003.001370	12.909687	11.930093	
9/14/2019 11:41:05.002124449	69.864080	31.386493	1004.454600	7.997547	25.998505	519.878785	64.497376	32.484263	1003.133365	7.334853	11.941251	
9/14/2019 11:41:06.002124449	69.607813	31.360433	1004.131388	7.485404	25.833597	519.805845	64.570104	32.521209	1003.364560	13.693593	11.954432	
9/14/2019 11:41:07.002124449	69.903505	31.587126	1002.418893	7.398151	26.143329	520.935390	64.528680	32.701853	1003.047733	14.980535	11.905649	
9/14/2019 11:41:08.002124449	69.916647	31.360134	1004.150234	7.606241	25.850006	520.915023	64.722340	32.537390	1003.286181	14.349379	11.959268	
9/14/2019 11:41:09.002124449	69.883793	31.432262	1003.522183	7.803189	25.876783	521.260654	64.677394	32.655467	1003.638018	14.500818	11.908081	
9/14/2019 11:41:10.002124449	69.791799	31.319081	1004.248403	7.438441	25.920541	523.607145	64.655526	32.509271	1002.723968	6.558811	11.922800	
9/14/2019 11:41:11.002124449	70.140059	31.294518	1002.831287	7.915552	25.992545	524.339149	64.795015	32.613240	1003.577143	10.988969	11.906924	
9/14/2019 11:41:12.002124449	69.995499	31.387317	1003.071467	7.547621	25.947767	523.662340	64.620858	32.462165	1002.616416	5.075102	11.934102	
9/14/2019 11:41:13.002124449	69.896934	31.277131	1002.538906	7.904642	26.017200	524.122306	64.531125	32.578898	1003.283816	4.399929	11.918318	
9/14/2019 11:41:14.002124449	70.218911	31.339420	1002.649770	7.520862	25.897070	523.137316	64.622514	32.547148	1003.611996	12.194428	11.923430	
9/14/2019 11:41:15.002124449	70.074350	31.339795	1004.204957	8.169523	26.049773	526.953731	64.492908	32.521928	1002.967303	6.058125	11.921827	
9/14/2019 11:41:16.002124449	69.956073	31.461348	1004.959092	7.528909	25.842087	524.500134	64.406435	32.582634	1003.268833	14.516274	11.942118	
9/14/2019 11:41:17.002124449	70.251766	31.487633	1004.446873	8.259067	25.943808	525.809724	64.499032	32.571320	1003.509960	8.572806	11.922550	
9/14/2019 11:41:18.002124449	70.166343	31.308238	1002.737533	7.873278	25.892499	527.070035	64.517641	32.521103	1003.192189	5.020871	11.939345	
9/14/2019 11:41:19.002124449	70.317475	31.514217	1004.960196	7.790536	25.877844	526.508216	64.647404	32.636068	1003.524942	16.609130	11.931381	
9/14/2019 11:41:20.002124449	70.383184	31.345516	1002.033073	7.747455	25.905805	528.239008	64.561430	32.519960	1003.063188	4.548747	11.941974	
9/14/2019 11:41:21.002124449	70.356901	31.494028	1002.897915	7.610706	25.868742	527.550369	64.752487	32.679131	1004.008461	18.108295	11.923654	
9/14/2019 11:41:22.002124449	70.225482	31.424071	1002.978502	7.374482	25.821107	528.020850	64.752225	32.552440	1003.400199	14.969011	11.952251	
9/14/2019 11:41:23.002124449	70.488320	31.331047	1002.100728	7.884381	25.939848	530.802995	64.705229	32.633369	1002.953899	7.219839	11.923680	
9/14/2019 11:41:24.002124449	70.324046	31.334897	1004.696359	7.726076	26.002995	534.037222	64.613288	32.618532	1003.176735	6.271659	11.904900	
9/14/2019 11:41:25.002124449	70.652593	31.393562	1004.103870	7.432769	25.852578	529.635990	64.502686	32.500455	1003.227042	9.313735	11.912496	
9/14/2019 11:41:26.002124449	70.514603	31.309286	1004.155201	8.290929	26.101286	533.709327	64.679155	32.627347	1003.503494	10.344978	11.900813	
9/14/2019 11:41:27.002124449	70.330617	31.398010	1002.623986	7.407894	25.810902	529.813405	64.621120	32.597471	1003.445934	13.019730	11.941750	
9/14/2019 11:41:28.002124449	70.692019	31.450580	1003.898934	8.290182	26.006464	533.977418	64.704335	32.555858	1003.047890	6.411303	11.944510	
9/14/2019 11:41:29.002124449	70.501462	31.350488	1002.001849	7.409612	25.887682	532.054759	64.712195	32.525146	1002.756771	8.381282	11.938964	
9/14/2019 11:41:30.002124449	70.803725	31.471218	1003.189272	8.030680	25.936787	532.739452	64.602407	32.577130	1003.599693	10.497457	11.910972	
9/14/2019 11:41:31.002124449	70.790583	31.192780	1004.723719	7.279784	25.978626	531.654587	64.387326	32.539571	1003.041110	4.835899	11.919317	
9/14/2019 11:41:32.002124449	70.692019	31.404779	1003.420779	7.847123	25.927970	533.194819	64.493013	32.598403	1003.568626	10.231003	11.904361	
9/14/2019 11:41:33.002124449	70.751157	31.329326	1004.613407	7.620904	25.863313	532.354394	64.516537	32.541751	1003.227199	6.271659	11.943025	
9/14/2019 11:41:34.002124449	70.803725	31.389413	1003.707325	7.840520	25.945522	535.190417	64.684570	32.598508	1003.190139	5.803466	11.924350	
9/14/2019 11:41:35.002124449	70.560600	31.349665	1004.499388	7.817455	25.901601	533.728378	64.585506	32.522246	1003.082429	4.456781	11.949320	
9/14/2019 11:41:36.002124449	70.922002	31.373522	1004.271980	7.761124	25.946910	535.135223	64.878229	32.648620	1003.557902	15.776236	11.939398	
9/14/2019 11:41:37.002124449	70.724874	31.387392	1002.936632	7.611243	25.830168	532.531808	64.699315	32.515706	1003.413289	14.292527	11.958900	
9/14/2019 11:41:38.002124449	70.908860	31.350863	1003.156627	8.382754	26.050059	535.618187	64.704887	32.533030	1003.166325	6.438554	11.941908	
9/14/2019 11:41:39.002124449	70.882576	31.342222	1003.099696	7.988281	25.864415	534.212658	64.621068	32.498699	1003.089209	4.151552	11.932157	
9/14/2019 11:41:40.002124449	70.738016	31.549998	1005.360919	8.230788	25.878416	537.040136	64.576727	32.557626	1003.929452	5.199291	11.886002	
9/14/2019 11:41:41.002124449	71.020566	31.408929	1004.618689	7.788926	25.838944	534.192944	64.748414	32.550778	1003.185566	14.247199	11.942736	
9/14/2019 11:41:42.002124449	71.079705	31.488681	1003.009412	7.932989	25.899927	536.134001	64.698658	32.557520	1003.444041	17.409802	11.932656	
9/14/2019 11:41:43.002124449	70.876005	31.350788	1003.087711	7.601458	25.858497	535.869195	64.432114	32.552027	1003.209537	11.398998	11.957980	
9/14/2019 11:41:44.002124449	71.165127	31.426017	1003.687770	7.716439	25.940991	537.878592	64.426147	32.529506	1003.212059	8.509402	11.933221	
9/14/2019 11:41:45.002124449	70.797154	31.381521	1003.591256	7.585359	25.822535	536.074207	64.407434	32.440692	1003.390896	11.841251	11.956903	
9/14/2019 11:41:46.002124449	71.191411	31.335496	1003.735632	7.941084	25.915765	537.709061	64.532834	32.538745	1003.406980	9.000913	11.937243	
9/14/2019 11:41:47.002124449	70.941715	31.381222	1003.879222	7.727165	25.832740	536.740501	64.463917	32.504403	1003.062716	10.753426	11.959584	
9/14/2019 11:41:48.002124449	71.040279	31.399358	1003.583134	7.934713	25.978626	538.452895	64.671980	32.565097	1003.199284	11.713401	11.950805	
9/14/2019 11:41:49.002124449	71.138843	31.386419	1003.377175	7.374400	25.899601	537.709061	64.630741	32.417864	1003.034644	6.694524	11.956666	
9/14/2019 11:41:50.002124449	71.000853	31.446057	1004.467295	8.042043	25.931317	538.414783	64.768179	32.553890	1003.404929	12.347178	11.952290	
9/14/2019 11:41:51.002124449	71.165127	31.402534	1003.629578	7.342580	25.866456	537.811567	64.427199	32.432702	1003.253064	8.621795	11.957323	
9/14/2019 11:41:52.002124449	71.270262	31.529509	1004.147317	7.705882	25.907316	537.960069	64.601907	32.471817	1003.538189	14.919751	11.934535	
9/14/2019 11:41:53.002124449	71.053421	31.429567	1003.872993	7.435059	25.817147	537.275376	64.696555	32.494233	1003.121854	12.993790	11.952527	
9/14/2019 11:41:54.002124449	71.204553	31.419547	1003.169085	7.731656	25.931358	540.267132	64.739083	32.454799	1003.247069	9.422467	11.931684	
9/14/2019 11:41:55.002124449	71.309688	31.366454	1003.468169	7.609141	25.857639	539.084361	64.433270	32.513843	1003.004206	10.249080	11.960293	
9/14/2019 11:41:56.002124449	71.250549	31.466695	1004.236733	7.524576	25.853354	540.094970	64.514277	32.590106	1003.813854	15.666192	11.919330	
9/14/2019 11:41:57.002124449	71.013995	31.551270	1002.241320	7.117465	26.039283	538.672359	64.385066	32.634206	1002.642752	16.402149	11.920276	
9/14/2019 11:41:58.002124449	71.066563	31.413826	1004.302732	7.511096	25.879804	542.609677	64.641228	32.530237	1003.481416	16.549657	11.910867	
9/14/2019 11:41:59.002124449	71.401681	31.412703	1003.476685	7.387217	25.857680	541.839561	64.604063	32.455530	1003.054514	6.958356	11.944260	
9/14/2019 11:42:00.002124449	71.329401	31.397861	1003.498369	7.738217	25.982586	544.509337	64.806448	32.502011	1003.182094	10.216587	11.928543	
9/14/2019 11:42:01.002124449	71.112560	31.397412	1003.923457	7.517128	25.824250	541.639801	64.706281	32.533454	1003.290596	13.751756	11.957797	
9/14/2019 11:42:02.002124449	71.355685	31.471368	1003.931737	7.815403	25.931644	544.337175	64.609582	32.495576	1003.209694	13.975503	11.946442	
9/14/2019 11:42:03.002124449	71.401681	31.371875	1003.517924	7.739813	25.874946	543.904153	64.558670	32.474103	1003.003577	7.374939	11.962514	
9/14/2019 11:42:04.002124449	71.467391	31.440485	1004.711419	8.132296	25.929970	544.706466	64.675948	32.468600	1003.043475	8.136836	11.930790	
9/14/2019 11:42:05.002124449	71.211124	31.371726	1002.168777	7.828237	25.870987	544.049371	64.732774	32.450757	1002.865902	5.200601	11.948308	
9/14/2019 11:42:06.002124449	71.789367	31.357407	1003.599378	8.319359	25.837311	546.481938	64.768731	32.510414	1003.831202	4.110156	11.892797	
9/14/2019 11:42:07.002124449	71.381968	31.429792	1002.733512	7.596393	25.806126	543.289770	64.603063	32.499112	1003.226728	12.270668	11.921407	
9/14/2019 11:42:08.002124449	71.414823	31.399433	1002.977870	7.428580	25.916908	546.442510	64.750831	32.549847	1003.018717	13.649576	11.893914	
9/14/2019 11:42:09.002124449	71.349114	31.357482	1003.127926	7.400918	25.922582	545.847188	64.736191	32.437994	1002.656156	3.556550	11.935376	
9/14/2019 11:42:10.002124449	71.618522	31.403731	1003.450507	7.590420	26.022302	547.707421	64.973587	32.527538	1003.006100	7.537903	11.938793	
9/14/2019 11:42:11.002124449	71.487103	31.408779	1004.016108	7.473125	25.826495	545.710507	64.942230	32.539783	1003.192189	12.296608	11.963263	
9/14/2019 11:42:12.002124449	71.408252	31.508721	1003.385454	7.881062	25.920010	547.316448	64.887717	32.563954	1003.468012	14.396017	11.949005	
9/14/2019 11:42:13.002124449	71.565955	31.388140	1001.924811	7.673529	25.857354	546.970818	64.731171	32.456980	1002.735007	5.861629	11.945837	
9/14/2019 11:42:14.002124449	71.789367	31.498925	1002.705282	7.994918	25.951196	549.727986	64.865901	32.523590	1003.106872	7.131804	11.926295	
9/14/2019 11:42:15.002124449	71.684232	31.476939	1003.292567	7.259667	25.833026	547.286219	65.023499	32.501080	1003.250699	12.106394	11.938990	
9/14/2019 11:42:16.002124449	71.618522	31.446955	1004.437567	7.902975	25.909846	549.816693	64.949458	32.509895	1003.413132	9.833808	11.909710	
9/14/2019 11:42:17.002124449	71.427965	31.461273	1002.418263	7.395132	25.848904	548.083933	64.945200	32.525569	1003.336016	12.106394	11.945299	
9/14/2019 11:42:18.002124449	71.539671	31.427439	1002.499952	7.757987	25.908948	551.144029	65.041057	32.573500	1003.542448	10.461303	11.927991	
9/14/2019 11:42:19.002124449	71.802509	31.362155	1003.683354	7.517242	25.906948	550.299005	64.991092	32.442661	1002.879306	5.534391	11.947993	
9/14/2019 11:42:20.002124449	71.723658	31.450355	1002.277434	7.427389	25.838699	549.347527	64.813229	32.497450	1003.362510	13.051953	11.946337	
9/14/2019 11:42:21.002124449	71.618522	31.350937	1003.138413	7.648548	25.859068	549.781212	64.920125	32.525876	1002.905013	8.055354	11.958730	
9/14/2019 11:42:22.002124449	71.519958	31.419173	1004.444665	7.620653	25.862497	550.084131	65.101851	32.532935	1003.160966	9.994150	11.958835	
9/14/2019 11:42:23.002124449	71.756512	31.367427	1002.356048	7.602106	25.902703	550.847679	65.164039	32.498688	1002.585978	4.794503	11.939726	
9/14/2019 11:42:24.002124449	71.815651	31.393188	1003.335384	7.719219	25.854823	551.000780	64.912398	32.540301	1003.150713	9.470416	11.954169	
9/14/2019 11:42:25.002124449	71.789367	31.419772	1003.538741	7.542373	25.867844	551.044807	65.067945	32.506784	1003.049941	11.790951	11.956614	
9/14/2019 11:42:26.002124449	71.743370	31.377297	1002.714823	7.761498	25.874375	551.639477	65.104611	32.440068	1002.844139	4.996241	11.959019	
9/14/2019 11:42:27.002124449	71.671090	31.403282	1003.909816	7.355894	25.865313	551.268217	65.235373	32.491428	1003.170269	9.566043	11.948361	
9/14/2019 11:42:28.002124449	71.848505	31.394385	1003.062084	7.702746	25.823066	551.015894	65.179099	32.518510	1002.774276	9.513123	11.936493	
9/14/2019 11:42:29.002124449	71.861647	31.377222	1002.949012	7.815235	25.875804	551.338527	65.143380	32.516542	1002.951220	6.633740	11.961962	
9/14/2019 11:42:30.002124449	71.835364	31.440186	1002.770098	7.392273	25.864456	552.836047	65.239527	32.519441	1003.100248	11.127302	11.954945	
9/14/2019 11:42:31.002124449	71.749941	31.419996	1003.668766	7.582646	25.848006	552.423391	64.827028	32.570495	1002.984336	10.763911	11.949517	
9/14/2019 11:42:32.002124449	71.539671	31.566936	1004.707161	6.776978	25.912377	553.763863	64.920020	32.539264	1003.638489	12.028844	11.934233	
9/14/2019 11:42:33.002124449	71.697374	31.445458	1003.522183	7.493332	25.818861	553.261185	64.976399	32.500667	1003.375599	12.189186	11.957941	
9/14/2019 11:42:34.002124449	71.671090	31.508945	1004.216153	7.493943	25.840128	554.801416	65.021292	32.575374	1003.202914	11.021191	11.932170	
9/14/2019 11:42:35.002124449	71.684232	31.466545	1003.806994	7.607198	25.812045	554.397960	65.045263	32.533866	1003.216160	14.943070	11.960504	
9/14/2019 11:42:36.002124449	71.710516	31.392215	1004.361950	7.352059	25.870987	556.563090	64.821299	32.510107	1002.620517	8.229842	11.933418	
9/14/2019 11:42:37.002124449	71.723658	31.477239	1003.908160	7.522471	25.835311	555.955275	64.744812	32.557837	1003.220104	11.654968	11.959019	
9/14/2019 11:42:38.002124449	71.848505	31.403731	1003.879459	7.553931	25.869844	557.950873	64.739450	32.526194	1003.301792	9.809178	11.955970	
9/14/2019 11:42:39.002124449	71.999637	31.487633	1003.559952	7.676588	25.846904	558.025782	64.888164	32.545593	1003.231458	10.281302	11.957415	
9/14/2019 11:42:40.002124449	71.960212	31.467593	1002.957843	7.550534	25.792778	558.007384	64.970065	32.530131	1003.008307	12.299229	11.923614	
9/14/2019 11:42:41.002124449	71.763083	31.471368	1004.910046	7.603446	25.842945	558.161800	64.579987	32.541857	1003.023290	12.251280	11.959203	
9/14/2019 11:42:42.002124449	71.966783	31.467369	1004.351935	7.308586	25.844945	559.494389	64.681206	32.501492	1002.894289	10.361473	11.933392	
9/14/2019 11:42:43.002124449	72.025921	31.440261	1003.536691	7.346775	25.874089	560.054893	64.725599	32.496201	1002.962101	10.304621	11.945929	
9/14/2019 11:42:44.002124449	71.795938	31.403507	1004.282152	7.603451	25.850251	559.228267	64.738294	32.509483	1002.642595	9.595915	11.934890	
9/14/2019 11:42:45.002124449	72.111343	31.488232	1002.991906	7.489593	25.819964	558.908918	64.883644	32.517261	1003.238081	14.760719	11.957389	
9/14/2019 11:42:46.002124449	71.947070	31.476865	1002.596151	7.507639	25.821719	559.199354	64.641176	32.499524	1003.115231	14.712770	11.917109	
9/14/2019 11:42:47.002124449	72.117914	31.393712	1002.996165	7.606437	25.917153	560.746816	64.518193	32.447952	1002.756613	6.006516	11.951646	
9/14/2019 11:42:48.002124449	72.025921	31.409752	1004.220017	7.461166	25.935562	560.765214	64.497324	32.487067	1002.938444	6.517415	11.945443	
9/14/2019 11:42:49.002124449	72.012779	31.393861	1003.161043	7.427909	25.900989	560.540489	64.588266	32.479077	1002.737058	5.615873	11.952461	
9/14/2019 11:42:50.002124449	71.953641	31.394385	1002.338228	7.565690	25.916010	560.840123	64.680811	32.488105	1002.693216	5.348109	11.940673	
9/14/2019 11:42:51.002124449	71.953641	31.487558	1003.341613	7.396604	25.824821	560.067376	64.869451	32.526501	1003.176577	12.353460	11.957415	
9/14/2019 11:42:52.002124449	72.157340	31.424669	1003.436471	7.349515	25.888539	561.037252	64.810812	32.473892	1002.961944	7.351620	11.952789	
9/14/2019 11:42:53.002124449	71.927357	31.467593	1004.308803	7.622413	25.877192	559.640922	64.686068	32.474410	1003.036537	18.899793	11.910867	
9/14/2019 11:42:54.002124449	72.255904	31.451104	1003.562870	7.420550	25.886580	561.430193	64.618308	32.547042	1003.253378	12.030154	11.942539	
9/14/2019 11:42:55.002124449	72.065347	31.430765	1003.264575	7.428352	25.924786	561.859278	64.673583	32.494021	1003.048048	5.245929	11.949596	
9/14/2019 11:42:56.002124449	72.058776	31.514517	1003.042766	7.464558	25.823964	561.155525	64.717372	32.569458	1003.220261	13.420586	11.950936	
9/14/2019 11:42:57.002124449	72.163911	31.471742	1003.265758	6.861176	25.988300	560.327583	64.812073	32.537602	1003.071704	14.548496	11.906175	
9/14/2019 11:42:58.002124449	71.947070	31.409303	1003.377175	7.364958	25.853109	563.150470	64.735534	32.474304	1003.284130	6.456631	11.920368	
9/14/2019 11:42:59.002124449	72.078489	31.393786	1005.643994	7.302298	25.838659	562.796294	64.840722	32.556588	1003.711032	11.624056	11.920855	
9/14/2019 11:43:00.002124449	72.052205	31.456301	1002.228073	7.329093	25.875804	562.804177	64.911584	32.544037	1003.049626	11.349739	11.944523	
9/14/2019 11:43:01.002124449	72.321614	31.414650	1003.618144	7.356719	25.902418	563.482302	64.840512	32.509377	1003.036851	9.368236	11.949202	
9/14/2019 11:43:02.002124449	72.104772	31.420296	1003.841057	7.552759	25.885968	564.745897	64.688486	32.502011	1002.910058	5.513693	11.955050	
9/14/2019 11:43:03.002124449	72.242762	31.435513	1003.411633	7.511132	25.837556	563.737909	64.790861	32.579004	1003.143618	13.631499	11.956298	
9/14/2019 11:43:04.002124449	72.137627	31.461273	1004.412257	7.335280	25.876947	565.569892	64.874523	32.502530	1003.198498	10.880236	11.945272	
9/14/2019 11:43:05.002124449	72.374181	31.420371	1003.422672	7.441720	25.906663	565.829446	64.854758	32.454694	1002.774118	8.937509	11.938202	
9/14/2019 11:43:06.002124449	72.242762	31.535604	1004.564361	7.517050	25.881192	565.521265	64.784633	32.583671	1003.397520	11.620124	11.941934	
9/14/2019 11:43:07.002124449	71.841935	31.494552	1003.479365	7.198996	25.992219	565.302454	64.505603	32.550154	1002.947433	4.220199	11.922510	
9/14/2019 11:43:08.002124449	72.295330	31.424819	1003.776794	7.435382	25.846006	566.201358	64.600751	32.577024	1003.075491	13.102523	11.954472	
9/14/2019 11:43:09.002124449	72.177053	31.514741	1004.114120	7.389273	25.821678	566.033142	64.688433	32.533348	1003.303686	12.870912	11.959308	
9/14/2019 11:43:10.002124449	72.104772	31.452077	1002.916367	7.450173	25.872946	567.973546	64.623328	32.559287	1003.461388	9.594605	11.946402	
9/14/2019 11:43:11.002124449	72.137627	31.514591	1003.626661	7.356455	25.813188	567.483351	64.763211	32.510838	1003.444198	12.663931	11.938570	
9/14/2019 11:43:12.002124449	72.453033	31.430241	1002.985835	7.306470	25.908377	569.527576	64.414057	32.487173	1002.940495	4.379231	11.954196	
9/14/2019 11:43:13.002124449	72.183624	31.488007	1002.823165	7.533505	25.838699	568.003111	64.523003	32.558356	1002.937973	13.154132	11.934470	
9/14/2019 11:43:14.002124449	72.249333	31.590644	1004.064364	7.843724	26.016914	571.862889	64.791413	32.582104	1002.897125	15.605409	11.915375	
9/14/2019 11:43:15.002124449	72.367610	31.498776	1003.374967	7.359482	25.814902	568.904646	64.748623	32.524426	1003.235559	13.502068	11.958572	
9/14/2019 11:43:16.002124449	72.637019	31.599840	1003.624453	7.876426	25.994586	572.054103	64.838856	32.555339	1003.100406	16.161636	11.904821	
9/14/2019 11:43:17.002124449	72.183624	31.456301	1005.034552	7.563205	25.828454	570.210953	64.554255	32.619156	1003.223255	8.693063	11.937913	
9/14/2019 11:43:18.002124449	72.242762	31.536952	1003.843108	7.725998	25.894580	572.705283	64.577279	32.639391	1003.732324	17.050072	11.931132	
9/14/2019 11:43:19.002124449	72.321614	31.508870	1003.567128	7.497084	25.836699	571.519228	64.561378	32.540714	1003.439311	11.389824	11.961082	
9/14/2019 11:43:20.002124449	72.367610	31.485056	1003.369605	7.676684	25.924010	573.637046	64.797879	32.710987	1003.480944	13.058505	11.936993	
9/14/2019 11:43:21.002124449	72.407036	31.304688	1004.738859	7.464749	25.970136	572.478588	64.743104	32.551191	1003.117911	4.689702	11.920171	
9/14/2019 11:43:22.002124449	72.308472	31.495300	1003.863530	7.732856	26.042099	575.493342	64.966858	32.559488	1003.488196	11.114468	11.940633	
9/14/2019 11:43:23.002124449	72.341326	31.480939	1004.144477	7.400033	25.835026	573.608133	64.755641	32.513843	1002.826005	12.581139	11.934351	
9/14/2019 11:43:24.002124449	72.275617	31.578453	1004.132571	8.057251	25.986626	576.800301	64.640886	32.619569	1003.124377	9.507881	11.949675	
9/14/2019 11:43:25.002124449	72.255904	31.498401	1003.396650	7.589540	25.863354	574.607574	64.614497	32.539783	1003.200391	10.691332	11.941343	
9/14/2019 11:43:26.002124449	72.564739	31.556467	1004.013900	7.932467	25.903642	576.091295	64.701128	32.595397	1003.434895	10.569765	11.930251	
9/14/2019 11:43:27.002124449	72.341326	31.472341	1004.938985	7.467772	25.851721	575.336294	64.801086	32.553996	1003.246755	13.240856	11.954301	
9/14/2019 11:43:28.002124449	72.551597	31.427813	1002.749201	8.683895	25.863068	575.020229	65.088842	32.563330	1002.988909	14.496886	11.872952	
9/14/2019 11:43:29.002124449	72.387323	31.482586	1003.871100	7.432045	25.831597	575.096454	64.639625	32.551815	1003.330179	13.136056	11.955116	
9/14/2019 11:43:30.002124449	72.295330	31.505769	1003.851387	7.514802	25.893968	576.861411	64.955477	32.625591	1003.474006	16.151151	11.938018	
9/14/2019 11:43:31.002124449	72.499029	31.383542	1005.379133	7.698970	25.717998	577.139363	64.739398	32.661182	1002.880885	14.263965	11.929055	
9/14/2019 11:43:32.002124449	72.407036	31.504347	1003.319140	7.690481	25.931929	576.639969	65.081219	32.614796	1003.369605	15.289695	11.946600	
9/14/2019 11:43:33.002124449	72.255904	31.567760	1003.881192	7.275726	25.833883	576.396845	64.791755	32.594360	1003.568469	14.001443	11.933392	
9/14/2019 11:43:34.002124449	72.538455	31.615057	1004.313851	7.786807	25.926827	577.828655	64.770044	32.572876	1003.358409	14.987088	11.948163	
9/14/2019 11:43:35.002124449	72.400465	31.399507	1003.515007	7.524865	25.918010	578.130921	64.730067	32.509377	1003.236345	7.748815	11.928635	
9/14/2019 11:43:36.002124449	72.755296	31.568284	1003.418099	7.589780	25.897968	578.432524	64.881698	32.558038	1003.533774	20.313544	11.929371	
9/14/2019 11:43:37.002124449	72.354468	31.504497	1003.994739	7.378276	25.842373	577.709719	64.841511	32.565203	1003.240132	15.248299	11.958743	
9/14/2019 11:43:38.002124449	72.499029	31.520911	1003.755188	7.327867	25.902458	579.460878	64.918706	32.604425	1003.863847	16.653147	11.906753	
9/14/2019 11:43:39.002124449	72.525313	31.478137	1003.431898	7.563757	25.840128	578.676964	64.553703	32.575786	1003.309837	12.541054	11.962882	
9/14/2019 11:43:40.002124449	72.505600	31.473539	1002.186440	7.620015	25.993974	582.356043	64.677894	32.566134	1003.124377	21.047151	11.926716	
9/14/2019 11:43:41.002124449	72.308472	31.530258	1003.744149	7.368564	25.843802	579.300546	64.519797	32.550778	1003.386481	29.850614	11.950437	
9/14/2019 11:43:42.002124449	72.617306	31.578828	1003.917543	7.781195	25.956298	582.119487	64.610686	32.627559	1003.496556	13.406441	11.945916	
9/14/2019 11:43:43.002124449	72.531884	31.442132	1003.499630	7.592609	25.882580	580.501063	64.649560	32.576199	1003.325763	15.225251	11.941330	
9/14/2019 11:43:44.002124449	72.577880	31.551869	1002.972903	7.551282	25.980953	581.879646	64.749071	32.560218	1003.627451	15.544625	11.917622	
9/14/2019 11:43:45.002124449	72.288759	31.482810	1003.701806	7.516416	25.828780	580.779668	64.658681	32.550366	1003.327657	12.559130	11.953289	
9/14/2019 11:43:46.002124449	72.794722	31.537700	1004.832141	7.857562	25.899070	583.611091	64.596440	32.570283	1003.404772	11.956536	11.918555	
9/14/2019 11:43:47.002124449	72.505600	31.540951	1003.578719	7.596165	25.838128	582.066260	64.544372	32.550884	1003.356044	35.291046	11.962396	
9/14/2019 11:43:48.002124449	72.702728	31.453724	1004.326940	7.520534	25.846659	583.464558	64.669220	32.642503	1003.367082	22.270688	11.911537	
9/14/2019 11:43:49.002124449	72.387323	31.468267	1003.237686	7.426642	25.870375	583.776023	64.689432	32.516425	1003.123748	13.433692	11.948991	
9/14/2019 11:43:50.002124449	72.761867	31.442955	1001.933484	7.806380	26.003852	586.117914	65.007940	32.593005	1003.172791	12.930656	11.930001	
9/14/2019 11:43:51.002124449	72.604164	31.457349	1003.012329	7.404383	25.900132	584.209707	64.633658	32.530956	1002.679813	7.171890	11.933852	
9/14/2019 11:43:52.002124449	72.472745	31.552917	1004.684136	7.878780	26.025690	586.077171	64.788102	32.578993	1003.024076	12.858077	11.936664	
9/14/2019 11:43:53.002124449	72.689587	31.540577	1003.672315	7.457026	25.818004	583.403448	64.854810	32.539677	1003.452400	13.791841	11.958099	
9/14/2019 11:43:54.002124449	72.775009	31.615132	1004.048910	7.691106	25.923725	585.125693	65.007046	32.544756	1003.174527	15.291006	11.936677	
9/14/2019 11:43:55.002124449	72.413607	31.525285	1003.720415	7.352141	25.833026	584.393690	64.999661	32.563542	1003.183201	13.953494	11.955773	
9/14/2019 11:43:56.002124449	72.827576	31.521735	1002.788312	7.813447	25.916908	586.719151	64.922727	32.572357	1003.192346	9.372168	11.931355	
9/14/2019 11:43:57.002124449	72.466174	31.462845	1004.232240	7.534563	25.861068	585.512067	64.999766	32.551297	1003.157022	11.603358	11.948400	
9/14/2019 11:43:58.002124449	72.775009	31.465166	1004.380007	7.591970	25.890539	587.687711	64.818748	32.612616	1003.168375	6.869282	11.906188	
9/14/2019 11:43:59.002124449	72.577880	31.504796	1002.580302	7.772992	25.785431	588.340207	64.924883	32.339729	1003.341061	11.268257	11.888171	
9/14/2019 11:44:00.002124449	72.584451	31.478961	1003.124062	7.646701	26.008995	587.269141	65.062321	32.591343	1003.441833	9.487183	11.911997	
9/14/2019 11:44:01.002124449	72.656732	31.446955	1003.251328	7.517032	25.905805	587.039815	65.033934	32.532099	1002.964466	8.019201	11.955786	
9/14/2019 11:44:02.002124449	72.459603	31.568883	1003.817323	7.986102	25.957400	589.342932	65.062373	32.593005	1003.323870	12.983576	11.947349	
9/14/2019 11:44:03.002124449	72.683016	31.546597	1003.333885	7.411144	25.828209	587.844096	64.984074	32.520585	1003.167904	13.566784	11.959755	
9/14/2019 11:44:04.002124449	72.709299	31.604663	1002.560432	7.545583	25.928011	588.869819	65.127031	32.561256	1003.338696	14.508411	11.928175	
9/14/2019 11:44:05.002124449	72.768438	31.551645	1004.756050	7.280244	25.810943	587.091063	65.219524	32.595916	1003.156865	14.309293	11.935376	
9/14/2019 11:44:06.002124449	72.643590	31.595542	1004.497338	7.502350	25.849802	588.959842	65.243995	32.648937	1003.758817	20.031635	11.934680	
9/14/2019 11:44:07.002124449	72.853860	31.562488	1003.875201	7.270132	25.845516	588.406569	65.047575	32.550366	1003.467540	14.963768	11.937400	
9/14/2019 11:44:08.002124449	72.683016	31.447554	1003.539293	7.407027	25.936134	590.522419	65.092573	32.473786	1002.839880	7.279312	11.951094	
9/14/2019 11:44:09.002124449	72.768438	31.482885	1003.645347	7.900491	26.148065	595.300814	65.388056	32.676633	1003.868892	15.640252	11.896477	
9/14/2019 11:44:10.002124449	72.702728	31.468117	1003.779711	7.407123	25.872946	590.765543	65.233270	32.538015	1003.181465	11.457161	11.952172	
9/14/2019 11:44:11.002124449	72.650161	31.625601	1003.705670	8.053524	26.080999	593.035146	65.448246	32.600371	1003.444041	14.102312	11.936638	
9/14/2019 11:44:12.002124449	72.735583	31.518741	1004.153860	7.392068	25.840699	590.007910	65.123115	32.535010	1003.065081	13.359803	11.917175	
9/14/2019 11:44:13.002124449	72.755296	31.700007	1003.634703	7.978441	25.986136	592.182891	65.006152	32.605250	1003.192032	13.365045	11.916058	
9/14/2019 11:44:14.002124449	72.761867	31.567984	1003.496004	7.438884	25.827352	590.157727	65.216212	32.564991	1003.183201	15.927404	11.958743	
9/14/2019 11:44:15.002124449	72.807864	31.491525	1003.041425	7.686837	25.916949	592.055419	65.322898	32.648725	1003.995843	14.625007	11.889695	
9/14/2019 11:44:16.002124449	72.683016	31.510742	1002.729331	7.987199	25.749715	592.715145	64.978107	32.429379	1003.642905	9.884378	11.888105	
9/14/2019 11:44:17.002124449	72.794722	31.549292	1002.761739	7.474839	25.963074	593.850605	65.325106	32.703197	1003.689111	18.522256	11.916360	
9/14/2019 11:44:18.002124449	72.459603	31.525510	1003.531566	7.387850	25.836414	591.011951	65.226095	32.559181	1003.393419	14.345447	11.958072	
9/14/2019 11:44:19.002124449	72.742154	31.581522	1005.237674	7.722797	25.923929	592.928041	65.409924	32.675183	1003.741626	14.790591	11.907121	
9/14/2019 11:44:20.002124449	72.551597	31.447628	1003.543471	7.578661	25.873232	592.460191	64.972640	32.544344	1003.231615	9.802896	11.943774	
9/14/2019 11:44:21.002124449	72.880144	31.631247	1003.884741	7.806877	25.953196	594.013558	65.216265	32.558038	1003.454608	15.556149	11.944957	
9/14/2019 11:44:22.002124449	72.571310	31.483783	1003.186512	7.553279	25.872661	593.088373	65.100300	32.584083	1003.060665	11.872433	11.954761	
9/14/2019 11:44:23.002124449	72.899857	31.437534	1002.846741	8.726756	25.842414	594.161407	65.306550	32.519336	1003.187774	10.554309	11.886778	
9/14/2019 11:44:24.002124449	72.801293	31.510068	1004.697226	7.532379	25.867558	593.754667	65.151554	32.599027	1003.181307	11.318827	11.949898	
9/14/2019 11:44:25.002124449	72.683016	31.585147	1004.340739	7.516010	25.877844	593.903169	65.098539	32.695630	1003.669084	17.364475	11.934798	
9/14/2019 11:44:26.002124449	72.899857	31.452601	1002.626431	7.413871	25.895029	595.233788	65.091417	32.496402	1002.736272	8.268888	11.945377	
9/14/2019 11:44:27.002124449	72.781580	31.564359	1003.828520	7.715366	25.941522	597.927225	65.267781	32.641878	1003.308258	11.926935	11.914888	
9/14/2019 11:44:28.002124449	72.637019	31.510592	1002.949721	7.377966	25.929603	595.704270	65.263155	32.517886	1002.949483	8.982836	11.951948	
9/14/2019 11:44:29.002124449	72.788151	31.620629	1003.128792	8.067679	25.936746	596.685965	65.114441	32.638661	1003.330022	13.507310	11.936415	
9/14/2019 11:44:30.002124449	72.591022	31.541625	1003.329233	7.465647	25.823107	595.686524	65.157678	32.556588	1003.463124	16.869031	11.941908	
9/14/2019 11:44:31.002124449	72.912999	31.631846	1004.326545	8.069446	25.918908	598.493634	65.263969	32.536872	1003.452714	9.515744	11.919908	
9/14/2019 11:44:32.002124449	72.663303	31.536577	1003.837983	7.519731	25.853435	597.358174	65.125218	32.532311	1002.638179	9.881757	11.934128	
9/14/2019 11:44:33.002124449	73.050989	31.512688	1004.558841	7.429895	25.984626	598.765671	65.167456	32.483226	1003.857696	13.734989	11.872690	
9/14/2019 11:44:34.002124449	72.630448	31.519714	1004.017369	7.507525	25.840659	597.990956	65.032882	32.547773	1003.349577	15.209524	11.946652	
9/14/2019 11:44:35.002124449	72.827576	31.538748	1003.802026	7.646820	25.918296	600.731704	65.226147	32.663669	1003.500971	13.149161	11.939989	
9/14/2019 11:44:36.002124449	72.689587	31.484008	1002.759059	7.521364	25.865028	598.921404	65.179599	32.547148	1003.086844	11.109225	11.959873	
9/14/2019 11:44:37.002124449	72.827576	31.474138	1003.469273	7.874715	26.044385	602.929030	65.342559	32.558969	1003.196919	7.917021	11.936953	
9/14/2019 11:44:38.002124449	72.715870	31.505620	1005.044172	7.527245	25.855680	599.972756	65.026811	32.600689	1003.019346	11.912519	11.950279	
9/14/2019 11:44:39.002124449	72.834147	31.605187	1002.903357	7.702508	25.996260	602.674728	65.014326	32.536247	1003.006100	14.637841	11.917517	
9/14/2019 11:44:40.002124449	72.893286	31.478212	1003.050493	7.270072	25.938134	601.772541	65.074463	32.513007	1002.813701	7.337475	11.950227	
9/14/2019 11:44:41.002124449	72.827576	31.589222	1004.830406	7.458144	25.922051	602.411890	65.258345	32.602138	1003.579194	19.105463	11.921301	
9/14/2019 11:44:42.002124449	72.972137	31.494926	1002.755747	7.322236	25.920582	602.985540	65.051387	32.476590	1002.928034	6.350520	11.945036	
9/14/2019 11:44:43.002124449	72.867002	31.601936	1003.986617	7.344842	25.869885	603.421846	65.112181	32.665331	1003.575093	34.883637	11.937597	
9/14/2019 11:44:44.002124449	72.683016	31.483858	1004.381506	7.297027	25.914051	604.063174	65.001631	32.557001	1003.212059	17.851015	11.931158	
9/14/2019 11:44:45.002124449	72.932712	31.511041	1003.694788	7.458001	25.982912	605.192718	65.177838	32.602138	1003.437417	14.927614	11.940357	
9/14/2019 11:44:46.002124449	72.735583	31.452676	1003.036300	7.555463	25.892499	604.535623	64.980814	32.540914	1003.058300	11.175251	11.957061	
9/14/2019 11:44:47.002124449	72.985279	31.606235	1003.057826	7.851420	25.942665	605.531781	65.152106	32.643328	1003.197076	22.330432	11.932288	
9/14/2019 11:44:48.002124449	72.932712	31.447628	1003.303448	7.592627	25.898172	605.427959	64.950615	32.526807	1002.964466	10.686361	11.957534	
9/14/2019 11:44:49.002124449	72.952424	31.715224	1004.799654	7.768619	25.900825	605.948372	65.000527	32.607430	1003.701886	18.141828	11.913981	
9/14/2019 11:44:50.002124449	73.070701	31.496573	1003.896017	7.311244	25.913234	606.190191	64.962258	32.517367	1003.093468	10.575007	11.929029	
9/14/2019 11:44:51.002124449	72.965566	31.626724	1003.641721	7.551261	25.863966	606.024597	65.097988	32.638767	1003.697471	15.822603	11.937335	
9/14/2019 11:44:52.002124449	72.735583	31.552543	1002.778929	7.454536	25.839516	605.150007	65.178837	32.548492	1003.275299	17.473207	11.956548	
9/14/2019 11:44:53.002124449	72.985279	31.511939	1003.667505	7.755844	25.950339	608.447312	65.140515	32.696456	1003.435367	13.233264	11.929173	
9/14/2019 11:44:54.002124449	72.926141	31.604588	1003.848784	7.477123	25.842373	605.631655	64.901411	32.611272	1003.419283	17.610230	11.942749	
9/14/2019 11:44:55.002124449	72.847289	31.523531	1002.553571	7.670069	26.040752	609.483549	65.062321	32.578580	1002.588501	11.207473	11.909553	
9/14/2019 11:44:56.002124449	72.972137	31.542598	1003.707563	7.463701	25.833883	606.589700	65.014273	32.594773	1003.228935	18.195019	11.945667	
9/14/2019 11:44:57.002124449	73.004992	31.625601	1003.542447	7.574563	25.978748	608.215355	65.170320	32.516224	1003.036537	20.471536	11.920106	
9/14/2019 11:44:58.002124449	72.781580	31.473165	1003.895071	7.477602	25.890784	607.521464	65.012460	32.538428	1002.511228	23.085776	11.931592	
9/14/2019 11:44:59.002124449	73.169266	31.604364	1004.246905	7.445148	25.947032	607.828982	64.980814	32.636481	1003.404300	30.775475	11.908146	
9/14/2019 11:45:00.002124449	72.945853	31.552917	1002.070528	7.204385	25.876661	606.626497	65.057458	32.526913	1003.699679	13.101212	11.916281	
9/14/2019 11:45:01.002124449	72.735583	31.513436	1004.765747	7.630757	25.934215	609.597886	65.190480	32.668336	1003.481416	9.105714	11.912142	
9/14/2019 11:45:02.002124449	73.228404	31.530076	1003.957678	7.694884	26.013526	610.325290	65.543289	32.820861	1003.993635	21.994020	11.899210	
9/14/2019 11:45:03.002124449	72.978708	31.584324	1004.605365	7.230018	25.862497	608.359257	65.084793	32.604319	1003.454608	21.124701	11.935074	
9/14/2019 11:45:04.002124449	72.906428	31.632744	1004.959801	8.197242	25.995076	608.894132	65.253482	32.632427	1003.805652	21.129943	11.926755	
9/14/2019 11:45:05.002124449	73.018134	31.517062	1003.892626	7.625596	25.906948	609.958630	65.034591	32.531580	1002.879306	8.984147	11.935784	
9/14/2019 11:45:06.002124449	73.116698	31.673947	1003.395784	8.218379	26.001688	610.848334	65.208799	32.577130	1002.877255	12.717123	11.916334	
9/14/2019 11:45:07.002124449	72.761867	31.562563	1004.600003	7.539136	25.863640	608.898732	65.216055	32.579416	1003.369133	14.344137	11.947270	
9/14/2019 11:45:08.002124449	73.274401	31.585147	1003.543709	7.796931	25.932827	610.715600	65.023105	32.587301	1003.393419	9.185885	11.913009	
9/14/2019 11:45:09.002124449	72.958995	31.526333	1002.757403	7.347235	25.885151	610.684718	65.100695	32.518298	1002.999476	10.370647	11.945640	
9/14/2019 11:45:10.002124449	72.926141	31.576699	1003.611126	7.587139	25.890539	611.427237	65.396782	32.691683	1003.544813	16.820043	11.928201	
9/14/2019 11:45:11.002124449	73.070701	31.473539	1003.787833	7.681403	25.866456	610.533585	65.090707	32.545487	1002.898862	7.848374	11.956679	
9/14/2019 11:45:12.002124449	72.919570	31.501021	1003.644875	7.932938	25.990014	611.059261	65.016429	32.629115	1003.312831	9.903765	11.937558	
9/14/2019 11:45:13.002124449	72.748725	31.510667	1002.548131	7.520114	25.840373	610.224752	64.954031	32.624448	1003.013195	10.253012	11.928530	
9/14/2019 11:45:14.002124449	73.182407	31.578304	1003.820003	8.057861	25.981483	611.954881	65.146744	32.586771	1003.170111	7.735980	11.907634	
9/14/2019 11:45:15.002124449	72.939283	31.563760	1004.411154	7.541183	25.831352	610.301629	65.147139	32.540820	1003.624771	8.743362	11.943025	
9/14/2019 11:45:16.002124449	72.965566	31.665424	1002.466678	7.635389	25.880130	610.988289	65.130133	32.582528	1003.459181	17.401939	11.890037	
9/14/2019 11:45:17.002124449	73.070701	31.552693	1002.447832	7.418964	25.807555	610.214890	65.205121	32.501492	1002.701890	19.737930	11.914678	
9/14/2019 11:45:18.002124449	73.103556	31.601263	1003.654573	7.494204	25.841557	612.519322	65.121354	32.680475	1003.649057	15.040008	11.915861	
9/14/2019 11:45:19.002124449	72.912999	31.511490	1003.278925	7.372299	25.891641	613.965593	65.145535	32.541645	1002.608371	7.559911	11.929292	
9/14/2019 11:45:20.002124449	72.847289	31.572176	1002.137474	7.622473	25.932787	612.968121	65.286023	32.667299	1003.597642	13.184004	11.897291	
9/14/2019 11:45:21.002124449	73.077272	31.542748	1003.334752	7.494978	25.852823	614.275742	64.900360	32.517261	1003.280186	9.840361	11.950043	
9/14/2019 11:45:22.002124449	72.978708	31.563835	1003.121774	8.134607	26.021976	616.720792	64.900412	32.534374	1002.813072	9.380031	11.932367	
9/14/2019 11:45:23.002124449	72.729012	31.562563	1002.944202	7.499136	25.852292	613.985960	64.943544	32.605980	1003.244390	13.112736	11.954327	
9/14/2019 11:45:24.002124449	73.497813	31.499524	1004.994180	7.684158	25.976177	614.635824	65.100747	32.619050	1003.185251	16.336123	11.901286	
9/14/2019 11:45:25.002124449	72.998421	31.532653	1003.256453	7.338732	25.898172	616.344934	65.026549	32.528564	1002.802191	10.497457	11.939792	
9/14/2019 11:45:26.002124449	73.024705	31.544020	1003.192347	7.563319	25.927113	617.049340	64.980657	32.575575	1003.222784	11.195949	11.926992	
9/14/2019 11:45:27.002124449	73.070701	31.583650	1004.145266	7.441337	25.828495	616.685964	64.824163	32.554927	1003.194082	14.615833	11.957691	
