
Time stamp	Inside_humidity (in %rH)	Inside_temperature (in °C)	Inside_pressure (in mbar)	Soil_moisture (in %VWC)	Soil_temperature (in °C)	Inside_CO2_ratio (in ppm)	Outside_humidity (in %rH)	Outside_temperature (in °C)	Outside_pressure (in mbar)	Outside_PAR (in µmol m^-2 s^-1)	Power_box_charge (in V)	
9/14/2019 12:21:46.577376549	66.913724	31.953177	1003.746831	7.734944	26.272357	555.746979	64.497823	32.777692	1002.068557	6.450078	11.908659	
9/14/2019 12:21:47.577376549	67.064856	32.026684	1002.310473	7.803736	26.364811	556.626168	64.526315	32.859245	1002.640230	13.679448	11.886002	
9/14/2019 12:21:48.577376549	67.012289	31.929512	1003.329312	7.682525	26.289950	555.880366	64.299039	32.798646	1001.584567	7.666023	11.899920	
9/14/2019 12:21:49.577376549	67.202846	31.874397	1002.688329	7.872189	26.359383	558.048127	64.684018	32.922332	1002.441051	12.471367	11.921407	
9/14/2019 12:21:50.577376549	67.334265	32.073532	1002.609163	6.923471	26.276072	558.856355	64.390481	32.817019	1002.163020	17.413734	11.897922	
9/14/2019 12:21:51.577376549	67.340836	31.889764	1002.519193	8.084460	26.393425	557.420598	64.473248	32.803218	1002.530312	22.087026	11.912983	
9/14/2019 12:21:52.577376549	67.288268	31.773407	1002.409195	7.628949	26.301012	557.483023	64.582194	32.776136	1002.567215	17.350329	11.899381	
9/14/2019 12:21:53.577376549	67.367120	31.926742	1002.708437	8.299042	26.380608	557.573046	64.750070	32.889439	1002.014620	9.889620	11.913022	
9/14/2019 12:21:54.577376549	67.413116	31.867778	1002.506498	7.667451	26.248601	555.640526	64.477611	32.828745	1002.171223	13.247409	11.935442	
9/14/2019 12:21:55.577376549	67.597103	31.874846	1003.527702	7.463609	26.311502	556.147804	64.597044	32.998075	1002.547817	10.641033	11.884714	
9/14/2019 12:21:56.577376549	67.511681	31.915525	1002.450119	7.849624	26.263908	556.448754	64.632896	32.836629	1001.987655	9.249290	11.934036	
9/14/2019 12:21:57.577376549	67.636529	31.920871	1002.734221	8.244321	26.389997	557.874649	64.571313	32.885597	1002.471645	14.834608	11.927320	
9/14/2019 12:21:58.577376549	67.564248	31.899709	1002.023060	7.813336	26.286848	556.118891	64.582746	32.840365	1002.155925	11.666763	11.927452	
9/14/2019 12:21:59.577376549	67.623387	31.891111	1003.093230	7.853329	26.293093	557.788573	64.820694	32.955743	1002.648589	14.463354	11.896647	
9/14/2019 12:22:00.577376549	67.741664	31.841418	1002.515014	7.679068	26.232151	554.551062	64.585401	32.963215	1001.640234	4.471197	11.895215	
9/14/2019 12:22:01.577376549	67.925650	31.953102	1002.812126	8.598186	26.378363	558.263654	64.560930	32.816595	1002.200081	14.372698	11.910039	
9/14/2019 12:22:02.577376549	67.912508	31.857459	1002.251335	7.625244	26.306400	556.852210	64.766628	32.818574	1002.355104	17.288235	11.934325	
9/14/2019 12:22:03.577376549	67.794231	31.843888	1002.166884	8.350190	26.424244	559.302523	64.788339	32.887365	1002.484420	15.393186	11.905242	
9/14/2019 12:22:04.577376549	67.820515	31.869649	1002.638102	7.695979	26.263703	555.576132	64.559013	32.862251	1002.209227	14.187726	11.919882	
9/14/2019 12:22:05.577376549	68.116208	31.991278	1003.074307	8.220589	26.317747	557.012542	64.658890	32.833200	1002.333341	10.616403	11.905163	
9/14/2019 12:22:06.577376549	68.011073	31.847364	1002.214432	8.009787	26.297297	556.980345	64.776301	32.764516	1001.827273	19.823343	11.898461	
9/14/2019 12:22:07.577376549	68.070211	31.915599	1002.430406	8.142728	26.389139	557.260266	64.609582	32.914341	1002.519588	15.834398	11.926203	
9/14/2019 12:22:08.577376549	67.951934	31.931864	1002.950905	7.826209	26.273214	556.098524	64.582247	32.842334	1002.252596	9.537753	11.922274	
9/14/2019 12:22:09.577376549	68.142492	32.107709	1001.355346	8.398936	26.268969	558.715737	64.885247	32.879269	1001.937348	14.619764	11.879458	
9/14/2019 12:22:10.577376549	68.214772	31.865575	1001.836813	7.712726	26.267622	555.994702	64.523108	32.877925	1002.499403	13.396227	11.909829	
9/14/2019 12:22:11.577376549	68.188488	32.154782	1001.732098	7.788449	26.505881	556.883091	64.420338	32.970580	1002.284927	4.094700	11.883979	
9/14/2019 12:22:12.577376549	68.030786	31.901655	1003.898857	7.998601	26.247703	556.732621	64.684018	32.831020	1001.556809	12.261765	11.877644	
9/14/2019 12:22:13.577376549	68.319907	31.658772	1001.545062	9.311042	26.395915	558.241309	64.839855	32.857584	1002.263478	21.475258	11.884925	
9/14/2019 12:22:14.577376549	68.484181	31.869425	1003.281528	7.942007	26.345178	558.379958	64.501135	32.824279	1001.582517	11.642133	11.917017	
9/14/2019 12:22:15.577376549	68.517036	31.928838	1004.067913	8.090698	26.341830	560.326930	64.667065	32.864124	1002.549868	15.930025	11.898513	
9/14/2019 12:22:16.577376549	68.392188	31.848187	1002.704730	8.005008	26.300114	559.267694	64.669510	32.808298	1001.841149	11.234724	11.930553	
9/14/2019 12:22:17.577376549	68.530177	32.015466	1001.640394	8.329954	26.306155	559.118530	64.608531	32.888296	1002.091107	17.008946	11.890076	
9/14/2019 12:22:18.577376549	68.648455	31.837419	1002.691089	7.748020	26.281990	558.590886	64.655526	32.852504	1002.344223	17.342466	11.932735	
9/14/2019 12:22:19.577376549	68.451326	32.117953	1004.341528	7.741783	26.371832	562.595229	64.620569	32.918077	1001.922522	15.170749	11.890221	
9/14/2019 12:22:20.577376549	68.536748	31.836221	1002.354629	7.642063	26.306931	558.129603	64.730357	32.823242	1002.370087	19.156033	11.915637	
9/14/2019 12:22:21.577376549	68.825870	31.884567	1002.469989	7.806936	26.290276	559.987868	64.640728	32.975978	1002.711986	22.379420	11.917609	
9/14/2019 12:22:22.577376549	68.839012	31.889165	1001.038442	7.855449	26.266153	559.104731	64.556515	32.881555	1002.222002	14.235675	11.928398	
9/14/2019 12:22:23.577376549	68.622171	31.815657	1002.243765	7.959041	26.337340	562.081373	64.652215	32.801239	1002.787208	16.865370	11.906083	
9/14/2019 12:22:24.577376549	68.799586	31.963496	1003.505072	9.005687	26.508412	563.466535	64.585111	32.909663	1002.426068	21.728877	11.910210	
9/14/2019 12:22:25.577376549	68.812728	31.885240	1002.268603	7.828562	26.271826	561.037252	64.635866	32.837561	1001.437746	13.036497	11.879050	
9/14/2019 12:22:26.577376549	68.832441	31.876643	1002.727360	7.923475	26.363628	563.239178	64.955215	33.006172	1002.733907	15.399739	11.909277	
9/14/2019 12:22:27.577376549	68.668167	31.911001	1002.841064	7.705116	26.242886	560.965627	64.536250	32.876676	1002.132426	13.128463	11.933274	
9/14/2019 12:22:28.577376549	69.167559	31.974564	1002.512569	8.042524	26.289460	561.571464	64.680311	32.993927	1002.620360	14.894082	11.898947	
9/14/2019 12:22:29.577376549	68.806157	31.884716	1003.544655	7.827167	26.276888	561.223865	64.782030	32.844926	1002.357469	11.426249	11.923404	
9/14/2019 12:22:30.577376549	69.160988	32.058316	1002.135028	8.518401	26.363342	562.813376	64.872315	32.859552	1001.870007	11.242588	11.904348	
9/14/2019 12:22:31.577376549	68.944147	31.874622	1001.329876	7.909579	26.311461	560.985341	64.502239	32.812658	1001.801409	11.128613	11.918069	
9/14/2019 12:22:32.577376549	68.911292	31.890662	1002.134004	8.037098	26.369016	562.262734	64.886061	32.996932	1002.762922	17.364745	11.904769	
9/14/2019 12:22:33.577376549	69.180701	31.836071	1003.606948	7.691634	26.270969	559.367569	64.867295	32.846588	1002.398945	17.246839	11.932735	
9/14/2019 12:22:34.577376549	69.134705	31.980509	1003.322846	8.022691	26.291664	561.008339	64.703231	32.936132	1002.574153	15.018270	11.906031	
9/14/2019 12:22:35.577376549	69.095279	31.883818	1002.233435	7.783664	26.243784	559.466791	64.826371	32.895874	1002.367879	18.277811	11.913600	
9/14/2019 12:22:36.577376549	69.279265	31.985631	1003.174290	8.645795	26.369016	561.454506	64.864588	32.856959	1002.427647	17.900003	11.879786	
9/14/2019 12:22:37.577376549	69.003286	31.936837	1001.486950	7.912348	26.242315	560.365042	64.620069	32.884666	1002.416922	12.022562	11.920671	
9/14/2019 12:22:38.577376549	69.325262	31.942633	1004.368968	8.499224	26.361342	562.409268	64.876126	32.935814	1002.178632	11.982476	11.915834	
9/14/2019 12:22:39.577376549	69.141276	31.894362	1002.168777	7.714481	26.223946	560.808579	64.618308	32.918702	1002.342172	16.862749	11.930277	
9/14/2019 12:22:40.577376549	69.121563	31.834243	1002.987885	8.235360	26.374649	563.318686	64.860829	32.900022	1002.676976	18.635960	11.911353	
9/14/2019 12:22:41.577376549	69.344975	31.894736	1001.456670	7.713808	26.237539	562.070858	64.830472	32.860389	1002.351160	16.798034	11.927281	
9/14/2019 12:22:42.577376549	69.252982	31.949626	1002.191644	8.226556	26.339545	563.893641	64.610082	32.920152	1002.510599	20.299399	11.890234	
9/14/2019 12:22:43.577376549	69.246411	31.843215	1001.560044	7.990093	26.329299	563.529613	64.664804	32.818881	1002.484420	17.550757	11.910433	
9/14/2019 12:22:44.577376549	69.535532	31.948878	1004.082501	8.110437	26.412937	564.373322	64.674240	32.809854	1002.073287	18.780847	11.886108	
9/14/2019 12:22:45.577376549	69.272694	31.856785	1003.083295	7.582341	26.248029	562.409920	64.730909	32.849699	1002.725704	12.904716	11.911905	
9/14/2019 12:22:46.577376549	69.404113	31.927341	1002.725310	8.639076	26.363873	564.477144	64.662649	32.834650	1002.026924	11.479170	11.912194	
9/14/2019 12:22:47.577376549	69.266124	31.841718	1002.556648	7.598216	26.261050	563.146524	64.739792	32.859351	1002.523689	18.874124	11.929647	
9/14/2019 12:22:48.577376549	69.548674	31.842691	1002.529128	7.825109	26.340688	564.866801	64.745759	32.948377	1002.681863	19.060406	11.916426	
9/14/2019 12:22:49.577376549	69.226698	31.906253	1001.510132	7.946681	26.270929	563.571009	64.554807	32.762229	1002.007368	9.736870	11.923969	
9/14/2019 12:22:50.577376549	69.555245	31.954973	1003.277269	8.255752	26.321135	564.546137	64.805554	32.849287	1002.480005	12.895542	11.896818	
9/14/2019 12:22:51.577376549	69.627526	31.836970	1002.172641	7.643427	26.185372	563.763538	64.908876	32.800520	1002.281140	17.517224	11.913469	
9/14/2019 12:22:52.577376549	69.588100	32.027283	1003.037089	8.287571	26.315462	564.469913	64.627744	32.772294	1002.208912	12.426039	11.905019	
9/14/2019 12:22:53.577376549	69.528961	31.832746	1002.985678	8.029357	26.301257	565.303770	64.760661	32.705165	1002.079439	15.316946	11.925941	
9/14/2019 12:22:54.577376549	69.522390	31.926817	1001.526138	8.088241	26.332442	564.738666	65.022895	32.800414	1002.506970	18.629678	11.921853	
9/14/2019 12:22:55.577376549	69.693235	31.857384	1003.619643	7.733058	26.308931	566.090968	64.819643	32.724469	1002.245816	18.968440	11.923798	
9/14/2019 12:22:56.577376549	69.325262	31.747871	1004.338059	8.379386	26.398201	568.957220	64.795172	32.714087	1002.990645	23.002984	11.881639	
9/14/2019 12:22:57.577376549	69.653809	31.900607	1003.461703	7.836425	26.268969	566.766461	64.654475	32.670929	1002.379233	14.207113	11.900577	
9/14/2019 12:22:58.577376549	69.653809	31.870473	1003.400357	8.232687	26.384037	568.673353	64.880489	32.775311	1002.867481	21.251511	11.894400	
9/14/2019 12:22:59.577376549	69.666951	31.968843	1001.113667	6.930406	26.344892	569.042643	64.648955	32.598085	1003.171847	17.517224	11.894821	
9/14/2019 12:23:00.577376549	69.910076	31.996250	1002.979369	8.150701	26.291664	567.102892	64.538405	32.777385	1002.534570	12.811439	11.901063	
9/14/2019 12:23:01.577376549	69.673522	31.906178	1003.139517	7.975033	26.281705	567.470868	64.370820	32.676115	1002.063984	9.405701	11.927767	
9/14/2019 12:23:02.577376549	69.686664	31.968019	1003.104901	8.406149	26.348361	568.647723	64.526420	32.694063	1002.285398	17.188676	11.911117	
9/14/2019 12:23:03.577376549	69.489536	31.932463	1001.655691	7.825393	26.252519	567.545776	64.576727	32.699461	1002.123280	11.254112	11.920027	
9/14/2019 12:23:04.577376549	69.877222	32.053792	1004.393963	8.273542	26.346892	569.323217	64.625379	32.712531	1001.856446	13.187936	11.894518	
9/14/2019 12:23:05.577376549	69.673522	31.815508	1003.534326	7.541408	26.332442	568.343489	64.468385	32.727062	1002.755670	19.099181	11.906057	
9/14/2019 12:23:06.577376549	69.706377	31.841044	1001.469917	7.993291	26.416039	568.886911	64.691141	32.828015	1002.476847	22.219078	11.885240	
9/14/2019 12:23:07.577376549	69.778657	31.868302	1002.423074	7.853266	26.266438	567.566806	64.740554	32.656716	1001.896186	7.969941	11.894965	
9/14/2019 12:23:08.577376549	69.778657	31.881615	1002.386013	7.690253	26.306441	568.529450	64.951352	32.807049	1002.881042	18.285404	11.897646	
9/14/2019 12:23:09.577376549	69.956073	31.873798	1002.868110	7.632471	26.218517	566.836770	64.648456	32.745424	1002.582984	16.532891	11.932380	
9/14/2019 12:23:10.577376549	69.857509	31.868976	1001.269871	7.977799	26.332483	569.306134	64.854311	32.801769	1002.642123	22.010787	11.901694	
9/14/2019 12:23:11.577376549	69.522390	31.936463	1000.966609	8.023463	26.302685	567.995228	64.881489	32.744386	1002.447360	18.872813	11.908107	
9/14/2019 12:23:12.577376549	69.988928	31.843439	1004.436229	8.752877	26.143778	569.738503	64.534095	32.786412	1001.893821	14.658539	11.865225	
9/14/2019 12:23:13.577376549	69.745803	31.863105	1002.827738	8.015246	26.289909	568.809371	64.687329	32.714193	1001.829481	8.134215	11.912825	
9/14/2019 12:23:14.577376549	70.067779	31.968992	1002.871816	7.982088	26.293624	568.633925	64.926039	32.772188	1002.675240	18.661901	11.920894	
9/14/2019 12:23:15.577376549	69.903505	31.947830	1002.536855	7.840732	26.259336	569.127404	64.685069	32.687216	1001.757882	9.262125	11.904927	
9/14/2019 12:23:16.577376549	69.896934	31.931789	1002.564138	8.106034	26.326238	569.529544	64.781583	32.795122	1002.642123	18.584351	11.924429	
9/14/2019 12:23:17.577376549	70.080921	31.858881	1002.869608	7.931914	26.282276	570.198470	64.743156	32.672791	1002.024873	10.185675	11.928017	
9/14/2019 12:23:18.577376549	69.949502	31.827923	1001.901786	7.707724	26.316278	570.212268	64.932400	32.734216	1002.366772	17.654248	11.923680	
9/14/2019 12:23:19.577376549	69.916647	31.890737	1003.442385	8.313467	26.424856	574.154186	64.921019	32.895768	1002.680441	13.570986	11.897962	
9/14/2019 12:23:20.577376549	70.120347	31.900906	1002.220031	7.693198	26.233253	570.409397	64.656131	32.792529	1002.499717	10.167598	11.912707	
9/14/2019 12:23:21.577376549	69.942931	31.919716	1004.200069	8.192770	26.339545	574.424255	64.930692	32.845032	1002.758035	15.181234	11.860455	
9/14/2019 12:23:22.577376549	70.126918	31.874173	1002.962101	8.026902	26.274602	571.287934	64.451380	32.697693	1002.068872	9.678708	11.927820	
9/14/2019 12:23:23.577376549	70.107205	31.886663	1003.253536	8.120391	26.350035	573.042377	64.772595	32.870252	1003.107979	23.891420	11.886896	
9/14/2019 12:23:24.577376549	70.107205	31.947905	1000.842103	7.903930	26.223905	570.431079	64.657234	32.771469	1002.714351	17.682809	11.910722	
9/14/2019 12:23:25.577376549	70.179485	32.107110	1001.329324	7.425994	26.416080	570.691286	64.762160	32.899197	1003.106400	14.606930	11.879326	
9/14/2019 12:23:26.577376549	70.225482	31.837569	1004.040788	7.519020	26.249948	572.232180	64.128457	32.809028	1003.141410	8.202862	11.875752	
9/14/2019 12:23:27.577376549	70.238624	31.973366	1002.663097	8.260192	26.243212	571.887856	64.368165	32.815770	1002.651269	15.402360	11.867183	
9/14/2019 12:23:28.577376549	70.061208	31.852187	1002.263478	7.649309	26.249131	572.032421	64.464312	32.775099	1002.510599	19.716192	11.916229	
9/14/2019 12:23:29.577376549	70.324046	32.085573	1003.490799	8.285434	26.307502	573.399174	64.276619	32.808404	1002.117286	11.701606	11.884360	
9/14/2019 12:23:30.577376549	70.002070	31.895560	1002.814176	7.902118	26.241457	572.559412	64.096496	32.733179	1001.945865	8.627037	11.926821	
9/14/2019 12:23:31.577376549	69.988928	31.936687	1003.030071	8.551100	26.402446	574.642402	64.307371	32.748535	1002.442944	18.581729	11.917004	
9/14/2019 12:23:32.577376549	70.245195	31.922144	1003.073203	7.799464	26.226150	572.539698	64.306162	32.801038	1002.226260	11.277431	11.929804	
9/14/2019 12:23:33.577376549	70.238624	31.911899	1001.848167	8.275424	26.334402	575.126682	64.389272	32.842122	1002.778220	14.784038	11.906202	
9/14/2019 12:23:34.577376549	70.179485	31.778155	1002.413059	7.737486	26.276643	575.271900	64.042877	32.780496	1002.749518	18.051443	11.902403	
9/14/2019 12:23:35.577376549	70.192627	31.863629	1002.577859	8.492094	26.441061	577.059855	64.270995	32.805187	1002.503183	18.524877	11.897291	
9/14/2019 12:23:36.577376549	70.054637	31.883968	1002.594023	7.685036	26.227905	573.664643	64.357626	32.776242	1002.434113	19.505280	11.932985	
9/14/2019 12:23:37.577376549	70.350330	31.906702	1003.134549	8.062622	26.335259	576.669545	64.510204	32.905420	1002.583456	15.020891	11.917451	
9/14/2019 12:23:38.577376549	70.094063	31.832297	1003.608604	8.030017	26.295869	574.911156	64.107430	32.729443	1001.847615	11.990069	11.924639	
9/14/2019 12:23:39.577376549	70.140059	31.949402	1001.804168	8.183230	26.318564	577.354237	64.309973	32.846175	1002.364093	14.085546	11.894045	
9/14/2019 12:23:40.577376549	70.245195	31.969367	1003.943722	7.677276	26.233253	574.148923	64.203839	32.784126	1002.114292	8.277791	11.901418	
9/14/2019 12:23:41.577376549	70.481749	32.011617	1002.035046	7.181097	26.464491	578.316882	64.257301	32.938418	1002.439157	24.784058	11.867867	
9/14/2019 12:23:42.577376549	70.402897	31.758115	1004.046859	7.697165	26.260724	573.190878	64.092632	32.866717	1002.766866	13.493165	11.903941	
9/14/2019 12:23:43.577376549	70.475178	31.891785	1002.441997	8.102269	26.291991	576.581490	64.276067	32.858833	1002.418658	12.327791	11.880798	
9/14/2019 12:23:44.577376549	70.317475	31.921320	1002.696608	7.724598	26.197822	574.576693	64.264529	32.823760	1002.578726	14.870762	11.937045	
9/14/2019 12:23:45.577376549	70.264907	31.916722	1001.646466	8.144306	26.288562	576.256227	64.265528	32.817019	1002.495459	15.584711	11.892954	
9/14/2019 12:23:46.577376549	70.422610	31.828928	1003.733662	7.712671	26.323095	575.890883	64.053312	32.791079	1002.670352	15.958587	11.906070	
9/14/2019 12:23:47.577376549	70.291191	31.943755	1002.761661	8.330212	26.295052	575.932279	64.174796	32.799376	1002.523374	11.314896	11.897094	
9/14/2019 12:23:48.577376549	70.370043	31.853459	1003.394680	8.067086	26.289909	575.549852	64.258562	32.752165	1002.265686	12.645854	11.926703	
9/14/2019 12:23:49.577376549	70.560600	31.905954	1003.782708	7.831396	26.287991	575.658926	64.412244	32.844408	1002.804398	18.562342	11.908265	
9/14/2019 12:23:50.577376549	70.330617	31.826426	1004.480464	7.930512	26.127287	577.418631	64.035150	32.630353	1002.444680	10.638412	11.866421	
9/14/2019 12:23:51.577376549	70.527745	31.931640	1002.635262	8.134377	26.364811	577.385771	64.163914	32.820024	1002.574468	19.302231	11.908186	
9/14/2019 12:23:52.577376549	70.416039	31.842541	1002.144254	8.046926	26.267826	576.647200	64.177555	32.733179	1001.924258	9.691542	11.926532	
9/14/2019 12:23:53.577376549	70.468607	31.947381	1004.069175	8.165504	26.373587	577.841138	64.397603	32.807779	1002.887508	23.181403	11.903297	
9/14/2019 12:23:54.577376549	70.232053	31.921844	1002.741159	8.167617	26.315421	576.542063	64.343223	32.802700	1002.241557	10.537542	11.888289	
9/14/2019 12:23:55.577376549	70.508032	32.022310	1003.223336	8.468428	26.348606	579.202640	64.127195	32.791280	1002.020458	11.784399	11.904703	
9/14/2019 12:23:56.577376549	70.350330	31.910777	1002.606166	7.736188	26.224191	577.119649	64.389771	32.839222	1002.366615	14.380561	11.934141	
9/14/2019 12:23:57.577376549	70.435752	31.952802	1003.279557	8.212534	26.371302	579.858419	64.259666	32.834862	1002.541508	19.300920	11.913009	
9/14/2019 12:23:58.577376549	70.409468	31.832072	1002.632108	7.901051	26.305788	579.792057	64.143597	32.735878	1002.232569	14.984466	11.924180	
9/14/2019 12:23:59.577376549	70.626309	32.011617	1003.085346	8.200913	26.301828	579.993785	64.171037	32.877607	1002.502240	13.080514	11.912825	
9/14/2019 12:24:00.577376549	70.475178	31.874098	1003.905400	7.663735	26.212843	578.711792	64.245368	32.861426	1002.482527	15.340265	11.931394	
9/14/2019 12:24:01.577376549	70.547458	31.910402	1002.612790	8.332227	26.392813	580.577939	64.285792	32.793979	1002.539772	17.928565	11.916124	
9/14/2019 12:24:02.577376549	70.422610	31.921320	1002.696056	7.801037	26.238069	578.809698	63.968888	32.827602	1002.502240	13.067679	11.932446	
9/14/2019 12:24:03.577376549	70.672306	31.980734	1003.177996	8.329137	26.316850	581.336888	63.895005	32.849699	1002.449725	9.859748	11.906438	
9/14/2019 12:24:04.577376549	70.258336	31.909729	1001.655849	7.851248	26.219660	580.033865	63.880207	32.693958	1002.388064	9.720104	11.854317	
9/14/2019 12:24:05.577376549	70.481749	31.974189	1003.238633	8.476672	26.361628	582.982909	63.938294	32.795641	1002.020772	9.820973	11.914744	
9/14/2019 12:24:06.577376549	70.646022	31.852711	1002.670981	7.703160	26.292766	581.217952	63.896056	32.803737	1002.635814	18.892201	11.926151	
9/14/2019 12:24:07.577376549	70.402897	31.848487	1003.711347	8.023080	26.330728	582.782497	64.047478	32.868686	1002.761029	18.235104	11.891982	
9/14/2019 12:24:08.577376549	70.481749	31.942034	1001.785402	7.921990	26.216191	581.499188	63.482086	32.828015	1002.197244	8.011337	11.894610	
9/14/2019 12:24:09.577376549	70.678877	31.868526	1002.715769	8.472761	26.433877	584.480429	63.726867	32.809441	1002.598439	18.460162	11.916216	
9/14/2019 12:24:10.577376549	70.501462	31.878921	1001.552317	7.799155	26.244886	582.131970	63.778278	32.804880	1002.466601	18.269948	11.929068	
9/14/2019 12:24:11.577376549	70.586884	32.107110	1002.111137	7.569211	26.459348	582.046546	63.914902	32.835274	1003.020925	11.005735	11.884557	
9/14/2019 12:24:12.577376549	70.448894	31.852411	1002.626036	7.894210	26.262724	582.738469	63.401631	32.766177	1001.954381	8.974973	11.924166	
9/14/2019 12:24:13.577376549	70.462036	31.937810	1001.892403	7.859756	26.227008	582.837691	63.466289	32.764928	1002.283191	9.368236	11.918161	
9/14/2019 12:24:14.577376549	70.705161	31.873199	1003.557507	7.509691	26.220517	582.171397	63.703738	32.805293	1002.366615	18.965819	11.892140	
9/14/2019 12:24:15.577376549	70.534316	31.847514	1002.383411	7.601435	26.267826	583.212235	63.621627	32.800520	1002.440736	20.021421	11.927636	
9/14/2019 12:24:16.577376549	70.757728	31.873050	1002.066901	7.667852	26.266724	582.934282	63.631904	32.757150	1002.554598	18.973682	11.931697	
9/14/2019 12:24:17.577376549	70.435752	31.910327	1003.773325	7.979340	26.277745	583.930439	63.384074	32.749678	1001.891456	11.974613	11.903954	
9/14/2019 12:24:18.577376549	70.468607	31.974489	1004.185244	7.500148	26.066345	584.055291	63.739852	32.687935	1003.009729	16.835498	11.905768	
9/14/2019 12:24:19.577376549	70.652593	31.810535	1000.432549	7.560784	26.463879	583.945554	63.401684	32.879999	1003.057829	14.191658	11.914980	
9/14/2019 12:24:20.577376549	70.672306	31.868227	1002.543559	8.003034	26.273786	584.536939	63.505058	32.759743	1001.740062	11.364155	11.902338	
9/14/2019 12:24:21.577376549	70.455465	31.927266	1003.020136	7.901404	26.237212	584.602649	63.383574	32.816807	1002.105932	11.749555	11.925757	
9/14/2019 12:24:22.577376549	70.698590	31.869499	1001.810555	7.692564	26.209170	583.708998	63.589929	32.843995	1002.180211	14.719323	11.903415	
9/14/2019 12:24:23.577376549	70.573742	31.848562	1002.241872	7.708516	26.178556	583.991549	63.801251	32.821167	1002.037648	17.099331	11.908541	
9/14/2019 12:24:24.577376549	70.784012	31.863629	1002.496168	7.688575	26.291134	585.052101	63.728156	32.797609	1002.198345	18.128993	11.909237	
9/14/2019 12:24:25.577376549	70.678877	31.862431	1002.499480	7.743581	26.306073	585.484470	63.563645	32.765140	1002.365986	19.439254	11.930409	
9/14/2019 12:24:26.577376549	70.678877	31.857758	1001.050270	7.718735	26.268398	585.047501	63.672696	32.790974	1002.808657	20.638432	11.922944	
9/14/2019 12:24:27.577376549	70.862864	31.953850	1001.268058	8.411412	26.202639	584.826059	63.758066	32.775723	1001.722400	10.944951	11.894308	
9/14/2019 12:24:28.577376549	70.600026	31.825603	1002.421418	7.853568	26.302400	585.864928	63.802854	32.757774	1002.368980	17.250771	11.897725	
9/14/2019 12:24:29.577376549	70.764299	31.852187	1002.872763	7.720153	26.301828	585.878727	63.623388	32.775617	1002.600804	20.697905	11.927465	
9/14/2019 12:24:30.577376549	70.468607	31.911001	1001.495149	8.255820	26.287950	585.808418	63.833606	32.749572	1001.805981	17.746214	11.904467	
9/14/2019 12:24:31.577376549	70.718303	31.831698	1001.248817	7.687872	26.280847	586.465513	63.962869	32.745942	1002.473538	19.322929	11.911287	
9/14/2019 12:24:32.577376549	70.757728	31.842242	1003.241078	7.733466	26.287950	586.882767	63.932512	32.783608	1002.773489	21.089858	11.921367	
9/14/2019 12:24:33.577376549	70.724874	31.863479	1002.486391	7.579423	26.251662	587.480068	63.751495	32.759118	1002.701419	19.484582	11.915716	
9/14/2019 12:24:34.577376549	70.902289	31.919117	1003.538269	7.842367	26.215660	586.148132	63.706050	32.823866	1002.222002	15.764441	11.884149	
9/14/2019 12:24:35.577376549	70.646022	31.846990	1002.385619	7.848632	26.279174	588.389486	63.763034	32.684105	1002.158290	13.062437	11.919738	
9/14/2019 12:24:36.577376549	70.908860	31.894287	1002.934109	7.694921	26.245172	587.712677	63.900262	32.764516	1002.465022	21.128633	11.931224	
9/14/2019 12:24:37.577376549	70.580313	31.937885	1004.029749	7.745038	26.245417	587.568775	63.571924	32.793048	1002.302904	12.569615	11.926703	
9/14/2019 12:24:38.577376549	70.915431	31.878921	1001.614058	7.864581	26.268112	587.145605	63.780039	32.776654	1002.745103	20.616423	11.912326	
9/14/2019 12:24:39.577376549	70.803725	31.932837	1002.879229	7.680782	26.205496	586.633728	63.865042	32.814320	1002.795096	13.547396	11.908054	
9/14/2019 12:24:40.577376549	70.711732	31.900607	1002.753539	7.619960	26.189046	586.859769	63.595448	32.786719	1002.561221	18.149691	11.932985	
9/14/2019 12:24:41.577376549	70.770870	31.937436	1002.819538	7.772978	26.237498	587.689680	63.632167	32.721146	1002.245816	11.087217	11.930317	
9/14/2019 12:24:42.577376549	70.724874	31.931789	1002.888060	7.795478	26.243743	587.830298	63.796126	32.714299	1002.049002	9.533821	11.911866	
9/14/2019 12:24:43.577376549	70.632880	31.852561	1002.560117	8.027552	26.276562	588.970357	63.484242	32.722395	1002.196294	14.455490	11.912378	
9/14/2019 12:24:44.577376549	70.836580	31.906553	1003.343269	7.777259	26.215946	587.399244	63.614110	32.824903	1002.127696	13.861799	11.920868	
9/14/2019 12:24:45.577376549	70.797154	32.059363	1001.121314	7.885813	26.167494	587.729107	63.682816	32.779353	1002.679026	16.240496	11.902075	
9/14/2019 12:24:46.577376549	70.659164	31.921994	1003.731611	7.678430	26.207210	586.826257	63.473859	32.783608	1002.326560	13.486612	11.897541	
9/14/2019 12:24:47.577376549	70.803725	31.836895	1003.062164	7.797339	26.307788	587.831613	63.611350	32.733285	1002.296595	16.124171	11.924731	
9/14/2019 12:24:48.577376549	71.092847	31.889839	1002.796671	7.788398	26.193618	586.980674	63.766740	32.793778	1002.541036	10.762600	11.899289	
9/14/2019 12:24:49.577376549	70.692019	31.932538	1003.219157	7.746019	26.207129	587.523432	63.492916	32.760473	1002.428276	12.836069	11.916518	
9/14/2019 12:24:50.577376549	70.803725	31.884267	1003.326553	7.678963	26.279460	588.337575	63.751495	32.746048	1002.504448	18.729237	11.926046	
9/14/2019 12:24:51.577376549	70.869434	31.783876	1003.822133	7.871937	26.195006	590.862797	63.986184	32.592169	1001.884990	25.087977	11.908804	
9/14/2019 12:24:52.577376549	70.954857	31.863030	1001.750549	7.758046	26.302400	588.633926	63.619577	32.730586	1002.340279	18.175631	11.928779	
9/14/2019 12:24:53.577376549	70.632880	31.920946	1001.690070	8.009247	26.243743	589.262108	63.661158	32.697799	1002.241557	10.168909	11.913745	
9/14/2019 12:24:54.577376549	70.843151	31.870398	1002.667355	7.627456	26.190148	588.194326	63.782037	32.753520	1002.377182	18.165147	11.883597	
9/14/2019 12:24:55.577376549	70.948286	31.857983	1002.193063	7.968480	26.287950	591.055978	63.499644	32.732248	1002.009261	13.290116	11.922471	
9/14/2019 12:24:56.577376549	70.922002	31.826576	1003.608604	7.844564	26.312604	591.276104	63.599312	32.713261	1002.335863	17.270158	11.923982	
9/14/2019 12:24:57.577376549	70.514603	31.884492	1004.075798	7.487943	26.365873	591.565224	63.783641	32.676527	1001.905017	14.420647	11.901812	
9/14/2019 12:24:58.577376549	70.889147	31.884642	1002.853759	7.694329	26.225579	591.393725	63.601362	32.803631	1002.458084	17.678877	11.930580	
9/14/2019 12:24:59.577376549	70.948286	31.837045	1001.855580	7.748795	26.276602	592.943155	63.510078	32.735359	1002.465179	16.596295	11.928503	
9/14/2019 12:25:00.577376549	71.033708	31.857758	1001.138899	7.769714	26.296440	592.985867	63.623940	32.746461	1002.401625	18.072141	11.920224	
9/14/2019 12:25:01.577376549	70.849722	31.842391	1001.980400	7.683906	26.276521	592.937240	63.412461	32.725082	1002.339807	19.033155	11.885950	
9/14/2019 12:25:02.577376549	70.777441	31.900083	1003.066028	7.879677	26.245172	592.242033	63.456959	32.742937	1002.158290	9.593294	11.919002	
9/14/2019 12:25:03.577376549	70.954857	31.911675	1002.634553	7.768410	26.191863	591.276104	63.657846	32.808510	1002.214592	12.913619	11.915164	
9/14/2019 12:25:04.577376549	71.132272	31.953251	1004.043233	7.786072	26.225048	591.039548	63.694854	32.789630	1002.499560	12.176351	11.910486	
9/14/2019 12:25:05.577376549	70.738016	31.863030	1003.663484	7.813375	26.292766	592.886645	63.444369	32.709938	1002.114763	14.256373	11.917858	
9/14/2019 12:25:06.577376549	70.869434	31.916722	1002.762922	7.769942	26.207741	591.473233	63.621732	32.813283	1002.515329	14.516274	11.932656	
9/14/2019 12:25:07.577376549	71.079705	31.873798	1002.672243	7.586194	26.201210	591.239961	63.695511	32.756949	1002.661993	19.099181	11.914074	
9/14/2019 12:25:08.577376549	71.013995	31.736654	1002.829788	8.872738	26.145166	591.420006	63.625386	32.682443	1002.254804	10.253012	11.880640	
9/14/2019 12:25:09.577376549	71.112560	32.033004	1004.551351	8.088340	26.260805	593.319667	63.597209	32.863500	1002.776012	19.998102	11.888788	
9/14/2019 12:25:10.577376549	70.981141	31.948803	1002.836254	7.748275	26.206884	592.764425	63.645808	32.810066	1002.249917	13.428450	11.930448	
9/14/2019 12:25:11.577376549	71.447678	31.887860	1004.544728	7.700907	26.309502	596.066982	63.697614	32.842440	1002.880728	12.132334	11.870508	
9/14/2019 12:25:12.577376549	70.882576	31.841568	1003.057748	7.966392	26.298440	596.195117	63.452543	32.726437	1002.355419	14.662471	11.921643	
9/14/2019 12:25:13.577376549	70.948286	31.908574	1002.986939	8.142300	26.303257	597.834571	63.702134	32.845138	1002.532834	17.101952	11.892206	
9/14/2019 12:25:14.577376549	71.020566	31.879444	1003.852176	7.791710	26.181372	595.429601	63.510920	32.814320	1002.764816	13.863109	11.902246	
9/14/2019 12:25:15.577376549	71.073134	31.844487	1002.385224	8.241063	26.361913	599.741462	63.562489	32.801250	1002.727598	17.715031	11.908278	
9/14/2019 12:25:16.577376549	70.941715	31.932089	1001.375296	7.900630	26.303216	596.199717	63.593188	32.774474	1002.865116	19.237515	11.899263	
9/14/2019 12:25:17.577376549	71.040279	31.859105	1002.928195	8.301972	26.391099	598.945717	63.582753	32.771987	1002.658049	16.534201	11.910722	
9/14/2019 12:25:18.577376549	71.099418	31.917096	1002.710013	7.737903	26.191577	596.740507	63.524824	32.814839	1002.326717	14.536972	11.912746	
9/14/2019 12:25:19.577376549	71.013995	31.912199	1002.099466	8.432472	26.303502	598.069811	63.827482	32.854779	1002.370873	15.278171	11.887961	
9/14/2019 12:25:20.577376549	71.000853	31.878621	1003.452005	7.926682	26.283990	597.903564	63.630801	32.744492	1002.022665	11.131234	11.920316	
9/14/2019 12:25:21.577376549	70.954857	31.953027	1003.037878	8.210926	26.350566	597.434399	63.520513	32.800202	1002.686436	18.846873	11.907634	
9/14/2019 12:25:22.577376549	70.961428	31.885240	1001.625569	7.613550	26.199822	595.518309	63.550004	32.837254	1002.499717	13.239546	11.908028	
9/14/2019 12:25:23.577376549	71.119130	32.043398	1004.148973	7.915979	26.295624	595.885621	63.726710	32.852398	1002.650954	13.773764	11.904927	
9/14/2019 12:25:24.577376549	70.974570	31.927640	1004.075089	7.715074	26.214272	595.124052	63.395060	32.801663	1002.315993	11.455850	11.926348	
9/14/2019 12:25:25.577376549	71.243978	31.963646	1003.814958	8.279485	26.338157	597.720234	63.553420	32.747498	1002.421338	18.831417	11.897068	
9/14/2019 12:25:26.577376549	70.843151	31.901131	1002.753539	8.060188	26.251091	596.716194	63.709809	32.713156	1002.114449	9.282823	11.924561	
9/14/2019 12:25:27.577376549	71.165127	31.932688	1001.379474	7.994155	26.341259	598.409526	63.696720	32.797927	1003.064609	21.600757	11.891995	
9/14/2019 12:25:28.577376549	70.856293	31.837494	1003.101432	7.777013	26.318523	598.027100	63.611402	32.731105	1002.357626	17.127893	11.908554	
9/14/2019 12:25:29.577376549	70.830009	32.128871	1004.702431	7.714570	26.163616	601.873079	63.753151	32.859457	1002.329711	14.834608	11.858536	
9/14/2019 12:25:30.577376549	71.046850	31.825303	1002.532045	7.771693	26.297828	599.224322	63.623283	32.740238	1002.682492	14.806047	11.904940	
9/14/2019 12:25:31.577376549	71.059992	31.891336	1002.652925	7.819695	26.338933	600.195513	63.858786	32.856653	1002.729963	20.780697	11.910919	
9/14/2019 12:25:32.577376549	71.224266	31.858432	1002.764421	7.658027	26.246560	599.448395	63.883466	32.787862	1002.635971	19.260834	11.925099	
9/14/2019 12:25:33.577376549	70.928573	31.890437	1003.485359	8.333324	26.393915	603.092646	63.884465	32.804668	1002.563900	16.745114	11.909553	
9/14/2019 12:25:34.577376549	71.184840	31.821678	1003.060351	7.773890	26.287909	601.767941	63.759722	32.796784	1002.856599	18.482171	11.900853	
9/14/2019 12:25:35.577376549	71.053421	31.889988	1002.781611	8.342839	26.341790	602.383640	63.925651	32.849688	1002.605220	18.533781	11.909855	
9/14/2019 12:25:36.577376549	71.119130	31.942932	1002.283900	7.743369	26.227865	601.305344	63.897712	32.806436	1002.414400	11.373058	11.928989	
9/14/2019 12:25:37.577376549	71.046850	32.015616	1002.859988	8.457939	26.345790	603.956721	63.885069	32.747910	1002.412664	14.833298	11.894111	
9/14/2019 12:25:38.577376549	71.092847	31.933361	1002.956344	7.595034	26.183087	601.554383	63.868064	32.807473	1002.210805	15.640252	11.911971	
9/14/2019 12:25:39.577376549	71.066563	31.990529	1001.839493	8.012851	26.374118	603.953437	64.041773	32.760462	1002.878677	15.830467	11.881468	
9/14/2019 12:25:40.577376549	71.237407	31.890812	1003.444593	7.623138	26.227008	602.052461	64.076521	32.824385	1002.655055	18.390205	11.916938	
9/14/2019 12:25:41.577376549	71.132272	31.965217	1001.634480	7.782212	26.339259	602.746353	63.952987	32.822617	1002.751569	22.494435	11.894085	
9/14/2019 12:25:42.577376549	71.151985	31.837194	1002.327032	7.729714	26.280847	602.425036	64.007867	32.739613	1002.362199	16.616993	11.926059	
9/14/2019 12:25:43.577376549	71.079705	31.933286	1002.773804	7.887393	26.271255	602.382325	64.112240	32.832375	1002.550339	11.529740	11.898382	
9/14/2019 12:25:44.577376549	71.276833	31.911825	1002.815989	7.573062	26.217946	600.183683	64.036806	32.786719	1002.418344	17.139417	11.916768	
9/14/2019 12:25:45.577376549	71.092847	31.970265	1003.711032	7.693269	26.323381	602.697073	64.254489	32.885809	1002.699368	14.222840	11.881206	
9/14/2019 12:25:46.577376549	71.197982	31.869125	1001.809845	7.769408	26.293869	601.321774	64.003951	32.735253	1002.528576	17.559931	11.917201	
9/14/2019 12:25:47.577376549	71.158556	31.870023	1002.580145	7.982635	26.366975	602.603766	64.267236	32.848556	1002.773804	20.982436	11.915440	
9/14/2019 12:25:48.577376549	71.158556	31.847139	1002.304797	7.806781	26.292766	601.859933	64.121124	32.740132	1002.291865	16.309143	11.922327	
9/14/2019 12:25:49.577376549	71.099418	31.996100	1003.772773	8.235597	26.297052	602.018949	64.314784	32.758494	1002.977556	8.743633	11.854896	
9/14/2019 12:25:50.577376549	71.230837	31.838167	1001.703791	7.818048	26.307461	601.932873	63.936086	32.820543	1002.900598	17.288235	11.904243	
9/14/2019 12:25:51.577376549	71.191411	32.054391	1001.851321	8.073450	26.261907	602.786433	64.141941	32.843783	1002.596388	16.381451	11.904730	
9/14/2019 12:25:52.577376549	71.184840	31.921320	1002.797223	7.890034	26.239784	603.933723	64.173140	32.757668	1002.193143	10.396588	11.920132	
9/14/2019 12:25:53.577376549	71.053421	31.985182	1002.483079	8.230574	26.289133	604.619731	64.280325	32.807991	1002.519745	14.623696	11.900104	
9/14/2019 12:25:54.577376549	71.217695	31.943531	1002.961155	7.744851	26.202639	603.140610	64.105774	32.859457	1002.570052	13.137366	11.927307	
9/14/2019 12:25:55.577376549	71.178269	31.910520	1003.808887	7.691603	26.253948	604.791231	64.369611	32.960728	1002.887194	16.505640	11.885726	
9/14/2019 12:25:56.577376549	71.316259	31.817080	1003.063110	7.818946	26.308890	603.643288	64.387511	32.848144	1002.653005	17.862539	11.895859	
9/14/2019 12:25:57.577376549	71.276833	32.039923	1001.992780	8.373708	26.306114	607.618717	64.338912	32.882592	1002.135262	12.005795	11.877237	
9/14/2019 12:25:58.577376549	70.862864	32.142741	1002.803532	6.961825	26.288807	607.631200	63.965182	32.668431	1002.893660	8.144700	11.885713	
9/14/2019 12:25:59.577376549	71.257120	31.933885	1002.931664	8.049303	26.376608	605.690797	64.429302	32.888402	1002.390429	17.409802	11.902167	
9/14/2019 12:26:00.577376549	71.243978	31.917096	1001.882625	7.596146	26.221334	604.540223	64.392426	32.820543	1002.346745	18.189777	11.927176	
9/14/2019 12:26:01.577376549	71.105989	31.938109	1002.806054	8.380464	26.368404	606.182960	64.263977	32.832057	1002.502397	18.237725	11.910525	
9/14/2019 12:26:02.577376549	71.375397	32.313239	1004.510584	8.252772	26.352647	607.431430	64.111556	32.932703	1002.688644	12.611011	11.863070	
9/14/2019 12:26:03.577376549	71.289975	31.896308	1001.956509	7.758950	26.185944	604.543507	64.242108	32.877406	1002.226103	13.137366	11.903231	
9/14/2019 12:26:04.577376549	71.427965	32.055289	1001.966759	8.284804	26.358321	606.290719	64.303350	32.860907	1002.946175	29.714630	11.870298	
9/14/2019 12:26:05.577376549	71.000853	31.905580	1003.007993	7.936907	26.258479	605.802502	64.047792	32.777279	1001.934983	10.721204	11.924088	
9/14/2019 12:26:06.577376549	71.500245	31.960619	1002.891686	7.733515	26.251417	606.340661	64.390481	33.077767	1002.751726	20.490924	11.836655	
9/14/2019 12:26:07.577376549	71.073134	31.874098	1003.031175	8.008056	26.282848	606.216473	64.313075	32.792529	1002.182576	11.837590	11.895412	
9/14/2019 12:26:08.577376549	71.145414	31.950824	1003.142671	7.862712	26.285093	609.467782	64.176347	32.988529	1003.167746	14.689722	11.890681	
9/14/2019 12:26:09.577376549	71.335972	31.868676	1002.057361	7.703776	26.279133	607.527379	64.125540	32.795228	1002.324981	18.135546	11.914139	
9/14/2019 12:26:10.577376549	71.224266	31.891036	1002.107036	8.409723	26.430734	608.028741	64.400363	32.896699	1002.947118	20.064128	11.895859	
9/14/2019 12:26:11.577376549	71.092847	31.906553	1002.852893	7.725383	26.195822	606.788144	64.310026	32.834862	1002.383491	15.976664	11.924784	
9/14/2019 12:26:12.577376549	71.250549	32.016065	1002.011075	8.632218	26.394527	610.222121	64.309474	32.785989	1002.478269	18.217027	11.904559	
9/14/2019 12:26:13.577376549	71.066563	31.905205	1003.547100	7.963619	26.222803	610.300976	63.976221	32.780909	1002.747153	7.839471	11.885740	
9/14/2019 12:26:14.577376549	71.355685	32.107035	1003.455474	8.357767	26.305583	609.713527	64.365301	32.808404	1002.158290	15.542004	11.897488	
9/14/2019 12:26:15.577376549	71.316259	31.869874	1003.317642	7.588582	26.163820	608.712118	64.210857	32.808510	1002.024716	13.099902	11.901760	
9/14/2019 12:26:16.577376549	71.158556	31.911750	1002.331448	8.030350	26.324564	610.180725	64.362041	32.858833	1002.985601	18.442085	11.899920	
9/14/2019 12:26:17.577376549	71.309688	31.889689	1003.385454	7.873913	26.274643	609.599854	64.443048	32.798445	1002.602697	15.877105	11.905360	
9/14/2019 12:26:18.577376549	71.073134	31.998047	1003.957126	7.565340	26.185087	611.590200	64.844561	32.782771	1003.313938	23.550037	11.864897	
9/14/2019 12:26:19.577376549	71.217695	31.922443	1002.938682	7.635189	26.210558	607.726476	64.332446	32.857690	1002.545767	17.409802	11.931329	
9/14/2019 12:26:20.577376549	71.171698	31.912947	1003.756844	8.130472	26.351668	609.515746	64.608925	32.945054	1002.679813	18.889580	11.896332	
9/14/2019 12:26:21.577376549	71.289975	31.948953	1003.002631	7.674541	26.201822	608.882965	64.559669	32.832587	1002.506184	14.808668	11.912891	
9/14/2019 12:26:22.577376549	71.480533	32.001896	1003.886792	8.186977	26.301828	610.304260	64.457346	32.891926	1002.568002	16.794102	11.914823	
9/14/2019 12:26:23.577376549	71.401681	31.711417	1003.833724	8.160626	26.124430	611.400955	64.464469	32.764822	1002.858807	18.435532	11.899854	
9/14/2019 12:26:24.577376549	71.342543	32.042949	1003.178390	8.068457	26.292236	610.625577	64.645196	32.857478	1002.769388	25.024572	11.910657	
9/14/2019 12:26:25.577376549	71.342543	31.858581	1003.459338	7.867881	26.273786	611.115772	64.473091	32.798858	1002.522110	14.750506	11.912418	
9/14/2019 12:26:26.577376549	71.513387	32.001297	1002.863300	7.905521	26.197210	611.181481	64.522109	32.971618	1002.826955	20.258003	11.888841	
9/14/2019 12:26:27.577376549	71.230837	31.933586	1002.761818	7.928135	26.216517	611.176882	64.498980	32.800932	1002.276725	12.013388	11.924469	
9/14/2019 12:26:28.577376549	71.276833	31.918444	1002.600095	7.790044	26.334687	614.718626	64.655317	32.895249	1002.896182	22.296628	11.896095	
9/14/2019 12:26:29.577376549	71.119130	31.968693	1002.534333	7.719873	26.208598	612.095499	64.373080	32.841921	1002.081175	14.068780	11.895359	
9/14/2019 12:26:30.577376549	71.309688	31.995651	1003.392867	8.364358	26.356525	614.862528	64.564137	32.861320	1002.463129	13.176412	11.911734	
9/14/2019 12:26:31.577376549	71.329401	31.900757	1002.375289	7.843018	26.268398	613.983991	64.553545	32.742619	1002.432219	14.772514	11.900012	
9/14/2019 12:26:32.577376549	71.349114	31.983536	1002.953585	8.108400	26.328932	614.568146	64.526972	32.828639	1002.776641	19.889369	11.896371	
9/14/2019 12:26:33.577376549	71.151985	31.806311	1004.321735	7.994715	26.064671	614.942036	64.409194	32.822829	1002.337442	11.952604	11.891667	
9/14/2019 12:26:34.577376549	71.500245	31.956877	1002.481266	8.025451	26.321707	615.511740	64.652110	32.857054	1002.709621	25.594944	11.887080	
9/14/2019 12:26:35.577376549	71.211124	31.896832	1003.834986	7.588523	26.138023	614.344736	64.463260	32.696550	1002.794938	24.463103	11.879458	
9/14/2019 12:26:36.577376549	71.506816	31.944130	1001.434040	7.993073	26.336402	616.815415	64.716820	32.952526	1003.305422	24.817591	11.880956	
9/14/2019 12:26:37.577376549	71.355685	31.964394	1001.396270	8.386738	26.176882	613.373545	64.660731	32.819612	1002.341857	14.720634	11.883952	
9/14/2019 12:26:38.577376549	71.073134	31.959646	1002.075575	8.007291	26.320850	616.898207	64.418473	32.874189	1002.530941	14.899324	11.883440	
9/14/2019 12:26:39.577376549	71.434536	31.979836	1002.028028	8.186563	26.243457	616.028869	64.438580	32.815876	1002.092528	11.871123	11.899565	
9/14/2019 12:26:40.577376549	71.276833	31.901505	1003.881667	8.427700	26.404936	618.788015	64.353919	32.877501	1002.452247	21.847823	11.904756	
9/14/2019 12:26:41.577376549	71.316259	31.917246	1002.224210	7.603255	26.214803	615.833056	64.521400	32.836417	1002.537093	20.286564	11.926795	
9/14/2019 12:26:42.577376549	71.355685	31.990080	1003.754716	8.443250	26.341259	618.103975	64.622567	32.819506	1002.443416	16.699786	11.902745	
9/14/2019 12:26:43.577376549	71.086276	31.884417	1002.767181	7.984886	26.268969	617.865451	64.344484	32.753932	1002.285241	14.229122	11.919199	
9/14/2019 12:26:44.577376549	71.395110	31.985557	1004.228376	8.117179	26.267581	618.629651	64.500636	32.859245	1002.592130	15.694754	11.897646	
9/14/2019 12:26:45.577376549	71.224266	31.900832	1002.701024	7.618620	26.214517	616.809500	64.651006	32.842746	1002.631398	19.445806	11.931132	
9/14/2019 12:26:46.577376549	71.473962	31.949851	1001.761826	7.947446	26.330483	617.164329	64.646091	32.784433	1002.607742	18.960848	11.840111	
9/14/2019 12:26:47.577376549	71.375397	31.890887	1002.988832	7.684426	26.260438	617.871366	64.331946	32.825316	1002.640072	19.850594	11.902929	
9/14/2019 12:26:48.577376549	71.270262	31.891186	1003.055698	8.103205	26.390772	618.326733	64.463418	32.885597	1002.671296	20.966980	11.913876	
9/14/2019 12:26:49.577376549	71.362255	31.926817	1002.644488	7.936379	26.259622	617.347658	64.455139	32.785163	1002.171223	10.190917	11.909894	
9/14/2019 12:26:50.577376549	71.342543	32.117205	1003.310861	7.962256	26.302114	618.673679	64.438737	32.863807	1002.351318	12.744373	11.878406	
9/14/2019 12:26:51.577376549	71.335972	31.928089	1001.291792	7.606875	26.193006	616.578858	64.397051	32.847519	1002.541508	17.409802	11.923706	
9/14/2019 12:26:52.577376549	71.487103	32.069084	1001.994673	8.105155	26.294807	618.773553	64.489702	32.856653	1002.416922	11.757418	11.893887	
9/14/2019 12:26:53.577376549	71.388539	31.921620	1002.688881	7.695364	26.197251	617.029626	64.462656	32.865680	1002.462814	19.732958	11.932551	
9/14/2019 12:26:54.577376549	71.342543	31.891860	1001.950200	7.862422	26.333830	618.042865	64.473143	32.864431	1003.478422	21.391155	11.837483	
