
Time stamp	Inside_humidity (in %rH)	Inside_temperature (in °C)	Inside_pressure (in mbar)	Soil_moisture (in %VWC)	Soil_temperature (in °C)	Inside_CO2_ratio (in ppm)	Outside_humidity (in %rH)	Outside_temperature (in °C)	Outside_pressure (in mbar)	Outside_PAR (in µmol m^-2 s^-1)	Power_box_charge (in V)	
7/1/2021 11:55:40.077221449	82.651138	19.708464	1002.042616	4.737387	18.345980	512.180257	83.329891	20.939712	998.457163	-4.561256	11.807821	
7/1/2021 11:55:41.077221449	82.828554	19.624637	1000.564862	4.536577	18.475987	512.426666	83.093494	20.700130	999.033729	3.861779	11.799660	
7/1/2021 11:55:42.077221449	82.973114	19.645575	1001.706156	4.956672	18.609750	514.841498	83.350523	20.747966	998.444074	5.772284	11.835367	
7/1/2021 11:55:43.077221449	82.940260	19.538490	1001.246847	4.565781	18.464966	513.526645	83.069024	20.735615	998.839752	1.887869	11.832278	
7/1/2021 11:55:44.077221449	82.953402	19.528545	1001.474570	4.897768	18.578565	515.641180	83.229933	20.810322	998.923019	0.392636	11.826890	
7/1/2021 11:55:45.077221449	82.946831	19.581414	1000.626208	4.598225	18.450476	513.042365	82.835781	20.671597	998.984051	0.391325	11.815260	
7/1/2021 11:55:46.077221449	82.854837	19.566871	1002.201108	5.438915	18.547706	510.932429	82.752015	20.894680	998.664230	0.503990	11.822422	
7/1/2021 11:55:47.077221449	83.157101	19.586761	1000.948080	4.504301	18.447088	513.179699	82.732250	20.702828	998.542009	1.785689	11.858720	
7/1/2021 11:55:48.077221449	83.387084	19.572592	1001.489158	4.676464	18.539216	515.388856	82.883381	20.818312	998.410642	4.725856	11.851071	
7/1/2021 11:55:49.077221449	83.367371	19.455636	1002.678394	4.940399	18.453904	513.872938	82.791835	20.751183	998.618338	2.902075	11.833041	
7/1/2021 11:55:50.077221449	83.669634	19.572517	1001.945865	4.637764	18.497580	513.142902	82.711119	20.832737	998.616445	2.819282	11.844540	
7/1/2021 11:55:51.077221449	83.643351	19.650847	1000.811194	5.049793	18.411657	512.669137	82.231045	20.747860	997.944629	6.893641	11.824617	
7/1/2021 11:55:52.077221449	83.879905	19.627963	999.913629	4.668786	18.477252	513.250008	82.150091	20.825159	999.029943	3.264156	11.805101	
7/1/2021 11:55:53.077221449	83.833908	19.535539	1001.069037	4.637754	18.473497	512.646139	82.011444	20.730017	998.280062	1.461073	11.837667	
7/1/2021 11:55:54.077221449	83.945614	19.660044	1001.772235	4.742553	18.519378	512.565968	82.072448	20.744854	998.505420	5.742412	11.808308	
7/1/2021 11:55:55.077221449	83.866763	19.590504	1000.614537	4.532191	18.458354	513.043028	81.985422	20.766115	998.457956	1.564563	11.842726	
7/1/2021 11:55:56.077221449	84.103317	19.721553	1001.119581	4.791074	18.474804	512.799240	81.894586	20.775450	998.860408	9.299589	11.823763	
7/1/2021 11:55:57.077221449	84.247877	19.608522	1001.356767	4.664597	18.525092	513.702744	82.148934	20.775461	998.182448	1.927954	11.847090	
7/1/2021 11:55:58.077221449	84.497573	19.733926	1001.193465	4.888645	18.533092	513.648202	82.026689	20.720058	998.345195	10.325319	11.823263	
7/1/2021 11:55:59.077221449	84.530428	19.570571	1000.703798	4.464165	18.477375	514.234335	81.841756	20.758761	998.339364	1.351029	11.866027	
7/1/2021 11:56:00.077221449	84.806407	19.614243	1002.386802	5.135058	18.546318	515.268605	81.949546	20.736239	998.634264	7.002374	11.810345	
7/1/2021 11:56:01.077221449	84.543570	19.640154	1001.721376	4.840744	18.504601	513.752686	81.928072	20.706046	998.452433	6.753997	11.857143	
7/1/2021 11:56:02.077221449	84.753840	19.698669	1001.685891	4.962968	18.584524	513.954414	81.964501	20.778466	998.353869	8.581710	11.831424	
7/1/2021 11:56:03.077221449	84.635563	19.555803	1001.909041	4.434948	18.508887	515.384257	82.019514	20.781271	998.191751	1.199861	11.836444	
7/1/2021 11:56:04.077221449	84.845833	19.692574	999.809860	4.951916	18.555339	516.034121	81.803487	20.783652	998.609979	4.987068	11.842332	
7/1/2021 11:56:05.077221449	84.904972	19.608822	1001.480878	4.813155	18.512275	514.269163	81.624520	20.766327	998.222345	6.281873	11.876882	
7/1/2021 11:56:06.077221449	84.957539	19.624188	1000.993025	4.940650	18.543134	515.302117	81.736226	20.783239	998.448332	4.092079	11.856749	
7/1/2021 11:56:07.077221449	85.233519	19.618991	1000.045073	4.597733	18.465783	514.897345	81.838050	20.722958	998.371217	4.699916	11.848496	
7/1/2021 11:56:08.077221449	85.384650	19.587884	1001.294080	4.926146	18.572891	517.389055	82.054234	20.815201	998.599097	0.582850	11.856644	
7/1/2021 11:56:09.077221449	85.456931	19.565823	1001.185500	4.569807	18.498968	516.383698	81.988420	20.779821	998.667067	2.116858	11.845828	
7/1/2021 11:56:10.077221449	85.476643	19.542532	1001.474175	4.700697	18.530072	516.451376	82.097576	20.806173	997.984055	2.702957	11.820806	
7/1/2021 11:56:11.077221449	85.772336	19.587734	999.380513	4.018597	18.604077	518.516631	81.889014	20.789780	998.325325	2.142799	11.842779	
7/1/2021 11:56:12.077221449	85.700056	19.600374	1000.804176	4.874880	18.475171	517.622980	82.036124	20.912217	997.970965	5.591243	11.811278	
7/1/2021 11:56:13.077221449	85.851187	19.560326	1000.443430	4.531047	18.469171	516.348870	82.027189	20.773281	998.204840	1.338195	11.870679	
7/1/2021 11:56:14.077221449	85.844616	19.566721	1001.377347	4.768651	18.531542	516.098515	82.066667	20.855459	998.340465	4.477479	11.851085	
7/1/2021 11:56:15.077221449	85.640917	19.582312	1001.500591	4.460796	18.502928	517.551355	82.069426	20.802956	998.311921	1.670674	11.867643	
7/1/2021 11:56:16.077221449	85.732910	19.615591	1002.400996	4.662827	18.535787	516.703699	82.037124	20.866148	998.305612	9.815731	11.834118	
7/1/2021 11:56:17.077221449	85.759194	19.571918	999.433660	4.373839	18.474028	516.836434	81.838601	20.774730	998.298674	1.523167	11.848745	
7/1/2021 11:56:18.077221449	86.061457	19.688948	1000.304179	4.909896	18.431291	516.407349	82.106801	20.914185	998.213357	3.023642	11.758092	
7/1/2021 11:56:19.077221449	86.022032	19.661616	1001.234389	4.463495	18.503785	517.120301	81.873664	20.783864	997.838970	1.177852	11.846866	
7/1/2021 11:56:20.077221449	86.271727	19.694819	1001.776019	4.744896	18.526480	516.291044	81.953067	20.796109	998.576862	9.608750	11.848009	
7/1/2021 11:56:21.077221449	86.468856	19.663487	1001.464320	4.669652	18.491049	517.062475	82.109771	20.940325	998.864509	10.347328	11.815220	
7/1/2021 11:56:22.077221449	86.481998	19.624937	1000.933729	4.425237	18.604077	514.834920	82.211989	20.713306	998.732514	5.316926	11.836707	
7/1/2021 11:56:23.077221449	86.252015	19.789489	1000.867335	4.648775	18.502968	517.377224	82.102543	20.832112	999.104536	3.165908	11.788122	
7/1/2021 11:56:24.077221449	86.166592	19.550980	1001.137795	4.537462	18.475457	517.175496	82.188912	20.795484	998.049660	1.732769	11.839362	
7/1/2021 11:56:25.077221449	86.468856	19.752661	1002.466995	4.784777	18.497009	517.343712	82.217351	20.826090	998.445810	7.530039	11.772535	
7/1/2021 11:56:26.077221449	86.462285	19.606576	1000.672494	4.557674	18.478069	516.748379	82.175218	20.762803	998.359077	4.632579	11.851689	
7/1/2021 11:56:27.077221449	86.771119	19.745368	1001.236202	4.898995	18.541542	518.057970	82.147383	20.792161	998.366487	10.283923	11.839520	
7/1/2021 11:56:28.077221449	86.705410	19.655820	999.928531	4.619075	18.485049	517.126869	81.974988	20.760105	998.482713	5.133265	11.850454	
7/1/2021 11:56:29.077221449	86.882825	19.724280	1000.664293	4.931531	18.489947	520.267780	81.932513	20.789981	999.025213	12.187876	11.822172	
7/1/2021 11:56:30.077221449	86.856541	19.597529	1000.653096	4.576928	18.476273	519.056759	82.167149	20.798077	998.132455	1.849094	11.871165	
7/1/2021 11:56:31.077221449	86.928822	19.661840	1002.539380	4.664646	18.635834	518.197273	82.210937	20.803368	998.231648	10.838840	11.807913	
7/1/2021 11:56:32.077221449	86.659413	19.656718	1001.806061	4.619285	18.502642	517.921299	81.998012	20.785419	998.180712	7.885838	11.871980	
7/1/2021 11:56:33.077221449	86.915680	19.681880	1001.819466	4.961915	18.623955	519.055443	82.236170	20.883885	997.809004	5.159205	11.827745	
7/1/2021 11:56:34.077221449	86.922251	19.660718	1001.156484	4.545090	18.523868	517.722855	82.224684	20.744536	998.274703	5.109945	11.850007	
7/1/2021 11:56:35.077221449	87.053670	19.672160	1000.504225	5.009501	18.626772	519.761165	82.424519	20.879631	998.104225	6.796703	11.855382	
7/1/2021 11:56:36.077221449	87.185088	19.660942	1001.065962	4.555722	18.500356	518.046803	82.327059	20.782202	998.270602	6.135675	11.867394	
7/1/2021 11:56:37.077221449	87.079953	19.793863	1002.670667	5.149484	18.384513	516.792407	82.611555	20.913042	997.754281	4.587522	11.807821	
7/1/2021 11:56:38.077221449	87.204801	19.608447	1000.895407	4.666010	18.499785	518.395064	82.446073	20.809697	998.237328	2.285064	11.869930	
7/1/2021 11:56:39.077221449	87.270511	19.597978	1001.310086	4.825917	18.554482	519.249288	82.384384	20.854104	998.373739	0.705728	11.859075	
7/1/2021 11:56:40.077221449	87.303365	19.618916	1000.799523	4.481391	18.477988	518.074400	82.246395	20.794341	998.209098	4.843492	11.843410	
7/1/2021 11:56:41.077221449	87.362504	19.689098	1001.156404	5.040304	18.652528	521.880300	82.187413	20.832419	998.229283	10.022712	11.844027	
7/1/2021 11:56:42.077221449	87.585916	19.755986	999.556824	4.002435	18.597831	519.359677	82.236170	20.784795	998.583171	2.074152	11.837496	
7/1/2021 11:56:43.077221449	87.513635	19.677656	1001.497831	4.862757	18.597546	522.386262	82.368640	20.818725	998.255776	9.077153	11.857708	
7/1/2021 11:56:44.077221449	87.513635	19.608822	1000.169106	4.523364	18.471457	521.070756	82.267921	20.789674	998.274703	3.760910	11.866999	
7/1/2021 11:56:45.077221449	87.579345	19.552627	1002.037963	4.413145	18.649712	522.729924	82.398735	20.901528	998.183391	1.199861	11.821791	
7/1/2021 11:56:46.077221449	87.612200	19.666588	1001.851796	4.562502	18.477130	520.938021	82.386749	20.780646	998.570396	2.032755	11.846695	
7/1/2021 11:56:47.077221449	87.631912	19.635630	1001.217199	4.935607	18.596729	522.300838	82.572339	20.885028	998.456220	8.156224	11.852872	
7/1/2021 11:56:48.077221449	87.776473	19.624787	1001.633299	4.509836	18.524439	520.933422	82.387696	20.780752	998.679999	6.959667	11.834302	
7/1/2021 11:56:49.077221449	87.677909	19.647147	1000.356457	4.744513	18.530399	523.504639	82.480032	20.843214	998.537751	3.292717	11.835183	
7/1/2021 11:56:50.077221449	87.559632	19.656568	1001.598209	5.088320	18.374267	518.846484	82.290735	20.952994	999.230858	11.838629	11.822751	
7/1/2021 11:56:51.077221449	87.533348	19.615216	999.549334	4.785739	18.538930	522.343550	82.323091	20.956624	998.375475	3.365025	11.841767	
7/1/2021 11:56:52.077221449	87.651625	19.613944	1000.416542	4.798406	18.511704	520.665984	82.202211	20.853691	998.077889	4.205783	11.870863	
7/1/2021 11:56:53.077221449	87.750189	19.662813	1001.622732	4.638685	18.531297	520.323638	82.383990	20.932240	998.342830	5.836999	11.848141	
7/1/2021 11:56:54.077221449	87.737047	19.624563	999.603505	4.546736	18.522480	520.896625	82.333130	20.857427	997.924602	0.268447	11.859955	
7/1/2021 11:56:55.077221449	87.901321	19.689472	1000.161142	4.918195	18.570360	519.810445	82.422259	20.868635	998.666752	9.360373	11.818558	
7/1/2021 11:56:56.077221449	87.743618	19.613644	1002.098994	4.503326	18.463252	520.595675	82.444022	20.797558	998.322960	1.498537	11.851387	
7/1/2021 11:56:57.077221449	87.881608	19.646923	1001.420084	4.631631	18.503785	519.715822	82.393610	20.886171	998.946990	4.579659	11.794706	
7/1/2021 11:56:58.077221449	87.796186	19.640453	1001.890984	4.650088	18.503213	520.296040	82.290183	20.868529	998.171881	1.727526	11.865869	
7/1/2021 11:56:59.077221449	88.006456	19.721029	1000.873329	4.711973	18.516602	520.037139	82.142468	20.876425	998.412850	7.043770	11.814734	
7/1/2021 11:57:00.077221449	88.006456	19.630134	1001.831294	4.611908	18.542032	519.930696	82.180790	20.860751	998.049502	4.357222	11.858050	
7/1/2021 11:57:01.077221449	88.098449	19.683302	1002.053260	4.558189	18.440352	522.047199	82.035887	20.904639	999.136709	8.235084	11.774888	
7/1/2021 11:57:02.077221449	88.210155	19.608522	1000.845257	4.771642	18.502071	520.971534	82.300775	20.865936	997.974909	2.729937	11.870784	
7/1/2021 11:57:03.077221449	88.361287	19.745967	999.761366	4.788420	18.458762	520.926191	82.400443	20.813327	998.942732	6.609110	11.811028	
7/1/2021 11:57:04.077221449	87.934176	19.629460	1001.986079	4.443402	18.473171	521.576718	82.409407	20.814576	998.419316	2.934297	11.859482	
7/1/2021 11:57:05.077221449	88.098449	19.709812	1000.794635	4.802750	18.535542	521.824442	82.174771	20.836261	998.469781	4.924973	11.834854	
7/1/2021 11:57:06.077221449	88.085307	19.608522	1001.293133	4.634782	18.511704	522.304122	82.143625	20.872265	998.220137	0.863449	11.872466	
7/1/2021 11:57:07.077221449	88.302148	19.703941	1001.183924	4.692709	18.468354	523.174113	82.189569	20.836049	998.777777	8.906326	11.814314	
7/1/2021 11:57:08.077221449	88.256152	19.640154	1001.963212	4.555549	18.521337	523.520406	82.279407	20.860126	998.171881	0.512893	11.859298	
7/1/2021 11:57:09.077221449	88.571557	19.746790	1002.493646	4.870298	18.567584	522.898792	82.283822	20.817169	998.432406	7.660780	11.841977	
7/1/2021 11:57:10.077221449	88.538702	19.672833	1001.933012	4.578018	18.502071	522.896824	82.390955	20.798701	998.482713	4.070070	11.861913	
7/1/2021 11:57:11.077221449	88.538702	19.768102	1002.795962	4.947634	18.556808	523.265452	82.524477	20.862200	998.627326	6.942901	11.832121	
7/1/2021 11:57:12.077221449	88.308719	19.683302	1000.391467	4.668841	18.465823	522.741091	82.346562	20.822566	998.075681	4.337835	11.849691	
7/1/2021 11:57:13.077221449	88.295577	19.687826	999.819085	4.806083	18.512887	524.096677	82.292549	20.903496	998.371217	2.362614	11.816810	
7/1/2021 11:57:14.077221449	88.348145	19.630808	1002.156162	4.413911	18.568115	522.496651	82.524425	21.009751	998.832343	7.515894	11.818716	
7/1/2021 11:57:15.077221449	88.538702	19.717661	1001.174856	4.837643	18.539868	524.513280	82.425309	20.864793	998.588530	1.834949	11.820083	
7/1/2021 11:57:16.077221449	88.571557	19.635930	1001.572662	4.519421	18.474885	523.425784	82.260745	20.843002	997.808218	4.719303	11.821542	
7/1/2021 11:57:17.077221449	88.709547	19.693472	1000.568725	5.002352	18.537256	525.241337	82.325508	20.920408	998.345038	4.558961	11.823762	
7/1/2021 11:57:18.077221449	88.525560	19.613644	1000.513845	4.579053	18.464068	524.561244	82.315968	20.841658	998.439501	2.780507	11.867446	
7/1/2021 11:57:19.077221449	88.564986	19.794237	1001.305119	4.795205	18.549420	525.220970	82.452459	20.834081	998.388722	6.448768	11.849757	
7/1/2021 11:57:20.077221449	88.341574	19.639705	1001.778069	4.557177	18.502071	525.623111	82.504422	20.816650	998.274860	0.268447	11.861927	
7/1/2021 11:57:21.077221449	88.413854	19.647447	1001.161846	4.642383	18.465211	524.998212	82.560092	20.826821	998.125989	-0.321312	11.822593	
7/1/2021 11:57:22.077221449	88.518989	19.629385	1000.666186	4.580722	18.490437	525.745330	82.473566	20.855353	998.322960	0.639702	11.861835	
7/1/2021 11:57:23.077221449	88.663550	19.672234	1000.266015	4.461088	18.475130	524.833281	82.213198	20.862719	997.885176	7.836579	11.812539	
7/1/2021 11:57:24.077221449	88.716118	19.602202	1000.821995	4.554833	18.462885	524.780717	82.359414	20.869142	997.990678	1.471286	11.845881	
7/1/2021 11:57:25.077221449	88.834395	19.703791	1000.415044	4.530030	18.497540	523.821356	82.387301	20.810946	998.187335	4.807338	11.856657	
7/1/2021 11:57:26.077221449	88.926388	19.672309	1001.312294	4.647234	18.515132	524.084194	82.552075	20.855353	998.217930	4.295128	11.873491	
7/1/2021 11:57:27.077221449	88.998668	19.641277	1000.751660	4.756815	18.467497	524.765603	82.456874	20.883991	997.723687	8.003474	11.828139	
7/1/2021 11:57:28.077221449	88.880391	19.669091	1001.053504	4.646815	18.522847	525.525857	82.583326	20.852348	998.164628	2.821904	11.842726	
7/1/2021 11:57:29.077221449	88.827824	19.682928	1001.093560	4.738960	18.522480	524.128874	82.653741	20.825053	998.336049	7.059226	11.869785	
7/1/2021 11:57:30.077221449	88.794969	19.688350	1000.885077	4.591910	18.500928	524.370030	82.624645	20.827233	998.287950	6.140918	11.853831	
7/1/2021 11:57:31.077221449	88.466422	19.667636	1002.173587	5.413095	18.664121	524.759688	82.162391	20.625730	998.327690	9.991529	11.828862	
7/1/2021 11:57:32.077221449	88.722689	19.636005	1000.772477	4.615336	18.462680	524.539561	82.410825	20.850061	998.152325	4.253732	11.868892	
7/1/2021 11:57:33.077221449	88.775256	19.604298	1001.031898	4.619435	18.464395	525.952974	82.543348	20.823604	998.235120	2.039308	11.862571	
7/1/2021 11:57:34.077221449	88.821253	19.635556	1001.031347	4.737159	18.527297	526.044965	82.665988	20.899347	998.152010	3.098571	11.871008	
7/1/2021 11:57:35.077221449	88.735830	19.671935	1000.387289	4.371080	18.522194	527.382153	82.634842	20.910968	997.953303	-0.921557	11.834894	
7/1/2021 11:57:36.077221449	88.808111	19.636229	1000.820025	4.620949	18.477702	527.468892	82.685701	20.828377	998.406541	1.525788	11.864647	
7/1/2021 11:57:37.077221449	88.854107	19.692574	1001.268453	4.835993	18.534930	526.997095	82.752357	20.853691	998.040671	4.924973	11.863701	
7/1/2021 11:57:38.077221449	88.834395	19.650698	1001.247084	4.553174	18.511418	527.984053	82.773569	20.888140	998.213514	1.376970	11.868327	
7/1/2021 11:57:39.077221449	88.821253	19.640453	1001.910303	4.428018	18.502071	528.283688	82.723813	20.842590	998.029632	0.944931	11.836826	
7/1/2021 11:57:40.077221449	88.932959	19.725777	999.764125	4.651907	18.519092	527.702817	82.606745	20.845288	998.539644	5.650717	11.850059	
7/1/2021 11:57:41.077221449	88.932959	19.662364	1002.234067	4.568229	18.492723	528.430221	82.509942	20.806586	998.596732	3.784229	11.857209	
7/1/2021 11:57:42.077221449	88.906675	19.767653	1000.477731	4.852795	18.512847	527.696902	82.550524	20.823498	998.331634	6.204322	11.836550	
7/1/2021 11:57:43.077221449	89.005239	19.678405	1000.802834	4.658154	18.505459	528.091159	82.701051	20.823498	998.213514	6.636361	11.852688	
7/1/2021 11:57:44.077221449	89.064378	19.619291	1000.640559	4.542733	18.472028	528.702258	82.748099	20.831488	998.345038	2.547586	11.863057	
7/1/2021 11:57:45.077221449	89.241793	19.672609	1000.309856	4.677354	18.525011	527.091718	82.871686	20.873927	998.248839	8.191067	11.852911	
7/1/2021 11:57:46.077221449	89.314073	19.688125	1000.019683	4.691679	18.522766	528.115472	82.944413	20.884922	998.165257	3.696194	11.860888	
7/1/2021 11:57:47.077221449	89.136658	19.625311	999.457394	4.696795	18.406881	528.590553	82.670799	20.715168	997.399450	-0.201056	11.833593	
7/1/2021 11:57:48.077221449	89.031523	19.672309	1000.789430	4.717294	18.525296	527.415666	82.538933	20.877038	998.029632	3.200751	11.868984	
7/1/2021 11:57:49.077221449	89.084090	19.614917	1001.144341	4.633533	18.498928	526.021314	82.669800	20.849638	998.350397	2.453270	11.856249	
7/1/2021 11:57:50.077221449	89.176084	19.683602	999.954788	4.860071	18.507173	525.430582	82.709330	20.836885	998.706178	6.574267	11.842109	
7/1/2021 11:57:51.077221449	89.228651	19.630134	1002.301880	4.544379	18.477416	526.303203	82.868584	20.860539	998.423732	1.539933	11.851308	
7/1/2021 11:57:52.077221449	89.360070	19.661466	1000.399589	4.502560	18.466926	526.021967	82.852078	20.844251	998.356077	3.943261	11.865882	
7/1/2021 11:57:53.077221449	89.465205	19.651222	1000.993577	4.670761	18.497540	527.401867	82.936843	20.858983	998.143651	1.580019	11.869233	
7/1/2021 11:57:54.077221449	89.537485	19.688724	1001.053819	4.693863	18.530154	526.284805	82.854680	20.838960	998.320752	7.783658	11.865488	
7/1/2021 11:57:55.077221449	89.340357	19.698669	1000.733603	4.683518	18.537501	528.091159	82.674163	20.811877	998.318544	7.391705	11.873321	
7/1/2021 11:57:56.077221449	89.189225	19.720281	999.639934	4.664186	18.495295	528.194981	82.581170	20.839891	998.454169	6.900194	11.860415	
7/1/2021 11:57:57.077221449	89.162942	19.630583	1000.691575	4.679784	18.466068	529.846918	82.678578	20.834705	997.953618	1.234704	11.836458	
7/1/2021 11:57:58.077221449	89.281219	19.624637	1001.697168	4.620147	18.486764	530.589436	82.778089	20.846220	998.312078	0.247749	11.852911	
7/1/2021 11:57:59.077221449	89.333786	19.657017	1001.259621	4.735837	18.481375	531.359552	82.931271	20.862719	998.447860	0.497437	11.854869	
7/1/2021 11:58:00.077221449	89.346928	19.625311	1000.683139	4.545300	18.470314	530.904185	82.776880	20.818831	998.310028	3.247389	11.870587	
7/1/2021 11:58:01.077221449	89.399496	19.656194	1000.548618	4.456997	18.459538	530.360763	82.657604	20.845595	998.576705	3.265466	11.822330	
7/1/2021 11:58:02.077221449	89.498060	19.634807	1000.926474	4.578460	18.498683	530.791164	82.559697	20.866349	998.362543	1.210075	11.858260	
7/1/2021 11:58:03.077221449	89.563769	19.651521	1001.139846	4.702485	18.507744	531.226817	82.472724	20.871640	998.364751	2.935608	11.865974	
7/1/2021 11:58:04.077221449	89.550627	19.614243	1000.845257	4.556124	18.462395	531.072400	82.457874	20.819868	998.513622	2.137556	11.860074	
7/1/2021 11:58:05.077221449	89.590053	19.651446	1001.031109	4.563674	18.508030	531.495571	82.529155	20.834705	998.474511	0.122250	11.848574	
7/1/2021 11:58:06.077221449	89.596624	19.635780	1001.372379	4.398460	18.502356	531.611875	82.379127	20.882329	997.658082	1.155844	11.848101	
7/1/2021 11:58:07.077221449	89.787181	19.614543	1000.655619	4.884692	18.436638	532.829475	82.324904	20.845182	998.581120	2.859368	11.831740	
7/1/2021 11:58:08.077221449	89.498060	19.736321	1002.395948	4.706679	18.566401	531.781406	82.390613	20.832419	998.552891	5.750275	11.846038	
7/1/2021 11:58:09.077221449	89.379783	19.725478	1001.093797	4.686180	18.526725	531.517253	82.476035	20.846738	998.388565	7.515894	11.870259	
7/1/2021 11:58:10.077221449	89.373212	19.704315	1001.793209	4.409338	18.473742	532.649429	82.468308	20.899760	998.334156	0.371938	11.841741	
7/1/2021 11:58:11.077221449	89.570340	19.635855	999.809228	4.582463	18.521908	533.320323	82.532704	20.870085	998.318544	2.649766	11.847641	
7/1/2021 11:58:12.077221449	89.708330	19.688799	999.947850	4.550051	18.467783	532.898468	82.280353	20.856390	998.671010	2.078083	11.850651	
7/1/2021 11:58:13.077221449	89.576911	19.657092	1001.602310	4.463554	18.520766	532.936580	82.105802	20.819349	997.927439	6.262485	11.832712	
7/1/2021 11:58:14.077221449	89.524343	19.678030	1000.854168	4.712493	18.549747	532.573857	82.169566	20.839372	998.151539	5.701016	11.849521	
7/1/2021 11:58:15.077221449	89.695188	19.698744	1000.788326	4.745954	18.533787	533.401146	82.268420	20.875482	998.038778	3.224070	11.866079	
7/1/2021 11:58:16.077221449	89.806894	19.726076	1001.075030	4.652313	18.480804	532.019931	82.248760	20.853173	998.688201	7.310224	11.822133	
7/1/2021 11:58:17.077221449	89.708330	19.715233	1002.164756	4.573518	18.476273	532.278169	82.386145	20.829414	998.559514	4.764631	11.846787	
7/1/2021 11:58:18.077221449	89.609766	19.704839	1002.155373	4.587807	18.496111	532.504211	82.443471	20.849543	998.450068	5.690802	11.850165	
7/1/2021 11:58:19.077221449	89.642620	19.809828	1001.669333	5.385451	18.642079	534.919696	82.489967	20.864899	998.432720	7.511962	11.837351	
7/1/2021 11:58:20.077221449	89.465205	19.662140	1002.125488	4.626926	18.523337	533.311123	82.401785	20.893431	998.366801	3.306862	11.856105	
7/1/2021 11:58:21.077221449	89.642620	19.780143	1001.251737	4.994674	18.615138	535.863280	82.347928	20.931509	997.934219	7.640082	11.807230	
7/1/2021 11:58:22.077221449	89.655762	19.672459	1001.262933	4.629918	18.505459	534.113436	82.454904	20.893431	998.347088	2.688541	11.866539	
7/1/2021 11:58:23.077221449	89.649191	19.621387	999.403537	4.504570	18.739227	537.925251	82.204314	20.889177	998.555727	0.315086	11.812001	
7/1/2021 11:58:24.077221449	89.793752	19.720430	1001.989391	4.499455	18.513663	531.998902	82.221215	20.975822	998.791495	2.960237	11.783128	
7/1/2021 11:58:25.077221449	89.918600	19.709961	1001.462507	5.055633	18.615955	536.411953	82.221372	20.869248	998.196009	4.006665	11.815878	
7/1/2021 11:58:26.077221449	89.905458	19.672609	1001.934274	4.537658	18.468354	533.840083	82.141969	20.800776	999.049656	5.543295	11.801395	
7/1/2021 11:58:27.077221449	89.741184	19.873391	1002.193932	4.946203	18.583994	536.069607	82.318937	20.865830	998.544217	5.733509	11.821923	
7/1/2021 11:58:28.077221449	89.668904	19.714709	1002.042064	4.575145	18.513418	535.733176	82.097628	20.900797	997.918136	3.061107	11.840006	
7/1/2021 11:58:29.077221449	89.760897	19.757334	1001.922131	5.011685	18.586525	536.913316	82.373950	20.921445	998.469938	4.336524	11.834342	
7/1/2021 11:58:30.077221449	89.806894	19.678180	1001.965815	4.561928	18.481090	536.142548	82.190173	20.862825	998.410642	2.570905	11.856933	
7/1/2021 11:58:31.077221449	90.155154	19.726301	999.629842	4.253853	18.548849	537.147904	82.615367	20.969694	998.134977	0.502679	11.806363	
7/1/2021 11:58:32.077221449	90.030306	19.720206	1001.075188	4.749515	18.546563	535.403313	82.278697	20.857321	998.056126	6.938969	11.870889	
7/1/2021 11:58:33.077221449	90.010593	19.763728	1002.195508	4.654438	18.616281	535.946072	82.383123	20.843002	998.502740	4.064828	11.800055	
7/1/2021 11:58:34.077221449	89.714901	19.678554	999.684013	4.596488	18.491866	535.968417	82.195378	20.882848	998.281641	1.441685	11.840019	
7/1/2021 11:58:35.077221449	89.747755	19.747089	1000.564152	4.894960	18.540889	536.780581	82.007843	20.994596	997.988156	-3.276935	11.797308	
7/1/2021 11:58:36.077221449	89.925171	19.646923	1001.807165	4.974480	18.518235	534.568803	82.003927	20.834599	997.887698	6.778626	11.837299	
7/1/2021 11:58:37.077221449	89.741184	19.798910	1001.733124	4.966014	18.578320	535.160842	82.155715	20.913973	998.198374	7.041149	11.827653	
7/1/2021 11:58:38.077221449	89.754326	19.699193	1001.435381	4.649573	18.506601	534.840840	82.129931	20.885441	998.209256	2.586361	11.864568	
7/1/2021 11:58:39.077221449	89.872603	19.810876	1001.005168	4.773730	18.540930	535.206184	82.298568	20.841965	998.548161	6.162926	11.841268	
7/1/2021 11:58:40.077221449	89.826607	19.651746	1001.182031	4.477816	18.461823	534.509662	82.266607	20.825890	998.363650	3.284854	11.858037	
7/1/2021 11:58:41.077221449	90.004022	19.775320	1002.550577	4.817533	18.576401	535.797570	82.082935	20.952157	997.955511	4.602978	11.799319	
7/1/2021 11:58:42.077221449	90.063161	19.689996	1001.115955	4.585295	18.475130	535.105647	82.189122	20.882647	998.141600	0.435343	11.828822	
7/1/2021 11:58:43.077221449	90.194579	19.789040	1002.128485	4.870681	18.517418	536.385672	82.247761	20.881705	998.259720	1.917741	11.831280	
7/1/2021 11:58:44.077221449	89.925171	19.672534	1001.161609	4.639880	18.515663	536.381072	82.321592	20.919476	998.213828	0.370627	11.862032	
7/1/2021 11:58:45.077221449	89.984309	19.809454	1001.053267	5.015323	18.609505	537.724828	82.478243	20.850887	998.353712	9.212865	11.846261	
7/1/2021 11:58:46.077221449	89.977738	19.705138	1001.864648	4.503326	18.471171	536.605798	82.488968	20.817687	998.143651	5.423038	11.858352	
7/1/2021 11:58:47.077221449	90.214292	19.762830	1001.169336	4.767789	18.516275	539.303172	82.503713	20.892394	998.489337	5.792982	11.838429	
7/1/2021 11:58:48.077221449	90.227434	19.694370	1000.545306	4.549298	18.484478	538.031693	82.284821	20.857533	998.371531	6.487543	11.798622	
7/1/2021 11:58:49.077221449	90.063161	19.916090	1002.656001	4.875145	18.519418	540.487259	82.244344	20.887102	998.233227	9.546656	11.807611	
7/1/2021 11:58:50.077221449	90.096015	19.720730	1000.547514	4.491449	18.476559	539.154670	82.242741	20.871852	998.373267	5.155273	11.849889	
7/1/2021 11:58:51.077221449	90.122299	19.726226	1002.423468	4.880164	18.540930	540.968907	82.306847	20.918958	998.336521	4.705158	11.834092	
7/1/2021 11:58:52.077221449	89.944884	19.715907	1001.154591	4.534703	18.470926	539.548927	82.291497	20.843627	998.263979	6.900194	11.868905	
7/1/2021 11:58:53.077221449	90.036877	19.800557	1001.542225	4.842550	18.562727	540.196160	82.470174	20.904014	998.074738	8.416125	11.827087	
7/1/2021 11:58:54.077221449	89.839749	19.683302	1001.604123	4.627943	18.496968	540.290130	82.436610	20.873302	998.106276	0.780657	11.861085	
7/1/2021 11:58:55.077221449	90.010593	19.821345	1001.217831	4.804073	18.574360	539.469419	82.507234	20.873821	998.231176	5.710190	11.835354	
7/1/2021 11:58:56.077221449	90.227434	19.931831	1002.012178	4.496673	18.326427	538.491660	82.758324	20.893325	997.771315	8.519615	11.814261	
7/1/2021 11:58:57.077221449	90.188008	19.767803	1000.622107	4.846931	18.556278	539.571925	82.620386	20.940537	997.843228	13.137366	11.783351	
7/1/2021 11:58:58.077221449	90.194579	19.730899	1001.387834	4.699343	18.526725	539.388595	82.629060	20.874858	998.173931	5.009076	11.865974	
7/1/2021 11:58:59.077221449	90.273431	19.715682	1002.055705	4.762596	18.535828	540.293414	82.557831	20.979758	998.331791	7.858587	11.827613	
7/1/2021 11:59:00.077221449	90.247147	19.742416	1000.478126	4.592868	18.497540	539.140872	82.520062	20.857015	998.371217	4.950914	11.847457	
7/1/2021 11:59:01.077221449	90.417991	19.763579	1001.218697	4.658573	18.501826	540.279615	82.456060	20.915741	998.835022	4.884888	11.810213	
7/1/2021 11:59:02.077221449	90.378566	19.698744	999.999181	4.671718	18.515949	539.947784	82.272231	20.849955	997.898580	1.048422	11.840794	
7/1/2021 11:59:03.077221449	90.385137	19.767022	1001.211365	4.685761	18.475212	540.043722	82.321592	20.887102	998.370745	1.829706	11.792419	
7/1/2021 11:59:04.077221449	90.339140	19.684350	1001.066357	4.571639	18.486764	539.695461	82.305690	20.865005	998.318544	2.039308	11.866355	
7/1/2021 11:59:05.077221449	90.371995	19.837985	1000.339109	5.032886	18.556237	539.805850	82.532414	20.922588	998.804270	12.953705	11.813906	
7/1/2021 11:59:06.077221449	90.332569	19.704689	1000.639455	4.639779	18.475171	539.985896	82.567162	20.825572	998.239693	3.209925	11.868603	
7/1/2021 11:59:07.077221449	90.358853	19.712955	1000.954151	4.558809	18.491049	540.423517	82.377524	20.924450	998.686308	5.724335	11.819939	
7/1/2021 11:59:08.077221449	90.312856	19.651671	1000.964875	4.591527	18.509989	540.708701	82.277751	20.899241	998.150274	-0.204987	11.859982	
7/1/2021 11:59:09.077221449	90.345711	19.716206	1001.920475	4.580872	18.537501	541.793565	82.392164	20.964508	998.412850	1.051043	11.835827	
7/1/2021 11:59:10.077221449	90.312856	19.758457	999.699153	4.680454	18.548849	539.966182	82.336942	20.850580	997.793393	8.029414	11.853292	
7/1/2021 11:59:11.077221449	90.483701	19.633128	999.113444	4.303715	18.670407	542.574196	82.341962	20.966582	998.412850	6.081445	11.798018	
7/1/2021 11:59:12.077221449	90.365424	19.758157	999.845816	4.518326	18.482518	540.314444	82.510494	20.847987	998.213357	5.833068	11.845197	
7/1/2021 11:59:13.077221449	90.345711	19.806503	999.554617	4.644393	18.506642	541.362512	82.661967	20.896130	998.307820	4.628918	11.823605	
7/1/2021 11:59:14.077221449	90.181437	19.668385	1000.550668	4.542883	18.475457	540.409066	82.570973	20.869048	998.101703	1.935818	11.858628	
7/1/2021 11:59:15.077221449	90.188008	19.699417	999.693710	4.689381	18.570115	542.259447	82.567215	20.967513	998.587586	2.257813	11.815996	
7/1/2021 11:59:16.077221449	90.128870	19.720131	999.725094	4.686700	18.506887	540.172510	82.221924	20.877969	998.274703	3.652177	11.857340	
7/1/2021 11:59:17.077221449	90.142012	19.710785	1001.206554	4.882563	18.564972	541.765968	82.652032	20.940643	998.445495	6.835478	11.848167	
7/1/2021 11:59:18.077221449	90.122299	19.736246	1001.413460	5.022455	18.673754	545.160528	82.657105	21.025721	998.886273	7.632490	11.823421	
7/1/2021 11:59:19.077221449	90.207721	19.721329	1001.026299	4.634823	18.481416	539.091592	82.434849	20.856178	998.248052	6.350520	11.825024	
7/1/2021 11:59:20.077221449	90.325998	19.673507	1001.416457	4.979733	18.722614	546.847945	82.762477	20.998956	998.214457	7.986707	11.808873	
7/1/2021 11:59:21.077221449	90.549410	19.810278	1000.981591	4.509567	18.465823	539.938585	82.431880	20.847881	997.771472	4.851355	11.834749	
7/1/2021 11:59:22.077221449	90.463988	19.727723	1002.060910	4.991701	18.689102	545.437164	82.244844	20.955787	998.667067	2.426019	11.816364	
7/1/2021 11:59:23.077221449	90.378566	19.700091	1000.701196	4.559894	18.483661	541.338198	82.038989	20.836780	998.167465	2.243668	11.859745	
7/1/2021 11:59:24.077221449	90.529697	20.017454	1002.125173	4.843347	18.465252	543.912700	82.352581	20.834493	998.747969	1.263266	11.805745	
7/1/2021 11:59:25.077221449	90.266860	19.725927	1001.304961	4.594669	18.456150	541.511013	81.841913	20.852136	998.519931	2.056075	11.833264	
7/1/2021 11:59:26.077221449	90.174867	19.567919	1000.298660	5.431656	18.851152	543.286486	81.683316	20.910756	998.605878	5.077723	11.818926	
7/1/2021 11:59:27.077221449	90.234005	19.731573	1001.056027	4.566177	18.479988	541.619435	81.782775	20.799738	998.279119	3.618644	11.864003	
7/1/2021 11:59:28.077221449	90.424562	19.721703	1002.355499	4.926702	18.701552	542.701668	81.832530	20.891558	998.541694	5.645474	11.819189	
7/1/2021 11:59:29.077221449	90.503414	19.683602	1001.303068	4.581296	18.504316	542.243017	81.560467	20.842177	998.262243	-0.780602	11.849836	
7/1/2021 11:59:30.077221449	90.470559	19.746416	999.900617	5.024414	18.583627	542.731897	81.438431	20.902871	998.515987	-0.219133	11.813893	
7/1/2021 11:59:31.077221449	90.286573	19.847780	1000.175415	4.879038	18.554523	541.364480	81.074269	20.781165	997.909619	5.671415	11.828651	
7/1/2021 11:59:32.077221449	90.299714	19.788965	1002.373161	4.737542	18.413984	542.164162	81.330483	21.063598	999.097755	9.792412	11.788858	
7/1/2021 11:59:33.077221449	90.240576	19.741668	1000.060055	4.539956	18.534644	543.130753	81.294265	20.854834	998.338414	2.359993	11.847641	
7/1/2021 11:59:34.077221449	90.319427	19.852827	1000.767747	5.015191	18.595301	543.975778	81.272501	20.894362	998.494067	6.178382	11.817349	
7/1/2021 11:59:35.077221449	90.227434	19.679303	1002.038909	5.229542	18.369205	543.055845	81.149047	20.861163	997.922709	4.029985	11.819912	
7/1/2021 11:59:36.077221449	90.700542	19.879786	1000.140720	5.111568	18.571830	543.875240	81.031375	20.897061	998.657921	4.935458	11.813643	
7/1/2021 11:59:37.077221449	90.444275	19.715158	999.922223	4.723827	18.506030	543.820045	80.800392	20.894468	998.125989	4.822793	11.859495	
7/1/2021 11:59:38.077221449	90.417991	19.815100	1001.433725	4.761146	18.549706	546.056137	80.895198	20.858464	998.213828	0.494816	11.841215	
7/1/2021 11:59:39.077221449	90.168296	19.741518	1001.041439	4.551756	18.527011	545.299167	80.834299	20.909412	998.261771	1.169989	11.842687	
7/1/2021 11:59:40.077221449	90.687400	19.874289	1000.219571	4.612368	18.553094	545.546891	81.037841	20.851511	998.778249	-1.596730	11.806718	
7/1/2021 11:59:41.077221449	90.615120	19.720730	1001.969993	4.584150	18.508030	546.072567	80.785647	20.896024	998.220137	1.375659	11.840045	
7/1/2021 11:59:42.077221449	90.509984	19.926784	999.597829	4.937545	18.486519	546.286778	80.913807	20.949564	998.375318	0.166268	11.795389	
7/1/2021 11:59:43.077221449	90.398278	19.752810	1000.300788	4.655970	18.475742	546.223700	81.061022	20.905570	997.839756	4.211025	11.832528	
7/1/2021 11:59:44.077221449	90.273431	19.874663	1000.885077	4.769225	18.572646	545.927349	81.062731	20.892913	997.950938	-0.818066	11.794995	
7/1/2021 11:59:45.077221449	90.608549	19.720281	1001.925837	4.657082	18.535787	546.185588	81.151912	20.876413	998.209256	1.806387	11.847838	
7/1/2021 11:59:46.077221449	90.621690	19.769524	1001.304961	4.784376	18.500683	546.911676	81.268428	20.963883	998.384463	7.081234	11.826207	
7/1/2021 11:59:47.077221449	90.437704	19.757633	999.792669	4.806777	18.527868	545.554774	81.286328	20.873715	998.044930	7.242887	11.853660	
7/1/2021 11:59:48.077221449	90.332569	19.725403	1002.210648	4.843470	18.551380	546.924159	81.092116	21.046580	998.003768	10.549067	11.791105	
7/1/2021 11:59:49.077221449	90.417991	19.700016	1000.892962	4.649263	18.494723	546.642270	80.965218	20.901422	998.042879	1.466315	11.859101	
7/1/2021 11:59:50.077221449	90.739967	19.822019	1000.888546	4.776675	18.492478	546.451710	81.062126	20.932028	998.528448	3.163286	11.829203	
7/1/2021 11:59:51.077221449	90.588836	19.726451	1000.809143	4.650895	18.524439	546.304524	81.040206	20.882329	998.154218	2.863300	11.859338	
7/1/2021 11:59:52.077221449	90.595407	19.833386	1000.220518	4.620561	18.456476	547.154148	81.245009	20.951745	998.478455	1.978525	11.797558	
7/1/2021 11:59:53.077221449	90.398278	19.773000	1001.244876	4.784901	18.525868	545.409557	81.076976	20.864793	998.196009	6.647885	11.867420	
7/1/2021 11:59:54.077221449	90.247147	19.913363	1000.592617	4.110264	18.527337	548.214699	81.447999	20.872783	997.885648	11.868501	11.818217	
7/1/2021 11:59:55.077221449	90.549410	19.705737	1000.702142	4.747235	18.519623	547.106836	81.239489	20.905676	998.090979	2.757188	11.851216	
7/1/2021 11:59:56.077221449	90.621690	19.712132	999.630946	4.712215	18.532685	548.909906	81.431650	20.995739	998.513622	4.314515	11.835380	
7/1/2021 11:59:57.077221449	90.470559	19.736770	1000.644817	4.702640	18.547951	547.171230	81.393828	20.907232	998.078046	5.808438	11.857051	
7/1/2021 11:59:58.077221449	90.299714	19.722826	999.853306	4.579053	18.541746	549.450696	81.537575	20.954443	998.579227	3.330182	11.835761	
7/1/2021 11:59:59.077221449	90.444275	19.789414	1000.016923	4.631659	18.470640	547.043095	81.294921	20.845595	998.292523	4.063517	11.862505	
7/1/2021 12:00:00.077221449	90.766251	19.743539	1000.844625	4.910557	18.566646	548.884940	81.445896	20.922789	998.661393	7.209354	11.818099	
7/1/2021 12:00:01.077221449	90.582265	19.710111	999.892180	4.626297	18.519051	548.040568	81.378531	20.931097	998.268394	0.825985	11.853108	
7/1/2021 12:00:02.077221449	90.477130	19.710710	1002.110823	4.738321	18.595260	550.908789	81.527849	20.963259	998.288736	2.728627	11.802578	
7/1/2021 12:00:03.077221449	90.404849	19.721254	1001.206554	4.656987	18.509704	548.500535	81.455464	20.920514	998.090979	2.860679	11.864686	
7/1/2021 12:00:04.077221449	90.411420	19.779469	1000.317741	4.913562	18.636079	550.218181	81.369647	20.964815	998.091450	6.175761	11.831727	
7/1/2021 12:00:05.077221449	90.260289	19.826018	1002.010365	4.373360	18.545992	548.893476	81.141530	20.880149	998.633793	5.212125	11.821699	
7/1/2021 12:00:06.077221449	90.608549	19.884683	1000.330910	4.288282	18.611710	552.238093	81.298628	20.851193	997.533339	4.539573	11.828494	
7/1/2021 12:00:07.077221449	90.831961	19.657167	1002.088665	4.426523	18.569503	549.179312	81.151412	20.926736	998.449596	4.555029	11.831411	
7/1/2021 12:00:08.077221449	90.713684	19.820747	999.883901	5.044217	18.618526	549.051177	81.237991	20.862507	998.310028	6.835478	11.846196	
7/1/2021 12:00:09.077221449	90.536268	19.727124	999.994608	4.592001	18.489907	549.941544	81.347989	20.897686	998.217930	1.117069	11.852320	
7/1/2021 12:00:10.077221449	90.582265	19.900349	1002.249679	4.871511	18.503785	551.730815	81.314687	20.852961	998.809158	8.439444	11.793195	
7/1/2021 12:00:11.077221449	90.470559	19.741593	1000.092148	4.830016	18.537787	549.753615	81.498806	20.895093	998.262243	5.556129	11.854909	
7/1/2021 12:00:12.077221449	90.549410	19.842882	1000.076456	5.070975	18.601260	551.078972	81.394380	20.918852	998.353869	7.205423	11.839874	
7/1/2021 12:00:13.077221449	90.779393	19.800482	1000.389497	4.688305	18.470354	550.123559	81.335189	20.861163	997.865778	4.746554	11.829230	
7/1/2021 12:00:14.077221449	90.891099	19.868044	1001.420399	4.901931	18.616567	551.437749	81.461088	20.915529	998.252940	5.706258	11.838048	
7/1/2021 12:00:15.077221449	90.693971	19.767952	1002.084092	4.672160	18.514520	550.977782	81.366940	20.943236	997.997144	3.041719	11.859587	
7/1/2021 12:00:16.077221449	90.549410	19.889656	999.602244	5.023120	18.535542	551.598081	81.280623	20.984013	998.362543	3.203372	11.799608	
7/1/2021 12:00:17.077221449	90.582265	19.974306	1002.319147	4.733853	18.390798	550.999464	81.501223	21.006735	998.237957	-2.048156	11.781761	
7/1/2021 12:00:18.077221449	90.555981	19.738117	1000.704665	4.508159	18.485661	550.979098	81.344177	20.886065	997.881075	3.738901	11.804457	
7/1/2021 12:00:19.077221449	91.015947	19.875487	1001.082048	4.880675	18.537542	550.967920	81.354060	20.909306	998.933901	11.178912	11.813407	
7/1/2021 12:00:20.077221449	90.792535	19.768402	1000.420958	4.733042	18.549665	550.342369	81.248268	20.902871	998.091136	7.099311	11.859784	
7/1/2021 12:00:21.077221449	90.891099	19.811849	1001.767030	4.460248	18.544359	551.254419	81.214414	20.946453	999.399914	7.355552	11.787294	
7/1/2021 12:00:22.077221449	90.615120	19.779170	1001.120290	4.482544	18.505785	549.724702	81.342521	20.871852	998.599254	6.588412	11.814879	
7/1/2021 12:00:23.077221449	90.601978	19.786538	1000.894066	4.753645	18.532440	551.720301	81.480511	21.009021	998.458585	1.792242	11.830518	
7/1/2021 12:00:24.077221449	90.621690	19.758232	1001.796678	4.731546	18.520194	550.519131	81.366046	20.924250	998.248367	2.693783	11.859784	
7/1/2021 12:00:25.077221449	90.785964	19.786613	1001.680057	4.370150	18.635589	551.552085	81.327829	20.755426	998.005976	7.623316	11.807795	
7/1/2021 12:00:26.077221449	90.838532	19.753035	1001.375691	4.693521	18.548808	551.067805	81.519885	20.941161	998.027582	3.247389	11.865081	
7/1/2021 12:00:27.077221449	90.943667	19.790837	1000.042313	4.768441	18.587382	551.832006	81.640317	20.938357	998.430198	6.466845	11.831161	
7/1/2021 12:00:28.077221449	90.851673	19.737593	1001.557364	4.238224	18.469497	553.298644	81.764508	20.847151	997.316812	5.050472	11.845959	
7/1/2021 12:00:29.077221449	90.805677	19.728172	1001.231787	4.765354	18.616281	553.882146	81.768319	21.017942	998.194273	3.171150	11.838219	
7/1/2021 12:00:30.077221449	90.693971	19.805155	1000.876956	4.662868	18.481090	551.914798	81.635192	20.881186	998.294416	6.646575	11.865725	
7/1/2021 12:00:31.077221449	90.667687	19.765974	1000.912912	4.857847	18.599831	552.997031	81.714753	20.966995	998.553520	6.713911	11.819597	
7/1/2021 12:00:32.077221449	90.595407	19.726825	1000.345418	4.507557	18.483661	553.329526	81.570244	20.906713	998.274703	4.460713	11.864003	
7/1/2021 12:00:33.077221449	90.569123	19.759205	1001.857078	4.968521	18.626200	553.705384	81.642577	21.008290	998.312393	4.282293	11.848469	
7/1/2021 12:00:34.077221449	90.575694	19.710410	1002.320331	4.947566	18.534644	554.173234	81.358975	20.852030	998.395188	5.497967	11.830583	
7/1/2021 12:00:35.077221449	90.608549	19.842583	1001.002013	5.108796	18.616526	555.461143	81.425289	20.881080	998.369481	5.768352	11.837838	
7/1/2021 12:00:36.077221449	90.720255	19.758382	1000.848017	4.709762	18.523337	554.892755	81.535839	20.915116	998.099652	1.627968	11.861138	
7/1/2021 12:00:37.077221449	90.956808	19.847930	1001.783589	4.973582	18.602974	554.639116	81.556708	20.894669	998.255147	7.415025	11.844684	
7/1/2021 12:00:38.077221449	90.943667	19.742865	999.714922	4.564955	18.513949	554.940066	81.627175	20.943236	998.062749	0.128803	11.849547	
7/1/2021 12:00:39.077221449	91.002805	19.890255	1001.088749	5.073300	18.558156	554.732423	81.666363	20.888859	998.638051	7.254682	11.811436	
7/1/2021 12:00:40.077221449	90.799106	19.763953	1000.726980	4.630300	18.490437	554.663430	81.783616	20.934727	998.552733	0.928165	11.837509	
7/1/2021 12:00:41.077221449	90.838532	19.815924	1000.798656	4.763444	18.563299	555.481509	81.850377	20.929329	998.290315	2.958927	11.840164	
7/1/2021 12:00:42.077221449	90.713684	19.779245	1000.843996	4.759363	18.535215	554.356564	81.652250	20.928398	997.959769	6.483611	11.845407	
7/1/2021 12:00:43.077221449	90.746538	19.847930	1001.361340	4.798533	18.519990	554.562892	81.735465	20.947903	998.410800	4.071381	11.821410	
7/1/2021 12:00:44.077221449	90.562552	19.742491	1000.307254	4.634076	18.521337	554.300054	81.645732	20.986087	998.156426	2.770023	11.839204	
7/1/2021 12:00:45.077221449	90.720255	19.895227	1000.521730	4.852598	18.556523	554.077296	81.575764	20.942505	998.425940	5.416485	11.835984	
7/1/2021 12:00:46.077221449	90.569123	19.732920	1000.579607	4.597619	18.478028	553.702100	81.755729	20.938569	998.058333	1.013578	11.829690	
7/1/2021 12:00:47.077221449	90.523126	19.733519	1002.273493	5.435846	18.527337	552.014673	81.810557	21.124610	998.253569	3.842391	11.800501	
7/1/2021 12:00:48.077221449	90.647974	19.773673	1000.816713	4.795802	18.533501	553.370922	81.772630	20.889177	998.378155	7.059226	11.856512	
7/1/2021 12:00:49.077221449	90.667687	19.780517	1001.616660	4.805796	18.533542	553.796060	81.716408	20.979240	998.366801	11.061276	11.829611	
7/1/2021 12:00:50.077221449	90.595407	19.831665	1000.612015	4.576659	18.512847	553.956392	81.588958	20.875164	998.268394	6.239166	11.865514	
7/1/2021 12:00:51.077221449	90.647974	19.796707	1000.730292	4.558973	18.531582	555.083968	81.820544	20.971662	998.681892	7.183414	11.837706	
7/1/2021 12:00:52.077221449	90.667687	19.795659	999.376492	4.529301	18.489335	554.356564	81.653616	20.919265	998.353554	6.325890	11.855066	
7/1/2021 12:00:53.077221449	90.726826	19.596374	1001.387439	5.149352	18.474314	557.716295	81.881838	21.061418	998.590109	4.414074	11.803077	
7/1/2021 12:00:54.077221449	90.877957	19.805679	1001.241012	4.730762	18.520766	554.886840	81.799728	20.886478	998.358127	7.164027	11.863872	
7/1/2021 12:00:55.077221449	90.983092	19.799809	999.691583	4.802782	18.529297	557.007290	81.908517	21.016281	998.132612	5.060957	11.782103	
7/1/2021 12:00:56.077221449	91.009376	19.780817	1001.093402	4.667925	18.504928	556.911351	81.954356	20.934632	998.097602	1.422298	11.851321	
7/1/2021 12:00:57.077221449	91.081656	19.789789	1001.163580	5.001358	18.646569	556.824612	81.825302	20.911793	998.415530	8.621795	11.840558	
7/1/2021 12:00:58.077221449	91.035660	19.757633	1001.224611	4.562466	18.525582	556.966546	81.604755	20.920408	998.200582	3.594014	11.857616	
7/1/2021 12:00:59.077221449	90.858244	19.848828	999.914810	5.097320	18.550237	558.051411	81.804590	20.982245	998.028053	4.850044	11.817021	
7/1/2021 12:01:00.077221449	91.009376	19.764103	1001.389332	4.763731	18.520194	557.484339	81.736726	20.942199	998.191751	4.828036	11.865527	
7/1/2021 12:01:01.077221449	91.107940	19.810802	1000.461330	5.283435	18.642610	557.297062	81.805799	20.908470	998.222660	8.580399	11.816679	
7/1/2021 12:01:02.077221449	90.943667	19.795435	999.618803	4.473379	18.467252	557.689351	81.849036	20.928811	998.320752	7.559911	11.841622	
7/1/2021 12:01:03.077221449	90.897670	19.879187	1001.469207	4.855667	18.529623	557.849683	81.847380	20.960973	998.117315	9.449718	11.792051	
7/1/2021 12:01:04.077221449	90.766251	19.774197	1000.751660	4.533956	18.480559	558.079008	81.887201	20.925593	998.502269	6.633740	11.862426	
7/1/2021 12:01:05.077221449	90.779393	19.906070	1000.959119	4.776794	18.538399	558.687476	81.933697	20.912830	998.299146	10.659110	11.843817	
7/1/2021 12:01:06.077221449	90.647974	19.805380	1000.356062	4.553903	18.479743	557.366718	81.927625	20.922069	997.950938	8.567564	11.820201	
7/1/2021 12:01:07.077221449	90.720255	19.784966	1001.538204	5.389354	18.815803	559.096848	81.726239	20.815920	999.004078	14.639152	11.771287	
7/1/2021 12:01:08.077221449	91.029089	19.821046	999.794957	4.737392	18.548522	558.430554	81.870090	20.947490	998.565980	9.175401	11.846616	
7/1/2021 12:01:09.077221449	91.061943	19.890030	1001.024486	4.702658	18.508969	558.543574	81.717855	20.921963	998.550997	8.879346	11.831976	
7/1/2021 12:01:10.077221449	90.950237	19.759280	1002.087798	4.596584	18.505744	560.328246	81.770475	20.936801	998.071580	6.162926	11.846353	
7/1/2021 12:01:11.077221449	90.996234	19.823217	1001.250001	4.807465	18.524480	560.302617	81.872850	21.034854	998.561879	13.174831	11.834723	
7/1/2021 12:01:12.077221449	90.831961	19.822244	1001.654430	4.492670	18.513990	560.229024	81.658374	20.920408	998.517566	8.301110	11.829979	
7/1/2021 12:01:13.077221449	90.917383	19.775620	1000.907707	4.629853	18.506928	561.120044	81.745952	21.017836	998.423575	3.331492	11.833737	
7/1/2021 12:01:14.077221449	90.825390	19.905996	1000.019683	4.851413	18.539216	558.898404	81.516126	20.864169	998.055811	8.360583	11.826404	
7/1/2021 12:01:15.077221449	90.989663	19.822917	1001.000752	4.737980	18.538644	559.512787	81.629383	20.983907	998.526712	10.878925	11.837036	
7/1/2021 12:01:16.077221449	91.127653	19.740064	1001.555709	4.618282	18.608077	563.692576	81.854293	21.093062	998.392980	13.960047	11.796046	
7/1/2021 12:01:17.077221449	91.055373	19.826617	1001.374587	4.625837	18.486478	559.420796	81.492050	20.866761	998.528762	8.663191	11.858286	
7/1/2021 12:01:18.077221449	91.114511	19.763204	1000.820814	4.829364	18.619751	564.603963	81.770185	21.032780	998.460164	6.403440	11.813683	
7/1/2021 12:01:19.077221449	90.923954	19.859746	999.614307	4.671887	18.440883	560.812526	81.581783	20.918852	998.651298	5.981886	11.814208	
7/1/2021 12:01:20.077221449	91.068514	19.796333	1001.162161	5.011608	18.640609	562.164828	81.669860	20.973218	998.678263	7.252061	11.838915	
7/1/2021 12:01:21.077221449	91.088227	19.776069	1000.689999	4.461748	18.455578	559.463507	81.705422	20.896543	997.887227	6.393226	11.817586	
7/1/2021 12:01:22.077221449	91.245930	19.753783	1002.552547	4.872888	18.699592	560.962343	81.730207	21.015032	998.520403	8.139457	11.810792	
7/1/2021 12:01:23.077221449	91.114511	19.827066	1001.529924	4.710204	18.487335	558.743987	81.723032	20.885853	998.244109	5.729577	11.835249	
7/1/2021 12:01:24.077221449	91.114511	19.832488	1001.167129	4.975994	18.616853	560.961027	81.800175	20.962634	998.299303	6.779937	11.838981	
7/1/2021 12:01:25.077221449	91.094798	19.738566	1001.734543	4.255791	18.542032	558.627682	81.730944	20.940537	997.964657	5.998652	11.814865	
7/1/2021 12:01:26.077221449	91.160508	19.938376	1002.366932	5.169445	18.622527	561.202836	81.820730	20.977472	998.296938	13.424518	11.827942	
7/1/2021 12:01:27.077221449	90.910812	19.795510	1000.729188	4.515431	18.494723	559.815053	81.581283	20.879525	998.198217	10.471517	11.861664	
7/1/2021 12:01:28.077221449	90.864815	19.910968	1001.514233	4.971375	18.585994	560.984678	81.372669	20.904321	998.277068	13.811229	11.836208	
7/1/2021 12:01:29.077221449	90.825390	19.769000	999.775716	4.716605	18.529827	561.543214	81.633194	20.929329	998.014335	6.650506	11.831332	
7/1/2021 12:01:30.077221449	91.015947	19.948545	1002.609715	4.911661	18.558768	561.108213	81.633851	20.947384	998.533178	8.333333	11.820280	
7/1/2021 12:01:31.077221449	90.976521	19.774647	1000.982695	4.587278	18.519949	561.475536	81.661790	20.975716	998.174717	2.958927	11.828546	
7/1/2021 12:01:32.077221449	91.199933	19.855073	1001.316947	4.724242	18.562441	562.107002	81.741089	21.025933	998.393137	4.767252	11.814011	
7/1/2021 12:01:33.077221449	91.127653	19.848603	1001.046644	4.716318	18.540889	560.626565	81.619500	20.883885	998.220295	9.339675	11.862150	
7/1/2021 12:01:34.077221449	91.009376	19.818169	1000.856533	4.588240	18.504969	562.120801	81.679243	20.970837	998.574969	4.972922	11.815220	
7/1/2021 12:01:35.077221449	90.996234	19.875337	999.816878	4.891431	18.481416	561.922356	81.603651	20.930991	998.405755	6.964909	11.823237	
7/1/2021 12:01:36.077221449	90.831961	19.808524	1002.217271	4.703150	18.558482	564.113115	81.705974	21.072001	998.502583	8.339885	11.825694	
7/1/2021 12:01:37.077221449	90.792535	19.779769	1001.090642	4.562575	18.498683	562.243020	81.346989	20.942199	998.353712	2.329081	11.838981	
7/1/2021 12:01:38.077221449	90.884528	19.844529	1002.485918	4.965362	18.627874	564.139397	81.396692	20.987537	998.804428	8.021551	11.816245	
7/1/2021 12:01:39.077221449	90.818819	19.817421	999.781316	4.788521	18.551380	562.148398	81.312427	20.945828	998.163364	8.233774	11.837404	
7/1/2021 12:01:40.077221449	90.812248	19.764926	1000.799208	4.799418	18.620812	565.361596	81.478855	21.000300	998.329898	2.493355	11.846222	
7/1/2021 12:01:41.077221449	90.930525	19.842658	1002.153323	4.752429	18.551665	562.070858	81.410491	20.933584	998.631585	7.282973	11.841281	
7/1/2021 12:01:42.077221449	91.009376	19.786463	999.829967	5.120823	18.589055	564.477144	81.561018	20.984944	998.196481	4.462023	11.821975	
