
Time stamp	Inside_humidity (in %rH)	Inside_temperature (in °C)	Inside_pressure (in mbar)	Soil_moisture (in %VWC)	Soil_temperature (in °C)	Inside_CO2_ratio (in ppm)	Outside_humidity (in %rH)	Outside_temperature (in °C)	Outside_pressure (in mbar)	Outside_PAR (in µmol m^-2 s^-1)	Power_box_charge (in V)	
7/16/2019 16:00:22.564025849	82.644567	25.358808	996.502283	2.838644	24.878317	518.950306	80.588309	25.847587	994.100310	10.816831	11.905308	
7/16/2019 16:00:23.564025849	82.296307	25.131217	994.128382	2.091003	24.582913	516.512486	80.202831	25.757536	993.948759	3.533231	11.949412	
7/16/2019 16:00:24.564025849	82.348875	25.064928	995.189170	1.912493	24.715002	519.338658	80.548174	25.800387	994.039121	13.614732	11.919146	
7/16/2019 16:00:25.564025849	82.105750	25.104708	993.991496	1.390132	24.672183	514.694302	80.359877	25.694968	993.546143	10.078253	11.936546	
7/16/2019 16:00:26.564025849	82.243740	25.213847	993.224666	2.087916	24.684265	515.688481	80.374175	25.741661	993.925417	14.469636	11.889459	
7/16/2019 16:00:27.564025849	81.954618	25.099511	994.885750	1.838161	24.573280	516.220082	79.956157	25.801424	993.758569	1.157154	11.942736	
7/16/2019 16:00:28.564025849	82.348875	25.116974	993.066883	2.077457	24.635079	517.674891	80.251141	25.838984	994.305798	6.311745	11.938018	
7/16/2019 16:00:29.564025849	82.309449	25.046418	994.443393	1.833415	24.619201	513.602869	80.264887	25.689158	993.861391	10.635791	11.957415	
7/16/2019 16:00:30.564025849	82.335733	25.193807	994.537147	2.214485	24.675326	515.353365	80.148370	25.729935	993.984398	7.740952	11.915375	
7/16/2019 16:00:31.564025849	82.217456	25.130693	994.069716	2.079286	24.546380	514.100948	80.284048	25.796238	994.047166	3.519085	11.935048	
7/16/2019 16:00:32.564025849	82.164888	25.127817	994.548424	2.057227	24.646672	517.314146	80.496815	25.831618	994.260221	2.938229	11.945141	
7/16/2019 16:00:33.564025849	82.473723	25.099586	993.924236	1.776268	24.571279	514.785640	80.291460	25.746328	993.526587	4.802095	11.964289	
7/16/2019 16:00:34.564025849	82.513148	25.235276	995.220631	2.338674	24.566504	513.547674	80.171790	25.841365	994.169702	4.359843	11.912562	
7/16/2019 16:00:35.564025849	82.335733	25.110729	994.348298	1.710539	24.629079	513.263807	80.134519	25.718103	993.443320	7.901294	11.933786	
7/16/2019 16:00:36.564025849	82.362017	25.111926	994.117658	2.178416	24.640141	516.507234	80.311882	25.852784	994.045587	3.574627	11.939779	
7/16/2019 16:00:37.564025849	82.237169	25.116000	994.020198	1.861633	24.528216	514.012240	80.160803	25.740412	993.760934	2.689852	11.966444	
7/16/2019 16:00:38.564025849	82.618284	25.210371	994.237591	1.895441	24.607322	513.671862	80.292826	25.755250	994.023352	10.630548	11.935100	
7/16/2019 16:00:39.564025849	82.592000	25.136864	993.871721	2.137536	24.507806	513.827595	80.178361	25.767494	993.992758	1.748225	11.966996	
7/16/2019 16:00:40.564025849	82.605142	25.073900	994.290106	1.932477	24.689164	515.543273	80.387974	25.775379	993.891828	9.941230	11.944444	
7/16/2019 16:00:41.564025849	82.434297	25.116000	995.681676	2.115164	24.486866	511.195267	80.132259	25.543681	992.802414	1.442996	11.894952	
7/16/2019 16:00:42.564025849	82.493436	25.195004	994.948989	2.119905	24.636222	515.418422	80.074829	25.809827	994.064986	5.710190	11.923246	
7/16/2019 16:00:43.564025849	82.454010	25.168869	992.684455	2.076386	24.502704	514.719931	80.061188	25.808271	994.106462	3.183984	11.954104	
7/16/2019 16:00:44.564025849	82.539432	25.099810	994.963103	2.231410	24.690878	517.820108	80.257264	25.798619	993.835212	7.853616	11.946639	
7/16/2019 16:00:45.564025849	82.729990	25.132190	995.002765	2.048090	24.497602	515.653663	80.250037	25.788036	993.701638	3.183984	11.956732	
7/16/2019 16:00:46.564025849	82.907405	25.170217	994.387961	2.075478	24.522868	516.136627	80.406978	25.869696	994.202976	10.979795	11.910472	
7/16/2019 16:00:47.564025849	82.907405	25.343067	995.313913	2.480531	24.546911	516.513802	79.945618	25.633225	993.076343	-2.394781	11.935521	
7/16/2019 16:00:48.564025849	82.670851	25.185209	995.206912	2.264767	24.525685	517.971894	79.947983	25.722251	994.019566	6.946832	11.933287	
7/16/2019 16:00:49.564025849	82.756273	25.110130	994.205893	1.827880	24.521970	515.907302	80.049701	25.735745	994.003482	8.174301	11.956955	
7/16/2019 16:00:50.564025849	82.867979	25.132939	994.728204	2.014428	24.591729	518.249846	80.293825	25.818960	994.196195	12.729957	11.942223	
7/16/2019 16:00:51.564025849	82.683993	25.169318	995.071524	2.058759	24.545768	516.394866	80.118118	25.753069	994.248867	6.425449	11.947993	
7/16/2019 16:00:52.564025849	82.782557	25.184311	995.516483	2.264894	24.625160	519.620547	80.272457	25.789592	993.750209	10.118339	11.896910	
7/16/2019 16:00:53.564025849	82.861408	25.184461	993.904680	2.058609	24.472661	518.408863	80.145796	25.805160	993.841521	2.671775	11.968323	
7/16/2019 16:00:54.564025849	83.032253	25.165020	994.995590	2.194105	24.546911	518.441060	80.087314	25.896154	994.448204	6.142228	11.937151	
7/16/2019 16:00:55.564025849	82.907405	25.189658	994.132166	1.377717	24.476662	519.841989	80.253243	25.894810	994.170173	7.787590	11.887698	
7/16/2019 16:00:56.564025849	82.992827	25.248472	993.752497	2.311500	24.507847	520.073283	80.046442	25.838878	994.294916	6.486232	11.942276	
7/16/2019 16:00:57.564025849	82.828554	25.132415	993.770712	1.759166	24.496989	518.613222	80.158043	25.758255	994.202818	6.077513	11.926414	
7/16/2019 16:00:58.564025849	82.815412	25.216990	994.972723	2.272253	24.604139	520.702128	80.350651	25.816674	994.117973	9.942540	11.940449	
7/16/2019 16:00:59.564025849	83.143959	25.089566	993.985425	1.907018	24.540094	519.339311	80.320951	25.713541	993.658111	11.127302	11.953998	
7/16/2019 16:01:00.564025849	83.117675	25.207644	994.214329	2.181115	24.481192	521.000447	80.186930	25.883602	994.416030	7.742262	11.937019	
7/16/2019 16:01:01.564025849	82.907405	25.138061	993.418720	1.877897	24.517725	520.522082	80.054065	25.740518	993.609540	2.773955	11.937256	
7/16/2019 16:01:02.564025849	82.927118	25.213141	994.900967	2.285055	24.615037	520.844051	80.205406	25.743936	993.919901	8.884317	11.917556	
7/16/2019 16:01:03.564025849	83.012540	25.143408	994.046219	1.958986	24.498132	519.468098	80.172841	25.754731	994.091165	7.638772	11.932065	
7/16/2019 16:01:04.564025849	83.262236	25.183306	994.137843	2.207194	24.557401	520.905172	80.501126	25.824570	994.056469	12.100112	11.921669	
7/16/2019 16:01:05.564025849	83.183385	25.125796	994.382204	1.767382	24.488254	519.276885	80.442040	25.727342	994.021302	9.220729	11.961003	
7/16/2019 16:01:06.564025849	83.242523	25.305640	995.186962	2.109396	24.524011	520.271727	80.280631	25.828401	994.148253	6.536802	11.932485	
7/16/2019 16:01:07.564025849	83.005969	25.189508	995.424148	1.778625	24.455395	519.666543	80.165219	25.808377	994.278990	7.562532	11.937584	
7/16/2019 16:01:08.564025849	83.025682	25.202223	994.215118	2.381027	24.539237	520.713295	80.338219	25.860044	994.267001	5.384263	11.944287	
7/16/2019 16:01:09.564025849	82.933689	25.238153	993.642657	2.151310	24.465845	521.614830	80.347497	25.816674	994.143523	3.819072	11.946600	
7/16/2019 16:01:10.564025849	83.203097	25.174815	993.975962	1.978659	24.537032	522.458539	80.438728	25.835872	994.034234	9.549277	11.940410	
7/16/2019 16:01:11.564025849	83.150530	25.115027	994.487629	1.699880	24.482213	520.641018	80.184827	25.753895	994.174432	9.789791	11.919172	
7/16/2019 16:01:12.564025849	83.222810	25.264288	994.391430	2.344305	24.533032	523.825956	80.199782	25.835766	994.014993	5.138507	11.951541	
7/16/2019 16:01:13.564025849	83.275378	25.115327	993.968944	1.719672	24.479682	522.476937	80.296533	25.708969	994.130590	8.413504	11.900787	
7/16/2019 16:01:14.564025849	83.360800	25.212392	994.408698	2.209146	24.502418	524.363462	80.487038	25.890450	994.231677	7.316776	11.925875	
7/16/2019 16:01:15.564025849	83.360800	25.195678	994.964049	2.110504	24.440619	522.660267	80.341768	25.819373	994.163393	4.844802	11.948453	
7/16/2019 16:01:16.564025849	83.479077	25.422745	995.842848	2.917627	24.614588	525.433213	80.235134	25.711668	993.073821	1.690062	11.931868	
7/16/2019 16:01:17.564025849	83.505361	25.416201	994.099049	2.482829	24.529685	525.468694	80.113912	25.838772	994.244609	4.297749	11.934522	
7/16/2019 16:01:18.564025849	83.380513	25.174141	995.161020	2.058878	24.425924	525.158544	80.186035	25.763864	993.734283	2.900764	11.960136	
7/16/2019 16:01:19.564025849	83.288520	25.218188	993.305883	2.269759	24.621119	527.561546	80.407687	25.868034	994.085327	9.654078	11.921499	
7/16/2019 16:01:20.564025849	83.124246	25.211793	994.394347	2.019680	24.413964	524.749173	80.296638	25.837322	993.967843	0.860828	11.961121	
7/16/2019 16:01:21.564025849	83.130817	25.418596	994.542904	1.799858	24.485723	525.287332	80.450372	25.875506	994.784901	7.263585	11.898448	
7/16/2019 16:01:22.564025849	83.176814	25.168495	993.768346	1.912822	24.422495	524.984414	80.387265	25.760647	993.611590	5.153963	11.960832	
7/16/2019 16:01:23.564025849	83.347658	25.322354	996.133730	2.270069	24.567320	525.813008	80.391233	25.768838	993.699902	8.958207	11.926611	
7/16/2019 16:01:24.564025849	83.268807	25.190256	993.785537	2.002460	24.420209	525.924061	80.292512	25.788555	993.819600	1.351029	11.955865	
7/16/2019 16:01:25.564025849	83.413368	25.213141	994.727495	2.233972	24.514868	527.563515	80.230823	25.926454	994.292866	5.827825	11.939871	
7/16/2019 16:01:26.564025849	83.459364	25.184985	993.218752	2.046444	24.406086	523.123518	80.230376	25.920231	994.951435	16.114997	11.948834	
7/16/2019 16:01:27.564025849	83.630209	25.233031	994.680894	2.019101	24.465355	525.409552	80.376593	25.785443	994.261957	17.182124	11.922800	
7/16/2019 16:01:28.564025849	83.472506	25.172345	993.727345	2.003235	24.427598	527.018777	80.373885	25.801731	993.797208	3.445196	11.941461	
7/16/2019 16:01:29.564025849	83.689347	25.200725	993.447184	2.329688	24.595362	527.861834	80.481623	25.779527	993.826695	11.992690	11.942131	
7/16/2019 16:01:30.564025849	83.439651	25.201549	995.558194	2.744831	24.458171	527.175825	80.088076	25.651693	993.754467	7.347688	11.950503	
7/16/2019 16:01:31.564025849	83.630209	25.117348	994.271655	1.981919	24.521399	529.591310	80.563524	25.814600	994.207391	13.044360	11.941225	
7/16/2019 16:01:32.564025849	83.557928	25.137388	993.592901	2.016808	24.451966	528.729856	80.297532	25.748921	993.745322	7.968631	11.936730	
7/16/2019 16:01:33.564025849	83.636780	25.267956	992.910285	2.247500	24.411188	528.288940	80.146005	25.845312	993.942293	15.151362	11.908094	
7/16/2019 16:01:34.564025849	83.571070	25.068478	995.776377	1.972974	24.460171	529.580796	80.212871	25.701297	994.332292	9.654078	11.925546	
7/16/2019 16:01:35.564025849	83.505361	25.232956	993.561677	2.143897	24.571810	531.500170	80.295034	25.817605	993.632089	7.433102	11.930540	
7/16/2019 16:01:36.564025849	83.393655	25.158775	994.455694	1.861825	24.461028	530.442903	80.413758	25.758985	993.581153	9.115928	11.942644	
7/16/2019 16:01:37.564025849	83.400226	25.244997	995.323139	2.223340	24.504949	531.793237	80.511114	25.819373	994.476590	9.965860	11.926256	
7/16/2019 16:01:38.564025849	83.367371	25.153353	995.188146	1.878549	24.461314	530.653830	80.467168	25.779115	993.410518	9.095230	11.945850	
7/16/2019 16:01:39.564025849	83.571070	25.195454	996.114017	1.985198	24.461600	531.158477	80.404585	25.794778	994.156612	13.703807	11.921262	
7/16/2019 16:01:40.564025849	83.518503	25.174815	993.498043	1.760903	24.414536	531.547481	80.301553	25.759080	993.800674	6.134365	11.954051	
7/16/2019 16:01:41.564025849	83.689347	25.280253	994.031079	2.411985	24.485397	532.723022	80.430264	25.783782	993.990707	5.953324	11.947980	
7/16/2019 16:01:42.564025849	83.663063	25.238078	994.280723	2.107057	24.385636	531.653271	80.445561	25.802461	994.060570	4.355912	11.962580	
7/16/2019 16:01:43.564025849	83.649922	25.191604	993.929913	2.145620	24.499275	531.165707	80.649603	25.822484	994.161657	12.362634	11.939805	
7/16/2019 16:01:44.564025849	83.603925	25.184910	994.365094	1.857744	24.419924	531.067801	80.472135	25.757430	994.115293	9.589363	11.956942	
7/16/2019 16:01:45.564025849	83.584212	25.255241	992.789090	2.122166	24.421924	532.875470	80.278528	25.892005	994.135006	6.916960	11.939450	
7/16/2019 16:01:46.564025849	83.531645	25.158400	994.295074	1.816614	24.452824	531.142710	80.293378	25.749545	993.762984	11.807718	11.955326	
7/16/2019 16:01:47.564025849	83.623638	25.349163	995.485809	2.293112	24.448578	531.223533	80.408396	25.795402	994.157241	11.291576	11.936073	
7/16/2019 16:01:48.564025849	83.393655	25.238377	992.449556	2.050639	24.351634	531.617790	80.369470	25.818855	994.146045	4.086837	11.956364	
7/16/2019 16:01:49.564025849	83.590783	25.260289	994.799328	2.383977	24.481397	533.223732	80.598297	25.865230	994.115765	5.283393	11.947966	
7/16/2019 16:01:50.564025849	83.682776	25.136489	994.576101	1.696283	24.410536	530.894323	80.627682	25.769262	994.032498	9.727696	11.919067	
7/16/2019 16:01:51.564025849	83.682776	25.191978	994.174037	1.995000	24.463273	533.167221	80.737023	25.877580	993.960113	8.950343	11.946534	
7/16/2019 16:01:52.564025849	83.741915	25.227160	993.935275	2.147750	24.364124	532.621831	80.286255	25.773929	993.767242	5.549847	11.965971	
7/16/2019 16:01:53.564025849	83.827337	25.302164	993.685079	2.337954	24.410045	533.022656	80.320766	25.854234	994.222531	8.394116	11.941790	
7/16/2019 16:01:54.564025849	83.787911	25.180386	995.691059	1.972244	24.420209	532.677026	80.426953	25.756287	993.966736	10.282613	11.953538	
7/16/2019 16:01:55.564025849	83.879905	25.264587	995.087056	2.438635	24.524501	534.718621	80.669026	25.774236	993.752574	12.464814	11.928477	
7/16/2019 16:01:56.564025849	83.781340	25.212841	992.732791	2.248818	24.599567	535.010372	80.355776	25.603444	993.086753	5.954635	11.952211	
7/16/2019 16:01:57.564025849	83.801053	25.254118	994.023509	2.069456	24.484254	536.279882	80.692735	25.866691	994.157084	8.264956	11.945193	
7/16/2019 16:01:58.564025849	83.814195	25.259016	992.872437	1.896025	24.374043	534.911149	80.586049	25.806822	994.342702	5.346798	11.953749	
7/16/2019 16:01:59.564025849	83.860192	25.186556	993.238779	2.077763	24.406372	537.144620	80.363898	25.818230	994.520432	16.523717	11.932722	
7/16/2019 16:02:00.564025849	83.728773	25.217140	994.123178	1.917218	24.360043	535.041916	80.275821	25.817605	994.454984	7.967320	11.919488	
7/16/2019 16:02:01.564025849	83.787911	25.527510	996.314380	3.100391	24.572708	537.379198	80.458256	25.710631	993.377558	7.253372	11.909303	
7/16/2019 16:02:02.564025849	83.571070	25.264587	994.872503	2.046540	24.356165	536.471095	80.504700	25.819892	994.135320	2.775265	11.960885	
7/16/2019 16:02:03.564025849	83.768198	25.254043	993.452941	2.210624	24.526175	537.818798	80.683115	25.783676	993.999538	10.532300	11.947007	
7/16/2019 16:02:04.564025849	83.873334	25.242901	994.252336	1.944127	24.391596	535.742375	80.615644	25.803086	993.938035	6.823954	11.961844	
7/16/2019 16:02:05.564025849	83.998181	25.202597	993.521463	1.970083	24.447435	538.020526	80.455287	25.959346	994.371560	9.529889	11.867748	
7/16/2019 16:02:06.564025849	83.893046	25.227983	994.162761	1.815926	24.380248	536.851553	80.303760	25.802355	993.977460	5.895162	11.955247	
7/16/2019 16:02:07.564025849	83.932472	25.293267	993.557971	1.692269	24.514582	536.129402	80.535846	25.868034	994.117973	10.221829	11.897528	
7/16/2019 16:02:08.564025849	83.939043	25.184910	994.359574	1.811001	24.425026	536.558487	80.526621	25.756911	993.950967	10.864780	11.959768	
7/16/2019 16:02:09.564025849	84.037607	25.306763	995.902224	2.147458	24.461069	537.414679	80.627445	25.779009	993.966579	13.388364	11.930317	
7/16/2019 16:02:10.564025849	83.860192	25.174516	993.439142	1.839028	24.420209	536.802927	80.658382	25.743111	993.725766	11.807718	11.947335	
7/16/2019 16:02:11.564025849	83.748486	25.275356	994.106539	2.356930	24.407760	537.967300	80.618404	25.873950	994.387015	6.394537	11.926624	
7/16/2019 16:02:12.564025849	83.656492	25.195978	994.080835	2.010735	24.388453	538.216339	80.346997	25.765939	993.637612	5.566614	11.965708	
7/16/2019 16:02:13.564025849	83.649922	25.227908	993.311797	1.975906	24.369472	538.619795	80.488037	25.768426	993.859183	1.687441	11.944891	
7/16/2019 16:02:14.564025849	83.971898	25.236100	994.255648	1.985708	24.455354	538.751214	80.868942	25.903626	994.496460	12.455640	11.931447	
7/16/2019 16:02:15.564025849	83.958756	25.218413	993.942688	1.906744	24.337143	538.588914	80.482175	25.778184	993.875267	4.151552	11.932288	
7/16/2019 16:02:16.564025849	84.201881	25.429664	995.187277	1.775474	24.247179	536.913969	80.436336	26.003446	995.009944	12.380711	11.869102	
7/16/2019 16:02:17.564025849	83.899617	25.200950	995.526181	1.970371	24.420209	538.713102	80.475157	25.781813	993.762984	8.893491	11.950161	
7/16/2019 16:02:18.564025849	83.998181	25.344190	995.071445	2.318859	24.492785	539.625804	80.670130	25.753482	993.971151	13.877255	11.932038	
7/16/2019 16:02:19.564025849	83.741915	25.211269	993.952543	1.999031	24.371758	538.981855	80.622925	25.745810	993.740749	6.291046	11.955010	
7/16/2019 16:02:20.564025849	83.794482	25.333646	993.968392	2.427391	24.529563	540.433380	80.777158	25.796852	994.106934	10.457371	11.937164	
7/16/2019 16:02:21.564025849	83.932472	25.201399	993.856186	2.179761	24.354451	539.863676	80.503491	25.774860	993.384182	4.516254	11.935692	
7/16/2019 16:02:22.564025849	83.768198	25.350735	995.882905	2.294471	24.344817	543.166897	80.510115	25.836179	994.113243	5.016940	11.910381	
7/16/2019 16:02:23.564025849	83.715631	25.249445	993.906888	2.043699	24.330898	540.150828	80.419330	25.827988	993.715356	2.982246	11.941579	
7/16/2019 16:02:24.564025849	83.827337	25.234902	994.114504	1.987491	24.403800	541.297455	80.684770	25.877686	994.227104	9.891970	11.938754	
7/16/2019 16:02:25.564025849	83.906188	25.206821	994.745000	1.861825	24.396126	541.135155	80.694548	25.754837	993.789163	9.568664	11.959189	
7/16/2019 16:02:26.564025849	84.103317	25.302988	993.026748	2.173564	24.412291	542.733865	80.498629	25.844169	994.012785	10.669323	11.933891	
7/16/2019 16:02:27.564025849	84.077033	25.255241	995.165041	2.177208	24.377962	541.143038	80.539553	25.777972	993.704003	8.659260	11.945351	
7/16/2019 16:02:28.564025849	84.162455	25.360081	995.064269	2.390761	24.426455	543.465869	80.487195	25.799656	994.297281	10.371958	11.943446	
7/16/2019 16:02:29.564025849	84.004752	25.180536	995.099437	1.673604	24.315346	545.147382	80.626184	25.773199	993.183267	-2.227886	11.899670	
7/16/2019 16:02:30.564025849	84.116458	25.307362	995.772985	2.299035	24.515399	545.220975	80.720490	25.838878	994.288450	12.715812	11.931999	
7/16/2019 16:02:31.564025849	84.109887	25.244024	993.746426	2.039833	24.328653	544.420630	80.645844	25.762615	993.756518	4.086837	11.963132	
7/16/2019 16:02:32.564025849	84.228164	25.228582	994.400656	1.956729	24.421352	546.675783	80.800630	25.802461	994.340337	12.080724	11.930606	
7/16/2019 16:02:33.564025849	84.083604	25.191230	995.518768	1.729064	24.429802	545.132920	80.413758	25.797064	993.624994	8.906326	11.920106	
7/16/2019 16:02:34.564025849	84.109887	25.318579	993.713938	2.099028	24.344001	546.121194	80.533743	25.887338	994.518067	7.603928	11.923207	
7/16/2019 16:02:35.564025849	83.958756	25.271057	993.786403	2.039546	24.323551	545.763733	80.699568	25.804948	993.789320	2.568284	11.965590	
7/16/2019 16:02:36.564025849	83.971898	25.319028	994.217721	2.217376	24.387065	546.261812	80.625028	25.856827	993.922737	9.198720	11.909579	
7/16/2019 16:02:37.564025849	83.709060	25.149503	992.897038	1.226103	24.138560	545.181547	80.585102	25.929258	993.487633	2.351090	11.939792	
7/16/2019 16:02:38.564025849	83.952185	25.349013	995.482103	2.109875	24.460457	546.043654	80.545282	25.767282	993.955697	10.985037	11.928161	
7/16/2019 16:02:39.564025849	83.906188	25.234004	994.245161	1.947437	24.362941	544.950906	80.556716	25.770500	994.067351	8.723975	11.955851	
7/16/2019 16:02:40.564025849	83.985040	25.233255	994.818332	2.223500	24.468661	546.048253	80.747825	25.775167	994.060570	10.475448	11.936940	
7/16/2019 16:02:41.564025849	84.031036	25.202971	994.866274	1.295757	24.441435	545.198629	80.626289	25.802249	993.721822	11.080664	11.914836	
7/16/2019 16:02:42.564025849	84.155884	25.186556	994.233175	2.114279	24.483683	548.023486	80.856010	25.825702	994.141787	11.620124	11.946757	
7/16/2019 16:02:43.564025849	83.958756	25.049636	992.620901	1.876670	24.513399	548.160820	80.644136	25.658022	993.896244	6.753997	11.911997	
7/16/2019 16:02:44.564025849	84.169026	25.271731	993.787507	1.943566	24.418536	545.648081	80.678594	25.821035	994.357999	12.604458	11.928280	
7/16/2019 16:02:45.564025849	83.939043	25.276628	993.609854	1.834290	24.352736	546.162590	80.320214	25.861293	993.690756	2.713171	11.940226	
7/16/2019 16:02:46.564025849	84.037607	25.255466	994.663783	1.953122	24.405760	547.296734	80.542969	25.818855	994.249182	8.699345	11.933681	
7/16/2019 16:02:47.564025849	83.814195	25.265036	994.148805	1.964220	24.352450	547.434068	80.482832	25.803498	993.741063	4.723235	11.963710	
7/16/2019 16:02:48.564025849	84.044178	25.329048	994.435271	1.928565	24.431557	548.256095	80.686531	25.812832	994.091322	9.299589	11.935219	
7/16/2019 16:02:49.564025849	83.787911	25.037895	993.121449	2.163594	24.495847	546.075851	80.636014	25.794058	993.754310	10.902245	11.918660	
7/16/2019 16:02:50.564025849	83.932472	25.343966	995.196502	2.245512	24.407188	549.390239	80.628339	25.854858	993.831111	4.691012	11.906806	
7/16/2019 16:02:51.564025849	83.998181	25.248772	994.271340	1.915526	24.354736	547.236940	80.436783	25.808377	994.043222	6.822644	11.953985	
7/16/2019 16:02:52.564025849	84.011323	25.270757	995.797903	2.332273	24.482540	549.455949	80.542470	25.803286	993.848459	8.870172	11.944379	
7/16/2019 16:02:53.564025849	84.057320	25.259839	995.265419	2.001024	24.370329	547.865122	80.458256	25.805160	994.241772	5.570545	11.931592	
7/16/2019 16:02:54.564025849	84.142742	25.335143	992.851146	2.453325	24.395800	552.324832	80.628444	25.847905	994.056626	4.517565	11.925612	
7/16/2019 16:02:55.564025849	83.906188	25.339742	992.728139	2.329054	24.282201	549.007813	80.624081	25.835766	994.001589	1.770233	11.930080	
7/16/2019 16:02:56.564025849	84.103317	25.267132	993.984398	2.061367	24.377717	550.201098	80.813325	25.882565	994.358942	5.730888	11.917109	
7/16/2019 16:02:57.564025849	84.129600	25.213889	993.393960	1.862459	24.363145	549.271966	80.638721	25.764584	993.713463	6.033496	11.930921	
7/16/2019 16:02:58.564025849	84.261019	25.346660	994.951906	2.010466	24.373227	549.806178	80.592934	25.940254	994.130119	6.265106	11.889537	
7/16/2019 16:02:59.564025849	84.116458	25.210072	992.833012	1.911568	24.389595	550.904189	80.706191	25.778078	993.551187	7.755097	11.924902	
7/16/2019 16:03:00.564025849	83.998181	25.160496	995.437867	2.643192	24.329551	552.519982	80.639378	25.859525	993.780804	11.264325	11.914796	
7/16/2019 16:03:01.564025849	83.978469	25.292145	995.214954	2.070810	24.363512	550.615722	80.700567	25.790735	993.982033	9.031825	11.948374	
7/16/2019 16:03:02.564025849	84.083604	25.323477	995.059302	2.109583	24.435231	552.985864	80.696861	25.768944	994.064986	10.938398	11.938977	
7/16/2019 16:03:03.564025849	84.234735	25.260588	995.474061	2.465686	24.192400	549.274587	80.362504	25.634887	993.533682	3.784229	11.933878	
7/16/2019 16:03:04.564025849	84.208452	25.407827	995.541636	2.363788	24.371472	554.165351	80.684218	25.838878	994.192251	3.151762	11.940436	
7/16/2019 16:03:05.564025849	84.162455	25.243949	994.514832	1.842785	24.359553	552.244661	80.630100	25.790322	994.037071	6.654438	11.950516	
7/16/2019 16:03:06.564025849	84.031036	25.281226	995.393159	3.106368	24.563279	554.619402	80.786594	25.759186	993.684447	1.583950	11.871559	
7/16/2019 16:03:07.564025849	83.991611	25.328225	995.140676	2.082482	24.306284	552.564009	80.702171	25.814706	994.117658	2.922773	11.944825	
7/16/2019 16:03:08.564025849	84.044178	25.276928	994.324012	2.360929	24.409964	555.593877	80.680198	25.851535	994.168280	3.595325	11.951725	
7/16/2019 16:03:09.564025849	84.293874	25.281002	994.064434	1.963112	24.320163	552.611321	80.499628	25.814081	994.063092	4.606910	11.956325	
7/16/2019 16:03:10.564025849	84.162455	25.226262	994.381180	1.778174	24.368084	553.114652	80.486748	25.764372	993.871008	10.167598	11.933313	
7/16/2019 16:03:11.564025849	84.024465	25.285974	994.232071	1.913264	24.339715	552.981264	80.395202	25.775485	994.062621	5.980575	11.957376	
7/16/2019 16:03:12.564025849	83.985040	25.270907	993.801306	1.914222	24.324694	553.479343	80.406688	25.777040	993.918322	6.142228	11.954669	
7/16/2019 16:03:13.564025849	84.221594	25.302239	993.161979	1.664084	24.422700	556.360709	80.464223	25.702746	993.328037	-5.404635	11.887803	
7/16/2019 16:03:14.564025849	84.241306	25.233480	995.357202	1.464177	24.404290	553.349892	80.528276	25.835248	993.353744	8.862309	11.918029	
7/16/2019 16:03:15.564025849	84.063891	25.265785	993.887727	1.951199	24.330939	554.507697	80.509116	25.821860	994.130590	4.578348	11.924101	
7/16/2019 16:03:16.564025849	83.912759	25.259914	993.076109	2.168212	24.258690	555.814004	80.397961	25.861293	993.367148	4.848734	11.915874	
7/16/2019 16:03:17.564025849	84.162455	25.222861	994.928172	1.932610	24.362369	555.262699	80.603212	25.762203	994.005690	7.924613	11.947243	
7/16/2019 16:03:18.564025849	84.313587	25.243874	994.705732	1.905522	24.343674	555.103682	80.630652	25.737819	993.907440	8.973662	11.954498	
7/16/2019 16:03:19.564025849	84.221594	25.302688	994.540854	1.979239	24.318448	554.934151	80.598901	25.766351	994.132798	4.456781	11.960044	
7/16/2019 16:03:20.564025849	84.182168	25.317606	994.296335	2.006098	24.290692	555.805457	80.607023	25.838465	994.191465	4.115398	11.934667	
7/16/2019 16:03:21.564025849	84.103317	25.296443	992.937173	2.154415	24.319020	555.731864	80.749718	25.809933	993.922580	5.672725	11.910512	
7/16/2019 16:03:22.564025849	84.346441	25.360380	992.890966	1.501837	24.450783	556.350847	80.483831	25.783888	994.233256	6.842031	11.930343	
7/16/2019 16:03:23.564025849	84.044178	25.302539	993.207556	2.034932	24.344817	557.003343	80.367866	25.788661	993.856661	7.783658	11.936362	
7/16/2019 16:03:24.564025849	84.307016	25.286948	995.175608	1.931383	24.326939	559.205269	80.439543	25.786481	993.850667	4.966369	11.952513	
7/16/2019 16:03:25.564025849	84.300445	25.265486	993.961217	1.930449	24.320449	557.952189	80.534847	25.800906	994.152668	6.716532	11.959413	
7/16/2019 16:03:26.564025849	84.116458	25.260139	993.808876	1.902572	24.347920	559.744744	80.555060	25.778490	993.670572	6.650506	11.953709	
7/16/2019 16:03:27.564025849	84.037607	25.303362	992.676018	1.572526	24.487601	561.549129	80.836901	25.881941	994.415087	6.403440	11.889498	
7/16/2019 16:03:28.564025849	84.149313	25.298090	992.802732	2.007630	24.307101	560.994540	80.569700	25.785337	993.730339	1.807698	11.953828	
7/16/2019 16:03:29.564025849	84.333300	25.334545	993.642499	2.053415	24.346777	559.749343	80.554246	25.809827	994.021302	3.367646	11.962593	
7/16/2019 16:03:30.564025849	84.136171	25.407453	995.432427	2.531729	24.508582	563.076877	80.339323	25.670478	993.021620	4.359843	11.948255	
7/16/2019 16:03:31.564025849	84.149313	25.349387	993.412726	2.014665	24.326122	560.303932	80.364003	25.829025	994.124124	5.671415	11.952053	
7/16/2019 16:03:32.564025849	83.991611	25.279505	995.312100	1.980091	24.288732	561.663465	80.489955	25.813457	993.542199	3.821693	11.921065	
7/16/2019 16:03:33.564025849	84.077033	25.287097	994.713696	1.923108	24.360941	561.716029	80.401720	25.788661	993.756361	6.261174	11.958046	
7/16/2019 16:03:34.564025849	84.320158	25.322728	995.287891	1.895319	24.300366	561.011622	80.318006	25.798313	994.008527	8.930956	11.914665	
7/16/2019 16:03:35.564025849	84.280732	25.281750	994.685467	1.901268	24.347062	561.879645	80.407187	25.768426	993.751945	7.122630	11.949583	
7/16/2019 16:03:36.564025849	84.090175	25.292219	994.080835	1.928110	24.339144	562.994738	80.380247	25.777972	993.719615	7.393016	11.959676	
7/16/2019 16:03:37.564025849	84.175597	25.265560	993.651962	1.951481	24.366615	562.907999	80.392390	25.753588	993.592035	9.789791	11.939056	
7/16/2019 16:03:38.564025849	84.425293	25.339891	994.325826	2.076906	24.285304	563.486901	80.301553	25.817193	994.023509	2.918841	11.960425	
7/16/2019 16:03:39.564025849	84.320158	25.250194	992.798948	1.929828	24.360655	563.170837	80.399512	25.744973	994.215908	4.147620	11.924626	
7/16/2019 16:03:40.564025849	84.221594	25.260363	993.124918	1.861652	24.333755	563.146524	80.475105	25.738856	993.563805	11.580039	11.931342	
7/16/2019 16:03:41.564025849	84.162455	25.275880	994.129249	1.872822	24.349920	563.279258	80.506356	25.782332	994.167808	11.541264	11.959189	
7/16/2019 16:03:42.564025849	84.464718	25.318205	992.725299	2.077904	24.314489	564.041490	80.564390	25.821035	994.159292	4.464644	11.935232	
7/16/2019 16:03:43.564025849	84.307016	25.276778	994.166862	1.887494	24.316448	563.884442	80.611229	25.778596	993.931569	7.039838	11.959636	
7/16/2019 16:03:44.564025849	84.234735	25.244248	994.982501	2.016635	24.373431	563.645918	80.611728	25.734083	993.859341	10.762600	11.943209	
7/16/2019 16:03:45.564025849	84.201881	25.328524	994.133270	2.027249	24.299468	562.936912	80.465669	25.812007	994.233098	7.112417	11.955983	
7/16/2019 16:03:46.564025849	84.412151	25.319328	993.855872	1.974374	24.340817	563.979065	80.501783	25.812938	993.572951	7.909157	11.918121	
7/16/2019 16:03:47.564025849	84.162455	25.324076	993.761408	2.189682	24.284161	564.222189	80.377040	25.818855	994.025560	3.327560	11.946021	
7/16/2019 16:03:48.564025849	84.136171	25.313157	993.534709	1.892095	24.307427	563.001306	80.338271	25.747365	994.167651	9.634690	11.955339	
7/16/2019 16:03:49.564025849	84.379296	25.286049	994.583039	1.814125	24.334041	563.302256	80.453236	25.755250	994.003639	11.971992	11.952238	
7/16/2019 16:03:50.564025849	84.333300	25.323327	993.840732	2.023588	24.263466	563.780621	80.364607	25.866691	993.509554	5.305402	11.948400	
7/16/2019 16:03:51.564025849	84.175597	25.403154	993.819600	1.844221	24.285304	564.151880	80.468586	25.840127	994.005690	5.567924	11.949425	
7/16/2019 16:03:52.564025849	84.077033	25.344564	994.139893	1.997499	24.294080	564.486343	80.487747	25.847599	994.108827	6.144849	11.941803	
7/16/2019 16:03:53.564025849	84.300445	25.323776	995.218503	1.796329	24.305713	565.294571	80.493214	25.800906	993.892300	7.355552	11.951869	
7/16/2019 16:03:54.564025849	84.385867	25.281526	993.861391	1.850062	24.356410	565.620487	80.535846	25.749958	993.797680	10.899623	11.960885	
7/16/2019 16:03:55.564025849	84.326729	25.365428	992.930392	1.777923	24.298651	565.001504	80.562183	25.856414	993.368727	2.120790	11.929712	
7/16/2019 16:03:56.564025849	84.247877	25.335368	992.848623	2.071749	24.264037	567.359162	80.554955	25.832549	993.955854	4.212336	11.956929	
7/16/2019 16:03:57.564025849	84.201881	25.321456	994.178532	1.994057	24.292447	567.107492	80.541366	25.812113	993.535890	7.169269	11.916912	
7/16/2019 16:03:58.564025849	84.201881	25.281301	994.136819	1.927727	24.349920	567.695593	80.658591	25.730866	993.931411	11.766322	11.957915	
7/16/2019 16:03:59.564025849	84.136171	25.356156	994.821092	2.056251	24.288120	568.395400	80.646948	25.799244	994.040857	4.990999	11.959557	
7/16/2019 16:04:00.564025849	84.300445	25.339742	993.107335	2.176871	24.275099	568.442711	80.732765	25.833280	994.389065	5.448978	11.937768	
7/16/2019 16:04:01.564025849	84.405580	25.297716	992.924163	2.059985	24.291508	569.193113	80.701014	25.782226	993.605596	7.368386	11.961161	
7/16/2019 16:04:02.564025849	84.418722	25.350959	994.340413	2.078396	24.292937	568.300778	80.526516	25.816674	994.054261	6.181003	11.958729	
7/16/2019 16:04:03.564025849	84.392438	25.286349	993.632722	1.900945	24.339144	568.662838	80.491059	25.758985	993.868014	11.768943	11.954971	
7/16/2019 16:04:04.564025849	84.307016	25.365727	993.194781	1.980775	24.279344	569.132003	80.534847	25.820516	994.093530	7.766892	11.950358	
7/16/2019 16:04:05.564025849	84.142742	25.323776	994.246265	1.949434	24.284161	570.401513	80.573774	25.826326	993.833319	4.811269	11.959019	
7/16/2019 16:04:06.564025849	84.333300	25.335218	993.866201	2.101864	24.267711	570.441594	80.687583	25.826220	993.905232	4.477479	11.957494	
7/16/2019 16:04:07.564025849	84.471289	25.308709	994.539355	1.721537	24.346777	569.931032	80.801339	25.753588	994.113085	10.798754	11.941632	
7/16/2019 16:04:08.564025849	84.353012	25.347409	995.165988	2.025402	24.344246	573.744814	80.931392	25.966712	994.266687	7.988018	11.916978	
7/16/2019 16:04:09.564025849	84.307016	25.351184	992.928184	2.045696	24.283875	571.151915	80.432972	25.779633	993.579260	5.730888	11.942486	
7/16/2019 16:04:10.564025849	84.431864	25.385061	992.288699	1.924557	24.427271	572.155956	80.811721	25.923236	994.518696	12.995101	11.894098	
7/16/2019 16:04:11.564025849	84.333300	25.387563	993.032268	2.086234	24.303713	570.909444	80.622977	25.776416	994.055683	10.183054	11.923759	
7/16/2019 16:04:12.564025849	84.543570	25.304410	995.202811	1.911399	24.395555	573.968225	80.861082	25.888894	994.146045	13.658750	11.928503	
7/16/2019 16:04:13.564025849	84.280732	25.360380	994.022720	2.025029	24.279344	571.769583	80.630704	25.814706	994.038964	5.223920	11.944103	
7/16/2019 16:04:14.564025849	84.123029	25.427311	993.611116	1.866302	24.402331	573.005580	80.956886	25.902070	994.890403	8.628348	11.910683	
7/16/2019 16:04:15.564025849	84.464718	25.128940	992.644162	1.981099	24.467192	571.025749	80.721541	25.821553	993.736962	11.883957	11.921564	
7/16/2019 16:04:16.564025849	84.497573	25.341613	993.439220	1.854539	24.379391	573.853888	81.001175	25.888788	994.034391	13.036497	11.915322	
7/16/2019 16:04:17.564025849	84.169026	25.318953	993.359896	1.898875	24.327225	573.060775	80.841264	25.757324	993.721193	9.238806	11.956456	
7/16/2019 16:04:18.564025849	84.576424	25.399529	994.327481	2.065598	24.318489	573.525341	80.936964	25.905912	994.476590	8.202862	11.933431	
7/16/2019 16:04:19.564025849	84.392438	25.358177	993.944421	1.987997	24.280406	572.444423	80.704431	25.826527	994.333870	4.296438	11.929817	
7/16/2019 16:04:20.564025849	84.313587	25.358177	993.669782	2.013160	24.323837	574.987380	80.642585	25.920019	994.330084	9.606129	11.927623	
7/16/2019 16:04:21.564025849	84.313587	25.276104	993.813844	1.857361	24.310244	572.746026	80.589570	25.756911	993.916114	12.585071	11.957967	
7/16/2019 16:04:22.564025849	84.582995	25.325498	994.461608	1.911016	24.360981	572.894528	80.721384	25.865960	994.277097	14.101002	11.930908	
7/16/2019 16:04:23.564025849	84.326729	25.333946	994.252651	1.681250	24.406576	572.552181	80.465327	25.628452	993.299179	4.010597	11.914652	
7/16/2019 16:04:24.564025849	84.215023	25.394182	994.747680	2.158856	24.332653	574.328969	80.636066	25.941503	994.071452	8.858648	11.904427	
7/16/2019 16:04:25.564025849	84.333300	25.339966	992.753528	2.033819	24.303427	572.431277	80.488299	25.779115	994.012628	8.994361	11.951764	
7/16/2019 16:04:26.564025849	84.563283	25.362626	993.772367	2.043603	24.346817	574.252745	80.702328	25.866691	994.244609	12.344557	11.932525	
7/16/2019 16:04:27.564025849	84.287303	25.388237	994.918000	2.144106	24.249302	573.953110	80.579188	25.852784	994.016886	4.683149	11.960885	
7/16/2019 16:04:28.564025849	84.267590	25.337015	994.408383	2.047547	24.366615	576.126123	80.801392	25.854340	994.146045	8.235084	11.939674	
7/16/2019 16:04:29.564025849	84.569853	25.292294	994.520589	1.928971	24.333470	574.089129	80.676648	25.762721	993.870222	11.704227	11.956285	
7/16/2019 16:04:30.564025849	84.458147	25.341912	993.929203	1.968674	24.297182	575.607015	80.858822	25.869590	993.825909	14.204492	11.888578	
7/16/2019 16:04:31.564025849	84.162455	25.367149	993.641001	2.214490	24.253261	575.196991	80.780680	25.840021	994.052053	5.217368	11.956561	
7/16/2019 16:04:32.564025849	84.530428	25.363374	994.514123	2.123069	24.286732	576.726708	80.906974	25.903107	994.292709	6.615663	11.939792	
7/16/2019 16:04:33.564025849	84.366154	25.288070	993.293425	1.983620	24.306489	576.635370	80.881032	25.781083	994.102204	5.235444	11.912838	
7/16/2019 16:04:34.564025849	84.215023	25.315253	994.814626	2.062452	24.333184	578.994344	80.980201	25.861706	994.308006	8.602408	11.934023	
7/16/2019 16:04:35.564025849	84.497573	25.365577	993.845227	2.056005	24.298978	576.948803	80.549593	25.819797	994.085963	4.587522	11.941632	
7/16/2019 16:04:36.564025849	84.464718	25.363225	993.493233	1.933353	24.334327	579.615958	80.754343	25.884534	994.028082	6.682999	11.919186	
7/16/2019 16:04:37.564025849	84.333300	25.292669	994.248078	1.874952	24.306284	577.773461	80.769141	25.817087	994.034234	9.608750	11.925914	
7/16/2019 16:04:38.564025849	84.563283	25.315403	994.446705	2.034772	24.381922	580.172515	80.937121	25.837322	994.213857	11.458472	11.942696	
7/16/2019 16:04:39.564025849	84.339870	25.308110	994.079574	1.932017	24.314489	578.021184	80.856562	25.774860	994.119709	13.182694	11.943117	
7/16/2019 16:04:40.564025849	84.484431	25.315328	994.477062	2.006668	24.364329	581.336888	80.788040	25.864605	994.146674	9.215487	11.930908	
7/16/2019 16:04:41.564025849	84.720985	25.392835	993.517914	1.215488	24.292406	580.426154	80.536556	25.790735	993.819600	13.879876	11.917057	
7/16/2019 16:04:42.564025849	84.353012	25.383414	994.443551	2.191962	24.360124	580.125204	80.809671	25.888894	994.448204	10.705748	11.941211	
7/16/2019 16:04:43.564025849	84.615850	25.361503	993.832058	1.946420	24.321265	579.729631	80.841973	25.800175	994.222688	8.765371	11.937374	
7/16/2019 16:04:44.564025849	84.523857	25.318953	994.268737	2.129138	24.379758	580.043717	81.128230	25.848318	993.850195	13.253691	11.918805	
7/16/2019 16:04:45.564025849	84.208452	25.329871	994.417057	2.063856	24.311918	580.293419	80.733422	25.785962	993.824173	8.952964	11.960215	
7/16/2019 16:04:46.564025849	84.405580	25.183680	994.023272	2.663003	24.583934	580.212595	80.713262	25.944921	993.603545	11.102673	11.905084	
7/16/2019 16:04:47.564025849	84.438435	25.313607	994.381338	2.036578	24.328653	579.613326	80.760467	25.781189	994.051739	12.896853	11.955733	
7/16/2019 16:04:48.564025849	84.247877	25.400427	995.319984	2.415313	24.410250	583.301605	80.980515	25.928835	994.282299	7.338785	11.941014	
7/16/2019 16:04:49.564025849	84.648705	25.293342	995.413581	2.197438	24.274813	581.942072	80.847940	25.887645	993.754310	8.642493	11.931276	
7/16/2019 16:04:50.564025849	84.405580	25.405475	994.067351	2.708346	24.467233	583.387681	81.147182	25.971792	994.341280	9.119860	11.954721	
7/16/2019 16:04:51.564025849	84.484431	25.609732	995.073967	2.182939	24.181338	578.035636	80.846232	25.955610	994.898762	7.484982	11.919619	
7/16/2019 16:04:52.564025849	84.655276	25.420542	995.626007	2.480741	24.500663	583.505301	80.878087	25.917733	994.452934	14.916090	11.944195	
7/16/2019 16:04:53.564025849	84.458147	25.404352	994.642020	2.226445	24.320694	581.108215	80.682615	25.852266	994.483528	10.766532	11.958401	
7/16/2019 16:04:54.564025849	84.602708	25.437106	994.476590	2.152933	24.298325	580.463603	80.767038	26.021384	994.925727	9.285444	11.896910	
7/16/2019 16:04:55.564025849	84.596137	25.419419	993.041336	2.218995	24.307999	582.894202	80.786252	25.899371	994.373611	7.707419	11.942670	
7/16/2019 16:04:56.564025849	84.392438	25.484030	993.197226	2.898924	24.438578	584.879285	80.889731	25.979052	994.258170	7.726806	11.943905	
7/16/2019 16:04:57.564025849	84.536999	25.419569	994.659131	1.982134	24.336898	582.381009	80.798841	25.857039	994.124124	9.410943	11.962212	
7/16/2019 16:04:58.564025849	84.655276	25.414746	994.817937	2.602851	24.512297	585.299172	80.881504	25.875813	994.076182	14.477499	11.948676	
7/16/2019 16:04:59.564025849	84.385867	25.420467	994.242401	2.253322	24.294365	583.852247	80.906631	25.897710	994.227104	6.472087	11.967850	
7/16/2019 16:05:00.564025849	84.287303	25.489451	994.840567	2.768922	24.445680	585.939837	81.116140	25.905276	994.067665	8.379971	11.931013	
7/16/2019 16:05:01.564025849	84.615850	25.451425	995.648479	2.152058	24.324408	582.908001	80.747825	25.878205	994.257699	9.840361	11.949977	
7/16/2019 16:05:02.564025849	84.655276	25.493975	994.065380	2.486964	24.484254	585.692766	80.972393	25.850805	994.367302	14.375319	11.926111	
7/16/2019 16:05:03.564025849	84.707843	25.805317	995.479500	3.010694	24.568096	586.719814	81.227846	25.831406	993.339076	14.883597	11.898382	
7/16/2019 16:05:04.564025849	84.445006	25.415270	994.248867	2.204737	24.298039	586.404403	81.002331	25.889201	994.069401	7.249440	11.958808	
7/16/2019 16:05:05.564025849	84.924684	25.724667	995.933133	3.027777	24.541400	588.201547	81.114641	25.882448	994.275361	14.773554	11.910354	
7/16/2019 16:05:06.564025849	84.359583	25.393658	994.344592	2.139451	24.371758	586.535822	80.961250	25.833068	993.813449	12.651097	11.949609	
7/16/2019 16:05:07.564025849	84.944397	25.647459	995.144776	2.704579	24.453191	586.923500	80.969634	25.929141	994.772440	19.127472	11.922340	
7/16/2019 16:05:08.564025849	84.530428	25.434305	994.214961	2.239941	24.330408	587.418958	80.781284	25.911404	994.591081	6.741162	11.937348	
7/16/2019 16:05:09.564025849	84.688130	25.658452	995.103063	2.869639	24.434496	589.967167	80.887128	25.984555	994.921155	11.093769	11.934706	
7/16/2019 16:05:10.564025849	84.694701	25.376570	994.995510	2.241335	24.407841	587.616739	80.934072	25.825289	994.005375	13.279632	11.938491	
7/16/2019 16:05:11.564025849	84.885259	25.648657	994.519405	2.775915	24.429924	588.151614	80.886419	26.001880	994.971619	16.112376	11.896056	
7/16/2019 16:05:12.564025849	84.339870	25.442753	993.689495	2.067837	24.381636	588.070138	80.868862	25.896461	993.975724	9.488493	11.925822	
7/16/2019 16:05:13.564025849	84.865546	25.602856	995.722758	2.448405	24.198727	586.859107	81.236230	26.207331	995.699894	19.359083	11.860809	
7/16/2019 16:05:14.564025849	84.517286	25.425065	993.654957	2.259414	24.366655	587.623970	81.058367	25.878724	994.467759	15.319567	11.938898	
7/16/2019 16:05:15.564025849	84.589566	25.481602	996.119932	2.444288	24.434986	589.637967	81.358109	26.037683	994.861859	19.954085	11.929765	
7/16/2019 16:05:16.564025849	84.740698	25.473935	995.171507	2.409318	24.353308	588.746947	80.973445	25.944297	994.435271	7.762960	11.964170	
7/16/2019 16:05:17.564025849	84.720985	25.466086	994.374082	2.364097	24.412576	589.498664	81.220828	26.037577	994.993540	18.335974	11.938438	
7/16/2019 16:05:18.564025849	84.497573	25.388387	994.621913	2.152956	24.414250	588.248868	81.085098	25.848530	994.093687	15.811079	11.957468	
7/16/2019 16:05:19.564025849	84.799836	25.541165	994.510654	2.577163	24.398331	589.986228	81.273396	26.089656	994.867532	14.403881	11.931697	
7/16/2019 16:05:20.564025849	84.576424	25.399604	994.896079	2.140386	24.381105	588.988755	81.060470	25.848836	994.301225	15.338955	11.933445	
7/16/2019 16:05:21.564025849	84.399009	25.437780	993.856501	2.320350	24.417393	592.369515	81.276050	25.982481	994.910273	8.787651	11.929896	
7/16/2019 16:05:22.564025849	84.602708	25.488927	992.833878	2.218151	24.326979	591.034296	81.058105	25.878099	993.927625	9.285444	11.950358	
