
Time stamp	Inside_humidity (in %rH)	Inside_temperature (in °C)	Inside_pressure (in mbar)	Soil_moisture (in %VWC)	Soil_temperature (in °C)	Inside_CO2_ratio (in ppm)	Outside_humidity (in %rH)	Outside_temperature (in °C)	Outside_pressure (in mbar)	Outside_PAR (in µmol m^-2 s^-1)	Power_box_charge (in V)	
7/16/2019 16:31:19.903485349	83.695918	25.142809	994.226947	4.887637	24.277915	513.402456	79.716239	26.037989	993.519649	9.157324	11.934956	
7/16/2019 16:31:20.903485349	83.695918	25.264063	992.845864	4.873571	24.362696	512.932628	79.894601	26.066828	993.933462	8.973662	11.906096	
7/16/2019 16:31:21.903485349	83.373942	25.247649	992.783019	4.161900	24.248485	511.903621	80.062924	26.192176	994.184684	11.777846	11.912181	
7/16/2019 16:31:22.903485349	83.669634	25.170067	992.398697	4.935475	24.341144	513.313749	79.758110	26.104706	993.830482	10.551688	11.919764	
7/16/2019 16:31:23.903485349	83.794482	25.147857	994.164654	4.559658	24.334817	509.796317	79.476873	26.013806	993.215597	4.355912	11.934982	
7/16/2019 16:31:24.903485349	83.741915	25.242976	994.180660	5.210042	24.372043	509.764772	79.541031	26.022834	993.631618	8.823534	11.925757	
7/16/2019 16:31:25.903485349	83.643351	25.218969	994.592345	4.662882	24.298651	508.863900	79.513092	26.100557	993.062939	1.241257	11.927728	
7/16/2019 16:31:26.903485349	83.663063	25.254942	994.819751	4.988614	24.302651	508.577401	79.687695	26.085508	993.843572	12.885057	11.909001	
7/16/2019 16:31:27.903485349	83.689347	25.089117	992.686820	4.626443	24.287794	508.980205	79.717790	26.029893	993.300286	6.120220	11.933826	
7/16/2019 16:31:28.903485349	83.873334	25.174590	994.787185	4.893998	24.453885	511.038230	79.862693	26.092249	993.710626	2.063938	11.926190	
7/16/2019 16:31:29.903485349	83.932472	25.142135	993.633668	4.610586	24.340817	508.754163	79.735585	26.031449	993.609540	1.481771	11.946376	
7/16/2019 16:31:30.903485349	83.965327	25.270009	993.632564	5.054785	24.335756	509.319267	79.713322	26.061643	993.718986	9.095230	11.920671	
7/16/2019 16:31:31.903485349	83.755057	25.211494	993.941584	4.707883	24.310530	507.183050	79.592890	26.046699	993.118769	4.887509	11.914349	
7/16/2019 16:31:32.903485349	83.676205	25.217963	993.433071	4.876581	24.311142	508.161462	79.560482	26.096609	993.923209	9.942540	11.922313	
7/16/2019 16:31:33.903485349	83.939043	25.205698	993.877240	4.615605	24.335715	507.397261	79.539271	26.052097	993.386547	2.547586	11.948334	
7/16/2019 16:31:34.903485349	84.241306	25.334545	995.198947	5.611889	24.501765	510.894327	79.700338	26.097647	993.261332	2.815351	11.864555	
7/16/2019 16:31:35.903485349	83.919330	25.132041	993.843571	4.725163	24.324082	508.336909	79.567815	26.079179	993.473758	3.539783	11.925375	
7/16/2019 16:31:36.903485349	83.866763	25.286349	993.553161	5.131027	24.328694	507.629871	79.630317	26.053240	993.736333	11.083285	11.921039	
7/16/2019 16:31:37.903485349	83.755057	25.180611	994.259274	4.657373	24.352532	508.426269	79.616124	26.083422	993.385125	1.756088	11.919488	
7/16/2019 16:31:38.903485349	84.267590	25.082091	995.186567	5.308279	24.223545	510.353537	79.793829	26.081772	994.393166	9.198720	11.897265	
7/16/2019 16:31:39.903485349	84.090175	25.159373	994.580437	4.716104	24.278773	508.629975	79.682623	26.099933	993.537312	5.917171	11.920276	
7/16/2019 16:31:40.903485349	84.090175	25.264812	994.212911	5.035608	24.377962	509.661614	79.726359	26.120993	993.773866	6.823954	11.919751	
7/16/2019 16:31:41.903485349	83.919330	25.198597	992.517054	5.293178	24.497806	506.848587	79.810678	26.046075	993.695172	12.898163	11.917320	
7/16/2019 16:31:42.903485349	84.077033	25.175040	993.298944	4.734706	24.256363	508.379620	79.332260	26.081878	993.746108	8.611581	11.932630	
7/16/2019 16:31:43.903485349	84.451576	25.289899	994.259117	5.228676	24.346042	509.641237	79.392108	26.113097	993.712362	11.949983	11.884622	
7/16/2019 16:31:44.903485349	84.162455	25.210745	993.362261	4.722956	24.318408	508.486073	79.476663	26.015373	993.227901	1.944721	11.930212	
7/16/2019 16:31:45.903485349	84.372725	25.293492	994.028082	4.611360	24.133172	507.790203	79.725413	26.309427	994.213700	10.312485	11.892639	
7/16/2019 16:31:46.903485349	83.952185	25.222562	994.702025	4.643117	24.241668	508.989404	79.522423	26.040476	993.517442	9.172780	11.918318	
7/16/2019 16:31:47.903485349	84.346441	25.344040	994.247369	5.437971	24.426700	511.044797	79.731589	26.067347	993.601180	4.459402	11.926453	
7/16/2019 16:31:48.903485349	84.215023	25.249071	993.276944	4.698901	24.444252	508.829072	79.663619	26.018791	993.438590	4.209714	11.924048	
7/16/2019 16:31:49.903485349	84.195310	25.303362	992.736733	5.149894	24.264935	509.923136	79.649321	26.157727	993.957433	9.278891	11.887382	
7/16/2019 16:31:50.903485349	84.004752	25.201324	994.203922	4.945647	24.239668	509.068912	79.654026	26.019829	993.381817	8.972352	11.932235	
7/16/2019 16:31:51.903485349	84.096746	25.222562	994.166862	5.287875	24.532339	510.649225	79.685777	26.097329	994.201240	10.784609	11.919541	
7/16/2019 16:31:52.903485349	84.307016	25.180237	992.781363	4.931257	24.262323	510.853584	79.454848	26.085095	993.894036	8.319187	11.926506	
7/16/2019 16:31:53.903485349	84.392438	25.434412	994.097788	4.669232	24.104599	508.203511	79.373394	26.149113	994.484478	15.509511	11.905032	
7/16/2019 16:31:54.903485349	84.313587	25.195603	994.816676	5.005128	24.275385	509.857427	79.315359	26.025745	993.931254	9.959307	11.926308	
7/16/2019 16:31:55.903485349	84.320158	25.196651	993.270163	5.197198	24.412495	512.456242	79.473561	26.088100	993.977460	11.179183	11.922432	
7/16/2019 16:31:56.903485349	84.149313	25.184236	994.652193	4.858531	24.216361	510.402817	79.298064	26.088312	993.407996	11.683529	11.889722	
7/16/2019 16:31:57.903485349	84.372725	25.263989	993.879448	5.106716	24.430986	512.422066	79.399230	26.128877	994.185471	6.719153	11.912036	
7/16/2019 16:31:58.903485349	84.267590	25.149054	994.798067	5.738458	24.282161	509.108993	79.523369	26.001880	993.988185	5.833068	11.919462	
7/16/2019 16:31:59.903485349	84.543570	25.186407	993.841284	5.040300	24.347389	513.263807	79.581404	26.175052	994.150618	9.053834	11.919265	
7/16/2019 16:32:00.903485349	84.261019	25.290797	993.069723	5.123659	24.270282	511.925303	79.528337	26.054277	993.500094	4.575727	11.910893	
7/16/2019 16:32:01.903485349	84.392438	25.285525	994.733409	5.176530	24.324979	515.122071	79.485100	26.135725	994.071609	8.422678	11.920894	
7/16/2019 16:32:02.903485349	84.280732	25.147782	993.731523	4.826373	24.266854	514.194255	79.467438	26.099202	993.730182	3.207304	11.933221	
7/16/2019 16:32:03.903485349	84.786695	25.392835	996.164799	5.539599	24.333470	514.212653	79.595992	26.332255	993.824330	10.615093	11.881692	
7/16/2019 16:32:04.903485349	84.438435	25.259465	995.060248	5.061104	24.285549	513.986611	79.492513	26.057907	993.415091	5.179903	11.933655	
7/16/2019 16:32:05.903485349	84.392438	25.338544	994.204631	5.393352	24.362084	515.582038	79.396418	26.035079	993.690756	8.094130	11.931920	
7/16/2019 16:32:06.903485349	84.359583	25.209173	994.916581	4.689815	24.292080	514.613478	79.409455	26.064447	993.701952	3.269398	11.887356	
7/16/2019 16:32:07.903485349	84.431864	25.272629	993.329696	5.033611	24.361839	516.264762	79.527575	26.196843	993.911541	6.751376	11.902535	
7/16/2019 16:32:08.903485349	84.477860	25.190631	994.956322	4.901794	24.257506	515.241007	79.247390	26.130539	993.826381	6.675136	11.933090	
7/16/2019 16:32:09.903485349	84.766982	25.286424	994.435114	5.258718	24.376819	515.584669	79.238269	26.114664	993.846094	9.773024	11.922471	
7/16/2019 16:32:10.903485349	84.760411	25.181210	992.603238	5.185498	24.508827	513.471450	79.219003	26.005615	993.631146	8.747294	11.918134	
7/16/2019 16:32:11.903485349	84.615850	25.282724	993.896559	5.010604	24.306856	515.343513	79.456056	26.124210	993.797680	10.158424	11.924823	
7/16/2019 16:32:12.903485349	84.477860	25.201998	992.881820	4.913402	24.236525	514.565514	79.471958	26.016611	994.189886	9.425088	11.893598	
7/16/2019 16:32:13.903485349	84.681559	25.270308	995.608739	5.325039	24.425843	517.053276	79.478029	26.131576	994.238143	10.309864	11.919685	
7/16/2019 16:32:14.903485349	84.714414	25.180012	994.410986	4.721352	24.353267	515.714773	79.382567	26.045143	993.789006	1.690062	11.942420	
7/16/2019 16:32:15.903485349	84.734127	25.213515	993.905232	4.976044	24.285304	516.969169	79.472195	26.182630	994.384807	11.533400	11.899657	
7/16/2019 16:32:16.903485349	84.405580	25.165544	995.166777	5.695084	24.540584	516.130059	79.461866	26.044318	993.904603	5.461813	11.890103	
7/16/2019 16:32:17.903485349	84.681559	25.243500	995.663619	5.239003	24.384167	516.657704	79.225074	26.157410	994.032183	6.557500	11.908501	
7/16/2019 16:32:18.903485349	84.812978	25.195304	993.811636	4.929611	24.239097	516.165540	79.180129	26.074925	993.730182	7.515894	11.931960	
7/16/2019 16:32:19.903485349	84.707843	25.244997	994.257304	5.065084	24.274813	516.700415	79.360804	26.136974	994.382127	11.316206	11.917319	
7/16/2019 16:32:20.903485349	84.628992	25.211419	993.655194	4.944229	24.296039	516.235849	79.218846	26.093286	993.852088	7.127873	11.933773	
7/16/2019 16:32:21.903485349	84.793265	25.252514	994.145098	5.360944	24.286079	515.721340	79.515694	26.092874	993.737120	10.589152	11.879339	
7/16/2019 16:32:22.903485349	84.569853	25.186706	993.872115	5.213789	24.265180	515.836992	79.488597	25.990672	994.152511	7.907847	11.886857	
7/16/2019 16:32:23.903485349	84.734127	25.335967	995.173320	5.018341	24.355593	516.822635	79.379308	26.141747	994.064514	6.547016	11.898895	
7/16/2019 16:32:24.903485349	84.707843	25.260064	992.542444	5.017006	24.254118	515.062277	79.156605	26.039958	993.714570	9.426399	11.935061	
7/16/2019 16:32:25.903485349	84.576424	25.359931	994.394584	5.515995	24.447395	517.258288	79.399178	26.017130	993.837734	7.006305	11.927859	
7/16/2019 16:32:26.903485349	84.944397	25.169693	994.082648	5.033980	24.299468	516.958654	79.264999	26.077517	993.861391	6.340035	11.935337	
7/16/2019 16:32:27.903485349	84.819549	25.224283	994.746656	4.887382	24.337429	520.344667	79.446726	26.188334	994.240193	5.881017	11.916492	
7/16/2019 16:32:28.903485349	84.543570	25.264438	993.654880	5.010030	24.357839	517.615749	79.454952	26.049091	993.491577	4.688391	11.936480	
7/16/2019 16:32:29.903485349	84.964110	25.392161	994.988730	5.229556	24.399229	520.284210	79.486309	26.101795	993.804460	2.137556	11.928963	
7/16/2019 16:32:30.903485349	84.674989	25.217065	994.090375	5.067702	24.237138	518.904310	79.397417	26.081772	994.091165	9.710930	11.898605	
7/16/2019 16:32:31.903485349	84.983823	25.255915	995.566868	5.133475	24.433476	519.538408	79.643092	26.262628	994.975720	5.218678	11.876974	
7/16/2019 16:32:32.903485349	84.819549	25.166292	994.072398	4.809882	24.265751	520.096944	79.499136	26.035809	994.176639	12.420797	11.904756	
7/16/2019 16:32:33.903485349	84.727556	25.139708	992.385765	4.537261	24.277711	521.120035	79.493222	26.131058	993.235310	12.637991	11.891351	
7/16/2019 16:32:34.903485349	85.016678	25.164196	994.985575	5.131606	24.398902	520.482654	79.261688	26.074300	993.918479	5.708879	11.906188	
7/16/2019 16:32:35.903485349	84.773553	25.239126	994.958292	5.400611	24.330327	521.492610	79.444518	26.109785	994.054418	11.155864	11.911537	
7/16/2019 16:32:36.903485349	84.806407	25.232731	993.709760	5.156127	24.233423	520.514851	79.375549	26.051472	993.776074	9.135315	11.937427	
7/16/2019 16:32:37.903485349	84.734127	25.344490	994.005058	5.317442	24.285018	520.336121	79.434188	26.076999	993.856818	10.985037	11.919225	
7/16/2019 16:32:38.903485349	84.845833	25.265935	993.555606	5.024082	24.271997	520.020056	79.459525	26.036740	993.791056	10.299379	11.894834	
7/16/2019 16:32:39.903485349	84.694701	25.191230	994.647934	4.842134	24.281875	520.135708	79.481236	26.051684	993.791056	8.912879	11.903376	
7/16/2019 16:32:40.903485349	85.036390	25.233180	994.901756	4.869017	24.328122	521.319795	79.563741	26.069739	993.861077	1.049732	11.937308	
7/16/2019 16:32:41.903485349	84.812978	25.228507	993.399164	4.842714	24.318448	521.765963	79.432927	26.046911	993.802095	1.131214	11.934496	
7/16/2019 16:32:42.903485349	85.049532	25.265635	994.459242	5.014224	24.296325	521.367106	79.395157	26.066522	993.515548	2.839980	11.940042	
7/16/2019 16:32:43.903485349	84.826120	25.264812	994.664493	5.073383	24.292120	521.599716	79.285212	26.035291	993.732704	3.887719	11.941947	
7/16/2019 16:32:44.903485349	84.858975	25.270383	993.984084	5.007864	24.280446	521.469613	79.328501	26.027819	993.673251	5.591243	11.942618	
7/16/2019 16:32:45.903485349	84.944397	25.216766	993.856581	5.070264	24.220688	522.788402	79.344902	26.109891	993.878739	6.875564	11.928674	
7/16/2019 16:32:46.903485349	84.727556	25.281676	995.419890	4.724643	24.369472	522.201616	79.292492	25.861906	992.615853	-3.644258	11.874569	
7/16/2019 16:32:47.903485349	85.207235	25.433214	995.786549	5.793955	24.235668	521.705506	79.243236	26.075443	994.443631	7.765581	11.899736	
7/16/2019 16:32:48.903485349	84.819549	25.227684	992.694942	5.083751	24.247873	523.942261	79.530939	26.089762	993.955540	8.228532	11.929042	
7/16/2019 16:32:49.903485349	85.003536	25.264288	993.641395	5.165515	24.252690	523.279250	79.554358	26.021797	993.767400	7.881907	11.940055	
7/16/2019 16:32:50.903485349	84.819549	25.280703	994.062383	4.971676	24.285549	523.483610	79.609633	26.037365	993.471550	4.502109	11.939582	
7/16/2019 16:32:51.903485349	85.121813	25.197400	995.052284	5.364578	24.192890	524.690694	79.360647	26.099414	993.226951	6.346588	11.900393	
7/16/2019 16:32:52.903485349	85.016678	25.249221	995.183650	5.195994	24.366329	524.646667	79.350816	26.039958	993.986134	8.924403	11.932130	
7/16/2019 16:32:53.903485349	84.793265	25.218113	994.248473	5.072849	24.245056	525.638225	79.186752	26.081878	993.830482	2.424708	11.935692	
7/16/2019 16:32:54.903485349	85.095529	25.238827	994.183577	4.917638	24.308530	525.441096	79.290626	26.069527	993.554345	1.318807	11.936191	
7/16/2019 16:32:55.903485349	84.878688	25.224059	994.446548	4.907708	24.427190	525.945743	79.200394	26.000736	993.902867	1.580019	11.905452	
7/16/2019 16:32:56.903485349	84.740698	25.170142	995.657942	5.140169	24.204238	527.530002	79.212984	26.102938	994.211649	6.938969	11.899249	
7/16/2019 16:32:57.903485349	85.095529	25.218413	995.034069	5.108308	24.281875	526.713890	79.304477	26.094641	993.854768	4.373989	11.921393	
7/16/2019 16:32:58.903485349	84.918113	25.228732	995.554173	5.066758	24.285018	526.633067	79.250254	26.067559	993.972730	5.993410	11.936073	
7/16/2019 16:32:59.903485349	84.878688	25.264587	994.074369	5.184500	24.228321	526.118558	79.347662	26.040370	993.625151	9.274960	11.941579	
7/16/2019 16:33:00.903485349	85.042961	25.269485	993.337424	5.235574	24.231749	526.129073	79.429221	26.044731	993.715513	9.712240	11.933892	
7/16/2019 16:33:01.903485349	84.878688	25.247499	995.196819	4.933838	24.295182	527.367039	79.452455	26.091011	993.878739	2.116858	11.890274	
7/16/2019 16:33:02.903485349	85.167809	25.276029	992.590306	5.170147	24.260608	526.364313	79.546946	26.016717	994.016729	8.542934	11.928122	
7/16/2019 16:33:03.903485349	84.970681	25.227310	995.228595	5.138272	24.230321	527.880232	79.592233	26.072744	993.821965	8.721354	11.929988	
7/16/2019 16:33:04.903485349	85.075816	25.270084	994.034943	5.238292	24.232566	527.090402	79.610238	26.036116	993.824330	8.623106	11.937768	
7/16/2019 16:33:05.903485349	84.964110	25.085791	991.890736	4.549503	24.210483	529.585395	79.703230	25.957673	993.640763	11.493315	11.890786	
7/16/2019 16:33:06.903485349	84.911542	25.264887	993.049458	5.155338	24.267180	527.701501	79.393554	26.023670	993.971151	5.611942	11.927452	
7/16/2019 16:33:07.903485349	85.141525	25.243874	993.501592	5.021355	24.347062	529.594594	79.219607	26.071189	994.432435	5.417796	11.927058	
7/16/2019 16:33:08.903485349	84.918113	25.280852	994.526503	5.024779	24.285834	528.983495	79.512278	26.073887	993.872430	2.104024	11.942039	
7/16/2019 16:33:09.903485349	85.200664	25.285825	994.520826	5.040760	24.284446	528.775851	79.466334	26.034053	993.609697	4.467265	11.942512	
7/16/2019 16:33:10.903485349	85.003536	25.328823	993.543226	4.755369	24.439966	528.803449	79.342142	26.060605	993.765035	11.332972	11.894742	
7/16/2019 16:33:11.903485349	84.885259	25.260139	993.511922	5.189593	24.218402	528.476217	79.624536	26.034148	993.756518	9.509191	11.927465	
7/16/2019 16:33:12.903485349	85.364937	25.266084	993.868961	5.400921	24.237750	529.505887	79.593836	26.073475	993.475808	2.815351	11.899433	
7/16/2019 16:33:13.903485349	85.016678	25.242794	994.916344	4.963757	24.375146	529.383667	79.680363	25.993371	994.323146	2.526888	11.887987	
7/16/2019 16:33:14.903485349	84.983823	25.296518	993.327488	5.274922	24.254975	529.607077	79.399730	26.089138	994.279934	7.676236	11.912234	
7/16/2019 16:33:15.903485349	85.187522	25.275505	994.963812	5.221203	24.222116	529.691185	79.404645	26.049398	994.124281	9.608750	11.914954	
7/16/2019 16:33:16.903485349	84.970681	25.239575	994.771179	5.254423	24.313632	530.072959	79.491171	26.043175	993.620579	8.207834	11.925362	
7/16/2019 16:33:17.903485349	85.299228	25.243500	995.105745	5.100780	24.251832	530.673544	79.450090	26.078036	994.174746	8.439444	11.913364	
7/16/2019 16:33:18.903485349	85.075816	25.307811	995.207307	5.165222	24.284691	529.551883	79.348214	26.030930	993.905075	4.584901	11.928109	
7/16/2019 16:33:19.903485349	84.944397	25.239650	995.795143	5.000031	24.287263	531.500170	79.306685	26.056976	993.789006	1.810319	11.932222	
7/16/2019 16:33:20.903485349	85.266373	25.302389	993.988737	5.045009	24.267139	531.377950	79.456056	26.052721	993.511290	3.887719	11.932906	
7/16/2019 16:33:21.903485349	84.990394	25.328374	995.042034	5.259438	24.277997	532.076441	79.360751	26.010494	994.008684	5.160516	11.920316	
7/16/2019 16:33:22.903485349	84.891830	25.349612	992.526595	5.507971	24.198850	532.385275	79.630607	25.992122	993.461140	6.944211	11.914139	
7/16/2019 16:33:23.903485349	85.128384	25.360904	993.843334	4.802668	24.339389	532.408273	79.668981	26.007171	993.447893	4.336524	11.909119	
7/16/2019 16:33:24.903485349	85.095529	25.246376	993.885205	5.115640	24.228361	534.522808	79.578145	26.128041	994.319988	6.998442	11.906872	
7/16/2019 16:33:25.903485349	85.358367	25.257038	994.371875	5.222854	24.281794	534.435416	79.533856	26.027808	993.804460	7.942690	11.912076	
7/16/2019 16:33:26.903485349	84.990394	25.308035	994.199112	4.677244	24.366900	535.476253	79.431586	26.146520	993.786955	6.073581	11.893125	
7/16/2019 16:33:27.903485349	85.391221	25.244398	994.097708	5.251072	24.268609	535.132591	79.325189	26.094017	994.049846	9.073221	11.924416	
7/16/2019 16:33:28.903485349	85.095529	25.275431	992.561919	5.302775	24.341960	534.055610	79.424253	25.985274	993.771658	8.289315	11.927623	
7/16/2019 16:33:29.903485349	84.964110	25.375747	993.724900	4.891522	24.269670	533.675152	79.438446	26.066934	994.124281	8.624416	11.906109	
7/16/2019 16:33:30.903485349	85.233519	25.318429	992.166244	4.550611	24.205666	534.296766	79.501449	26.168311	994.516331	14.411473	11.933169	
7/16/2019 16:33:31.903485349	84.996965	25.286424	993.894508	5.116793	24.413597	533.867681	79.376049	25.971061	993.662369	4.313205	11.912917	
7/16/2019 16:33:32.903485349	85.194093	25.434486	996.152025	5.959835	24.460661	536.322593	79.648769	26.066003	993.591877	-3.111350	11.868721	
7/16/2019 16:33:33.903485349	85.213806	25.302015	992.783886	5.340459	24.258159	534.238940	79.527785	26.021384	994.314629	7.121320	11.917004	
7/16/2019 16:33:34.903485349	85.220377	25.260438	993.904995	5.201201	24.222076	534.136434	79.631054	26.020866	993.769607	7.068400	11.912510	
7/16/2019 16:33:35.903485349	85.332083	25.535177	995.448434	5.274425	24.165419	532.157918	79.271123	26.071295	994.443159	3.860468	11.882296	
7/16/2019 16:33:36.903485349	85.056103	25.312559	993.101736	5.306436	24.250444	535.178587	79.336176	26.071707	993.870379	8.557080	11.916255	
7/16/2019 16:33:37.903485349	85.516069	25.332117	994.041172	5.377152	24.236893	536.436267	79.527285	26.186366	994.414930	9.216797	11.908186	
7/16/2019 16:33:38.903485349	85.318941	25.282200	993.394354	5.196910	24.335429	536.001929	79.444071	26.097340	994.117186	1.255402	11.912969	
7/16/2019 16:33:39.903485349	85.364937	25.429364	995.523973	5.716299	24.325020	536.668224	79.523027	26.097128	994.338600	14.733468	11.903639	
7/16/2019 16:33:40.903485349	85.253231	25.286199	994.687517	5.253597	24.245016	535.374400	79.520662	26.001668	993.909648	8.193688	11.939122	
7/16/2019 16:33:41.903485349	85.049532	25.328374	994.001746	5.807077	24.418169	537.696578	79.556828	26.061325	993.964685	8.916810	11.922944	
7/16/2019 16:33:42.903485349	85.410934	25.201699	995.396785	5.305725	24.260894	534.890120	79.513591	26.063304	993.942608	7.455110	11.908475	
7/16/2019 16:33:43.903485349	85.121813	25.340790	994.957031	5.192729	24.332613	537.139358	79.767493	26.169760	994.336550	5.364875	11.918975	
7/16/2019 16:33:44.903485349	85.318941	25.291920	994.075630	5.249672	24.230607	536.920547	79.533856	26.032592	994.060413	8.350099	11.933418	
7/16/2019 16:33:45.903485349	85.180951	25.379896	994.012156	5.266145	24.334653	537.694599	79.577855	26.099520	994.375504	7.678857	11.885437	
7/16/2019 16:33:46.903485349	85.417505	25.287771	994.051187	5.086468	24.264935	537.653866	79.566606	26.099002	994.469810	4.680528	11.915585	
7/16/2019 16:33:47.903485349	85.161238	25.407753	994.541563	5.767515	24.313101	538.333296	79.538562	26.042857	994.006319	9.296968	11.921512	
7/16/2019 16:33:48.903485349	85.404363	25.323477	994.078627	4.588695	24.260037	539.345231	79.585610	26.233059	994.769604	7.616763	11.921945	
7/16/2019 16:33:49.903485349	85.154667	25.314580	993.126811	5.452487	24.649652	540.395267	79.599408	26.073263	994.422025	7.169269	11.912076	
7/16/2019 16:33:50.903485349	85.456931	25.255541	994.214015	5.195337	24.256649	539.719774	79.403594	26.098377	994.064514	5.340245	11.930054	
7/16/2019 16:33:51.903485349	85.167809	25.363449	995.716449	4.983991	24.330082	541.741655	79.644905	26.143927	994.649276	2.877445	11.893730	
7/16/2019 16:33:52.903485349	85.456931	25.249670	993.552766	5.230016	24.231178	540.167910	79.433084	26.045249	994.246502	7.448557	11.932695	
7/16/2019 16:33:53.903485349	85.233519	25.429364	994.186337	5.330528	24.314530	540.446515	79.554121	26.061537	994.340179	4.623676	11.874976	
7/16/2019 16:33:54.903485349	85.417505	25.250418	994.223398	5.144915	24.285263	540.934742	79.490514	26.086238	993.905232	3.269398	11.924416	
7/16/2019 16:33:55.903485349	85.148096	25.445030	995.199737	5.573252	24.340286	541.543210	79.504655	26.023258	993.889463	4.234344	11.913206	
7/16/2019 16:33:56.903485349	85.371508	25.388087	993.017602	5.398117	24.187257	541.197580	79.396418	25.991815	993.946394	0.602238	11.920066	
7/16/2019 16:33:57.903485349	85.167809	25.340191	995.175371	5.673582	24.362043	543.630148	79.624693	26.083433	993.743743	8.239016	11.922813	
7/16/2019 16:33:58.903485349	85.299228	25.318130	994.247606	5.136161	24.249261	540.928827	79.546788	26.001774	993.768979	6.536802	11.935022	
7/16/2019 16:33:59.903485349	85.272944	25.298165	994.013180	5.449181	24.220361	541.577376	79.631449	26.062574	994.620732	15.437203	11.877697	
7/16/2019 16:34:00.903485349	85.266373	25.323177	993.175225	5.490978	24.209911	541.988063	79.205861	26.055314	994.264479	9.831187	11.913364	
7/16/2019 16:34:01.903485349	85.410934	25.371373	994.300041	5.521412	24.274568	542.273898	79.344955	26.073369	994.246817	11.961507	11.914665	
7/16/2019 16:34:02.903485349	85.029819	25.271281	995.357911	5.201087	24.212197	542.214104	79.379465	26.051684	994.439058	8.042249	11.907502	
7/16/2019 16:34:03.903485349	85.496356	25.429888	994.694141	5.440437	24.382493	544.201819	79.559588	26.069633	994.187521	2.097471	11.923168	
7/16/2019 16:34:04.903485349	85.134954	25.287846	993.319367	5.301690	24.233178	542.275214	79.437790	25.999075	994.226790	7.641393	11.918910	
7/16/2019 16:34:05.903485349	85.286086	25.398257	993.229948	5.619252	24.356655	543.378477	79.447725	26.077411	993.831268	2.887929	11.915099	
7/16/2019 16:34:06.903485349	85.325512	25.333721	994.123178	5.130949	24.293753	542.701668	79.289575	25.996482	993.903182	3.640653	11.942986	
7/16/2019 16:34:07.903485349	85.272944	25.333796	993.526667	5.162305	24.323510	545.665827	79.509885	26.153473	994.163235	2.307073	11.885398	
7/16/2019 16:34:08.903485349	85.404363	25.292519	995.768097	5.142084	24.282732	544.116396	79.441915	26.051684	994.377712	3.120580	11.930540	
7/16/2019 16:34:09.903485349	85.213806	25.414596	994.263927	5.354528	24.276813	544.532335	79.640595	26.088831	994.242559	8.585641	11.919948	
7/16/2019 16:34:10.903485349	85.456931	25.260663	993.049616	5.430270	24.218443	545.811044	79.562243	25.932359	993.553238	1.255402	11.858391	
7/16/2019 16:34:11.903485349	85.443789	25.424841	995.236560	5.163512	24.328980	546.334089	79.663172	26.073887	994.325354	2.794653	11.896332	
7/16/2019 16:34:12.903485349	85.299228	25.323776	993.046856	5.407049	24.230035	544.391717	79.655840	26.011320	994.126332	6.772074	11.929213	
7/16/2019 16:34:13.903485349	85.476643	25.366625	995.083430	5.541186	24.520175	547.487295	79.778427	26.052615	994.680028	4.950914	11.924022	
7/16/2019 16:34:14.903485349	85.233519	25.254642	994.656608	5.128766	24.298856	544.605928	79.596097	26.015574	994.169859	6.164237	11.906517	
7/16/2019 16:34:15.903485349	85.391221	25.345762	994.303748	5.463922	24.386983	547.285567	79.571574	26.050541	994.063250	4.318447	11.924311	
7/16/2019 16:34:16.903485349	85.391221	25.286873	994.063644	5.385670	24.341103	546.152075	79.491171	26.013500	994.507028	9.005885	11.938820	
7/16/2019 16:34:17.903485349	85.246661	25.325273	994.282694	5.503976	24.311060	547.693622	79.777428	26.124316	994.194459	4.097321	11.900524	
7/16/2019 16:34:18.903485349	85.351796	25.376196	993.943554	5.127521	24.254363	546.451710	79.706304	25.992852	993.960113	4.029985	11.941855	
7/16/2019 16:34:19.903485349	85.529211	25.333571	994.639260	5.380795	24.274405	548.078017	79.763392	26.145165	994.845140	12.271978	11.882638	
7/16/2019 16:34:20.903485349	85.292657	25.287172	993.723873	5.238310	24.260363	547.612799	79.665617	26.041101	993.887570	6.975123	11.914297	
7/16/2019 16:34:21.903485349	85.417505	25.414596	995.058750	5.358554	24.371472	547.258622	79.623537	26.040476	994.296967	3.574627	11.912956	
7/16/2019 16:34:22.903485349	85.384650	25.333646	994.360284	5.297947	24.267425	546.395199	79.423149	25.974173	993.940557	5.420417	11.940081	
7/16/2019 16:34:23.903485349	85.312370	25.336640	995.096362	5.491001	24.364982	548.152273	79.469303	26.070458	993.931726	5.155273	11.876803	
7/16/2019 16:34:24.903485349	85.345225	25.271506	994.455773	5.191950	24.265425	547.467581	79.515799	26.067040	994.134534	2.468726	11.925704	
7/16/2019 16:34:25.903485349	85.529211	25.314205	994.691933	5.525360	24.422414	549.719450	79.722153	26.122136	994.535729	4.935458	11.925625	
7/16/2019 16:34:26.903485349	85.299228	25.370625	993.720247	5.279458	24.265996	546.690234	79.732773	25.973654	993.844358	4.601667	11.940633	
7/16/2019 16:34:27.903485349	85.266373	25.330470	993.691860	5.531338	24.308815	549.171428	79.618412	26.080735	994.548976	9.978694	11.916978	
7/16/2019 16:34:28.903485349	85.575208	25.297342	993.243195	5.392718	24.211912	548.179871	79.287972	25.998144	994.170173	8.884317	11.919830	
7/16/2019 16:34:29.903485349	85.562066	25.362177	993.141951	5.781685	24.168848	549.061692	79.441811	26.092979	994.756514	12.194428	11.881219	
7/16/2019 16:34:30.903485349	85.226948	25.307062	994.773307	5.006788	24.305958	548.336919	79.326451	26.031142	994.003168	-0.937013	11.918844	
7/16/2019 16:34:31.903485349	85.680343	25.444955	994.433773	5.449606	24.317387	549.653077	79.573334	26.063198	994.284035	5.213436	11.904309	
7/16/2019 16:34:32.903485349	85.404363	25.250269	994.639023	5.352851	24.381350	550.710344	79.500292	26.019310	994.380234	5.047851	11.935100	
7/16/2019 16:34:33.903485349	85.187522	25.318504	993.841284	5.322011	24.230035	549.465148	79.493721	25.994408	994.126489	8.739431	11.929936	
7/16/2019 16:34:34.903485349	85.667201	25.524858	994.749573	6.344990	24.374125	551.088824	79.650924	26.036116	994.162443	11.242317	11.906031	
7/16/2019 16:34:35.903485349	85.456931	25.302988	993.155750	5.422049	24.220973	550.262861	79.394605	26.018273	993.804618	9.087366	11.930264	
7/16/2019 16:34:36.903485349	85.312370	25.410971	994.450254	6.503406	24.347348	552.393163	79.477425	26.218728	995.052993	8.689132	11.881022	
7/16/2019 16:34:37.903485349	85.187522	25.339742	994.146202	5.475745	24.254975	550.835848	79.352025	25.988598	993.769450	4.658519	11.939490	
7/16/2019 16:34:38.903485349	85.581779	25.351708	994.157793	5.673085	24.434333	555.647104	79.509123	26.140498	993.949860	3.441535	11.904730	
7/16/2019 16:34:39.903485349	85.364937	25.339292	994.311080	5.290743	24.241342	551.468630	79.459868	25.984237	993.973359	6.655749	11.933011	
7/16/2019 16:34:40.903485349	85.259802	25.363973	995.238925	5.546064	24.324979	554.010934	79.643802	26.087688	994.292866	3.741522	11.911616	
7/16/2019 16:34:41.903485349	85.548924	25.392087	993.603626	5.279727	24.258935	551.088172	79.481631	26.001774	993.964371	3.163286	11.930829	
7/16/2019 16:34:42.903485349	85.463502	25.446677	995.589893	5.484968	24.318203	553.050258	79.541716	26.099827	994.551026	2.715792	11.910170	
7/16/2019 16:34:43.903485349	85.325512	25.250493	994.165915	5.299916	24.229504	552.791367	79.270966	26.052933	994.275518	7.742262	11.934877	
7/16/2019 16:34:44.903485349	85.680343	25.393434	995.131292	5.414794	24.342532	552.914239	79.244235	26.091942	994.340494	11.129923	11.893441	
7/16/2019 16:34:45.903485349	85.378079	25.321349	994.015702	5.385241	24.228892	552.264375	79.253356	25.979475	994.285299	8.122420	11.908896	
7/16/2019 16:34:46.903485349	85.305799	25.429589	994.297124	5.703692	24.273385	553.266437	79.452298	26.003329	994.061671	9.959307	11.886292	
7/16/2019 16:34:47.903485349	85.588349	25.291396	993.852480	5.369716	24.248649	553.869663	79.434583	26.024189	994.290973	4.819133	11.924009	
7/16/2019 16:34:48.903485349	85.410934	25.409399	995.201313	5.761113	24.339715	556.256225	79.587370	26.070352	994.480534	7.884528	11.885924	
7/16/2019 16:34:49.903485349	85.456931	25.321905	992.882844	5.309696	24.198564	554.507697	79.426908	25.979052	994.069716	11.330351	11.881074	
7/16/2019 16:34:50.903485349	85.594920	25.609807	995.180338	5.252193	24.324367	558.909581	79.271018	26.081772	994.061199	4.828036	11.880851	
7/16/2019 16:34:51.903485349	85.187522	25.366625	993.220250	5.398117	24.254118	555.699667	79.282557	26.027925	994.051739	4.865500	11.892389	
7/16/2019 16:34:52.903485349	85.634346	25.388836	995.812805	6.292311	24.529808	558.912865	79.276038	26.092979	994.779221	8.277791	11.893980	
7/16/2019 16:34:53.903485349	85.404363	25.292369	994.567427	5.736187	24.168807	556.003901	79.498741	25.984449	993.745636	2.617544	11.902587	
7/16/2019 16:34:54.903485349	85.778907	25.246569	995.654708	5.685509	24.340246	558.416102	79.688537	26.119649	994.135163	7.482361	11.887921	
7/16/2019 16:34:55.903485349	85.634346	25.292893	995.129637	5.032247	24.276201	557.053285	79.487597	26.030105	994.301225	2.899454	11.911103	
7/16/2019 16:34:56.903485349	85.404363	25.389584	994.821406	5.313626	24.313060	556.139920	79.488754	26.097964	994.389065	6.513483	11.906412	
7/16/2019 16:34:57.903485349	85.640917	25.349986	994.054656	5.328804	24.274487	555.843569	79.230489	26.001255	993.991022	1.629278	11.936218	
7/16/2019 16:34:58.903485349	85.601491	25.336341	994.313840	5.305009	24.282487	557.285895	79.351578	26.105849	994.653534	7.694313	11.909566	
7/16/2019 16:34:59.903485349	85.318941	25.287771	994.509155	5.221736	24.262323	556.954063	79.352078	26.019522	994.287979	4.046751	11.934614	
7/16/2019 16:35:00.903485349	85.726339	25.412201	994.764004	5.515635	24.317510	557.663069	79.423149	26.038815	994.563009	5.984507	11.885779	
7/16/2019 16:35:01.903485349	85.292657	25.413399	995.205019	5.241351	24.256363	557.087450	79.492460	25.996588	994.220795	1.364135	11.917135	
7/16/2019 16:35:02.903485349	85.726339	25.440208	994.902308	5.928375	24.295263	557.769512	79.412662	25.966701	994.063250	9.520716	11.919764	
7/16/2019 16:35:03.903485349	85.378079	25.364647	994.160001	5.098788	24.239873	556.870608	79.198134	25.997731	993.753996	0.316396	11.921170	
7/16/2019 16:35:04.903485349	85.575208	25.451051	995.454662	5.934986	24.311101	559.132329	79.273831	25.997413	993.883783	6.384052	11.915256	
7/16/2019 16:35:05.903485349	85.529211	25.282574	994.331740	5.230125	24.257220	558.488380	79.249702	25.987772	994.075867	3.782918	11.936572	
7/16/2019 16:35:06.903485349	85.424076	25.356456	994.844668	5.606531	24.364900	561.438739	79.334125	26.088725	994.222531	5.529149	11.918056	
7/16/2019 16:35:07.903485349	85.332083	25.103703	992.978649	5.118420	24.459232	561.612870	79.034070	25.957885	994.730021	1.829706	11.902824	
7/16/2019 16:35:08.903485349	85.410934	25.325722	995.759818	5.312888	24.432618	560.835523	79.251306	26.055314	994.442052	3.428430	11.901194	
7/16/2019 16:35:09.903485349	85.568637	25.329347	994.402469	5.205318	24.271385	559.568645	79.192771	26.004166	994.025560	3.392276	11.923575	
7/16/2019 16:35:10.903485349	85.325512	25.299737	994.126804	5.682126	24.298325	558.786698	79.365167	26.066934	994.369981	10.010917	11.920250	
7/16/2019 16:35:11.903485349	85.529211	25.356306	994.684206	5.246407	24.308203	559.328804	79.274330	26.013712	993.818022	2.102713	11.916544	
7/16/2019 16:35:12.903485349	85.358367	25.404577	994.417766	5.366447	24.344491	561.756772	79.566054	26.080841	994.304062	4.791882	11.922629	
7/16/2019 16:35:13.903485349	85.647488	25.312334	993.002383	5.252754	24.172807	559.698748	79.341591	26.074512	994.675455	6.796703	11.861519	
7/16/2019 16:35:14.903485349	85.489785	25.326471	994.069164	5.412501	24.253873	561.834965	79.524211	26.088312	994.629563	8.025483	11.910170	
7/16/2019 16:35:15.903485349	85.410934	25.313607	994.535571	5.194335	24.254282	559.903107	79.140651	26.001880	993.906019	3.300580	11.914862	
7/16/2019 16:35:16.903485349	85.680343	25.342586	995.589103	5.318418	24.275956	562.666190	79.367375	26.121829	994.739166	9.850574	11.897160	
7/16/2019 16:35:17.903485349	85.332083	25.308185	993.903891	5.351474	24.384452	561.284975	79.261188	25.915965	994.601491	7.509341	11.929555	
7/16/2019 16:35:18.903485349	85.621204	25.430637	994.116554	5.191557	24.291835	562.869887	79.336176	26.132201	994.638394	12.868291	11.880930	
7/16/2019 16:35:19.903485349	85.456931	25.329871	995.537772	5.318829	24.210197	562.524257	79.393711	26.013606	994.358471	7.263585	11.924981	
7/16/2019 16:35:20.903485349	85.608062	25.435235	994.797515	5.525788	24.324653	563.568378	79.452797	26.015987	993.990550	2.228212	11.885582	
7/16/2019 16:35:21.903485349	85.509498	25.339966	994.221427	5.480687	24.247016	562.244989	79.534855	25.954774	993.612534	6.779937	11.914954	
7/16/2019 16:35:22.903485349	85.562066	25.414896	995.793487	5.465874	24.327347	566.230271	79.558984	26.061855	994.382599	7.942690	11.909842	
7/16/2019 16:35:23.903485349	85.548924	25.365278	992.649050	5.414713	24.249587	564.193276	79.639781	25.893137	994.327404	10.348639	11.922077	
7/16/2019 16:35:24.903485349	85.706626	25.451650	993.517442	5.793790	24.269466	567.205398	79.591182	25.980607	994.314629	9.891970	11.903468	
7/16/2019 16:35:25.903485349	85.470073	25.366475	994.359574	5.189588	24.303672	566.425431	79.507915	25.976565	994.069558	2.349779	11.940633	
7/16/2019 16:35:26.903485349	85.430647	25.483431	994.811077	5.133361	24.403188	568.792941	79.695213	26.158659	995.531781	15.797973	11.896109	
7/16/2019 16:35:27.903485349	85.378079	25.355932	994.849636	5.450728	24.201421	566.234870	79.409403	25.952075	994.115450	9.232253	11.933931	
7/16/2019 16:35:28.903485349	85.706626	25.351184	994.951906	5.738790	24.327225	568.606327	79.468594	26.032592	994.305955	5.485132	11.911419	
7/16/2019 16:35:29.903485349	85.509498	25.604535	996.428242	6.213419	24.557524	570.265495	79.366770	26.066522	994.759351	1.155844	11.857327	
7/16/2019 16:35:30.903485349	85.259802	25.346061	993.187054	5.524749	24.229464	567.732390	79.406249	25.916590	993.850667	6.585791	11.919567	
7/16/2019 16:35:31.903485349	85.746052	25.435010	994.744605	6.030907	24.419597	571.259021	79.446383	26.084153	994.529734	8.896112	11.916347	
7/16/2019 16:35:32.903485349	85.318941	25.424841	996.259263	5.806744	24.353267	568.575446	79.344508	25.904969	994.095580	8.293247	11.912404	
7/16/2019 16:35:33.903485349	85.443789	25.377843	994.804139	6.025175	24.381881	569.998057	79.549810	26.020241	994.505292	11.298129	11.921131	
7/16/2019 16:35:34.903485349	85.456931	25.287771	994.072318	5.386736	24.218116	567.725822	79.360856	26.019628	994.352162	6.772074	11.924548	
7/16/2019 16:35:35.903485349	85.851187	25.563183	993.294449	5.634768	24.500051	569.438869	79.669980	26.058319	994.070345	2.370477	11.897449	
7/16/2019 16:35:36.903485349	85.575208	25.303063	994.368958	5.579343	24.229994	567.418957	79.341039	25.997107	994.323303	6.982986	11.932919	
7/16/2019 16:35:37.903485349	85.470073	25.319777	993.562307	5.886574	24.371717	568.891511	79.536958	26.143927	994.146674	11.736450	11.871954	
7/16/2019 16:35:38.903485349	85.371508	25.387713	995.934789	5.371202	24.480785	566.958990	79.497533	25.911817	994.367302	1.704207	11.933839	
7/16/2019 16:35:39.903485349	85.575208	25.384462	994.465629	5.714557	24.403719	569.793045	79.584006	26.069633	994.176954	2.573527	11.921315	
7/16/2019 16:35:40.903485349	85.686914	25.304036	995.519006	5.390475	24.257792	567.127206	79.294595	25.928835	993.970994	8.225910	11.910643	
7/16/2019 16:35:41.903485349	85.542353	25.315253	994.318098	5.647561	24.334000	571.131549	79.552413	26.118506	994.687123	10.617714	11.912575	
7/16/2019 16:35:42.903485349	85.371508	25.345612	993.865807	5.567352	24.240199	567.706761	79.516194	25.940243	994.054576	7.016519	11.920368	
7/16/2019 16:35:43.903485349	85.673772	25.426488	995.570337	5.696547	24.305427	570.236582	79.791464	26.066003	994.498825	5.134575	11.893690	
7/16/2019 16:35:44.903485349	85.588349	25.345537	993.457908	5.468327	24.408780	569.536775	79.591024	26.002504	994.467916	8.934887	11.925651	
7/16/2019 16:35:45.903485349	85.443789	25.372945	994.443156	5.438399	24.323796	571.128918	79.622223	26.062267	994.178533	5.799535	11.877565	
7/16/2019 16:35:46.903485349	85.608062	25.345463	994.934401	5.342195	24.284120	569.714190	79.396813	26.002398	994.113400	1.794863	11.930764	
7/16/2019 16:35:47.903485349	85.608062	25.416019	994.241455	5.714456	24.307958	570.268779	79.513487	26.062373	994.334342	6.734609	11.919067	
7/16/2019 16:35:48.903485349	85.384650	25.303287	994.430856	5.558001	24.208197	569.518377	79.348214	26.020559	994.235778	8.010027	11.931802	
7/16/2019 16:35:49.903485349	85.713197	25.405849	993.956092	5.627423	24.258894	569.647165	79.539428	26.015987	994.029818	7.372318	11.886160	
7/16/2019 16:35:50.903485349	85.417505	25.451799	993.630199	5.833758	24.230035	568.210755	79.539823	25.973866	994.441423	4.104914	11.915992	
7/16/2019 16:35:51.903485349	85.686914	25.363898	995.973820	5.520965	24.289263	570.838482	79.583559	26.121935	994.736958	9.299589	11.898211	
7/16/2019 16:35:52.903485349	85.542353	25.409100	993.964528	5.550191	24.264037	568.464394	79.622223	25.948339	993.809190	4.637821	11.922734	
7/16/2019 16:35:53.903485349	85.450360	25.399754	994.327639	5.685167	24.253587	569.445437	79.562533	26.065484	994.330241	8.867551	11.911025	
7/16/2019 16:35:54.903485349	85.640917	25.313532	994.352004	5.413327	24.255220	570.375884	79.482183	26.017236	994.227261	4.687081	11.934549	
7/16/2019 16:35:55.903485349	85.522640	25.410896	995.929821	5.196860	24.394086	570.290461	79.406958	26.117056	995.128379	14.569194	11.891601	
7/16/2019 16:35:56.903485349	85.535782	25.387339	994.611346	5.526970	24.454701	570.642006	79.403489	25.895212	994.292551	5.051783	11.920342	
7/16/2019 16:35:57.903485349	85.680343	25.399454	995.521528	5.539950	24.302284	572.446391	79.482944	26.121205	994.669303	6.021971	11.909329	
7/16/2019 16:35:58.903485349	85.332083	25.346436	994.283483	5.650912	24.203911	571.299101	79.401333	25.926760	994.137528	7.138086	11.909053	
7/16/2019 16:35:59.903485349	85.759194	25.404726	993.960902	5.516825	24.298611	572.648120	79.530544	26.096927	994.314629	7.682789	11.896910	
7/16/2019 16:36:00.903485349	85.502927	25.340939	994.298543	5.511623	24.207911	571.987741	79.501396	25.964426	994.373611	8.417435	11.923299	
7/16/2019 16:36:01.903485349	85.673772	25.452248	994.772598	5.563572	24.269752	572.355053	79.692243	26.046911	994.533678	3.453059	11.916294	
7/16/2019 16:36:02.903485349	85.555495	25.372795	994.996142	5.427954	24.505725	573.342664	79.445622	25.914516	994.195881	0.351240	11.917464	
7/16/2019 16:36:03.903485349	85.792049	25.331892	993.273317	5.676235	24.276813	573.727069	79.421546	26.149430	994.355948	7.696934	11.883453	
7/16/2019 16:36:04.903485349	85.568637	25.345388	994.888509	5.362043	24.278446	573.858488	79.267759	25.991296	994.122231	2.021231	11.936677	
7/16/2019 16:36:05.903485349	85.581779	25.457296	995.627425	5.721122	24.264323	573.566737	79.519558	26.061855	993.903654	9.756258	11.892402	
7/16/2019 16:36:06.903485349	85.562066	25.351857	995.488411	5.277416	24.269017	573.383407	79.445831	25.983624	994.151089	1.712071	11.892692	
7/16/2019 16:36:07.903485349	85.496356	25.437630	994.983762	5.413505	24.297101	574.264575	79.564660	26.107605	994.577362	4.024742	11.885582	
7/16/2019 16:36:08.903485349	85.660630	25.360305	995.792068	5.465678	24.406454	574.972265	79.522580	25.940455	994.047009	9.157324	11.888131	
7/16/2019 16:36:09.903485349	85.509498	25.440208	994.639655	5.739429	24.247138	574.415698	79.665565	26.005615	994.446468	6.280562	11.873991	
7/16/2019 16:36:10.903485349	85.634346	25.411645	994.475169	5.460192	24.244485	574.463672	79.591367	25.940561	993.821016	2.636931	11.913325	
7/16/2019 16:36:11.903485349	85.548924	25.463690	994.251547	5.235519	24.326408	575.716752	79.430824	26.095784	994.529263	11.632959	11.870758	
7/16/2019 16:36:12.903485349	85.509498	25.346735	995.269362	5.510934	24.203666	574.741624	79.257377	25.968680	994.272839	8.478219	11.925086	
7/16/2019 16:36:13.903485349	85.759194	25.430637	994.512152	5.461423	24.297468	575.699670	79.392055	26.066215	994.579413	4.174871	11.908541	
7/16/2019 16:36:14.903485349	85.502927	25.361877	994.225291	5.412615	24.284406	575.319211	79.382724	25.988810	994.120023	4.340456	11.914665	
7/16/2019 16:36:15.903485349	85.614633	25.432209	994.173090	5.696679	24.268323	574.846099	79.549153	26.038508	994.491888	6.299950	11.917779	
7/16/2019 16:36:16.903485349	85.588349	25.399080	994.067193	5.484818	24.264854	575.447346	79.356993	25.985581	994.085956	2.035377	11.922024	
7/16/2019 16:36:17.903485349	85.562066	25.347858	995.841192	5.692959	24.278242	576.439557	79.403594	26.115913	994.946705	8.968420	11.877828	
7/16/2019 16:36:18.903485349	85.739481	25.335143	994.188230	5.545376	24.244730	576.257542	79.421046	25.990259	994.349797	6.205633	11.932157	
