
Time stamp	Inside_humidity (in %rH)	Inside_temperature (in °C)	Inside_pressure (in mbar)	Soil_moisture (in %VWC)	Soil_temperature (in °C)	Inside_CO2_ratio (in ppm)	Outside_humidity (in %rH)	Outside_temperature (in °C)	Outside_pressure (in mbar)	Outside_PAR (in µmol m^-2 s^-1)	Power_box_charge (in V)	
7/16/2019 16:48:30.903485349	82.874550	25.015385	995.318091	7.356049	24.370003	487.313809	79.993875	26.160320	994.937395	9.443165	11.892416	
7/16/2019 16:48:31.903485349	82.815412	24.940829	995.364063	6.888305	24.312775	484.017155	80.024417	25.993783	994.829214	6.984297	11.895767	
7/16/2019 16:48:32.903485349	83.327945	25.214221	995.499608	7.307719	24.319591	486.185569	79.993927	26.093286	994.739795	10.064108	11.893165	
7/16/2019 16:48:33.903485349	82.953402	25.078348	994.666306	6.965477	24.264609	484.695280	79.973557	26.032486	994.553548	1.051043	11.922879	
7/16/2019 16:48:34.903485349	83.051966	25.078423	994.039831	7.021435	24.310815	486.293338	80.098353	26.129502	994.778749	9.513123	11.863977	
7/16/2019 16:48:35.903485349	83.150530	25.066757	994.229075	6.930552	24.280732	485.084938	79.986095	26.109373	994.518696	7.907847	11.907161	
7/16/2019 16:48:36.903485349	83.005969	25.109157	993.644707	7.578607	24.312448	485.307695	80.108735	26.081253	994.496932	7.640082	11.906254	
7/16/2019 16:48:37.903485349	83.222810	25.094164	994.544323	6.960266	24.276201	484.409444	80.022052	26.083433	994.582092	3.099882	11.906701	
7/16/2019 16:48:38.903485349	83.163672	25.106130	995.765415	7.166811	24.278528	484.756390	80.081690	26.211574	995.490148	11.250180	11.869575	
7/16/2019 16:48:39.903485349	82.946831	25.048513	994.856496	7.090190	24.225749	484.000073	79.829996	26.075549	993.944973	8.801525	11.884241	
7/16/2019 16:48:40.903485349	83.314803	25.104708	994.071372	6.778022	24.297182	484.774788	79.801504	26.133238	994.577677	7.145950	11.890063	
7/16/2019 16:48:41.903485349	83.426509	25.241628	995.460734	7.965636	24.398371	486.001587	79.856094	26.079792	994.643753	9.196099	11.892363	
7/16/2019 16:48:42.903485349	83.124246	25.099436	993.400583	6.988789	24.256649	485.367489	79.838327	26.070152	994.393638	2.155633	11.919002	
7/16/2019 16:48:43.903485349	83.216239	25.148830	995.507492	7.288688	24.268609	486.970800	80.039162	26.202240	995.111502	7.272759	11.880286	
7/16/2019 16:48:44.903485349	83.400226	25.024881	995.722915	7.062547	24.191462	485.896450	79.790123	26.056870	994.496618	8.381282	11.917701	
7/16/2019 16:48:45.903485349	83.380513	25.153128	995.216610	7.598495	24.465763	490.336447	79.965383	26.180132	995.013724	8.456210	11.900012	
7/16/2019 16:48:46.903485349	83.373942	25.036772	994.887011	6.950285	24.292937	486.831497	79.769306	26.100345	994.765660	6.363354	11.913692	
7/16/2019 16:48:47.903485349	83.419939	25.195379	995.074204	7.348743	24.293835	486.592310	79.773170	26.110822	994.529734	7.795183	11.842095	
7/16/2019 16:48:48.903485349	83.203097	25.073226	994.382204	7.128772	24.238240	485.816941	79.720050	26.003954	994.273153	3.654798	11.919199	
7/16/2019 16:48:49.903485349	83.557928	25.047540	994.749021	7.198330	24.335960	489.338974	79.863902	26.186366	995.068447	13.545046	11.898356	
7/16/2019 16:48:50.903485349	83.492219	25.067580	995.564423	6.605855	24.325796	485.491678	79.711272	26.117257	994.833629	3.825625	11.885464	
7/16/2019 16:48:51.903485349	83.643351	25.231683	995.504575	7.388776	24.329265	487.357826	79.766152	26.112272	994.796883	9.688921	11.897896	
7/16/2019 16:48:52.903485349	83.433080	25.067580	994.302092	7.188399	24.254935	484.989662	79.833702	26.015680	994.369667	4.486653	11.917227	
7/16/2019 16:48:53.903485349	83.557928	25.117423	995.593442	7.265412	24.285304	486.479952	80.098301	26.156584	994.597075	1.956516	11.885174	
7/16/2019 16:48:54.903485349	83.439651	25.093640	995.485809	7.193370	24.236525	484.982431	80.009119	26.092979	994.227418	1.607270	11.919278	
7/16/2019 16:48:55.903485349	83.833908	25.152006	994.621361	7.632057	24.367145	486.716508	80.094989	26.117045	994.551183	2.819282	11.906241	
7/16/2019 16:48:56.903485349	83.643351	25.131292	995.506074	7.111779	24.251832	484.822099	79.960915	26.064860	994.415401	1.809008	11.920224	
7/16/2019 16:48:57.903485349	83.781340	25.158101	994.786634	7.244207	24.236852	486.538431	80.013930	26.141122	994.978085	8.339885	11.882152	
7/16/2019 16:48:58.903485349	83.511932	25.136789	993.891591	7.170746	24.238240	485.216357	80.001287	26.093392	994.108984	1.767612	11.911760	
7/16/2019 16:48:59.903485349	83.564499	25.116599	995.211957	7.318106	24.381064	489.444111	80.083950	26.182724	995.009466	12.178973	11.890142	
7/16/2019 16:49:00.903485349	83.617067	25.168645	993.495993	7.037261	24.219830	486.276908	80.051595	26.101382	994.236250	0.559531	11.887264	
7/16/2019 16:49:01.903485349	84.208452	25.126320	993.601812	7.697343	24.476866	486.564712	79.821874	25.969082	994.694218	9.541414	11.856236	
7/16/2019 16:49:02.903485349	83.728773	25.126020	994.931799	7.342052	24.223218	485.638211	80.078378	26.062055	994.588244	0.864760	11.882480	
7/16/2019 16:49:03.903485349	84.017894	25.127592	993.928257	6.426528	24.040473	486.773671	80.332832	26.349579	994.663152	1.912499	11.878748	
7/16/2019 16:49:04.903485349	83.958756	25.083695	994.195168	6.987312	24.181828	488.038582	79.809731	26.058013	994.350268	8.029414	11.900235	
7/16/2019 16:49:05.903485349	84.017894	25.231384	996.287097	7.401862	24.349307	490.280589	79.889187	26.157304	994.761873	11.236035	11.893493	
7/16/2019 16:49:06.903485349	83.827337	25.163448	995.471616	7.192202	24.252118	487.656808	79.905535	26.073887	994.618996	1.131214	11.907542	
7/16/2019 16:49:07.903485349	83.781340	25.212018	994.846324	7.148692	24.319591	490.013152	79.856831	26.233778	995.026499	11.294197	11.870600	
7/16/2019 16:49:08.903485349	83.919330	25.100260	994.922573	6.865189	24.287263	489.351457	79.710720	26.149113	994.579727	4.659830	11.914928	
7/16/2019 16:49:09.903485349	84.096746	25.137687	994.638866	7.663165	24.328327	490.850293	79.921542	26.141535	994.704628	4.539573	11.886738	
7/16/2019 16:49:10.903485349	84.004752	25.014711	995.744284	6.816868	24.265139	489.397453	79.864007	26.039958	994.962631	5.711500	11.897068	
7/16/2019 16:49:11.903485349	84.077033	25.215868	994.254387	7.442030	24.272854	490.124857	79.938547	26.117151	994.450411	7.035906	11.901129	
7/16/2019 16:49:12.903485349	84.116458	25.152829	994.544717	6.945284	24.267425	490.318701	79.925405	26.122030	994.520274	2.319907	11.910249	
7/16/2019 16:49:13.903485349	83.991611	25.180835	994.941891	7.112563	24.348491	492.066577	79.958760	26.256087	995.024292	10.800065	11.889643	
7/16/2019 16:49:14.903485349	84.004752	25.116375	994.532180	6.935746	24.235709	490.196482	79.881564	26.151187	994.625934	8.352720	11.914980	
7/16/2019 16:49:15.903485349	84.333300	25.464920	996.116068	7.452093	24.123539	490.145223	80.234083	26.092556	994.783322	3.845012	11.870942	
7/16/2019 16:49:16.903485349	83.958756	25.100260	994.909169	7.104402	24.240485	490.768153	79.861799	26.114452	994.305955	9.588052	11.893480	
7/16/2019 16:49:17.903485349	84.320158	25.196202	994.304457	7.278037	24.264323	491.261633	80.012431	26.212199	994.756829	6.054194	11.895294	
7/16/2019 16:49:18.903485349	84.031036	25.168944	994.931562	6.938121	24.252404	490.298988	80.017898	26.118813	994.512229	0.637081	11.917398	
7/16/2019 16:49:19.903485349	83.985040	25.137687	995.081380	7.383223	24.375105	493.144211	80.094989	26.217173	994.923834	10.000703	11.908173	
7/16/2019 16:49:20.903485349	84.280732	25.200127	994.026269	6.999841	24.276201	491.149927	80.133363	26.097234	994.551183	1.234704	11.919751	
7/16/2019 16:49:21.903485349	84.320158	25.332149	994.050792	6.357180	24.142520	492.661899	80.212267	26.393468	995.426594	7.663402	11.830320	
7/16/2019 16:49:22.903485349	84.241306	25.110878	994.680814	6.904655	24.242199	493.102815	79.858645	26.163950	994.771811	9.262125	11.916216	
7/16/2019 16:49:23.903485349	84.162455	25.195903	994.675137	7.517821	24.230321	494.739638	80.147556	26.409861	995.278194	3.035437	11.828769	
7/16/2019 16:49:24.903485349	84.221594	25.189807	996.216445	7.027508	24.272242	494.438687	79.913315	26.152224	994.750677	9.117238	11.899565	
7/16/2019 16:49:25.903485349	84.392438	25.247574	993.639897	7.594487	24.273670	494.464969	79.919886	26.100133	994.354369	5.279462	11.903231	
7/16/2019 16:49:26.903485349	84.096746	25.094089	993.662055	7.153256	24.186931	494.241559	79.813147	26.057907	994.647697	6.575577	11.909618	
7/16/2019 16:49:27.903485349	84.412151	25.218038	994.092898	7.168211	24.271140	495.331023	79.960416	26.246023	994.938660	4.822793	11.882454	
7/16/2019 16:49:28.903485349	84.267590	25.158475	994.135320	7.121377	24.261466	493.867016	79.931924	26.110928	994.428491	0.761270	11.919948	
7/16/2019 16:49:29.903485349	84.208452	25.249296	995.244996	7.360636	24.428373	496.482913	79.969247	26.191233	994.656685	7.740952	11.906083	
7/16/2019 16:49:30.903485349	84.333300	25.115402	994.428253	7.136610	24.194890	494.062829	79.992166	26.092768	994.507657	7.968631	11.921972	
7/16/2019 16:49:31.903485349	84.458147	25.263689	994.479665	7.296275	24.280487	493.888698	80.147162	26.147969	994.572790	1.356272	11.892508	
7/16/2019 16:49:32.903485349	84.280732	25.125871	994.432274	7.561541	24.071332	492.770320	80.169477	26.271031	995.293019	9.159945	11.862150	
7/16/2019 16:49:33.903485349	84.418722	25.101906	994.362254	7.534659	24.283589	496.464515	80.236790	26.179613	994.416345	7.869072	11.888158	
7/16/2019 16:49:34.903485349	84.438435	25.131217	993.470209	7.230077	24.226606	493.202690	79.885375	26.084365	994.321567	4.216267	11.923720	
7/16/2019 16:49:35.903485349	84.320158	25.275206	995.360277	7.281115	24.326979	495.664823	79.895705	26.151282	994.719611	5.921102	11.879208	
7/16/2019 16:49:36.903485349	84.576424	25.344265	995.216610	7.417106	24.329551	495.455212	79.913919	26.310252	995.566634	18.074491	11.843015	
7/16/2019 16:49:37.903485349	84.418722	25.189433	992.891518	7.249081	24.219790	495.189090	79.918230	26.103563	994.306113	1.814250	11.908856	
7/16/2019 16:49:38.903485349	84.261019	25.222711	994.385516	7.426036	24.448456	500.467544	80.205091	26.219977	994.974299	6.517415	11.897291	
7/16/2019 16:49:39.903485349	84.464718	25.195154	994.614185	7.033175	24.239913	497.297709	79.952741	26.115183	994.389537	1.750846	11.919541	
7/16/2019 16:49:40.903485349	84.688130	25.279954	995.206123	7.532452	24.301223	499.063320	79.962728	26.146720	994.936766	13.048021	11.892573	
7/16/2019 16:49:41.903485349	84.247877	25.210670	994.766211	7.037064	24.253220	499.194086	80.035456	26.107299	994.682864	1.273479	11.915007	
7/16/2019 16:49:42.903485349	84.655276	25.202148	994.733566	7.370858	24.285589	499.394499	80.318900	26.251939	994.604013	4.379231	11.882651	
7/16/2019 16:49:43.903485349	84.504144	25.168645	993.243827	7.317185	24.140479	500.940646	80.039766	26.105531	994.492359	7.990639	11.888867	
7/16/2019 16:49:44.903485349	84.405580	25.058982	995.183887	8.361933	24.249587	502.551187	80.189794	26.180650	994.557807	1.666743	11.880890	
7/16/2019 16:49:45.903485349	84.517286	25.243275	994.907985	6.837258	24.252690	500.164615	80.138016	26.141016	994.348061	1.891801	11.894702	
7/16/2019 16:49:46.903485349	84.688130	25.169543	996.079165	7.256280	24.260976	500.050278	80.257949	26.079486	994.692010	15.662261	11.891010	
7/16/2019 16:49:47.903485349	84.372725	25.144755	994.676636	7.125759	24.203911	499.715816	80.246910	26.090693	993.728131	5.279462	11.876120	
7/16/2019 16:49:48.903485349	84.852404	25.042942	992.794295	7.305823	24.549034	503.860125	80.167978	26.041302	994.987231	6.820023	11.852477	
7/16/2019 16:49:49.903485349	84.642134	25.153203	994.876209	7.176933	24.202809	499.747360	80.015138	26.075962	994.203133	4.231723	11.912247	
7/16/2019 16:49:50.903485349	84.635563	25.323252	994.333395	7.390057	24.348246	501.792238	80.015795	26.223089	994.796726	13.975503	11.871454	
7/16/2019 16:49:51.903485349	84.339870	25.228058	993.310141	6.888004	24.277058	500.161331	80.077589	26.111447	994.538094	1.477839	11.912707	
7/16/2019 16:49:52.903485349	84.655276	25.191679	994.882990	7.227428	24.305958	500.616698	80.303603	26.179306	994.737273	2.406631	11.900432	
7/16/2019 16:49:53.903485349	84.550141	25.132340	994.863434	6.977241	24.245628	500.451766	79.877149	26.183455	994.654320	7.841821	11.918384	
7/16/2019 16:49:54.903485349	84.372725	25.296668	994.443708	8.079895	24.267180	502.442766	80.231270	26.224126	994.315415	4.108845	11.875108	
7/16/2019 16:49:55.903485349	84.628992	25.232507	994.835128	7.092507	24.262037	501.015555	80.179754	26.163432	994.787423	3.385723	11.894177	
7/16/2019 16:49:56.903485349	84.766982	25.271207	994.246817	7.059515	24.258404	502.488761	80.167164	26.296864	995.187989	13.302951	11.863017	
7/16/2019 16:49:57.903485349	84.576424	25.126395	994.163550	7.089461	24.168807	501.179171	79.904037	26.093911	994.347589	3.885098	11.895228	
7/16/2019 16:49:58.903485349	84.714414	25.201399	995.604638	7.574563	24.338246	502.377056	80.136727	26.205658	994.433221	1.625347	11.906740	
7/16/2019 16:49:59.903485349	84.655276	25.148755	994.402232	7.040019	24.228892	502.395455	80.025625	26.160214	994.549762	8.863619	11.910420	
7/16/2019 16:50:00.903485349	84.635563	25.316633	994.025480	7.407830	24.319591	502.021564	80.152129	26.192482	994.387329	1.894422	11.877526	
7/16/2019 16:50:01.903485349	84.688130	25.190107	994.917053	7.215478	24.254649	501.642421	80.103872	26.113003	994.187993	2.411874	11.922313	
7/16/2019 16:50:02.903485349	84.734127	25.191155	993.660714	7.539920	24.256649	504.990986	80.205696	26.281095	994.311000	5.809748	11.855710	
7/16/2019 16:50:03.903485349	84.477860	25.201324	994.018699	7.057235	24.269670	503.011154	80.028937	26.159177	994.605749	3.534541	11.910249	
7/16/2019 16:50:04.903485349	84.858975	25.338020	995.086190	7.512664	24.321836	503.910057	80.256712	26.139355	994.608114	1.280032	11.906911	
7/16/2019 16:50:05.903485349	84.740698	25.153877	994.937870	7.064042	24.240526	502.685890	80.070466	26.114558	994.597390	8.764061	11.916781	
7/16/2019 16:50:06.903485349	84.714414	25.171115	994.723631	7.338727	24.218443	502.927699	80.220441	26.215723	994.765974	7.358173	11.871730	
7/16/2019 16:50:07.903485349	84.582995	25.159149	994.747523	7.046211	24.212483	502.908648	80.140538	26.126792	994.669775	8.391495	11.907463	
7/16/2019 16:50:08.903485349	84.839262	25.233480	994.832683	7.479659	24.355267	503.268077	80.287806	26.204515	994.577834	1.254092	11.910236	
7/16/2019 16:50:09.903485349	84.688130	25.184610	993.566802	7.114136	24.229137	502.656977	80.201780	26.079592	994.395846	3.969201	11.913745	
7/16/2019 16:50:10.903485349	84.747269	25.302015	995.887793	7.046890	24.263506	505.092829	80.107736	26.281921	994.647854	16.032205	11.843147	
7/16/2019 16:50:11.903485349	84.865546	25.148755	994.553234	7.200304	24.198605	504.531672	80.195104	26.141122	994.707307	8.249230	11.901970	
7/16/2019 16:50:12.903485349	84.642134	25.259390	994.856102	7.269247	24.376779	507.027981	80.176443	26.273105	994.732700	7.907847	11.893125	
7/16/2019 16:50:13.903485349	84.950968	25.180237	994.822748	7.340693	24.205952	504.778080	80.094884	26.107605	994.258327	6.386674	11.915375	
7/16/2019 16:50:14.903485349	84.872117	25.401433	994.520904	7.506418	24.303713	505.700644	80.079192	26.176502	994.831264	3.204683	11.882914	
7/16/2019 16:50:15.903485349	84.707843	25.201100	993.137535	7.220038	24.230280	505.763723	80.002444	26.126803	994.299646	3.803616	11.910551	
7/16/2019 16:50:16.903485349	84.937826	25.223011	993.147391	7.291930	24.244199	507.126540	80.120169	26.244573	994.772283	6.574267	11.890549	
7/16/2019 16:50:17.903485349	84.720985	25.095811	996.006859	7.020304	24.220647	507.609504	79.916075	26.088100	994.859494	5.875774	11.894794	
7/16/2019 16:50:18.903485349	84.720985	25.084968	995.858145	8.424848	24.289508	508.330993	80.152576	26.103245	995.098570	7.888459	11.883085	
7/16/2019 16:50:19.903485349	84.747269	25.216766	994.231834	7.312529	24.245016	507.157421	79.947878	26.111447	994.693274	4.725856	11.899302	
7/16/2019 16:50:20.903485349	84.747269	25.344639	995.776691	7.189918	24.322449	508.870468	80.015743	26.224232	994.835994	11.696364	11.873688	
7/16/2019 16:50:21.903485349	84.970681	25.164496	994.873922	7.021877	24.219259	508.735765	79.983388	26.136762	994.807450	8.846853	11.917622	
7/16/2019 16:50:22.903485349	84.931255	25.170741	995.374313	7.317262	24.308530	509.492082	80.148713	26.166850	994.744525	9.264746	11.904808	
7/16/2019 16:50:23.903485349	84.720985	25.205848	994.290106	7.246819	24.229423	507.247444	80.084712	26.080735	994.336707	4.174871	11.917319	
7/16/2019 16:50:24.903485349	84.773553	25.423344	993.804775	7.579218	24.361553	509.047883	80.088628	26.200261	994.816124	12.744103	11.877946	
7/16/2019 16:50:25.903485349	85.056103	25.122620	994.936924	7.289327	24.165991	507.267158	80.059584	26.126179	994.559700	6.689281	11.896647	
7/16/2019 16:50:26.903485349	84.950968	25.287322	993.294054	7.746324	24.219545	507.966965	80.274113	26.225999	994.787423	5.463123	11.873912	
7/16/2019 16:50:27.903485349	84.760411	25.190631	994.797515	6.738191	24.280732	507.308554	79.958260	26.209394	994.288450	10.514223	11.886436	
7/16/2019 16:50:28.903485349	85.128384	25.080669	993.456805	7.662632	24.484173	509.536110	80.286755	26.060288	993.349958	-1.103908	11.895149	
7/16/2019 16:50:29.903485349	84.806407	25.245221	993.616163	7.120611	24.197176	508.555067	79.855885	26.211056	994.564430	6.876875	11.884964	
7/16/2019 16:50:30.903485349	84.885259	25.339143	996.144612	7.255625	24.279058	508.424300	80.067758	26.269888	995.070341	11.449298	11.837982	
7/16/2019 16:50:31.903485349	84.996965	25.160421	994.021302	7.364826	24.238811	507.302639	80.114202	26.089444	994.545189	5.324790	11.898027	
7/16/2019 16:50:32.903485349	84.885259	25.413099	996.032958	7.158312	24.038228	507.907823	80.216972	26.072426	994.727335	3.586422	11.888657	
7/16/2019 16:50:33.903485349	85.180951	25.372977	994.275203	7.742375	24.363839	510.464579	80.252244	26.141217	994.939603	3.191848	11.876291	
7/16/2019 16:50:34.903485349	84.885259	25.200875	995.917441	7.162338	24.237954	508.884267	80.067444	26.109161	994.704628	6.124151	11.907844	
7/16/2019 16:50:35.903485349	84.977252	25.288070	995.851127	7.377446	24.266935	511.431824	80.181358	26.290430	994.947648	5.305402	11.885004	
7/16/2019 16:50:36.903485349	84.983823	25.227160	994.146202	7.128252	24.288365	511.548791	79.825685	26.153886	994.645332	8.583020	11.911852	
7/16/2019 16:50:37.903485349	84.773553	25.297491	994.754541	7.783324	24.462090	515.422369	79.987698	26.255251	994.937395	6.373839	11.900117	
7/16/2019 16:50:38.903485349	85.095529	25.211718	995.684041	6.982196	24.270813	512.328106	79.934027	26.150668	994.557492	5.644164	11.910249	
7/16/2019 16:50:39.903485349	85.128384	25.397284	994.877076	7.268649	24.336613	512.974687	80.108735	26.219459	994.982344	14.053053	11.886554	
7/16/2019 16:50:40.903485349	84.753840	25.237928	995.297512	7.165498	24.240485	511.456137	80.219023	26.115596	994.290815	1.856957	11.920053	
7/16/2019 16:50:41.903485349	85.141525	25.209291	994.384412	7.447989	24.285018	514.303991	80.245858	26.201298	994.772912	6.637672	11.896069	
7/16/2019 16:50:42.903485349	85.075816	25.221963	995.658257	7.255058	24.240771	511.784685	80.035194	26.105531	994.314944	2.308383	11.917806	
7/16/2019 16:50:43.903485349	85.167809	25.354734	996.147372	7.672631	24.307142	513.672515	80.029332	26.141736	994.457664	4.753107	11.900353	
7/16/2019 16:50:44.903485349	84.872117	25.238827	995.069237	7.258295	24.273099	512.427981	80.162801	26.123480	994.382913	0.230983	11.918095	
7/16/2019 16:50:45.903485349	84.832691	25.324076	994.444812	7.282692	24.289263	513.754002	80.198863	26.266776	994.899077	5.284704	11.894400	
7/16/2019 16:50:46.903485349	85.056103	25.196801	994.791601	7.153525	24.218402	512.777558	80.059822	26.118813	994.675927	7.877975	11.920618	
7/16/2019 16:50:47.903485349	85.069245	25.261037	995.302242	7.616792	24.373676	514.235651	80.130998	26.183762	994.832365	8.479530	11.893520	
7/16/2019 16:50:48.903485349	84.773553	25.211644	994.308163	7.179906	24.246159	512.432581	80.082189	26.097541	994.326297	2.551518	11.919869	
7/16/2019 16:50:49.903485349	85.286086	25.328599	994.272049	7.298363	24.277670	514.033923	80.126083	26.174946	994.695482	3.286164	11.898987	
7/16/2019 16:50:50.903485349	84.944397	25.207644	994.397502	7.339275	24.219830	513.404425	80.041712	26.103869	994.146202	3.428430	11.915467	
7/16/2019 16:50:51.903485349	84.872117	25.229181	995.052836	7.438255	24.345348	517.277350	80.104162	26.187603	994.855707	9.278891	11.902128	
7/16/2019 16:50:52.903485349	85.095529	25.259615	994.330241	7.156128	24.285549	514.949256	79.925143	26.162183	994.612844	4.522807	11.916308	
7/16/2019 16:50:53.903485349	85.088958	25.317007	995.057409	7.310861	24.256975	515.614235	79.865663	26.141947	994.790103	8.154913	11.893257	
7/16/2019 16:50:54.903485349	84.891830	25.250269	995.613706	7.000804	24.249302	515.471648	79.796642	26.174427	994.505449	8.885628	11.895977	
7/16/2019 16:50:55.903485349	84.858975	25.287771	995.027051	7.172656	24.322694	517.251721	79.884272	26.235439	994.774334	5.830447	11.868471	
7/16/2019 16:50:56.903485349	85.207235	25.217439	994.896000	6.881265	24.296651	516.087347	80.044524	26.198187	994.522639	4.809959	11.898973	
7/16/2019 16:50:57.903485349	85.121813	25.292145	994.811314	7.701273	24.317877	516.685301	80.140329	26.141842	994.321882	5.366186	11.903613	
7/16/2019 16:50:58.903485349	84.937826	25.223235	994.727258	7.087605	24.235423	516.448092	80.002339	26.142159	994.715510	9.437923	11.911314	
7/16/2019 16:50:59.903485349	85.121813	25.324749	993.222458	7.625262	24.147908	515.854075	80.120169	26.196737	993.905547	-4.570430	11.867262	
7/16/2019 16:51:00.903485349	85.134954	25.275281	994.389222	6.944112	24.270527	516.096547	79.829049	26.150150	994.665045	3.450438	11.916570	
7/16/2019 16:51:01.903485349	85.069245	25.271132	994.336392	7.539428	24.388412	518.524515	80.049150	26.184905	994.540616	1.793552	11.892179	
7/16/2019 16:51:02.903485349	84.931255	25.223235	992.968004	7.505041	24.147010	517.368025	80.025521	25.941799	993.607961	0.686341	11.903297	
7/16/2019 16:51:03.903485349	85.266373	25.391862	994.839463	7.532183	24.322163	518.816918	80.076537	26.201816	994.827320	8.421367	11.895438	
7/16/2019 16:51:04.903485349	85.023248	25.223310	993.732232	7.161071	24.219259	518.912857	80.013587	26.156478	994.579570	8.472977	11.911958	
7/16/2019 16:51:05.903485349	84.832691	25.308559	993.902078	7.299248	24.330612	521.520871	80.055064	26.260448	994.844511	4.335214	11.897712	
7/16/2019 16:51:06.903485349	85.266373	25.192128	994.261719	7.211648	24.215871	518.986450	79.871130	26.099721	994.461765	7.284283	11.915808	
7/16/2019 16:51:07.903485349	85.115242	25.339292	994.551103	7.770412	24.319877	520.268443	79.962019	26.134888	994.485736	3.710610	11.901681	
7/16/2019 16:51:08.903485349	84.569853	25.197250	995.880223	7.797481	24.284977	517.796448	79.939047	26.222158	994.406413	8.493675	11.867945	
7/16/2019 16:51:09.903485349	85.305799	25.293492	995.028313	7.071488	24.273140	521.271168	79.968038	26.274036	995.282452	12.253902	11.896017	
7/16/2019 16:51:10.903485349	85.016678	25.246269	995.455452	6.842040	24.217830	521.125951	79.810992	26.193001	994.330398	8.686510	11.893033	
7/16/2019 16:51:11.903485349	84.891830	25.318504	993.935118	7.543490	24.407393	522.346181	79.974214	26.223089	994.470596	3.922562	11.888972	
7/16/2019 16:51:12.903485349	85.128384	25.323102	993.746583	7.131507	24.279875	520.442574	79.934132	26.135312	994.577520	4.211025	11.911195	
7/16/2019 16:51:13.903485349	85.253231	25.366625	995.322744	7.175145	24.317061	520.763890	79.958865	26.219459	995.037381	12.432321	11.892297	
7/16/2019 16:51:14.903485349	84.819549	25.291246	994.278673	7.260288	24.248159	519.341279	79.913815	26.110717	994.461765	1.630589	11.918660	
7/16/2019 16:51:15.903485349	85.266373	25.255391	994.033050	7.443872	24.332572	521.645059	79.946065	26.197774	994.751149	3.873574	11.907148	
7/16/2019 16:51:16.903485349	85.036390	25.238228	994.585956	7.159502	24.217545	519.219059	79.856227	26.082703	994.529420	7.006305	11.922984	
7/16/2019 16:51:17.903485349	85.075816	25.355408	995.754061	7.327740	24.293263	520.993216	79.849261	26.201404	994.855707	10.709409	11.896844	
7/16/2019 16:51:18.903485349	85.023248	25.307511	994.739086	6.991488	24.248975	519.371508	79.979971	26.121512	994.389222	1.565874	11.920986	
7/16/2019 16:51:19.903485349	85.016678	25.276254	994.587297	7.152084	24.247587	521.118067	80.103610	26.174015	994.798934	7.024382	11.900577	
7/16/2019 16:51:20.903485349	85.161238	25.286199	995.396076	7.171685	24.225178	519.872870	80.161802	26.105118	994.321410	2.554139	11.918266	
7/16/2019 16:51:21.903485349	85.161238	25.397733	995.670242	7.382320	24.385310	522.224614	80.108288	26.198081	994.726706	7.775795	11.891588	
7/16/2019 16:51:22.903485349	85.029819	25.327701	995.438813	7.342836	24.259466	520.736293	80.153575	26.139567	994.081069	1.589193	11.898605	
7/16/2019 16:51:23.903485349	85.082387	25.403828	995.505836	7.116735	24.312530	522.764089	80.133415	26.226412	995.297592	10.198510	11.873978	
7/16/2019 16:51:24.903485349	85.279515	25.212991	995.995740	7.115135	24.197462	521.656226	80.121168	26.131470	994.737587	8.828776	11.906714	
7/16/2019 16:51:25.903485349	85.042961	25.344939	995.590759	7.566862	24.361472	522.595873	80.248276	26.223089	994.652270	4.196880	11.892087	
7/16/2019 16:51:26.903485349	84.885259	25.292594	993.463743	7.324484	24.171950	521.783046	80.145191	26.089032	994.400890	5.693423	11.895281	
7/16/2019 16:51:27.903485349	85.371508	25.392461	994.791996	7.308211	24.291263	523.082122	80.135466	26.198811	994.680814	10.195889	11.870272	
7/16/2019 16:51:28.903485349	85.141525	25.243649	994.593841	7.194327	24.191421	521.880952	80.058927	26.099921	994.229155	5.827825	11.906754	
7/16/2019 16:51:29.903485349	84.983823	25.218562	994.743344	7.183138	24.181828	522.137875	80.045628	26.119225	994.540773	5.875774	11.895951	
7/16/2019 16:51:30.903485349	85.161238	25.275281	994.818804	7.068729	24.252037	522.959249	80.016952	26.194239	994.822590	7.791251	11.898579	
7/16/2019 16:51:31.903485349	85.174380	25.312259	994.655267	6.949706	24.275058	522.742407	80.069309	26.133132	994.596918	1.750846	11.913246	
7/16/2019 16:51:32.903485349	85.082387	25.223684	994.672377	6.952063	24.262037	523.226687	80.040266	26.182418	994.671826	6.668583	11.906543	
7/16/2019 16:51:33.903485349	84.891830	25.291396	994.219139	7.274445	24.237668	522.683265	80.105923	26.141535	994.321882	1.241257	11.921012	
7/16/2019 16:51:34.903485349	85.351796	25.276628	994.060175	7.002162	24.229464	523.977089	80.060031	26.152224	994.750362	7.180793	11.905373	
7/16/2019 16:51:35.903485349	85.332083	25.186706	995.604086	6.816795	24.275058	522.471022	80.140933	26.078967	994.785530	3.498387	11.895583	
7/16/2019 16:51:36.903485349	85.023248	25.276628	995.931320	7.068551	24.235097	523.789159	80.129604	26.102938	994.469810	12.944531	11.883781	
7/16/2019 16:51:37.903485349	85.200664	25.287022	994.260773	7.326267	24.238811	522.814684	80.089075	26.115490	994.264636	2.448028	11.909461	
7/16/2019 16:51:38.903485349	85.200664	25.333871	995.059854	7.129305	24.273630	523.929778	79.997134	26.149631	994.756986	4.295128	11.915059	
7/16/2019 16:51:39.903485349	84.957539	25.334395	994.769995	7.248753	24.253261	524.272124	79.927613	26.135725	994.730650	8.862309	11.897318	
7/16/2019 16:51:40.903485349	85.318941	25.360904	993.739093	7.147196	24.284120	524.597387	79.890895	26.154923	994.420131	7.572746	11.894939	
7/16/2019 16:51:41.903485349	85.240090	25.218413	994.543061	7.038409	24.216973	525.285364	79.859092	26.169654	994.612687	7.839200	11.898119	
7/16/2019 16:51:42.903485349	85.010107	25.328374	994.447809	6.936393	24.283834	524.722891	79.908400	26.150150	994.734908	1.422298	11.914192	
7/16/2019 16:51:43.903485349	85.167809	25.328749	994.149356	7.019305	24.258894	525.239368	79.910056	26.151705	994.524690	0.765201	11.915335	
7/16/2019 16:51:44.903485349	85.371508	25.276479	994.935662	6.992679	24.256649	525.826154	79.842139	26.145271	994.642810	8.144429	11.909066	
7/16/2019 16:51:45.903485349	85.148096	25.323102	994.596286	7.163620	24.240771	525.236737	79.890790	26.130433	994.422182	1.220559	11.912917	
7/16/2019 16:51:46.903485349	85.036390	25.291621	994.722527	7.136186	24.288365	525.763729	80.035194	26.157410	994.807293	5.364875	11.909106	
7/16/2019 16:51:47.903485349	84.852404	25.297491	996.522153	8.072495	24.371962	525.665822	79.804526	26.018580	994.872898	13.968950	11.870022	
7/16/2019 16:51:48.903485349	85.364937	25.308409	993.814001	7.354868	24.239668	525.142114	80.004756	26.109573	994.669775	3.517775	11.905505	
7/16/2019 16:51:49.903485349	85.332083	25.266010	994.431408	7.577111	24.179869	525.265650	79.882064	26.115596	994.444417	4.104914	11.886291	
7/16/2019 16:51:50.903485349	85.095529	25.218562	995.382672	7.093578	24.186114	526.130388	79.931819	26.112484	994.242873	5.232823	11.887737	
7/16/2019 16:51:51.903485349	85.286086	25.354734	993.565224	7.172889	24.256363	526.570641	80.105371	26.128771	995.161967	5.508451	11.893717	
7/16/2019 16:51:52.903485349	85.148096	25.313008	993.114983	7.352032	24.279058	526.269691	80.131655	26.164257	994.582250	1.997912	11.908685	
7/16/2019 16:51:53.903485349	85.115242	25.276778	994.950408	7.370575	24.217830	526.420824	80.143745	26.101276	994.360836	4.267877	11.921551	
7/16/2019 16:51:54.903485349	85.253231	25.234977	996.005518	7.241052	24.219545	527.016809	80.164405	26.099721	994.465866	7.630908	11.906609	
7/16/2019 16:51:55.903485349	85.410934	25.275356	993.238070	7.351038	24.156317	525.991739	80.269934	26.297076	994.715510	-0.343321	11.848745	
7/16/2019 16:51:56.903485349	85.312370	25.287247	994.890165	7.288638	24.203381	528.101674	80.112389	26.102938	994.461293	5.006455	11.917030	
7/16/2019 16:51:57.903485349	85.161238	25.229181	994.531470	7.074178	24.198033	529.812752	80.066445	26.108324	994.500876	8.179272	11.903784	
7/16/2019 16:51:58.903485349	85.312370	25.244922	995.044162	7.494719	24.203952	529.014376	80.227302	26.087995	994.188464	3.806237	11.892061	
7/16/2019 16:51:59.903485349	85.332083	25.296893	993.608593	7.148906	24.234240	530.578921	80.201018	26.123067	994.445996	1.466315	11.918831	
7/16/2019 16:52:00.903485349	85.200664	25.344789	994.030842	7.219750	24.272813	531.061886	80.155626	26.131989	994.667410	3.149141	11.913863	
7/16/2019 16:52:01.903485349	85.042961	25.332823	994.391510	6.934314	24.288977	531.187390	80.115963	26.158034	994.405941	2.394836	11.892468	
7/16/2019 16:52:02.903485349	85.391221	25.277526	994.199269	7.248119	24.203136	532.676373	79.935131	26.071601	994.868482	15.118868	11.910078	
7/16/2019 16:52:03.903485349	85.259802	25.229555	996.082556	6.945183	24.284691	530.392308	80.189033	26.099721	994.754935	8.307392	11.879931	
7/16/2019 16:52:04.903485349	85.062674	25.286648	996.180806	7.064972	24.274487	531.759724	80.139777	26.186778	994.912166	9.706998	11.897396	
7/16/2019 16:52:05.903485349	85.430647	25.276628	994.965468	7.023847	24.248444	531.411463	80.148004	26.143715	994.492202	7.345067	11.903310	
7/16/2019 16:52:06.903485349	85.180951	25.381318	994.685782	7.103714	24.275344	531.165707	80.086605	26.150562	994.636815	4.544815	11.901812	
7/16/2019 16:52:07.903485349	85.082387	25.287995	993.266614	7.191113	24.201707	530.676828	80.104110	26.101276	994.604170	6.527628	11.914520	
7/16/2019 16:52:08.903485349	85.378079	25.370699	994.525162	7.107621	24.302815	531.527767	80.012931	26.180862	994.759351	4.359843	11.907818	
7/16/2019 16:52:09.903485349	85.180951	25.349462	994.230021	7.149326	24.286651	531.611875	79.971350	26.169760	994.557807	3.868332	11.913469	
7/16/2019 16:52:10.903485349	85.095529	25.308035	994.422182	7.400097	24.224076	530.771450	79.975765	26.097541	994.384807	2.195719	11.922787	
7/16/2019 16:52:11.903485349	85.088958	25.449703	995.843400	6.863611	24.307060	532.513410	79.963123	26.138942	994.796569	7.783658	11.883742	
7/16/2019 16:52:12.903485349	84.996965	25.139858	994.152116	7.882004	24.422985	533.002290	79.889291	25.921976	994.179162	8.536382	11.874753	
7/16/2019 16:52:13.903485349	85.318941	25.234228	995.696264	7.119284	24.174481	533.393263	80.000945	26.136868	994.785058	7.509341	11.896082	
7/16/2019 16:52:14.903485349	85.364937	25.287621	994.606064	7.360672	24.218688	532.165149	79.988907	26.084259	994.354212	3.632789	11.919922	
7/16/2019 16:52:15.903485349	85.220377	25.243799	993.244142	7.209691	24.214442	534.309912	79.951190	26.166543	994.330713	8.533761	11.876645	
7/16/2019 16:52:16.903485349	85.102100	25.292369	994.597627	7.195590	24.232280	534.406503	79.891499	26.158034	994.387172	7.774484	11.901917	
7/16/2019 16:52:17.903485349	85.404363	25.344639	993.698484	7.149900	24.262854	535.030085	79.829549	26.172978	994.645489	7.863830	11.909040	
7/16/2019 16:52:18.903485349	85.305799	25.298315	993.857133	7.363508	24.220116	534.070725	79.825185	26.093286	994.446310	2.731248	11.920828	
7/16/2019 16:52:19.903485349	85.174380	25.404127	993.727817	6.623399	24.273385	537.509964	79.867266	25.957461	993.851610	8.910258	11.906333	
7/16/2019 16:52:20.903485349	85.213806	25.319402	994.183972	7.356286	24.224933	534.553689	79.859092	26.099721	994.310843	3.059796	11.918568	
7/16/2019 16:52:21.903485349	85.049532	25.336523	994.693431	7.271718	24.260404	535.042569	79.878148	26.157822	994.154876	1.078294	11.886108	
7/16/2019 16:52:22.903485349	85.220377	25.307586	995.008994	7.149517	24.273630	536.203658	79.768807	26.151705	994.654163	7.742262	11.915269	
7/16/2019 16:52:23.903485349	85.516069	25.292369	993.258730	7.294807	24.193747	536.319962	79.816459	26.109267	994.562065	5.314305	11.916005	
7/16/2019 16:52:24.903485349	85.489785	25.376121	995.831414	7.251438	24.207340	535.895477	79.758320	26.109785	994.407042	4.687081	11.903337	
7/16/2019 16:52:25.903485349	85.562066	25.348082	994.479822	7.189261	24.304856	537.811567	79.976160	26.309109	994.991489	13.755687	11.865935	
7/16/2019 16:52:26.903485349	85.325512	25.318729	993.587224	7.475519	24.152112	538.015926	79.709169	26.155854	994.547240	7.098001	11.888513	
7/16/2019 16:52:27.903485349	85.207235	25.429739	994.035258	7.722233	24.479927	538.377324	79.986200	26.329545	994.446625	2.290306	11.824485	
7/16/2019 16:52:28.903485349	85.062674	25.358883	994.352399	7.347988	24.251669	536.337698	79.774773	26.094641	994.110563	1.364135	11.905308	
7/16/2019 16:52:29.903485349	85.358367	25.425814	994.615841	7.376082	24.274813	537.157756	79.780188	26.279846	995.012624	8.178232	11.866789	
7/16/2019 16:52:30.903485349	85.483214	25.314280	994.288845	7.310961	24.249587	535.707547	79.688195	26.110092	994.389222	1.941060	11.913351	
7/16/2019 16:52:31.903485349	85.430647	25.340340	995.063323	7.540098	24.419557	538.564600	79.947616	26.237926	994.831893	8.601097	11.903770	
7/16/2019 16:52:32.903485349	85.292657	25.386889	994.175298	7.109003	24.252118	537.215582	79.950271	26.166437	994.639023	1.364135	11.914993	
7/16/2019 16:52:33.903485349	85.410934	25.441181	994.768025	7.608945	24.300366	537.475789	79.835515	26.179507	994.715352	5.141128	11.884504	
7/16/2019 16:52:34.903485349	85.180951	25.281526	993.947103	7.153543	24.222157	537.245811	79.804264	26.139461	994.254384	6.920892	11.889380	
7/16/2019 16:52:35.903485349	85.397792	25.336266	993.758569	7.928741	24.157786	538.503490	80.348786	26.364724	994.890717	-0.175115	11.825169	
7/16/2019 16:52:36.903485349	85.430647	25.371149	993.804460	7.168138	24.279303	538.113833	79.865163	26.169760	994.529420	7.127873	11.909421	
7/16/2019 16:52:37.903485349	85.483214	25.435085	995.144067	7.702280	24.271140	537.797105	79.956552	26.088100	994.757615	8.852095	11.892416	
7/16/2019 16:52:38.903485349	85.226948	25.370999	993.539677	7.316341	24.237383	537.501418	79.890343	26.129396	994.579885	1.692683	11.887409	
7/16/2019 16:52:39.903485349	85.358367	25.304560	994.567190	7.394230	24.239668	540.363070	79.994874	26.224338	994.897026	10.567144	11.900340	
7/16/2019 16:52:40.903485349	85.259802	25.283846	995.098570	6.902981	24.197747	539.935301	79.677917	26.227968	994.177111	11.167388	11.868379	
7/16/2019 16:52:41.903485349	85.253231	25.414222	995.274092	7.783689	24.387595	540.820406	79.855228	26.201711	994.606535	3.889030	11.897817	
7/16/2019 16:52:42.903485349	85.213806	25.176087	994.147306	7.971129	24.376207	537.437677	79.592443	26.142572	995.203286	0.566084	11.862978	
7/16/2019 16:52:43.903485349	85.345225	25.356980	995.381882	7.554715	24.223831	539.571925	79.910451	26.206801	994.953957	8.002163	11.895425	
7/16/2019 16:52:44.903485349	85.305799	25.387937	993.156854	7.309023	24.242199	538.132884	79.882958	26.115077	994.275833	2.391176	11.876935	
7/16/2019 16:52:45.903485349	85.509498	25.329347	995.374707	7.630059	24.342205	540.901230	80.026415	26.170067	994.919104	8.848163	11.906661	
7/16/2019 16:52:46.903485349	85.614633	25.292294	993.140847	6.271222	24.198850	542.124744	80.156021	26.182418	993.887885	8.555769	11.893835	
7/16/2019 16:52:47.903485349	85.516069	25.393658	994.022958	7.467006	24.264364	542.753579	79.989197	26.152637	994.923520	12.349529	11.889406	
7/16/2019 16:52:48.903485349	85.259802	25.346211	994.765502	6.997735	24.287630	542.656988	79.818248	26.161982	994.783794	7.372318	11.892455	
7/16/2019 16:52:49.903485349	85.180951	25.393584	993.754153	7.172734	24.387555	545.608664	79.856280	26.252976	994.890717	8.725285	11.888118	
7/16/2019 16:52:50.903485349	85.161238	25.387114	994.530681	7.206150	24.256935	542.208189	79.712271	26.128771	994.483685	0.851925	11.917385	
7/16/2019 16:52:51.903485349	85.555495	25.529456	994.722922	7.538406	24.343103	543.948180	79.705857	26.217903	994.634608	11.693743	11.874635	
7/16/2019 16:52:52.903485349	85.476643	25.324600	994.696349	7.423583	24.218973	541.631918	79.677313	26.119850	994.419817	3.324939	11.914218	
7/16/2019 16:52:53.903485349	85.437218	25.315628	994.410591	7.450419	24.257261	543.086726	79.861142	26.210431	994.750991	6.384052	11.896884	
7/16/2019 16:52:54.903485349	85.207235	25.330470	993.402948	7.409371	24.221831	542.217388	79.737503	26.138836	994.116079	2.900764	11.901838	
7/16/2019 16:52:55.903485349	85.437218	25.487730	995.019481	7.605120	24.372288	544.578331	79.744126	26.174734	994.738059	5.284704	11.892665	
7/16/2019 16:52:56.903485349	85.226948	25.461744	995.641541	7.358219	24.056637	542.043257	79.889634	26.269888	994.098417	0.070641	11.898698	
7/16/2019 16:52:57.903485349	85.397792	25.400427	995.790095	7.522891	24.264364	543.079495	79.879804	26.239588	995.087531	3.742833	11.876816	
7/16/2019 16:52:58.903485349	85.213806	25.324300	994.695797	7.255610	24.192033	543.605834	79.722206	26.113003	994.621361	7.302360	11.913338	
7/16/2019 16:52:59.903485349	85.555495	25.346735	993.574450	7.894060	24.361227	545.280769	79.795538	26.211775	994.311472	1.757398	11.889774	
7/16/2019 16:53:00.903485349	85.378079	25.324824	994.542115	7.348873	24.215871	543.016417	79.612156	26.103869	994.424547	4.741312	11.922892	
7/16/2019 16:53:01.903485349	85.424076	25.472213	993.873454	7.742471	24.284773	543.986945	79.749489	26.214686	994.695639	6.840721	11.842411	
7/16/2019 16:53:02.903485349	85.036390	25.366101	995.072311	7.239711	24.268813	544.613159	79.663567	26.151187	994.479113	4.932837	11.886646	
7/16/2019 16:53:03.903485349	85.338654	25.320525	994.019803	7.552992	24.273956	545.510094	79.806971	26.182206	994.641545	4.582280	11.901050	
7/16/2019 16:53:04.903485349	85.345225	25.408277	994.650851	6.981203	24.288937	545.627715	79.669638	26.144340	994.702420	4.521496	11.914520	
7/16/2019 16:53:05.903485349	85.660630	25.451724	993.708971	7.605635	24.280813	545.565942	79.718946	26.151906	994.573576	1.960448	11.894308	
7/16/2019 16:53:06.903485349	85.384650	25.339891	994.106224	7.420478	24.168521	544.805688	79.675657	26.090281	994.496460	5.481200	11.920802	
7/16/2019 16:53:07.903485349	85.226948	25.388312	993.757622	7.334747	24.334286	548.286324	80.128685	26.223713	994.869111	6.761860	11.892639	
7/16/2019 16:53:08.903485349	85.213806	25.367149	995.656758	7.265787	24.240526	545.348447	80.047679	26.133544	994.424704	0.951484	11.912917	
7/16/2019 16:53:09.903485349	85.516069	25.482682	995.069394	7.624889	24.322694	546.497705	80.102559	26.164775	994.586665	2.987488	11.901378	
7/16/2019 16:53:10.903485349	85.404363	25.292594	994.707230	7.332066	24.206197	545.707223	80.003495	26.137386	994.529420	6.960977	11.918647	
7/16/2019 16:53:11.903485349	85.233519	25.410672	994.391036	7.333174	24.305427	546.931390	80.077274	26.270925	995.094155	5.244618	11.892074	
7/16/2019 16:53:12.903485349	85.332083	25.324600	995.052126	7.387718	24.213585	544.889796	80.111785	26.083327	994.371717	4.002734	11.917135	
7/16/2019 16:53:13.903485349	85.516069	25.435310	993.555132	7.856531	24.361186	546.903793	80.127187	26.182724	994.479584	2.391176	11.870653	
7/16/2019 16:53:14.903485349	85.325512	25.350285	995.815013	7.071492	24.194604	547.068724	80.138620	26.022834	994.100310	11.446676	11.910486	
7/16/2019 16:53:15.903485349	85.259802	25.423943	993.636505	7.351922	24.289508	546.962271	80.125978	26.230666	994.976035	10.731418	11.848325	
7/16/2019 16:53:16.903485349	85.299228	25.308185	994.797673	7.276127	24.225749	546.726378	80.016637	26.117363	994.684758	9.115928	11.916702	
7/16/2019 16:53:17.903485349	85.496356	25.162218	992.502623	7.155184	24.403147	550.199130	80.119065	26.045450	994.477848	6.245719	11.853568	
7/16/2019 16:53:18.903485349	85.299228	25.472138	994.867693	7.517930	24.259751	546.899193	79.770910	26.130645	994.627670	0.580229	11.920053	
7/16/2019 16:53:19.903485349	85.417505	25.419569	994.961999	7.563232	24.256975	547.897319	79.862351	26.137386	994.800827	11.632959	11.894190	
7/16/2019 16:53:20.903485349	85.509498	25.351333	995.006629	7.394754	24.220116	546.766458	79.904379	26.113521	994.621361	2.279822	11.907647	
7/16/2019 16:53:21.903485349	85.318941	25.361952	994.597232	7.265595	24.263180	547.967628	79.949167	26.118707	994.496932	1.115758	11.909540	
7/16/2019 16:53:22.903485349	85.286086	25.462044	994.448913	8.707380	24.476539	552.086960	80.195156	26.223078	994.674662	7.499127	11.900800	
7/16/2019 16:53:23.903485349	85.516069	25.346511	994.216380	7.293143	24.249587	547.850008	80.016637	26.117776	994.291130	1.358893	11.916820	
7/16/2019 16:53:24.903485349	85.647488	25.453222	995.103695	7.457930	24.278854	549.187195	79.890343	26.262829	995.418234	19.389994	11.876632	
7/16/2019 16:53:25.903485349	85.220377	25.386815	994.133822	7.058927	24.272242	547.909149	79.825185	26.170279	994.437007	4.458091	11.892192	
7/16/2019 16:53:26.903485349	85.384650	25.395305	995.884639	7.711039	24.489846	551.878664	80.028832	26.240932	995.173478	3.419527	11.885096	
7/16/2019 16:53:27.903485349	85.522640	25.287247	994.976035	7.205379	24.239913	548.848796	79.881617	26.143821	994.630035	8.333333	11.914349	
7/16/2019 16:53:28.903485349	85.456931	25.566958	995.366348	7.313632	24.327877	549.236475	80.092833	26.117670	994.054733	4.133475	11.853884	
7/16/2019 16:53:29.903485349	85.213806	25.413923	995.547470	7.158098	24.316979	548.848796	79.916522	26.160214	994.645018	7.039838	11.884123	
7/16/2019 16:53:30.903485349	85.654059	25.363075	994.883857	7.599940	24.315020	550.581557	80.092676	26.217385	994.932508	6.662301	11.895675	
