
Time stamp	Inside_humidity (in %rH)	Inside_temperature (in °C)	Inside_pressure (in mbar)	Soil_moisture (in %VWC)	Soil_temperature (in °C)	Inside_CO2_ratio (in ppm)	Outside_humidity (in %rH)	Outside_temperature (in °C)	Outside_pressure (in mbar)	Outside_PAR (in µmol m^-2 s^-1)	Power_box_charge (in V)	
7/16/2019 15:01:00.541417749	76.395600	27.002364	994.993934	6.123485	24.126641	512.385269	78.776884	26.650469	995.166225	5.606699	11.985158	
7/16/2019 15:01:01.541417749	76.408742	27.147400	996.074434	6.339728	24.170521	512.253850	78.882466	26.686155	995.149192	1.969351	11.983357	
7/16/2019 15:01:02.541417749	76.106478	27.046710	996.462225	6.844262	24.068760	510.343675	78.672353	26.629397	994.929986	5.377710	11.973041	
7/16/2019 15:01:03.541417749	76.566444	27.041438	995.145328	6.068457	24.142153	512.976002	78.562960	26.772069	995.549758	8.414814	11.976103	
7/16/2019 15:01:04.541417749	76.461309	27.109674	995.476031	6.054574	24.194850	512.218370	78.695825	26.649526	995.052678	-2.503514	12.009562	
7/16/2019 15:01:05.541417749	76.605870	27.020425	995.993847	6.688549	24.082680	509.175355	78.824432	26.802781	994.899706	0.254302	11.962948	
7/16/2019 15:01:06.541417749	76.546731	27.067872	994.642887	6.129307	24.102477	511.411457	78.695273	26.616846	995.158023	5.296228	12.010075	
7/16/2019 15:01:07.541417749	76.665008	27.085185	996.078141	6.045186	24.196319	512.710533	78.722161	26.792198	995.429273	6.010176	11.948505	
7/16/2019 15:01:08.541417749	76.612441	27.094457	994.689173	6.119003	24.123458	511.613185	78.632376	26.611448	995.087846	5.126712	12.000324	
7/16/2019 15:01:09.541417749	76.730718	27.141904	995.174582	6.051373	24.193176	513.723773	78.862306	26.689266	995.090054	-0.098876	11.988207	
7/16/2019 15:01:10.541417749	76.888421	27.357154	997.487216	6.657914	24.393514	516.454660	78.632743	26.703892	995.243655	3.762220	11.962541	
7/16/2019 15:01:11.541417749	76.802998	27.041663	996.376436	5.968328	24.141010	514.027355	78.579965	26.628985	994.980450	4.432151	11.979743	
7/16/2019 15:01:12.541417749	76.947559	27.267083	995.490776	6.750083	24.307958	515.195012	78.728390	26.640287	995.040690	1.176542	11.975131	
7/16/2019 15:01:13.541417749	76.940988	27.051608	994.698162	6.149788	24.125703	513.575272	78.625462	26.554384	994.936766	5.232823	12.009155	
7/16/2019 15:01:14.541417749	77.092120	27.330346	995.053545	6.605841	24.256649	515.813332	78.704366	26.581148	995.064346	2.225591	11.985368	
7/16/2019 15:01:15.541417749	77.190684	27.009058	994.886459	6.069706	24.143255	515.172014	78.570135	26.580429	995.203915	5.852455	12.005764	
7/16/2019 15:01:16.541417749	77.446951	27.230778	995.733954	6.365361	24.224647	514.903261	78.675875	26.543176	995.094626	2.484181	11.986025	
7/16/2019 15:01:17.541417749	77.302390	27.119170	995.164095	5.939823	24.189176	514.634507	78.572843	26.527302	994.943861	-1.433766	12.006894	
7/16/2019 15:01:18.541417749	77.446951	27.182657	994.580042	6.484844	24.196033	515.484131	78.610717	26.566417	995.414447	11.145379	11.970675	
7/16/2019 15:01:19.541417749	77.295819	27.067723	994.235541	6.179748	24.106722	514.209369	78.561409	26.499912	995.142569	6.444836	12.004227	
7/16/2019 15:01:20.541417749	77.414096	27.114496	995.536431	6.308117	24.205095	515.161499	78.514913	26.603564	995.401201	6.384052	11.967193	
7/16/2019 15:01:21.541417749	77.236681	27.045961	995.221577	6.196968	24.123417	514.622024	78.552026	26.506241	995.075071	5.525218	11.987142	
7/16/2019 15:01:22.541417749	77.427238	27.200569	994.576888	6.365032	24.213340	514.711384	78.640208	26.540477	995.348528	2.132314	11.959203	
7/16/2019 15:01:23.541417749	77.676934	27.056730	995.486518	6.114534	24.157990	515.636580	78.543299	26.550235	995.182152	4.397308	11.997472	
7/16/2019 15:01:24.541417749	77.808353	27.157645	996.809172	6.401999	24.238240	516.578195	78.559805	26.583647	995.499293	7.347688	11.974500	
7/16/2019 15:01:25.541417749	77.722931	27.040615	996.056220	6.253578	24.120600	515.927015	78.592003	26.486631	995.280559	6.509551	11.995132	
7/16/2019 15:01:26.541417749	77.966055	27.237023	993.530214	6.127939	24.287263	515.053731	78.672958	26.522010	995.915628	2.263055	11.948781	
7/16/2019 15:01:27.541417749	77.703218	27.025997	995.623089	5.898223	24.175257	515.934899	78.516069	26.481032	994.929986	1.115758	11.977838	
7/16/2019 15:01:28.541417749	77.736072	27.089110	995.277010	6.156886	24.183543	516.362669	78.535677	26.657422	995.048106	-1.801090	11.934575	
7/16/2019 15:01:29.541417749	77.591512	27.127361	994.919813	6.211828	24.177297	514.575366	78.534521	26.439737	994.669932	0.946242	11.989534	
7/16/2019 15:01:30.541417749	77.676934	27.179780	995.370606	6.227197	24.172236	515.375710	78.607301	26.554902	995.116390	1.106584	11.983384	
7/16/2019 15:01:31.541417749	77.598083	27.088436	995.713689	6.310935	24.106150	515.218009	78.582673	26.449071	994.967518	5.544605	12.003386	
7/16/2019 15:01:32.541417749	77.768927	27.094756	996.277320	6.336025	24.161990	516.114945	78.786714	26.573169	995.562847	9.073221	11.961108	
7/16/2019 15:01:33.541417749	77.775498	27.047234	996.697203	6.116258	24.248118	514.967654	78.825141	26.506866	995.063403	-2.155578	11.972936	
7/16/2019 15:01:34.541417749	77.821495	27.043684	995.933999	5.909877	24.200850	515.478216	78.924152	26.521491	995.134052	5.724335	11.958072	
7/16/2019 15:01:35.541417749	77.722931	27.078192	994.880388	6.253943	24.121743	515.269920	78.786872	26.437451	995.216847	5.379020	12.007906	
7/16/2019 15:01:36.541417749	77.867491	27.121340	995.363194	6.227808	24.248404	517.795795	78.978376	26.544425	995.061824	2.164807	11.968284	
7/16/2019 15:01:37.541417749	77.959484	27.051084	995.351840	6.130378	24.140438	516.695816	78.785820	26.493996	995.188775	2.671775	12.002466	
7/16/2019 15:01:38.541417749	78.150042	27.059200	995.336305	6.302368	24.147255	519.223006	78.916687	26.460691	995.013724	4.226481	11.965944	
7/16/2019 15:01:39.541417749	78.150042	27.030071	994.599203	6.163790	24.144969	518.023805	78.767763	26.490885	995.377072	1.849094	12.000389	
7/16/2019 15:01:40.541417749	78.196038	27.105749	994.650220	6.461705	24.198564	520.171852	78.958768	26.487043	995.096520	3.943261	11.979520	
7/16/2019 15:01:41.541417749	78.189468	27.094606	994.028634	6.307196	24.095089	518.230132	78.730598	26.434233	995.142569	3.362404	11.986419	
7/16/2019 15:01:42.541417749	78.222322	27.111320	994.944256	6.523526	24.210442	519.272286	78.942971	26.461210	995.125378	1.415745	11.992951	
7/16/2019 15:01:43.541417749	78.235464	27.157944	995.026657	6.185857	24.165378	519.174379	78.860808	26.420020	994.735537	-1.455775	12.012072	
7/16/2019 15:01:44.541417749	78.235464	27.147625	995.489987	6.373007	24.275344	522.048515	78.931932	26.499806	995.020662	-0.530914	11.996815	
7/16/2019 15:01:45.541417749	78.307745	27.158019	994.711803	6.292219	24.165378	519.577835	78.699898	26.408813	994.781271	0.617694	12.014214	
7/16/2019 15:10:48.541417749	76.113049	25.927213	993.569168	8.776193	24.154357	484.632854	79.122936	26.433821	994.715352	-0.122195	11.954682	
7/16/2019 15:10:49.541417749	75.968488	25.852882	994.841514	8.377349	24.103579	483.761548	78.993882	26.368036	994.418081	0.272379	12.000166	
7/16/2019 15:10:50.541417749	76.132762	25.833142	994.312736	8.444161	24.103620	484.456755	78.808397	26.413173	995.019562	6.665962	11.947835	
7/16/2019 15:10:51.541417749	76.237897	25.853706	994.842380	8.239699	24.112110	482.502552	78.870586	26.364194	994.488258	-0.392581	11.998536	
7/16/2019 15:10:52.541417749	76.474451	25.907548	995.274092	8.570190	24.141010	483.695838	79.044137	26.468269	994.831422	-1.966674	11.972765	
7/16/2019 15:10:53.541417749	76.487593	25.880290	995.516955	8.240064	24.130233	482.934921	78.790236	26.366893	994.288765	-2.299154	11.984895	
7/16/2019 15:10:54.541417749	76.375887	25.886984	994.852947	7.859991	24.268242	483.825942	78.523140	26.524921	995.869264	8.729217	11.937374	
7/16/2019 15:10:55.541417749	76.415313	25.837216	994.526818	8.502799	24.102722	482.783789	78.898315	26.382249	994.536043	1.317497	12.000192	
7/16/2019 15:10:56.541417749	76.737289	25.902201	996.248144	8.224707	24.177828	485.185475	78.880521	26.502093	995.271570	6.571646	11.961148	
7/16/2019 15:10:57.541417749	76.783285	25.848883	995.767151	8.806994	24.084884	481.579988	78.557545	26.578979	995.617256	7.228742	11.928372	
7/16/2019 15:10:58.541417749	76.921275	25.875841	995.346241	8.360886	24.195095	486.574574	78.647383	26.545050	994.837888	8.116138	11.958953	
7/16/2019 15:10:59.541417749	76.717576	25.879990	994.432512	8.423347	24.097905	482.902725	78.905438	26.373952	994.518381	0.186966	11.999141	
7/16/2019 15:11:00.541417749	76.901562	25.865223	995.669453	8.371325	24.198809	487.260583	78.868483	26.534773	994.967675	8.712451	11.978377	
7/16/2019 15:11:01.541417749	77.006698	25.895806	993.993782	8.148224	24.121457	485.610614	78.686204	26.442636	995.063717	6.038738	11.986130	
7/16/2019 15:11:02.541417749	77.210397	25.864699	994.706598	8.607134	24.189992	486.716508	78.858443	26.455400	994.556071	3.330182	11.966693	
7/16/2019 15:11:03.541417749	77.006698	25.911846	994.200688	8.375161	24.093986	484.626286	78.796859	26.368554	994.660315	-1.909822	11.966312	
7/16/2019 15:11:04.541417749	77.111833	25.864998	994.841119	8.648882	24.195666	487.338775	78.740375	26.447928	994.888824	5.258764	11.987510	
7/16/2019 15:11:05.541417749	77.243252	25.938356	993.380633	8.513603	24.112926	485.483794	78.514808	26.381318	994.306270	-2.661235	11.985250	
7/16/2019 15:11:06.541417749	77.473235	25.947445	994.990543	8.786073	24.216280	487.700835	78.844354	26.447303	994.800827	-0.237210	11.958191	
7/16/2019 15:11:07.541417749	77.131546	25.927962	994.373373	8.340355	24.123417	485.798543	78.764399	26.408294	994.472489	-1.824409	11.995132	
7/16/2019 15:11:08.541417749	77.552086	25.913269	993.094166	9.106661	24.343879	486.238796	78.604751	26.550235	994.696111	-2.976948	11.958270	
7/16/2019 15:11:09.541417749	77.650650	25.933758	995.275196	8.764636	24.130805	485.510076	78.491231	26.390133	994.590924	-0.856841	11.996381	
7/16/2019 15:11:10.541417749	77.617795	25.992871	993.645654	9.097895	24.133948	487.083821	78.515859	26.445642	994.901914	-2.145094	11.960845	
7/16/2019 15:11:11.541417749	77.788640	25.880664	995.116942	8.334972	24.087741	485.977273	78.594763	26.422507	994.914846	6.651817	11.978377	
7/16/2019 15:11:12.541417749	77.709789	25.981729	995.681991	8.586081	24.197421	487.196841	78.645175	26.485381	994.956636	6.382742	11.982135	
7/16/2019 15:11:13.541417749	77.578370	25.986851	995.887478	8.238975	24.143255	485.071139	78.529054	26.444922	994.553548	-2.830751	11.986761	
7/16/2019 15:11:14.541417749	77.893775	25.896779	995.131292	9.211958	24.255751	484.654537	78.532313	26.488186	994.842618	7.514583	11.946757	
7/16/2019 15:11:15.541417749	77.887204	25.955070	994.963497	8.160618	24.155214	485.324778	78.321990	26.406538	994.949384	1.071741	11.982451	
7/16/2019 15:11:16.541417749	77.736072	26.039271	995.880380	8.854174	24.229709	487.144931	78.490128	26.471062	994.842618	6.854866	11.968599	
7/16/2019 15:11:17.541417749	77.867491	26.023530	994.765974	8.218337	24.172440	485.598131	78.629564	26.432466	994.712673	-1.135090	11.989495	
7/16/2019 15:11:18.541417749	78.169755	26.028353	994.666858	8.893545	24.144398	486.452354	78.798253	26.402378	994.678449	2.485492	11.986327	
7/16/2019 15:11:19.541417749	77.893775	25.976831	995.863665	8.180797	24.172726	486.855811	78.647883	26.448034	994.831422	4.019500	11.989205	
7/16/2019 15:11:20.541417749	78.058049	26.108330	995.940703	8.792902	24.186645	488.547828	78.654006	26.436826	994.720082	0.820743	11.976064	
7/16/2019 15:11:21.541417749	78.314315	25.935928	996.024127	8.525248	24.189461	487.962358	78.684996	26.497838	995.004736	6.588412	11.969861	
7/16/2019 15:11:22.541417749	77.972626	25.981205	996.627498	7.889135	24.157419	489.684604	78.331373	26.453325	994.984866	4.252421	11.985841	
7/16/2019 15:11:23.541417749	78.228893	26.009735	995.051337	7.758848	24.271058	492.588969	78.621941	26.519936	995.077279	2.783128	11.970058	
7/16/2019 15:11:24.541417749	78.268319	25.918615	994.758247	7.551150	24.093129	489.844936	78.551317	26.410368	994.923520	4.429530	11.992373	
7/16/2019 15:11:25.541417749	78.215751	25.962512	994.328191	8.041292	24.200238	488.790953	78.771207	26.467433	994.868954	0.638392	11.971950	
7/16/2019 15:11:26.541417749	78.380025	25.998143	994.599283	7.636111	24.149745	488.737073	78.488866	26.467126	994.979664	1.048422	11.949215	
7/16/2019 15:11:27.541417749	78.196038	26.056658	994.327087	8.565254	24.250649	491.571129	78.681080	26.485593	994.810130	1.314875	11.948702	
7/16/2019 15:11:28.541417749	78.340599	26.035197	993.718591	7.998041	24.134193	488.915804	78.481953	26.428423	994.566638	-0.842696	11.976786	
7/16/2019 15:11:29.541417749	78.544299	26.014109	996.034062	8.111871	24.248077	491.057936	78.551421	26.467538	994.904436	0.691583	11.974447	
7/16/2019 15:11:30.541417749	78.327457	26.055161	995.183808	7.679711	24.147500	488.078663	78.373506	26.400198	994.649905	-1.857942	11.995435	
7/16/2019 15:11:31.541417749	78.465447	25.983525	994.560172	8.318455	24.190890	487.838822	78.436456	26.402790	994.696426	0.678477	11.985210	
7/16/2019 15:11:32.541417749	78.537728	26.056284	994.698399	7.702791	24.096477	487.052276	78.331478	26.382461	994.167808	-0.913693	11.974789	
7/16/2019 15:11:33.541417749	78.800565	26.109153	993.863047	7.835825	24.416128	489.607727	78.047377	26.384842	995.048420	12.657379	11.963395	
7/16/2019 15:11:34.541417749	78.485160	26.014259	996.252954	7.343957	24.172726	487.794142	78.415535	26.418983	995.013253	0.390015	11.966575	
7/16/2019 15:11:35.541417749	78.780853	26.030823	996.292065	8.093308	24.220075	489.310061	78.510392	26.434540	994.628613	4.379231	11.969572	
7/16/2019 15:11:36.541417749	78.629721	26.020054	996.282207	7.560000	24.150357	488.915804	78.179138	26.439006	995.078857	4.100982	11.979060	
7/16/2019 15:11:37.541417749	78.846562	26.036095	996.423903	8.068210	24.190033	490.188598	78.578152	26.438794	994.788052	4.390755	11.969558	
7/16/2019 15:11:38.541417749	79.004265	26.019980	994.750125	7.507945	24.141826	488.897405	78.447495	26.452394	994.684758	-0.101497	11.994199	
7/16/2019 15:11:39.541417749	78.767711	25.988797	994.421235	8.239463	24.119743	489.848220	78.497303	26.435164	994.792625	4.133475	11.959636	
7/16/2019 15:11:40.541417749	79.017407	26.019755	994.004901	7.544019	24.128233	489.329775	78.325959	26.430603	995.028236	4.164387	11.978298	
7/16/2019 15:11:41.541417749	78.931984	26.015756	994.341832	8.064667	24.171624	489.759513	78.372954	26.430286	994.853814	6.010176	11.981399	
7/16/2019 15:11:42.541417749	78.800565	26.060882	994.792862	7.563830	24.122560	489.021594	78.250866	26.370110	994.575626	-0.790815	11.995185	
7/16/2019 15:11:43.541417749	79.148825	26.182885	993.251474	8.605508	24.167909	491.412766	78.536519	26.429873	994.774963	0.813150	11.958546	
7/16/2019 15:11:44.541417749	78.754569	26.088739	995.179392	7.684211	24.162807	490.107774	78.560542	26.442330	994.547240	1.763680	11.965734	
7/16/2019 15:11:45.541417749	78.938555	26.168043	995.988250	7.898105	24.269058	492.249907	78.541144	26.453738	994.912638	0.741882	11.966233	
7/16/2019 15:11:46.541417749	79.207964	26.051162	993.448288	7.816767	24.096803	490.016436	78.463844	26.346763	994.490466	1.539933	11.997419	
7/16/2019 15:11:47.541417749	79.063403	26.057482	995.352786	8.083218	24.183502	492.113888	78.437113	26.418253	994.842775	5.579448	11.980992	
7/16/2019 15:11:48.541417749	79.063403	26.108929	994.914846	7.640400	24.122274	490.594023	78.375110	26.350605	994.614895	-1.489308	11.997695	
7/16/2019 15:11:49.541417749	79.273673	26.141084	994.978320	8.331262	24.199380	492.308385	78.369695	26.433503	994.558750	0.049942	11.986262	
7/16/2019 15:11:50.541417749	78.997694	26.061706	995.686249	7.904740	24.107253	490.253645	78.410619	26.319162	994.975878	1.853026	11.935744	
7/16/2019 15:11:51.541417749	79.253960	26.081970	994.996142	8.181408	24.185012	492.304439	78.543485	26.367824	994.701313	3.577248	11.951081	
7/16/2019 15:11:52.541417749	79.339383	26.057182	994.670564	7.875393	24.092272	491.457446	78.440267	26.367517	994.258956	1.296799	11.970675	
7/16/2019 15:11:53.541417749	79.181680	26.104405	994.328428	8.222496	24.129376	493.411649	78.484161	26.370004	994.400890	1.157154	11.964302	
7/16/2019 15:11:54.541417749	79.253960	26.057108	996.266438	7.664460	24.107538	493.070618	78.316076	26.420126	994.859808	5.560061	11.984120	
7/16/2019 15:11:55.541417749	79.319670	26.146805	995.306895	8.009691	24.211259	493.031190	78.364228	26.406738	994.792468	-1.964053	11.985132	
7/16/2019 15:11:56.541417749	79.411663	26.036394	994.748469	7.814402	24.079496	492.905686	78.189572	26.379762	994.408935	4.802095	11.998431	
7/16/2019 15:11:57.541417749	79.188251	26.152302	995.699338	8.071947	24.230239	493.796707	78.202162	26.446997	994.908380	3.881166	11.979191	
7/16/2019 15:11:58.541417749	79.306528	26.042265	994.562694	7.777761	24.101620	493.787507	78.307193	26.368554	995.039432	4.327350	11.974736	
7/16/2019 15:11:59.541417749	79.437947	26.167968	996.412313	7.999896	24.225137	494.435404	78.526137	26.452807	994.777170	1.664122	11.965458	
7/16/2019 15:12:00.541417749	79.608791	26.146955	994.916107	7.662126	24.145826	494.513596	78.506976	26.392832	994.669932	-1.266871	11.993463	
7/16/2019 15:12:01.541417749	79.391950	26.094834	995.083587	7.912958	24.176155	495.062270	78.449098	26.429354	995.052993	5.539363	11.979441	
7/16/2019 15:12:02.541417749	79.451089	26.088365	995.164332	7.630497	24.135867	495.016274	78.395479	26.408918	994.684601	2.515364	11.990993	
7/16/2019 15:12:03.541417749	79.700785	26.120670	995.494088	8.139426	24.200768	496.522341	78.416848	26.446997	994.789945	6.258553	11.984093	
7/16/2019 15:12:04.541417749	79.391950	26.110501	995.158023	7.818107	24.097374	494.348664	78.310557	26.325078	994.498983	2.173710	11.995054	
7/16/2019 15:12:05.541417749	79.621933	26.136411	994.507657	8.176018	24.177297	495.737764	78.354897	26.357653	994.611108	1.978525	11.986380	
7/16/2019 15:12:06.541417749	79.543082	26.083692	995.154712	7.716492	24.101293	496.111654	78.154010	26.382461	994.840253	4.989689	11.990428	
7/16/2019 15:12:07.541417749	79.608791	26.215640	995.416655	7.827454	24.260037	497.065100	78.223084	26.444816	994.641545	2.852815	11.932446	
7/16/2019 15:12:08.541417749	79.628504	26.205395	994.160001	7.884760	24.084027	495.994034	78.383179	26.357040	995.037381	-1.904580	11.964315	
7/16/2019 15:12:09.541417749	79.713927	26.158846	993.654405	8.302334	24.176726	495.469010	78.599968	26.384217	994.974299	0.948863	11.973015	
7/16/2019 15:12:10.541417749	79.648217	26.068849	994.915398	7.693964	24.080639	495.595177	78.453357	26.406844	994.844511	5.927384	11.996552	
7/16/2019 15:12:11.541417749	79.799349	26.168417	995.292307	7.957580	24.176400	495.885613	78.418504	26.462871	994.479427	0.761270	11.948847	
7/16/2019 15:12:12.541417749	79.779636	26.131663	995.537929	7.858989	24.085455	494.275071	78.357158	26.364406	994.691224	2.256503	11.990520	
7/16/2019 15:12:13.541417749	79.641646	26.220837	994.941182	8.082914	24.234770	496.455316	78.365936	26.427386	994.950013	1.506400	11.982319	
7/16/2019 15:12:14.541417749	79.779636	26.126765	994.169779	7.909006	24.090558	493.702084	78.295811	26.343239	994.472332	1.642113	12.000218	
7/16/2019 15:12:15.541417749	79.963622	26.216837	995.217714	8.006819	24.267099	496.467799	78.271788	26.450627	994.926042	4.125612	11.975893	
7/16/2019 15:12:16.541417749	79.687643	26.106052	993.454911	7.718817	24.048923	495.320509	78.346566	26.325597	994.437951	2.442785	11.967745	
7/16/2019 15:12:17.541417749	79.878200	26.168342	995.309497	7.720157	24.080353	495.721997	78.504716	26.337842	994.413351	4.452849	11.973330	
7/16/2019 15:12:18.541417749	80.049045	26.170138	995.299325	7.804295	24.094272	497.766875	78.664574	26.497532	995.315097	10.486972	11.961568	
7/16/2019 15:12:19.541417749	80.088470	26.131364	994.700212	7.747067	24.089701	496.486197	78.444183	26.365961	994.592345	4.392066	11.993148	
7/16/2019 15:12:20.541417749	79.792778	26.282346	995.846160	7.619380	24.195747	497.688020	78.645570	26.583234	994.800827	-2.348143	11.898027	
7/16/2019 15:12:21.541417749	79.871629	26.210368	993.255970	7.633944	24.136152	498.052711	78.404758	26.379762	994.660944	-1.961432	11.985552	
7/16/2019 15:12:22.541417749	80.252744	26.174737	994.823062	7.981628	24.097089	499.495037	78.507685	26.450320	994.958373	10.507670	11.969296	
7/16/2019 15:12:23.541417749	79.884771	26.153350	994.520509	7.789830	24.080353	498.564589	78.432145	26.335662	994.540302	3.156734	11.994594	
7/16/2019 15:12:24.541417749	80.029332	26.260285	995.494955	7.817195	24.195707	500.046994	78.399291	26.497426	994.944969	8.141808	11.936375	
7/16/2019 15:12:25.541417749	80.147609	26.147479	994.257304	7.732469	24.093089	500.321663	78.264560	26.372396	994.768025	6.098211	11.988075	
7/16/2019 15:12:26.541417749	80.233031	26.180158	995.122067	7.978616	24.086639	499.868264	78.422210	26.436414	994.942604	4.923663	11.958611	
7/16/2019 15:12:27.541417749	79.779636	26.164492	995.686801	7.566761	24.138724	498.862907	78.524324	26.393456	993.958534	0.112037	11.957192	
7/16/2019 15:12:28.541417749	80.016190	26.259087	994.747208	7.766396	24.147255	500.183013	78.579256	26.429566	994.943233	3.250010	11.949425	
7/16/2019 15:12:29.541417749	80.147609	26.226183	994.883147	7.570801	24.145500	500.263837	78.488524	26.418983	995.050471	0.705728	11.992228	
7/16/2019 15:12:30.541417749	80.147609	26.248993	994.985890	7.739477	24.162848	501.200853	78.439268	26.452913	995.177579	4.649616	11.961161	
7/16/2019 15:12:31.541417749	79.963622	26.159071	994.800747	7.601034	24.197666	498.551443	78.218616	26.433715	995.297749	1.730148	11.939424	
7/16/2019 15:12:32.541417749	80.338166	26.222408	994.217798	7.980886	24.128560	501.840865	78.283721	26.417427	995.223471	6.034806	11.951317	
7/16/2019 15:12:33.541417749	80.127896	26.178961	995.420756	7.802284	24.097905	501.452523	78.385992	26.379349	994.951906	5.913239	11.977746	
7/16/2019 15:12:34.541417749	80.167322	26.280325	995.413186	7.858083	24.176155	502.843591	78.555575	26.450214	995.151243	6.121530	11.963539	
7/16/2019 15:12:35.541417749	80.233031	26.227606	994.898050	7.743907	24.134193	502.010397	78.563907	26.361707	994.553234	-2.255137	11.991637	
7/16/2019 15:12:36.541417749	80.141038	26.101753	993.882365	8.229939	24.253506	502.458533	78.534021	26.412030	995.365090	3.302931	11.945417	
7/16/2019 15:12:37.541417749	80.062187	26.226707	994.295388	7.522006	24.155704	503.075548	78.351638	26.421163	995.045898	2.673085	11.971648	
7/16/2019 15:12:38.541417749	80.344737	26.343438	995.591943	7.951829	24.147255	503.182653	78.433749	26.433196	994.930143	5.526528	11.952264	
7/16/2019 15:12:39.541417749	80.213318	26.221735	994.840805	7.745385	24.119457	502.444734	78.294655	26.368554	994.249811	-0.771428	11.981820	
7/16/2019 15:12:40.541417749	80.311882	26.348411	994.890875	7.747472	24.192604	504.964694	78.252575	26.433715	995.103143	2.429951	11.965143	
7/16/2019 15:12:41.541417749	80.430159	26.207266	994.557964	7.780232	24.077536	503.576910	78.447285	26.327777	994.540459	3.424498	11.994975	
7/16/2019 15:12:42.541417749	80.239602	26.260210	995.832281	8.092875	24.091741	503.990218	78.668332	26.381106	994.460186	4.970301	11.938320	
7/16/2019 15:12:43.541417749	80.338166	26.232578	994.756986	7.605420	24.091129	504.519841	78.628460	26.354235	994.774648	-1.160760	11.966667	
7/16/2019 15:12:44.541417749	80.568149	26.253965	995.739868	7.895706	24.135907	504.663091	78.516017	26.418983	994.912324	9.868651	11.968704	
7/16/2019 15:12:45.541417749	80.364450	26.221136	995.197764	7.671012	24.122764	504.470562	78.436666	26.423851	994.873212	2.585051	11.967114	
7/16/2019 15:12:46.541417749	80.390734	26.386736	993.735387	7.966839	24.096558	505.529798	78.358866	26.399161	995.273778	7.055294	11.944470	
7/16/2019 15:12:47.541417749	80.410447	26.248544	996.338429	7.677851	24.161093	504.545470	78.302882	26.417427	994.737430	4.110156	11.978863	
7/16/2019 15:12:48.541417749	80.647001	26.280325	994.090375	8.097993	24.135091	505.073115	78.484608	26.372290	994.700212	3.939329	11.974355	
7/16/2019 15:12:49.541417749	80.252744	26.301712	994.760612	7.685192	24.136479	505.027119	78.610298	26.363157	994.693903	-1.638126	11.991308	
7/16/2019 15:12:50.541417749	80.627288	26.285522	994.592974	8.115298	24.124029	505.459488	78.607248	26.369697	994.750520	9.846643	11.974171	
7/16/2019 15:12:51.541417749	80.620717	26.185056	995.198395	7.640341	24.115457	505.549511	78.484161	26.398854	994.643124	4.492935	11.957941	
7/16/2019 15:12:52.541417749	80.463014	26.349159	995.963490	8.298777	24.145295	505.701297	78.607353	26.378925	994.637130	2.060006	11.958690	
7/16/2019 15:12:53.541417749	80.357879	26.185280	994.506395	7.679652	24.092803	506.052190	78.409673	26.378206	994.789945	5.195359	11.991466	
7/16/2019 15:12:54.541417749	80.587862	26.307957	994.758956	8.206987	24.130846	506.404388	78.427230	26.345102	994.800827	2.438854	11.975472	
7/16/2019 15:12:55.541417749	80.660142	26.211940	995.052993	7.649104	24.106640	507.279641	78.260959	26.406738	994.787109	4.183774	11.977076	
7/16/2019 15:12:56.541417749	80.233031	26.496548	994.759508	7.621676	24.233954	507.452456	78.354346	26.418983	995.221263	2.918841	11.937019	
7/16/2019 15:12:57.541417749	80.541865	26.254714	995.008442	8.027030	24.080067	506.248003	78.440215	26.373433	994.448361	2.215106	11.998431	
7/16/2019 15:12:58.541417749	80.830987	26.307583	995.268021	8.220928	24.122274	506.725052	78.492440	26.360458	994.554970	2.992460	11.972266	
7/16/2019 15:12:59.541417749	80.403876	26.285672	995.621986	7.703639	24.152888	506.975407	78.568717	26.430603	994.925727	4.665072	11.975223	
7/16/2019 15:13:00.541417749	80.660142	26.349983	994.599046	8.299190	24.144153	506.502294	78.749944	26.383804	994.538408	0.511582	11.981925	
7/16/2019 15:13:01.541417749	80.607575	26.254115	995.074519	7.673255	24.131621	507.070029	78.534311	26.431016	994.846404	4.602978	11.992373	
7/16/2019 15:13:02.541417749	80.679855	26.301562	995.289784	8.217080	24.179828	507.930821	78.578257	26.406632	995.046212	7.002374	11.971661	
7/16/2019 15:13:03.541417749	80.548436	26.312480	996.001417	7.649997	24.177257	506.410303	78.587588	26.376026	994.821012	3.023642	11.958401	
7/16/2019 15:13:04.541417749	80.679855	26.365649	996.432105	8.162781	24.158847	508.584632	78.610165	26.387540	994.997955	6.668583	11.957074	
7/16/2019 15:13:05.541417749	80.574720	26.259836	994.379445	7.927938	24.071577	506.773679	78.578310	26.335768	994.476748	2.398768	12.000967	
7/16/2019 15:13:06.541417749	80.541865	26.407525	995.339540	8.238668	24.255180	509.334382	78.568584	26.444404	995.046055	6.218468	11.944484	
7/16/2019 15:13:07.541417749	80.732423	26.217361	995.443781	7.701455	24.127091	509.148421	78.454566	26.413586	994.906015	5.011697	11.990270	
7/16/2019 15:13:08.541417749	80.706139	26.376118	993.866911	8.061194	24.279303	509.660951	78.230312	26.323205	995.123170	7.599997	11.956141	
7/16/2019 15:13:09.541417749	80.706139	26.259911	993.369989	7.852330	24.049168	509.041315	78.417847	26.314601	994.627984	3.939329	11.994856	
7/16/2019 15:13:10.541417749	80.706139	26.292740	994.674033	8.269061	24.170481	509.859395	78.652089	26.343546	994.523111	-0.512837	11.986183	
7/16/2019 15:13:11.541417749	80.699568	26.275876	994.900967	7.865156	24.117498	509.076796	78.683183	26.358490	994.827320	-2.005449	11.975157	
7/16/2019 15:13:12.541417749	80.686426	26.286270	994.716219	7.903834	24.064230	510.230654	78.706759	26.347695	994.359414	3.334113	11.988627	
7/16/2019 15:13:13.541417749	80.922980	26.265183	994.669066	7.729577	24.073822	511.477167	78.650328	26.364406	994.853499	6.798014	11.993385	
7/16/2019 15:13:14.541417749	80.876984	26.385763	993.595504	6.997588	24.208116	513.150133	78.461294	26.452394	994.483371	7.002374	11.948045	
7/16/2019 15:13:15.541417749	80.942693	26.259387	994.714011	7.748581	24.087700	511.941733	78.425574	26.384016	994.803035	6.428070	11.991295	
7/16/2019 15:13:16.541417749	80.666713	26.249816	994.562222	7.908318	24.052637	511.706492	78.431988	26.325809	994.637444	3.262845	11.979638	
7/16/2019 15:13:17.541417749	81.014973	26.287243	993.286484	8.079292	24.100762	511.622384	78.635635	26.322486	994.137528	0.082165	11.978232	
7/16/2019 15:13:18.541417749	80.686426	26.259836	993.742719	7.960368	24.059087	512.119147	78.715038	26.308273	994.555756	4.066138	11.995238	
7/16/2019 15:13:19.541417749	80.876984	26.263279	994.346248	7.986660	24.071496	512.175658	78.648539	26.343864	994.864696	1.493295	11.958979	
7/16/2019 15:13:20.541417749	80.653571	26.249591	993.666313	8.002959	24.059658	512.941174	78.576654	26.310347	994.470281	2.485492	11.976997	
7/16/2019 15:13:21.541417749	80.903267	26.324147	994.767630	7.809426	24.114926	513.161301	78.448547	26.328296	994.551183	-1.661445	11.994725	
7/16/2019 15:13:22.541417749	80.686426	26.355928	993.784116	7.987106	24.050882	514.773157	78.594002	26.349568	994.424232	4.614502	11.966483	
7/16/2019 15:13:23.541417749	80.995261	26.280924	996.353017	7.677048	24.127662	515.104989	78.643757	26.384429	994.855707	5.545916	11.982832	
7/16/2019 15:13:24.541417749	80.844129	26.254489	994.898445	8.050309	24.076965	514.995252	78.633532	26.319162	994.643282	4.992310	11.992333	
7/16/2019 15:13:25.541417749	80.765278	26.323848	994.200373	7.926971	24.109824	514.160742	78.605145	26.304537	994.350111	0.862139	12.000034	
7/16/2019 15:13:26.541417749	80.896696	26.344935	995.018377	7.777259	24.150357	515.528159	78.454566	26.383286	994.732857	0.885458	11.976208	
7/16/2019 15:13:27.541417749	80.804703	26.324222	994.577992	7.700976	24.107008	515.832393	78.498354	26.389720	994.575469	0.600927	11.957757	
7/16/2019 15:13:28.541417749	80.936122	26.286196	995.136655	7.695860	24.132764	516.686617	78.348379	26.416803	994.862331	4.828036	11.986209	
7/16/2019 15:13:29.541417749	80.857271	26.323623	994.430304	7.934291	24.089129	515.170698	78.522325	26.313046	994.525162	2.297899	11.994173	
7/16/2019 15:13:30.541417749	80.850700	26.347106	994.424784	7.657963	24.136152	516.247017	78.656714	26.358077	994.277569	-1.407826	11.970833	
7/16/2019 15:13:31.541417749	80.949264	26.360676	994.732383	7.683217	24.167909	516.967853	78.567375	26.413067	995.111817	2.325150	11.972581	
7/16/2019 15:13:32.541417749	80.896696	26.366098	995.276300	7.648543	24.144398	515.705573	78.458981	26.400928	994.660944	0.454730	11.990099	
7/16/2019 15:13:33.541417749	81.087254	26.345759	994.729308	7.650248	24.130805	515.381625	78.436509	26.378206	994.711094	-2.340550	11.990848	
7/16/2019 15:13:34.541417749	80.909838	26.286794	994.331740	7.839621	24.094517	514.218568	78.455617	26.342721	994.472332	4.659830	11.998825	
7/16/2019 15:13:35.541417749	80.975548	26.271128	995.356413	7.729080	24.091088	515.248891	78.519513	26.362437	994.888981	6.416545	11.985907	
7/16/2019 15:13:36.541417749	80.916409	26.308406	994.320858	8.102439	24.060801	515.514360	78.726419	26.264172	994.774805	3.527988	11.976694	
7/16/2019 15:13:37.541417749	81.067541	26.371220	996.310199	7.780018	24.152888	515.705573	78.700845	26.402484	994.566795	5.403650	11.966772	
7/16/2019 15:13:38.541417749	81.067541	26.308032	993.706054	8.106162	24.112069	514.330273	78.749654	26.312527	994.461450	-0.528293	11.996171	
7/16/2019 15:13:39.541417749	81.106967	26.340487	994.615841	7.778606	24.152888	514.964371	78.562460	26.376026	994.631928	-0.555544	11.991571	
7/16/2019 15:13:40.541417749	81.198960	26.324596	993.594085	8.223129	24.114069	514.395983	78.610612	26.351230	994.380391	-1.806332	11.971096	
7/16/2019 15:13:41.541417749	81.106967	26.366397	994.593526	7.931933	24.146071	515.172014	78.456773	26.384122	994.752570	-0.551612	11.989665	
7/16/2019 15:13:42.541417749	81.133250	26.345309	994.338520	8.131635	24.098762	515.202895	78.631771	26.341578	994.218273	-1.594109	11.972410	
7/16/2019 15:13:43.541417749	81.133250	26.429136	995.197212	7.558828	24.138152	515.957897	78.684996	26.373327	994.779221	3.720824	11.966378	
7/16/2019 15:13:44.541417749	81.185818	26.292141	994.386068	7.721224	24.097619	518.052718	78.727181	26.372915	994.770390	6.613042	11.987904	
7/16/2019 15:13:45.541417749	81.218673	26.286270	994.622070	8.054642	24.066434	517.017133	78.639603	26.351536	994.546453	4.133475	11.970833	
7/16/2019 15:13:46.541417749	81.166105	26.325045	995.189012	7.554136	24.142438	517.290485	78.584933	26.376026	994.925885	-2.149025	11.959268	
7/16/2019 15:13:47.541417749	81.001831	26.292665	994.044721	7.836770	24.064760	517.701172	78.631981	26.338985	994.560015	5.379020	11.981688	
7/16/2019 15:13:48.541417749	80.995261	26.302835	994.851449	7.745918	24.083741	518.841232	78.526294	26.347388	994.693746	5.649406	11.994042	
7/16/2019 15:13:49.541417749	80.975548	26.412796	996.343554	7.604463	24.108396	518.488371	78.584224	26.335768	995.082959	1.216627	11.965116	
7/16/2019 15:13:50.541417749	81.041257	26.382213	994.152826	7.856580	24.137295	518.786037	78.710570	26.363993	994.669303	-0.779291	11.989481	
7/16/2019 15:13:51.541417749	80.955835	26.335739	995.771409	7.544324	24.198809	518.628989	78.727233	26.415660	994.610951	5.481200	11.964998	
7/16/2019 15:13:52.541417749	81.074112	26.366322	994.539198	8.098207	24.098477	518.207135	78.688912	26.326327	994.305955	-1.208709	11.995592	
7/16/2019 15:13:53.541417749	81.264669	26.319773	993.532896	8.106004	24.108967	518.517284	78.656661	26.358077	994.846876	0.820743	11.969098	
7/16/2019 15:13:54.541417749	81.192389	26.393655	994.371323	7.657470	24.139581	518.977251	78.553130	26.405183	994.884094	1.744293	11.988562	
7/16/2019 15:13:55.541417749	81.159534	26.399151	994.542272	7.700479	24.110967	518.060601	78.662471	26.352679	994.595182	-2.932931	11.994581	
7/16/2019 15:13:56.541417749	81.172676	26.424239	994.447809	7.834800	24.131336	518.737410	78.773020	26.399478	994.599912	5.115188	11.962081	
7/16/2019 15:13:57.541417749	81.363233	26.308256	995.781659	7.905862	24.078639	518.184137	78.747393	26.304018	994.619310	4.271809	11.987615	
7/16/2019 15:13:58.541417749	81.067541	26.319399	994.308163	7.866070	24.073822	518.372066	78.675270	26.309416	994.588559	3.388344	11.999666	
7/16/2019 15:13:59.541417749	81.067541	26.359778	996.418621	7.773577	24.131662	518.405579	78.662181	26.401034	994.420603	2.750635	11.947151	
7/16/2019 15:14:00.541417749	81.218673	26.372343	994.228128	7.823870	24.112110	519.371508	78.580517	26.411511	995.006787	6.056815	11.977286	
7/16/2019 15:14:01.541417749	81.356662	26.318875	994.168675	8.001506	24.083455	518.291242	78.538884	26.297689	994.621518	3.863089	11.997222	
7/16/2019 15:14:02.541417749	81.008402	26.330018	995.049287	7.867629	24.104150	519.470730	78.423367	26.395531	994.682078	5.188806	11.988890	
7/16/2019 15:14:03.541417749	81.120108	26.376642	993.854845	7.732742	24.133662	519.395821	78.641102	26.402484	995.063246	3.352190	11.952132	
7/16/2019 15:14:04.541417749	81.258098	26.345384	993.262041	8.124787	24.064189	518.849115	78.738168	26.301319	994.402312	0.700486	11.974171	
7/16/2019 15:14:05.541417749	81.343521	26.403675	994.981712	7.841118	24.171297	520.231646	78.638052	26.403214	994.848769	1.517925	11.979047	
7/16/2019 15:14:06.541417749	81.060970	26.414892	994.517986	7.668773	24.149786	520.398546	78.579413	26.332550	994.779064	-1.948597	11.995080	
7/16/2019 15:14:07.541417749	81.087254	26.446599	994.828267	7.644271	24.154317	520.563478	78.470415	26.385466	994.807922	-1.948597	11.989600	
7/16/2019 15:14:08.541417749	81.396088	26.536970	996.331333	8.333067	24.222606	522.327773	78.637948	26.435164	994.687909	8.595855	11.916137	
7/16/2019 15:14:09.541417749	81.304095	26.371744	994.598256	7.750578	24.127703	520.215217	78.610508	26.406738	994.100625	0.988948	11.945719	
7/16/2019 15:14:10.541417749	81.284382	26.552561	994.875972	8.296700	24.221504	523.020359	78.850820	26.405902	994.558593	9.117238	11.946586	
7/16/2019 15:14:11.541417749	81.310666	26.441102	996.098957	7.861548	24.123703	521.179177	78.737064	26.332656	994.643124	-1.230717	11.988180	
7/16/2019 15:14:12.541417749	81.468368	26.408947	995.294357	8.447113	24.165664	522.996698	78.647383	26.328602	994.762030	4.706468	11.977496	
7/16/2019 15:14:13.541417749	81.238385	26.334915	994.557412	7.782010	24.078067	522.831114	78.463344	26.332656	994.789945	6.161616	11.991729	
7/16/2019 15:14:14.541417749	81.382946	26.431232	995.773774	8.322652	24.236240	524.074995	78.762139	26.432254	994.980608	4.447607	11.962620	
7/16/2019 15:14:15.541417749	81.534078	26.351330	996.338981	7.671389	23.924793	523.136664	78.955246	26.461009	994.384492	-1.003038	11.948689	
7/16/2019 15:14:16.541417749	81.179247	26.483876	996.129315	8.373205	24.275303	525.569231	78.805376	26.434127	994.694061	2.460862	11.958835	
7/16/2019 15:14:17.541417749	81.198960	26.430858	994.236487	7.718101	24.130519	523.080153	78.723765	26.348531	994.739481	-0.596940	11.991466	
7/16/2019 15:14:18.541417749	81.422372	26.399077	994.825665	8.565607	24.208116	524.728806	78.831055	26.373221	994.601963	0.046011	11.987786	
7/16/2019 15:14:19.541417749	81.461798	26.352827	995.233800	7.845041	24.091701	523.996140	78.610560	26.355590	994.545661	5.213436	11.953026	
7/16/2019 15:14:20.541417749	81.152963	26.425736	993.680032	8.359144	24.259139	526.110022	78.708625	26.427386	994.632714	-0.841385	11.957126	
7/16/2019 15:14:21.541417749	81.231815	26.456993	994.056469	7.809171	24.157133	523.891665	78.513756	26.328920	994.647540	-2.769968	11.993358	
7/16/2019 15:14:22.541417749	81.402659	26.452694	994.625067	8.035110	24.255751	526.021314	78.479745	26.437863	994.965310	0.798734	11.968074	
7/16/2019 15:14:23.541417749	81.159534	26.573499	995.521371	7.435116	24.154317	524.718292	78.608799	26.420539	994.722133	4.143689	11.958979	
7/16/2019 15:14:24.541417749	81.251527	26.373466	994.656686	8.338909	24.173869	526.156017	78.709676	26.413480	994.939131	7.418956	11.971530	
7/16/2019 15:14:25.541417749	81.310666	26.424763	994.178058	8.082750	24.116600	523.552603	78.639603	26.338466	994.553548	-1.489308	11.985355	
7/16/2019 15:14:26.541417749	81.507794	26.452919	994.938580	7.788754	24.219790	526.489165	78.623702	26.458098	995.138310	3.519085	11.973317	
7/16/2019 15:14:27.541417749	81.297524	26.347705	993.964134	7.769486	24.054801	524.307605	78.389408	26.359114	994.953643	5.417796	11.964959	
7/16/2019 15:14:28.541417749	81.323808	26.447497	993.844438	7.779987	24.196809	526.723090	78.540987	26.464120	995.065925	7.206733	11.957297	
7/16/2019 15:14:29.541417749	81.356662	26.409022	994.518538	8.138766	24.097905	524.157787	78.419503	26.318337	994.426440	0.335784	11.993608	
7/16/2019 15:14:30.541417749	81.514365	26.394553	993.555998	7.793851	24.165419	526.911019	78.632271	26.505829	994.543453	4.132164	11.926992	
7/16/2019 15:14:31.541417749	81.566933	26.388982	995.194137	7.683199	24.126846	525.824839	78.659107	26.371253	994.835837	3.242147	11.989889	
7/16/2019 15:14:32.541417749	81.323808	26.432355	995.629633	8.039238	24.161990	526.150755	78.957506	26.427386	994.078704	-2.573200	11.954012	
7/16/2019 15:14:33.541417749	81.251527	26.420314	993.498990	8.069539	24.116600	525.636909	78.764451	26.315120	994.455141	-1.660135	11.991847	
7/16/2019 15:14:34.541417749	81.409230	26.437627	994.796569	7.968449	24.141295	527.059521	78.847114	26.430191	994.768025	-2.438798	11.967587	
7/16/2019 15:14:35.541417749	81.481510	26.456469	994.824798	7.994319	24.097048	525.979255	78.745290	26.341684	994.855550	-1.839865	11.971083	
7/16/2019 15:14:36.541417749	81.645784	26.426035	995.098333	8.288885	24.096231	527.359155	78.815915	26.421269	994.759351	2.181574	11.973619	
7/16/2019 15:14:37.541417749	81.290953	26.369391	994.039359	7.657398	24.095946	527.328274	78.493544	26.380905	994.526741	7.081234	11.946823	
7/16/2019 15:14:38.541417749	81.402659	26.479428	995.269677	7.948049	24.142438	527.431433	78.701949	26.497426	994.295703	-8.898407	11.914310	
7/16/2019 15:14:39.541417749	81.520936	26.420314	995.759818	7.942453	24.094517	527.922943	78.366436	26.320411	994.783008	1.334263	11.979822	
7/16/2019 15:14:40.541417749	81.685210	26.448171	995.316830	7.966097	24.139622	529.946140	78.618078	26.410474	995.116233	9.991529	11.967521	
7/16/2019 15:14:41.541417749	81.639213	26.383935	995.291283	7.736501	24.143785	529.639274	78.695720	26.387128	995.214640	3.228002	11.969913	
7/16/2019 15:14:42.541417749	81.599787	26.484101	994.745157	8.118624	24.080394	528.695028	78.553130	26.351124	994.636815	1.497227	11.952290	
7/16/2019 15:14:43.541417749	81.304095	26.362697	995.186962	7.959073	24.071577	530.500729	78.655453	26.344276	994.664888	5.637611	11.993477	
7/16/2019 15:14:44.541417749	81.428943	26.504515	994.394505	8.352881	24.151786	530.183349	78.646227	26.385466	994.947176	-2.645779	11.938149	
7/16/2019 15:14:45.541417749	81.488081	26.430034	995.275906	8.157342	24.094517	529.076802	78.627066	26.329026	994.242873	-0.428734	11.951475	
7/16/2019 15:14:46.541417749	81.783774	26.483652	995.834331	8.327803	24.166521	531.028373	78.586589	26.366480	994.538094	-1.868426	11.941343	
7/16/2019 15:14:47.541417749	81.264669	26.457217	994.735774	7.839269	24.132479	530.815478	78.447495	26.357040	994.649748	-1.516559	11.994199	
7/16/2019 15:14:48.541417749	81.474939	26.520481	994.977848	8.159102	24.166521	531.058602	78.750048	26.372290	994.730492	1.085886	11.961870	
7/16/2019 15:14:49.541417749	81.619500	26.420688	993.687682	8.111230	24.031575	529.784492	78.803115	26.295615	994.761716	1.439064	11.971346	
7/16/2019 15:14:50.541417749	81.665497	26.510461	995.107873	8.352906	24.125458	531.104597	78.869534	26.365337	994.643282	0.615072	11.940541	
7/16/2019 15:14:51.541417749	81.481510	26.462714	995.612208	7.837887	24.147786	530.881187	78.682945	26.385678	994.802878	3.895312	11.985920	
7/16/2019 15:14:52.541417749	81.626071	26.605655	994.455536	8.178344	24.207054	532.333364	78.651247	26.406114	994.995748	1.045800	11.972515	
7/16/2019 15:14:53.541417749	81.672068	26.461965	994.354922	8.122410	24.128193	530.660398	78.592451	26.297277	994.457664	1.042140	11.992596	
7/16/2019 15:14:54.541417749	81.520936	26.594437	993.168839	7.801238	24.352655	533.830232	78.405414	26.226295	994.663623	8.788690	11.955352	
7/16/2019 15:14:55.541417749	81.376375	26.478904	995.706356	7.799643	24.133907	531.575079	78.520223	26.384016	995.052521	-0.247694	11.970978	
7/16/2019 15:14:56.541417749	81.593216	26.483278	994.552602	8.466158	24.140152	532.431271	78.675061	26.327671	994.569317	2.163497	11.973554	
7/16/2019 15:14:57.541417749	81.678639	26.409770	994.444655	8.078159	24.053453	532.183547	78.810738	26.325078	994.648012	4.806027	11.996959	
7/16/2019 15:14:58.541417749	81.652355	26.554956	995.252881	8.192279	24.207218	533.941937	78.744291	26.427999	995.035173	2.605749	11.950306	
7/16/2019 15:14:59.541417749	81.244956	26.531997	995.779608	7.554364	24.126846	532.672427	78.688360	26.354235	994.650062	3.327560	11.966194	
7/16/2019 15:15:00.541417749	81.474939	26.463238	995.958365	8.211648	24.205340	535.338919	78.713040	26.426137	994.781743	6.697145	11.975748	
7/16/2019 15:15:01.541417749	81.547220	26.421437	994.554100	7.976463	24.075251	533.755976	78.493991	26.357241	994.618839	5.560061	11.991177	
7/16/2019 15:15:02.541417749	81.626071	26.342957	995.183256	9.184460	24.117498	534.032612	78.542143	26.379550	994.834258	0.986327	11.937098	
7/16/2019 15:15:03.541417749	81.645784	26.415566	995.759424	8.049187	24.088027	534.507693	78.608694	26.354235	994.641074	5.544605	11.974592	
7/16/2019 15:15:04.541417749	81.442085	26.472958	994.725996	8.401609	24.116600	532.830127	78.720453	26.324147	994.777013	-0.093634	11.970071	
7/16/2019 15:15:05.541417749	81.652355	26.581166	995.983755	8.289400	24.178481	534.685108	78.733804	26.476672	995.418391	12.313375	11.927241	
7/16/2019 15:15:06.541417749	81.606358	26.457667	994.166624	8.213094	24.093415	533.271696	78.644571	26.310241	994.793254	1.030345	11.993398	
7/16/2019 15:15:07.541417749	81.829770	26.595934	995.050233	8.309014	24.164317	535.516986	78.613976	26.423544	995.041639	5.239376	11.944825	
7/16/2019 15:15:08.541417749	81.468368	26.425361	994.368168	8.041631	24.074965	534.069409	78.492335	26.282227	994.477062	1.815561	11.991361	
7/16/2019 15:15:09.541417749	81.672068	26.546765	995.351051	8.574693	24.155786	534.378243	78.501666	26.287519	995.061038	8.681268	11.926440	
7/16/2019 15:15:10.541417749	81.573504	26.405546	994.011919	7.802145	24.087741	535.569560	78.511943	26.351230	996.450875	4.676596	11.967627	
7/16/2019 15:15:11.541417749	82.072895	26.599784	993.193282	8.323238	24.158031	534.683792	78.749549	26.329333	994.350268	2.669154	11.936375	
7/16/2019 15:15:12.541417749	81.711493	26.506237	995.107873	7.835897	24.120600	535.459823	78.841385	26.353198	994.569475	0.600927	11.961634	
7/16/2019 15:15:13.541417749	81.658926	26.599934	993.934091	8.470434	24.171909	536.786497	78.704366	26.343133	994.809658	-2.910922	11.950673	
7/16/2019 15:15:14.541417749	81.514365	26.479503	996.354278	7.841206	24.157705	536.733933	78.552683	26.366067	995.067818	3.443886	11.978495	
7/16/2019 15:15:15.541417749	81.645784	26.610852	996.701067	8.323527	24.194850	537.590125	78.557650	26.413067	994.941025	5.453949	11.958953	
7/16/2019 15:15:16.541417749	81.672068	26.446150	994.324170	8.176206	24.083170	535.741060	78.523534	26.313564	994.328190	1.054974	11.995343	
7/16/2019 15:15:17.541417749	81.777203	26.589165	995.432742	8.426441	24.210687	538.025126	78.425127	26.390864	994.765974	4.208404	11.972883	
7/16/2019 15:15:18.541417749	81.718064	26.452320	994.829371	7.924984	24.130479	536.921863	78.543142	26.368247	994.986917	2.359993	11.984803	
7/16/2019 15:15:19.541417749	81.494652	26.500740	995.874232	8.025562	24.225178	537.721544	78.825588	26.375295	995.186724	-0.138961	11.940331	
7/16/2019 15:15:20.541417749	81.599787	26.452020	993.697537	8.053321	24.069863	537.125559	78.769262	26.294366	994.387643	3.883787	11.978140	
7/16/2019 15:15:21.541417749	81.691781	26.547289	994.911534	8.343663	24.243832	539.391227	78.716956	26.384429	994.864538	-0.671869	11.978561	
7/16/2019 15:15:22.541417749	81.737777	26.437552	994.678449	7.759081	24.096803	538.089519	78.541644	26.374470	994.807608	4.470926	11.990546	
7/16/2019 15:15:23.541417749	81.573504	26.431606	995.318014	8.336639	24.157133	538.398353	78.609613	26.324560	994.730650	4.329971	11.972581	
7/16/2019 15:15:24.541417749	81.612929	26.461666	994.014598	8.128886	24.067618	537.747173	78.533969	26.314601	993.912170	1.212696	11.949478	
7/16/2019 15:15:25.541417749	81.718064	26.543140	995.494640	8.041344	24.212687	540.763895	78.538884	26.447409	995.210696	6.056815	11.961844	
7/16/2019 15:15:26.541417749	81.902051	26.420688	994.261719	7.881704	24.062515	540.407750	78.551921	26.335768	994.785687	6.672515	11.985946	
7/16/2019 15:15:27.541417749	81.777203	26.448246	995.781107	8.390592	24.171624	541.957181	78.752703	26.359939	994.974299	2.467415	11.977549	
7/16/2019 15:15:28.541417749	81.619500	26.467986	994.830475	7.957985	24.133336	541.156184	78.785610	26.371877	994.822590	4.882267	11.988745	
7/16/2019 15:15:29.541417749	81.560362	26.464211	994.414455	8.215175	24.197666	543.278602	78.792838	26.407775	994.908537	6.094279	11.975012	
7/16/2019 15:15:30.541417749	81.612929	26.463612	995.753667	7.802491	24.121172	541.633233	78.667595	26.382979	994.822905	5.007766	11.982937	
7/16/2019 15:15:31.541417749	81.507794	26.628913	996.900323	8.627672	24.097660	541.842845	78.678425	26.532286	994.481635	7.847063	11.943813	
7/16/2019 15:15:32.541417749	81.737777	26.431232	994.510811	7.744637	24.076965	542.032090	78.498906	26.339916	994.888510	6.014108	11.992530	
7/16/2019 15:15:33.541417749	81.842912	26.464286	994.514437	8.382895	24.162521	542.597194	78.714039	26.384535	994.437636	0.845372	11.964183	
7/16/2019 15:15:34.541417749	81.816628	26.446150	996.202804	7.677760	24.039534	543.182664	78.419660	26.326740	995.488097	11.145379	11.946757	
7/16/2019 15:15:35.541417749	81.967760	26.469258	994.768891	7.849607	24.121457	542.403349	78.595815	26.378206	995.017826	6.310434	11.974079	
7/16/2019 15:15:36.541417749	81.652355	26.489148	993.775285	8.147299	24.077496	540.355840	78.620994	26.293435	994.606064	-0.651171	11.986117	
7/16/2019 15:15:37.541417749	81.612929	26.386629	993.886229	8.446398	24.313305	541.543210	78.352243	26.326116	995.665827	3.147831	11.909986	
7/16/2019 15:15:38.541417749	81.599787	26.431981	994.232071	8.080405	24.061658	539.984580	78.570530	26.285339	994.404991	4.187706	11.991006	
7/16/2019 15:15:39.541417749	81.803487	26.432430	994.535649	8.172263	24.082353	541.280372	78.815653	26.407363	994.781271	7.988018	11.971201	
7/16/2019 15:15:40.541417749	81.823199	26.416389	993.657007	8.378116	24.316653	541.263290	78.564011	26.242487	995.216847	5.536742	11.940120	
7/16/2019 15:15:41.541417749	81.928334	26.468660	994.791444	8.033130	24.093660	541.903955	78.760535	26.367517	994.792310	6.664652	11.964302	
7/16/2019 15:15:42.541417749	81.941476	26.469034	995.142017	8.182313	24.074149	541.152237	78.657713	26.303394	994.691538	3.551308	11.991781	
7/16/2019 15:15:43.541417749	82.210885	26.416464	992.786725	7.644866	24.225178	544.319440	78.765898	26.212706	994.927778	2.481560	11.919186	
7/16/2019 15:15:44.541417749	81.803487	26.500965	994.983210	7.658720	24.122927	542.375752	78.687151	26.378407	994.849713	-0.082109	11.973633	
7/16/2019 15:15:45.541417749	81.744348	26.590662	995.362722	7.965116	24.187502	543.256257	78.685705	26.401553	995.232145	7.733088	11.966010	
7/16/2019 15:15:46.541417749	81.586645	26.483652	994.903964	8.071972	24.140969	542.350123	78.601834	26.317925	994.356734	-0.854220	11.980571	
7/16/2019 15:15:47.541417749	81.796916	26.638708	993.313925	8.385329	24.092598	544.770860	78.592555	26.353092	995.306580	4.395997	11.926072	
7/16/2019 15:15:48.541417749	81.810058	26.458340	995.088950	7.822082	24.141540	544.237300	78.490128	26.371147	994.988810	5.500588	11.960123	
