
Time stamp	Inside_humidity (in %rH)	Inside_temperature (in °C)	Inside_pressure (in mbar)	Soil_moisture (in %VWC)	Soil_temperature (in °C)	Inside_CO2_ratio (in ppm)	Outside_humidity (in %rH)	Outside_temperature (in °C)	Outside_pressure (in mbar)	Outside_PAR (in µmol m^-2 s^-1)	Power_box_charge (in V)	
7/16/2019 14:50:37.541417749	74.483455	27.938424	994.111192	4.892124	24.234852	547.061493	76.517188	26.539959	994.428805	5.887299	12.027067	
7/16/2019 14:50:38.541417749	74.404603	27.938274	994.065063	4.834689	24.239668	547.498462	76.427955	26.592356	994.634450	6.380121	12.021745	
7/16/2019 14:50:39.541417749	74.404603	27.916213	994.872660	4.782539	24.249097	548.148326	76.464069	26.597447	994.424075	5.175971	11.985946	
7/16/2019 14:50:40.541417749	74.634586	27.970729	993.217333	4.987351	24.271670	547.035212	76.597039	26.556977	994.337022	6.858798	12.002176	
7/16/2019 14:50:41.541417749	74.476884	27.902194	994.917053	4.687389	24.298611	547.270452	76.570755	26.582916	994.513966	-1.125916	12.024807	
7/16/2019 14:50:42.541417749	74.345465	27.918159	994.349639	4.632115	24.309632	547.296734	76.477658	26.601278	994.283878	-0.859462	11.996604	
7/16/2019 14:50:43.541417749	74.391461	27.933451	995.273620	4.674148	24.247301	546.040370	76.573515	26.538509	994.437479	5.218678	11.997261	
7/16/2019 14:50:44.541417749	74.549164	27.997088	994.651561	4.846370	24.285263	546.570646	76.590468	26.581360	994.017515	-0.010841	12.009864	
7/16/2019 14:50:45.541417749	74.391461	27.907316	995.445042	4.746834	24.254975	545.974660	76.491457	26.628466	994.312579	3.240836	12.005882	
7/16/2019 14:50:46.541417749	74.647728	27.918384	995.123960	4.688401	24.290937	545.679625	76.452031	26.598378	994.509550	0.230983	12.025845	
7/16/2019 14:50:47.541417749	74.411174	27.911690	993.204164	5.073315	24.179583	545.363561	76.380355	26.643716	993.954275	8.291936	11.985828	
7/16/2019 14:50:48.541417749	74.529451	27.949866	995.014514	4.635585	24.301141	544.698582	76.430163	26.599934	994.419817	-0.569689	12.025188	
7/16/2019 14:50:49.541417749	74.404603	27.975252	994.442841	4.896624	24.256649	543.247058	76.414313	26.558638	994.337179	2.693783	12.001546	
7/16/2019 14:50:50.541417749	74.516309	27.928479	995.417130	4.809439	24.221259	544.580962	76.419833	26.617364	994.507342	4.635200	12.005041	
7/16/2019 14:50:51.541417749	74.424316	27.975327	993.352641	5.003638	24.218688	543.508580	76.481127	26.599203	994.702106	7.226121	11.997209	
7/16/2019 14:50:52.541417749	74.306039	27.896024	993.923761	4.597619	24.247914	544.788605	76.429111	26.553135	994.571211	5.024532	12.011376	
7/16/2019 14:50:53.541417749	74.542593	27.965008	994.169384	4.775914	24.265425	542.759494	76.562738	26.569010	994.193830	2.793342	12.018578	
7/16/2019 14:50:54.541417749	74.391461	27.911615	994.188782	4.910667	24.222076	543.016417	76.486594	26.599828	994.726863	6.567714	11.999338	
7/16/2019 14:50:55.541417749	74.680583	28.154497	996.504648	4.988687	24.424455	544.257667	76.457708	26.661665	994.963103	2.451959	11.955050	
7/16/2019 14:50:56.541417749	74.720009	27.891949	995.015303	5.022947	24.246444	542.392834	76.617304	26.553347	994.104726	2.200961	11.998576	
7/16/2019 14:50:57.541417749	74.470313	28.138906	994.402075	5.206818	24.394371	543.954748	76.657886	26.646828	994.376605	1.774165	11.993923	
7/16/2019 14:50:58.541417749	74.647728	27.954539	995.152109	4.837676	24.231423	541.668714	76.520448	26.569010	994.435271	3.762220	12.011284	
7/16/2019 14:50:59.541417749	74.522880	27.992116	995.402385	5.184122	24.349062	542.208189	76.610890	26.677434	994.932508	5.948082	11.982845	
7/16/2019 14:51:00.541417749	74.641157	27.833060	993.032268	3.962353	24.081822	541.171951	76.639776	26.731292	994.249654	4.028674	11.996289	
7/16/2019 14:51:01.541417749	74.463742	28.007857	994.759114	5.273910	24.381881	542.913258	76.626739	26.638319	994.798776	3.494456	11.994699	
7/16/2019 14:51:02.541417749	74.444029	27.927880	994.914688	4.778540	24.216687	541.246860	76.455895	26.591319	994.487944	6.073581	12.000836	
7/16/2019 14:51:03.541417749	74.476884	27.986769	995.531858	5.345424	24.347634	540.606847	76.650211	26.608019	994.510336	3.407732	12.007328	
7/16/2019 14:51:04.541417749	74.338894	27.938798	993.966973	4.756144	24.230607	541.708142	76.500235	26.620476	994.686966	4.635200	12.003648	
7/16/2019 14:51:05.541417749	74.595161	27.928179	994.430698	5.132012	24.336572	542.672102	76.683013	26.650976	994.733644	7.779727	12.003386	
7/16/2019 14:51:06.541417749	74.338894	28.000863	994.509707	4.775043	24.256159	539.958951	76.625031	26.551273	994.344595	3.650866	12.003228	
7/16/2019 14:51:07.541417749	74.601732	28.030217	993.615531	4.754649	24.344246	541.523497	76.589416	26.722677	994.442524	0.675856	11.973948	
7/16/2019 14:51:08.541417749	74.450600	27.981722	995.505836	4.641754	24.291508	541.107557	76.628842	26.619957	994.507185	-1.228096	12.008642	
7/16/2019 14:51:09.541417749	74.628015	27.982171	994.222608	4.828725	24.324082	541.830362	76.679754	26.641123	994.570582	1.668053	11.995566	
7/16/2019 14:51:10.541417749	74.411174	27.953865	994.119471	4.891299	24.231994	541.428874	76.528674	26.573677	994.319359	6.342656	12.018722	
7/16/2019 14:51:11.541417749	74.365178	27.934798	994.170645	4.835510	24.303999	544.178822	76.601507	26.713650	994.632557	6.447457	11.983975	
7/16/2019 14:51:12.541417749	74.641157	27.960859	995.009389	4.693325	24.233423	543.503328	76.604818	26.556765	993.660948	-8.183149	11.958690	
7/16/2019 14:51:13.541417749	74.555735	27.914085	995.011202	4.976313	24.281589	543.289117	76.655178	26.710126	994.783322	7.533971	11.996933	
7/16/2019 14:51:14.541417749	74.509738	27.969980	995.412162	5.028350	24.243056	540.128483	76.571964	26.607088	994.183892	4.455470	12.003018	
7/16/2019 14:51:15.541417749	74.785718	28.067120	994.643833	4.325805	24.164603	541.309285	76.727406	26.804962	994.343645	0.558220	11.972147	
7/16/2019 14:51:16.541417749	74.371749	27.927580	994.797200	4.722182	24.288977	540.884800	76.520552	26.628265	994.290815	0.131424	11.995330	
7/16/2019 14:51:17.541417749	74.647728	27.945642	994.196824	5.219785	24.275670	541.300086	76.645848	26.641642	994.903807	6.301260	12.000468	
7/16/2019 14:51:18.541417749	74.424316	27.985646	994.629088	4.826947	24.273099	540.012178	76.552198	26.606157	994.201240	-0.902169	12.021206	
7/16/2019 14:51:19.541417749	74.647728	27.928628	994.045587	4.869017	24.293794	541.503130	76.606422	26.722677	994.831579	7.448557	11.996394	
7/16/2019 14:51:20.541417749	74.424316	28.007183	992.998047	4.838998	24.220647	538.834006	76.526519	26.559464	994.468231	3.208614	12.016843	
7/16/2019 14:51:21.541417749	74.726580	27.992041	993.137850	5.021374	24.258894	540.142944	76.682461	26.626286	995.052364	7.682789	11.976037	
7/16/2019 14:51:22.541417749	74.352036	27.970953	994.966966	4.653325	24.278161	538.642793	76.470692	26.621513	994.425811	-1.534636	12.003688	
7/16/2019 14:51:23.541417749	74.503168	27.971477	994.169227	5.032831	24.303672	538.354326	76.660041	26.634170	994.637130	5.750275	12.001927	
7/16/2019 14:51:24.541417749	74.417745	27.943695	994.101414	4.883789	24.198278	538.970025	76.579586	26.620888	994.514123	6.362044	12.018525	
7/16/2019 14:51:25.541417749	74.457171	27.961308	994.940078	4.748115	24.373105	541.336230	76.691844	26.677233	994.470281	0.029244	12.007578	
7/16/2019 14:51:26.541417749	74.549164	27.933226	994.302249	4.760704	24.230035	539.793367	76.755741	26.660215	994.717560	3.384412	12.017579	
7/16/2019 14:51:27.541417749	74.378320	27.970878	994.558911	5.048944	24.284120	538.068490	76.902457	26.650564	994.575626	6.716532	12.005646	
7/16/2019 14:51:28.541417749	74.595161	27.929003	994.950408	4.617251	24.276487	538.723617	76.797874	26.636456	994.216222	-0.242452	12.025766	
7/16/2019 14:51:29.541417749	74.246901	28.012979	994.679001	5.052373	24.313020	538.243936	76.920461	26.637906	994.359414	2.548897	12.000705	
7/16/2019 14:51:30.541417749	74.457171	27.928404	995.708327	5.177433	24.118641	535.607009	76.784232	26.639155	994.806979	7.863830	12.011074	
7/16/2019 14:51:31.541417749	74.687154	27.997612	994.029186	5.072393	24.289794	540.746813	76.836510	26.701511	994.805714	7.664712	11.976261	
7/16/2019 14:51:32.541417749	74.260043	27.954464	994.485579	4.552367	24.242771	540.225736	76.743965	26.632615	994.391430	2.442785	11.991085	
7/16/2019 14:51:33.541417749	74.608303	28.028570	996.044077	5.216188	24.305958	540.551653	76.897304	26.713544	994.884408	8.130283	11.990927	
7/16/2019 14:51:34.541417749	74.522880	27.986769	993.941504	5.081895	24.220688	539.073846	76.810778	26.597129	994.566481	6.603868	12.020299	
7/16/2019 14:51:35.541417749	74.450600	27.986694	995.216847	5.166394	24.309672	540.087086	76.646057	26.686673	994.686494	3.569385	11.995303	
7/16/2019 14:51:36.541417749	74.457171	27.970280	995.412240	4.887961	24.263425	539.107359	76.700623	26.642679	994.258170	-0.916314	12.007262	
7/16/2019 14:51:37.541417749	74.667441	28.055005	995.105745	4.988641	24.303713	539.687577	76.719284	26.657411	994.475326	0.621625	11.980401	
7/16/2019 14:51:38.541417749	74.424316	27.975552	993.288772	4.756331	24.258894	538.962141	76.672184	26.608337	994.185785	0.624246	12.015423	
7/16/2019 14:51:39.541417749	74.463742	28.012680	994.447257	5.060758	24.245179	539.503584	76.635518	26.646309	994.728756	4.843492	11.993713	
7/16/2019 14:51:40.541417749	74.470313	27.986245	994.168675	5.019596	24.196033	538.754498	76.580742	26.590800	994.299489	4.429530	12.020864	
7/16/2019 14:51:41.541417749	74.601732	28.024346	995.186962	5.301890	24.234321	538.964110	76.611941	26.663221	994.805400	5.953324	11.996736	
7/16/2019 14:51:42.541417749	74.292897	28.070147	993.210393	5.628503	24.221218	537.698546	76.487093	26.608749	994.533993	0.232293	11.987707	
7/16/2019 14:51:43.541417749	74.496597	28.004531	995.695238	5.391273	24.329225	539.869591	76.559374	26.725482	994.634293	2.956306	11.966851	
7/16/2019 14:51:44.541417749	74.490026	27.970205	993.384971	5.468482	24.251547	537.665034	76.615096	26.582186	994.487944	-0.464888	12.002742	
7/16/2019 14:51:45.541417749	74.266614	27.977198	994.746813	5.504587	24.339103	540.482006	76.558874	26.672979	994.588401	-0.586456	11.999666	
7/16/2019 14:51:46.541417749	74.424316	27.918234	994.752175	5.452022	24.226606	538.996969	76.529331	26.643928	994.601334	3.287475	12.015910	
7/16/2019 14:51:47.541417749	74.667441	27.881106	994.543771	6.200083	24.273915	540.240851	76.750536	26.647452	994.812023	1.098992	11.976550	
7/16/2019 14:51:48.541417749	74.292897	27.964708	994.006714	5.664290	24.227464	537.787254	76.665508	26.606051	994.420289	2.711860	12.023716	
7/16/2019 14:51:49.541417749	74.378320	27.993164	996.030750	5.509498	24.384452	539.999695	76.894991	26.697045	995.140518	3.591393	11.978455	
7/16/2019 14:51:50.541417749	74.384891	28.013278	994.193355	5.711493	24.229749	537.594725	76.970978	26.583329	994.271102	1.598096	12.022875	
7/16/2019 14:51:51.541417749	74.450600	27.981722	994.655819	5.721378	24.234566	537.421910	76.979757	26.583847	994.273153	1.312254	12.017198	
7/16/2019 14:51:52.541417749	74.529451	28.086337	995.073495	5.778187	24.300121	539.357051	76.783995	26.720910	994.897341	7.517204	11.957021	
7/16/2019 14:51:53.541417749	74.404603	27.927730	994.286952	5.137638	24.218116	538.393754	76.705091	26.674429	994.717717	3.635411	12.015161	
7/16/2019 14:51:54.541417749	74.693725	28.047305	994.755407	5.114006	24.290977	539.393195	76.853016	26.798739	995.077600	-1.480405	11.973803	
7/16/2019 14:51:55.541417749	74.306039	27.926832	994.773387	4.985924	24.240852	537.747173	76.713712	26.645590	994.849398	1.336884	11.983555	
7/16/2019 14:51:56.541417749	74.509738	27.999783	993.773157	5.252672	24.279344	538.720333	76.975998	26.740214	994.805243	6.183624	11.982582	
7/16/2019 14:51:57.541417749	74.628015	27.950015	994.370456	5.043327	24.180440	537.372630	76.690293	26.660840	994.548504	5.644164	12.014464	
7/16/2019 14:51:58.541417749	74.292897	27.950839	995.810440	5.549138	24.352410	539.242725	76.886817	26.704622	994.759665	7.272759	12.000166	
7/16/2019 14:51:59.541417749	74.378320	27.981048	993.308957	5.207566	24.230321	536.491462	76.714869	26.586440	994.643282	2.563042	12.003937	
7/16/2019 14:52:00.541417749	74.398032	28.144552	994.665359	5.437378	24.382493	539.069247	76.875331	26.698600	994.604328	-1.164691	11.996775	
7/16/2019 14:52:01.541417749	74.384891	27.960484	993.291295	5.119018	24.198278	537.325319	76.895991	26.622656	994.393481	6.545705	12.004503	
7/16/2019 14:52:02.541417749	74.739722	28.124363	994.694455	5.293765	24.251628	537.799737	77.033428	26.678164	994.860123	5.743723	11.969230	
7/16/2019 14:52:03.541417749	74.450600	27.944669	995.316910	5.031199	24.241628	537.381829	76.938885	26.650775	994.689016	3.737590	11.999049	
7/16/2019 14:52:04.541417749	74.338894	27.992790	995.942753	5.715993	24.459273	539.137588	76.699729	26.679308	995.644856	8.147050	11.937991	
7/16/2019 14:52:05.541417749	74.555735	27.950315	994.523506	5.111622	24.197707	536.972458	77.015424	26.616740	994.419817	5.787740	12.015726	
7/16/2019 14:52:06.541417749	74.391461	27.999334	993.263540	5.177068	24.286161	537.667665	77.059817	26.719979	994.715981	1.018820	11.979021	
7/16/2019 14:52:07.541417749	74.490026	27.950689	994.550474	5.021697	24.203666	537.630868	76.835458	26.660840	994.437007	5.151342	11.992649	
7/16/2019 14:52:08.541417749	74.700296	27.977348	996.078141	5.449889	24.336286	538.644108	76.952027	26.736372	994.573576	6.646575	11.996381	
7/16/2019 14:52:09.541417749	74.299468	27.991367	994.244766	5.049574	24.256935	536.172113	76.885161	26.594949	994.354369	1.230773	12.020549	
7/16/2019 14:52:10.541417749	74.641157	28.045284	994.601963	5.376706	24.302570	538.611249	76.857327	26.669962	994.566481	6.625877	11.987760	
7/16/2019 14:52:11.541417749	74.279755	28.059902	993.978564	4.679583	24.243056	538.807724	77.046570	26.670693	994.017987	-3.419201	11.950621	
7/16/2019 14:52:12.541417749	74.555735	28.050556	993.668756	5.293633	24.254730	537.667002	76.875279	26.646203	995.000163	7.059226	11.977627	
7/16/2019 14:52:13.541417749	74.444029	27.992191	994.436375	5.183232	24.199135	537.817482	76.789409	26.608855	994.384650	5.461813	12.016422	
7/16/2019 14:52:14.541417749	74.529451	27.962206	994.065695	5.054930	24.316163	539.941216	77.055349	26.776324	994.686966	2.898143	11.982267	
7/16/2019 14:52:15.541417749	74.266614	27.933451	994.794203	4.956908	24.268527	538.282048	77.064470	26.677127	994.487629	-0.422182	12.005239	
7/16/2019 14:52:16.541417749	74.503168	28.087235	995.851364	5.424903	24.372533	538.491660	77.247957	26.723503	994.838517	0.399189	11.987471	
7/16/2019 14:52:17.541417749	74.246901	28.000714	995.695789	5.083987	24.219218	537.122275	77.127130	26.608337	994.462079	2.920152	11.984054	
7/16/2019 14:52:18.541417749	74.582019	28.107574	995.064269	5.388332	24.307672	538.092803	77.122819	26.645166	994.394267	4.684460	12.005225	
7/16/2019 14:52:19.541417749	74.266614	28.013129	994.784583	5.020206	24.258078	537.322687	77.070751	26.613522	994.218587	1.065188	12.022468	
7/16/2019 14:52:20.541417749	74.608303	28.013503	993.454359	5.360187	24.229790	537.983067	77.142532	26.673910	994.851134	6.504309	11.993608	
7/16/2019 14:52:21.541417749	74.292897	27.971402	994.482662	5.288139	24.180726	537.464621	77.047332	26.586546	994.432749	4.924973	12.004121	
7/16/2019 14:52:22.541417749	74.490026	28.061998	993.541727	5.289667	24.290651	538.818239	77.132150	26.749241	994.800984	2.898143	11.977115	
7/16/2019 14:52:23.541417749	74.279755	28.007557	993.506323	5.145836	24.235382	537.435708	76.971792	26.677646	994.461293	-1.222854	11.955707	
7/16/2019 14:52:24.541417749	74.588590	28.013653	995.596121	5.421096	24.313346	539.790083	77.006802	26.716137	994.805243	7.162716	11.972423	
7/16/2019 14:52:25.541417749	74.279755	27.986170	994.037545	5.139749	24.247587	537.238580	76.960149	26.620370	994.400890	4.038888	12.015778	
7/16/2019 14:52:26.541417749	74.706867	28.029918	994.805952	5.258517	24.248485	538.838606	76.865054	26.731186	994.853028	8.206523	11.988588	
7/16/2019 14:52:27.541417749	74.246901	27.954239	995.115049	5.181591	24.232035	537.064449	76.855119	26.643092	994.109299	5.909307	11.984816	
7/16/2019 14:52:28.541417749	74.549164	27.962356	994.826769	5.141217	24.254404	538.356957	76.995763	26.763666	994.818018	7.281662	11.994055	
7/16/2019 14:52:29.541417749	74.174620	27.971028	994.123730	5.120076	24.209054	537.145273	76.950319	26.596611	994.375976	5.721714	12.019103	
7/16/2019 14:52:30.541417749	74.483455	28.008081	994.820697	5.377435	24.278201	538.549486	77.104815	26.717174	994.809658	5.250900	12.004857	
7/16/2019 14:52:31.541417749	74.306039	27.924105	994.439292	4.921258	24.207911	537.490250	76.970189	26.697881	994.616945	2.092229	12.012401	
7/16/2019 14:52:32.541417749	74.654299	28.092657	995.791437	4.908875	24.343674	536.042010	77.138773	26.661147	994.732857	0.717252	11.970505	
7/16/2019 14:52:33.541417749	74.299468	27.950614	995.569076	5.044152	24.197992	536.385672	77.030931	26.644965	994.520589	5.232823	12.012861	
7/16/2019 14:52:34.541417749	74.490026	28.088957	995.979971	5.107705	24.344491	538.396385	77.098743	26.769889	995.124749	1.531030	11.988088	
7/16/2019 14:52:35.541417749	74.194333	27.813245	993.206924	4.759181	24.425516	538.406900	76.843737	26.672460	994.936609	-1.962743	11.995316	
7/16/2019 14:52:36.541417749	74.273184	28.013802	995.016484	5.544565	24.303141	538.978571	77.057767	26.713544	994.773226	7.160095	11.993937	
7/16/2019 14:52:37.541417749	74.450600	27.976150	995.003869	4.980029	24.273344	537.230696	76.953079	26.677233	994.542352	-0.647239	12.014793	
7/16/2019 14:52:38.541417749	74.391461	28.135880	994.802325	5.135157	24.289263	538.167712	76.950476	26.660734	994.652113	-0.428734	11.968809	
7/16/2019 14:52:39.541417749	74.542593	27.965307	994.714957	4.938420	24.264854	537.779370	77.145239	26.660628	994.540931	0.480670	12.017250	
7/16/2019 14:52:40.541417749	74.332323	28.003708	993.839076	5.341452	24.262363	539.581124	77.164400	26.723714	994.763766	5.009076	11.993845	
7/16/2019 14:52:41.541417749	74.522880	28.039937	994.398448	5.076712	24.250689	538.394406	77.025963	26.633758	994.371875	2.329081	11.998142	
7/16/2019 14:52:42.541417749	74.384891	28.192299	995.515220	5.560386	24.124070	537.575663	76.891837	26.728794	995.372500	4.582280	11.951147	
7/16/2019 14:52:43.541417749	74.490026	27.950240	995.862798	4.999224	24.198564	540.447178	76.921380	26.700992	994.907751	5.622155	11.991256	
7/16/2019 14:52:44.541417749	74.319181	28.055379	993.384497	5.411777	24.244811	539.732910	77.005042	26.700781	994.864381	6.157684	11.984501	
7/16/2019 14:52:45.541417749	74.391461	27.997463	994.878732	5.216685	24.230892	539.209865	77.019235	26.641017	994.505449	5.290986	12.021705	
7/16/2019 14:52:46.541417749	74.181191	28.024720	994.584615	5.456149	24.326082	540.953140	77.308095	26.707734	994.613001	6.183624	11.977720	
7/16/2019 14:52:47.541417749	74.463742	28.066596	996.509221	5.689317	24.482213	543.240490	77.247510	26.773095	994.816753	2.794653	11.992754	
7/16/2019 14:52:48.541417749	74.154907	27.998061	994.164259	5.202373	24.218116	539.426707	77.209688	26.620994	994.395688	6.217157	12.017014	
7/16/2019 14:52:49.541417749	74.614874	28.065548	994.887878	5.457120	24.249302	540.644959	77.179408	26.738541	995.006944	13.358492	11.962606	
7/16/2019 14:52:50.541417749	74.187762	28.013503	994.289712	5.177661	24.198564	539.125757	77.115144	26.629397	994.474540	5.475958	12.012427	
7/16/2019 14:52:51.541417749	74.391461	27.999259	994.655976	5.482005	24.314734	541.486047	77.313771	26.747061	994.761559	6.557500	11.996276	
7/16/2019 14:52:52.541417749	74.240330	27.986320	994.480926	5.115899	24.185543	538.684189	77.011166	26.645790	994.645647	6.152442	12.011192	
7/16/2019 14:52:53.541417749	74.463742	28.098752	993.933619	5.693529	24.247056	540.292098	76.931315	26.735641	994.241451	8.826155	11.966312	
7/16/2019 14:52:54.541417749	74.260043	27.960709	995.375496	4.735732	24.311591	539.145471	76.847996	26.698918	994.883937	0.417266	11.987773	
7/16/2019 14:52:55.541417749	74.463742	28.031415	995.558037	5.139530	24.230933	540.632476	76.962409	26.766672	995.227415	6.462913	11.969624	
7/16/2019 14:52:56.541417749	74.503168	28.033618	994.057258	4.985952	24.228035	538.410836	77.140667	26.673804	994.295231	1.153223	12.002755	
7/16/2019 14:52:57.541417749	74.141766	28.087385	994.692800	5.628740	24.381881	541.437420	77.386394	26.744150	994.609058	1.754777	11.984225	
7/16/2019 14:52:58.541417749	74.450600	28.028495	993.749106	5.230399	24.229994	537.758341	77.172470	26.635101	993.986763	1.831017	11.997288	
7/16/2019 14:52:59.541417749	74.345465	28.119465	993.672542	5.498291	24.267792	539.075815	77.155726	26.672142	994.671826	6.894952	11.971911	
7/16/2019 14:53:00.541417749	74.457171	28.017727	995.872338	5.032713	24.265996	539.322886	77.124475	26.669031	994.676241	-0.794747	12.006395	
7/16/2019 14:53:01.541417749	74.312610	27.999559	994.914294	5.552657	24.340246	540.983369	77.249323	26.757644	994.812023	10.058866	12.005883	
7/16/2019 14:53:02.541417749	74.483455	27.950165	994.906566	5.115949	24.217545	539.687577	77.081343	26.693108	994.587930	4.706468	12.014136	
7/16/2019 14:53:03.541417749	74.246901	28.134233	996.226932	5.489692	24.339715	541.000452	77.170025	26.555822	993.716142	0.749745	11.967902	
7/16/2019 14:53:04.541417749	74.516309	27.962655	995.423673	5.345036	24.212728	539.315002	77.087257	26.658554	994.978243	4.988378	11.995159	
7/16/2019 14:53:05.541417749	74.319181	28.120888	993.166946	5.409688	24.243097	539.506216	77.137564	26.760755	994.972091	6.136986	11.965839	
7/16/2019 14:53:06.541417749	74.503168	27.960859	994.143994	5.070642	24.231423	539.409625	76.903875	26.707427	994.750520	1.895732	12.012401	
7/16/2019 14:53:07.541417749	74.319181	28.071868	995.024844	5.602031	24.302284	539.669832	77.047989	26.692896	994.709043	7.717632	12.003162	
7/16/2019 14:53:08.541417749	74.536022	27.939921	994.869663	5.116852	24.220933	539.719774	76.977259	26.718010	994.627355	4.373989	12.007933	
7/16/2019 14:53:09.541417749	74.246901	28.061923	994.057021	5.384397	24.196890	540.167910	77.037949	26.801120	994.483371	3.682049	11.955865	
7/16/2019 14:53:10.541417749	74.430887	28.024271	994.579333	5.209672	24.218973	538.346442	77.053299	26.651188	994.415559	3.939329	12.018946	
7/16/2019 14:53:11.541417749	74.319181	28.045509	995.806891	5.723302	24.308244	539.265060	77.108021	26.719248	994.645961	4.433462	12.004200	
7/16/2019 14:53:12.541417749	74.292897	28.160443	993.672305	4.981698	24.267425	537.706430	76.978810	26.690303	994.406885	1.089818	11.991282	
7/16/2019 14:53:13.541417749	74.430887	28.046257	994.624830	5.352983	24.231219	538.334612	77.197150	26.735335	994.971462	10.727486	11.989902	
7/16/2019 14:53:14.541417749	74.391461	28.044835	995.571993	5.092559	24.268813	538.797210	77.299920	26.703585	994.275675	0.254302	12.001611	
7/16/2019 14:53:15.541417749	74.299468	28.055603	995.005131	5.503890	24.318163	540.047006	77.430735	26.715194	994.543453	2.607059	11.998537	
7/16/2019 14:53:16.541417749	74.299468	27.977049	994.356420	4.974033	24.245873	539.912303	77.228953	26.678270	994.807450	1.010957	12.014372	
7/16/2019 14:53:17.541417749	74.654299	28.325445	995.076649	4.673482	24.287304	541.351997	77.148656	26.824985	994.595339	1.191998	11.955772	
7/16/2019 14:53:18.541417749	74.181191	27.976375	995.151242	4.982021	24.234240	538.882633	77.174335	26.689785	994.501033	-0.525672	12.017290	
7/16/2019 14:53:19.541417749	74.476884	27.961907	995.172217	5.394232	24.358941	541.566871	77.236233	26.804750	994.835994	7.267517	12.002295	
7/16/2019 14:53:20.541417749	74.154907	28.018850	994.152274	5.232068	24.195176	538.557369	77.111937	26.643092	994.367302	5.107324	12.018249	
7/16/2019 14:53:21.541417749	74.503168	28.123764	995.111737	5.393976	24.239954	538.919430	77.115749	26.697151	994.573261	7.537903	11.988443	
7/16/2019 14:53:22.541417749	74.312610	28.182055	993.967525	4.412853	24.297427	541.174582	76.960806	26.741769	994.050160	0.542765	11.979231	
7/16/2019 14:53:23.541417749	74.483455	27.956635	993.699430	5.338844	24.352410	542.706931	77.068648	26.810666	994.978085	5.918481	11.991098	
7/16/2019 14:53:24.541417749	74.227188	27.976300	994.416348	5.167981	24.201095	541.503130	76.952527	26.739177	994.546296	6.984297	12.012283	
7/16/2019 14:53:25.541417749	74.588590	28.088208	994.877233	5.381101	24.283344	542.049173	77.136461	26.797902	995.176950	6.464224	11.977772	
7/16/2019 14:53:26.541417749	74.161478	28.035040	993.999224	5.066042	24.246404	541.204148	77.308647	26.729525	994.468231	-0.524362	11.978587	
7/16/2019 14:53:27.541417749	74.404603	28.061175	994.570659	5.365189	24.373962	542.087285	77.401848	26.759506	994.709358	-0.140272	12.006553	
7/16/2019 14:53:28.541417749	74.214046	27.992864	994.948595	5.066735	24.251832	542.409264	77.239992	26.720603	994.546925	2.876134	12.001572	
7/16/2019 14:53:29.541417749	74.555735	28.241842	996.813193	5.680266	24.145091	541.537295	77.265777	26.753802	995.115761	11.424668	11.958348	
7/16/2019 14:53:30.541417749	74.049772	28.024421	994.196115	5.269979	24.238525	541.162752	77.114093	26.642055	994.408935	5.497967	12.020772	
7/16/2019 14:53:31.541417749	74.365178	27.959030	996.151393	5.374080	24.339389	542.405317	77.067544	26.846458	994.786159	8.306082	11.956719	
7/16/2019 14:53:32.541417749	74.095769	28.076691	995.799716	5.079360	24.258894	541.312569	77.050539	26.725270	994.159920	-0.052237	12.002268	
7/16/2019 14:53:33.541417749	74.430887	28.103799	996.395597	5.208491	24.299753	542.078086	77.021600	26.767190	995.118126	2.098781	11.985026	
7/16/2019 14:53:34.541417749	74.253472	27.993014	994.669932	5.277046	24.229464	541.981495	77.057110	26.722159	994.825113	6.502999	12.013137	
7/16/2019 14:53:35.541417749	74.319181	28.103275	994.876129	5.638142	24.464049	544.507369	77.228953	26.818232	995.022556	2.436503	12.004857	
7/16/2019 14:53:36.541417749	74.496597	28.019523	994.687360	5.226793	24.271385	542.137227	77.081186	26.740732	994.391587	3.845012	12.007985	
7/16/2019 14:53:37.541417749	74.332323	28.157267	993.514207	4.989179	24.323551	543.812162	77.485510	26.767603	994.499297	3.026263	11.947165	
7/16/2019 14:53:38.541417749	74.161478	28.008605	994.592580	5.183273	24.213299	541.281688	77.148656	26.703067	994.678292	6.810849	12.013886	
7/16/2019 14:53:39.541417749	74.417745	28.061399	994.504502	5.801368	24.303427	541.682513	77.145896	26.741452	994.759822	6.382742	12.002689	
7/16/2019 14:53:40.541417749	74.154907	27.992266	994.279382	5.261244	24.225504	540.322327	77.006802	26.670693	994.691381	6.091658	12.018985	
7/16/2019 14:53:41.541417749	74.542593	28.052053	995.107164	5.299150	24.220443	541.457787	77.039053	26.789394	994.971619	6.729367	11.996815	
7/16/2019 14:53:42.541417749	74.174620	27.971852	995.087846	5.001504	24.275058	540.282247	77.011665	26.756088	994.658422	-0.137651	12.018709	
7/16/2019 14:53:43.541417749	74.404603	27.971178	995.273541	5.093439	24.228321	540.800692	77.112937	26.782334	994.746733	3.455681	12.006724	
7/16/2019 14:53:44.541417749	74.338894	28.183477	994.389932	5.618107	24.295263	540.014146	77.417698	26.758575	994.824955	7.905226	11.973356	
7/16/2019 14:53:45.541417749	74.299468	27.992041	995.960258	4.878723	24.299141	539.429991	77.284123	26.747061	994.540302	-1.160760	11.988364	
7/16/2019 14:53:46.541417749	74.384891	28.083460	994.813522	5.908168	24.438864	543.289117	77.551824	26.783160	994.805872	2.679638	11.988115	
7/16/2019 14:53:47.541417749	74.181191	27.987293	994.952616	5.259342	24.231137	540.708701	77.294216	26.762417	994.886302	5.443736	12.014674	
7/16/2019 14:53:48.541417749	74.522880	28.052203	995.758634	5.420215	24.248199	542.403349	77.318896	26.904359	995.444413	13.957426	11.987786	
7/16/2019 14:53:49.541417749	74.306039	28.018550	994.860437	5.319489	24.191707	541.106905	77.201276	26.776418	994.531471	5.721714	11.994423	
7/16/2019 14:53:50.541417749	74.253472	28.171810	995.732850	5.760849	24.401759	544.126911	77.287750	26.759919	994.731593	0.888079	12.004568	
7/16/2019 14:53:51.541417749	74.365178	28.060501	994.674743	5.164575	24.266282	541.537295	77.187425	26.693415	994.562537	2.442785	12.012414	
7/16/2019 14:53:52.541417749	74.233759	28.026367	995.031782	5.183779	24.340817	545.755850	77.406264	26.837124	995.286868	4.666383	11.993214	
7/16/2019 14:53:53.541417749	74.371749	28.061025	994.640364	5.153865	24.266854	543.557207	77.389758	26.743738	994.590924	-0.448122	12.015424	
7/16/2019 14:53:54.541417749	74.279755	28.198918	994.494253	5.716166	24.295223	545.208481	77.516866	26.697151	994.671826	6.509551	11.997327	
7/16/2019 14:53:55.541417749	74.286326	28.066522	995.688299	5.184974	24.274487	544.115080	77.518969	26.718835	994.437951	1.670674	12.002650	
7/16/2019 14:53:56.541417749	74.207475	28.036836	994.066799	5.457617	24.373105	547.738965	77.574401	26.873646	995.390319	7.827676	11.982477	
7/16/2019 14:53:57.541417749	74.371749	28.050257	994.910273	5.111599	24.269956	544.903594	77.467163	26.733779	994.420760	0.622936	11.999312	
7/16/2019 14:53:58.541417749	74.365178	28.099201	995.554173	5.478913	24.255547	545.289968	77.475600	26.799140	995.172692	13.736029	11.978311	
7/16/2019 14:53:59.541417749	74.279755	28.049957	994.744920	5.217145	24.248730	544.339806	77.424531	26.700262	994.497247	2.936918	12.003832	
7/16/2019 14:54:00.541417749	74.319181	28.076766	995.142883	5.716139	24.370860	546.759238	77.337610	26.847696	994.765660	4.454160	11.977509	
7/16/2019 14:54:01.541417749	74.338894	27.966954	995.769673	5.094187	24.210197	544.567163	77.242857	26.772482	994.640916	4.844802	11.996499	
7/16/2019 14:54:02.541417749	74.529451	28.073740	995.016879	5.181960	24.303427	544.292495	77.443639	26.845527	995.094312	2.203582	11.998944	
7/16/2019 14:54:03.541417749	74.266614	28.014326	996.074986	4.835177	24.328898	543.214861	77.247220	26.765634	994.317309	-0.611086	11.996723	
7/16/2019 14:54:04.541417749	74.562306	28.224080	996.258079	5.667377	24.307999	544.138731	77.380742	26.759919	994.943547	5.279462	11.986761	
7/16/2019 14:54:05.541417749	74.207475	27.997612	995.489121	5.232866	24.255220	544.220218	77.374066	26.802675	994.549290	3.352190	12.003096	
7/16/2019 14:54:06.541417749	74.292897	28.088433	994.823614	5.510994	24.360084	546.075198	77.711130	26.822074	994.700841	3.643274	12.007591	
7/16/2019 14:54:07.541417749	74.233759	28.003184	995.013962	5.192884	24.231994	544.197220	77.561207	26.788356	994.936609	3.494456	12.015292	
7/16/2019 14:54:08.541417749	74.312610	28.145900	995.002686	5.359357	24.296365	544.344406	77.553794	26.826847	994.858229	5.605389	12.000113	
7/16/2019 14:54:09.541417749	74.391461	28.087609	994.870610	5.152215	24.274773	543.950149	77.477650	26.768534	994.667724	-0.219133	12.015713	
7/16/2019 14:54:10.541417749	74.207475	28.088208	995.386298	5.854563	24.325224	545.384590	77.482723	26.791880	994.882043	8.417435	12.006237	
7/16/2019 14:54:11.541417749	74.358607	28.061175	995.182152	5.270896	24.286977	544.030973	77.449763	26.761168	994.540459	-0.697809	12.023887	
7/16/2019 14:54:12.541417749	74.214046	28.027041	994.783479	5.302519	24.266323	544.886512	77.601894	26.876864	995.076650	9.479319	11.998076	
7/16/2019 14:54:13.541417749	74.266614	28.081813	994.075630	5.251012	24.249016	543.325251	77.542703	26.717174	994.444417	1.970661	12.013452	
7/16/2019 14:54:14.541417749	74.444029	28.203292	995.125773	5.398039	24.333184	544.307609	77.588752	26.795510	994.932508	3.885098	11.999298	
7/16/2019 14:54:15.541417749	74.233759	27.993164	994.334105	5.179211	24.185543	543.835160	77.532373	26.800601	994.632085	5.560061	12.013649	
7/16/2019 14:54:16.541417749	74.365178	28.020047	993.979983	5.605674	24.331184	544.336522	77.733707	26.749336	994.857915	4.985757	12.005593	
7/16/2019 14:54:17.541417749	74.023489	28.055454	994.806504	5.143173	24.258323	542.866600	77.672361	26.768121	994.560329	0.522067	12.001638	
7/16/2019 14:54:18.541417749	74.312610	28.057400	994.868559	5.389859	24.266323	542.987504	77.825044	26.806718	994.906172	4.680528	11.997353	
7/16/2019 14:54:19.541417749	74.076056	27.992939	993.874243	5.150874	24.174481	542.289013	77.666342	26.784102	994.356892	5.723024	11.998116	
7/16/2019 14:54:20.541417749	74.411174	28.135506	996.386371	5.615399	24.271997	542.998019	77.732761	26.792399	994.941025	9.665602	11.990112	
7/16/2019 14:54:21.541417749	74.076056	28.055978	994.597942	5.187947	24.249302	541.668714	77.722773	26.729419	994.538094	2.153012	12.017934	
7/16/2019 14:54:22.541417749	74.246901	28.055454	995.099517	5.273987	24.406535	544.764292	77.802386	26.813671	994.750205	1.076983	11.987300	
7/16/2019 14:54:23.541417749	74.299468	27.980524	995.392212	5.132686	24.190114	542.682617	77.612828	26.789700	994.669303	3.465894	11.990152	
7/16/2019 14:54:24.541417749	74.200904	28.099201	995.200366	5.388806	24.238280	542.912595	77.716412	26.794579	994.989124	8.595855	11.994554	
7/16/2019 14:54:25.541417749	74.279755	28.060726	994.892925	5.239267	24.284406	542.823888	77.543912	26.738340	994.068137	0.807908	12.001519	
7/16/2019 14:54:26.541417749	74.246901	28.140778	995.856489	5.401664	24.147336	543.800984	77.755733	26.929049	995.017668	3.228002	11.931736	
7/16/2019 14:54:27.541417749	74.338894	28.081888	995.439680	5.119556	24.248159	543.321967	77.578422	26.769158	994.655107	0.538833	12.000731	
7/16/2019 14:54:28.541417749	74.299468	28.077964	993.805012	5.443615	24.376207	547.068072	77.731157	26.868767	994.742160	2.107955	11.995540	
7/16/2019 14:54:29.541417749	74.266614	28.039863	994.883305	5.149707	24.271956	544.359520	77.555398	26.764904	994.669775	-0.347253	12.017999	
7/16/2019 14:54:30.541417749	74.634586	28.199442	993.757937	4.769534	24.341389	547.558919	77.636457	26.781816	995.273464	5.814991	11.947086	
7/16/2019 14:54:31.541417749	74.194333	28.008231	995.051180	5.161621	24.250118	545.435186	77.479358	26.803607	994.496775	1.034276	12.019681	
7/16/2019 14:54:32.541417749	74.411174	28.182728	995.620250	5.729102	24.326694	546.392568	77.564781	26.775794	994.560644	2.590293	11.993831	
7/16/2019 14:54:33.541417749	74.062914	28.036013	994.757300	5.299680	24.222647	545.313618	77.501331	26.738552	994.474068	2.832117	12.006237	
7/16/2019 14:54:34.541417749	74.411174	28.041659	994.381652	5.397852	24.349307	547.126550	77.675278	26.881012	995.181994	5.685560	11.983765	
7/16/2019 14:54:35.541417749	74.102340	27.987667	995.244050	5.158269	24.213014	545.952978	77.712943	26.824360	994.822433	4.372678	12.012598	
7/16/2019 14:54:36.541417749	74.312610	28.078787	995.628529	5.289908	24.264323	546.784204	77.885838	26.955306	995.409246	10.551688	11.979691	
7/16/2019 14:54:37.541417749	74.345465	28.050856	995.281977	5.034263	24.243873	544.776775	77.873301	26.772270	994.602120	-0.422182	11.991663	
7/16/2019 14:54:38.541417749	74.279755	28.130383	994.718664	5.626296	24.245056	545.617853	77.918351	26.783583	994.855550	8.396737	11.991387	
7/16/2019 14:54:39.541417749	74.332323	28.055379	995.897019	5.382565	24.239913	546.435943	78.094453	27.015694	995.455295	11.411833	11.985197	
7/16/2019 14:54:40.541417749	74.220617	28.076392	996.027044	5.071946	24.279589	544.912794	77.819287	26.801426	994.919261	0.068019	12.002742	
7/16/2019 14:54:41.541417749	74.154907	27.977348	996.506698	5.669871	24.108763	544.904910	77.821547	26.770196	994.733172	6.605178	11.978928	
7/16/2019 14:54:42.541417749	74.102340	28.008755	993.608356	5.150204	24.213871	545.548206	77.726399	26.841791	994.820540	6.461602	11.958283	
7/16/2019 14:54:43.541417749	74.233759	28.082412	994.513571	5.057634	24.268242	544.969304	77.783725	26.786589	994.538566	-0.401484	12.019773	
7/16/2019 14:54:44.541417749	74.332323	28.038740	994.069559	5.007034	24.231382	544.803057	77.700510	26.791362	994.683179	-1.857942	11.994646	
7/16/2019 14:54:45.541417749	73.997205	28.040012	996.231980	5.002096	24.247016	546.145507	77.597136	26.818550	994.522954	2.692473	11.990480	
7/16/2019 14:54:46.541417749	74.148336	28.055603	995.022793	5.101947	24.231137	545.085609	77.613984	26.750998	994.446625	1.564563	12.019038	
7/16/2019 14:54:47.541417749	74.365178	28.066297	995.567183	5.033310	24.287549	545.242657	77.581734	26.814803	994.637130	-1.620049	12.007604	
7/16/2019 14:54:48.541417749	74.043201	28.076916	995.622458	5.197467	24.258935	545.828127	77.633645	26.797172	994.466180	0.042079	12.007433	
7/16/2019 14:54:49.541417749	74.135195	28.081739	993.916586	5.129609	24.226606	545.494980	77.735468	26.800908	994.382913	2.964169	11.972410	
7/16/2019 14:54:50.541417749	74.286326	28.035189	994.228365	5.437989	24.248730	545.672395	77.803228	26.790219	994.746261	2.666533	11.991085	
7/16/2019 14:54:51.541417749	74.260043	28.061100	996.098800	5.165241	24.278732	546.476023	77.837187	26.832763	994.516645	0.254302	11.998970	
7/16/2019 14:54:52.541417749	74.076056	28.051080	993.370698	5.392987	24.204809	545.096123	77.770478	26.785033	994.645332	4.965059	12.014188	
7/16/2019 14:54:53.541417749	74.227188	28.050706	994.633504	5.421835	24.201095	545.265655	77.860159	26.765423	994.693746	6.469466	12.015463	
7/16/2019 14:54:54.541417749	74.555735	27.914534	993.242486	5.183173	24.334286	545.251856	77.790743	26.868873	994.396317	8.206523	11.973107	
7/16/2019 14:54:55.541417749	74.023489	28.056502	993.917533	5.360228	24.218688	544.546134	77.894722	26.748405	994.656371	4.142378	12.015975	
7/16/2019 14:54:56.541417749	74.286326	27.982096	995.507492	5.116870	24.233954	546.054169	77.803385	26.840648	994.925256	2.060006	12.012572	
7/16/2019 14:54:57.541417749	74.312610	28.023747	994.417372	5.045128	24.257751	543.689279	77.823702	26.899480	994.735222	0.520756	11.956771	
7/16/2019 14:54:58.541417749	74.003776	28.055903	995.819586	5.161261	24.190645	545.339248	77.737229	26.774344	994.673876	6.461602	11.995711	
7/16/2019 14:54:59.541417749	74.108911	28.082038	995.701704	5.278620	24.248730	545.268938	77.787037	26.785552	994.302012	4.368746	12.019458	
7/16/2019 14:55:00.541417749	74.345465	28.014626	994.621755	5.321186	24.210197	545.086924	77.666105	26.816264	994.426440	6.707358	11.993687	
7/16/2019 14:55:01.541417749	74.089198	28.098303	993.835370	5.386011	24.221218	546.370233	77.601999	26.826953	994.601963	2.634310	11.990690	
7/16/2019 14:55:02.541417749	74.266614	28.082786	993.743271	4.533162	24.251832	547.972890	77.527615	26.761168	995.266997	5.168108	11.967718	
7/16/2019 14:55:03.541417749	74.299468	27.898943	996.144455	5.397720	24.166848	546.684982	77.544016	26.823217	995.028078	6.565093	11.981452	
7/16/2019 14:55:04.541417749	74.398032	28.014551	995.069079	4.970527	24.283263	546.299924	77.761147	26.807343	995.010730	-0.365330	11.995645	
7/16/2019 14:55:05.541417749	74.102340	28.097704	994.714563	5.166299	24.243056	545.728905	77.874562	26.778493	994.540616	2.277201	12.020049	
7/16/2019 14:55:06.541417749	74.082627	28.035938	994.386620	5.268083	24.188645	546.738861	77.780018	26.818444	994.849084	5.783808	12.010219	
7/16/2019 14:55:07.541417749	74.220617	28.008905	994.397264	5.081011	24.294325	546.635039	77.856610	26.853411	994.076025	-2.562987	11.977549	
7/16/2019 14:55:08.541417749	74.207475	28.119914	993.845305	5.167023	24.193176	548.407228	77.654067	26.811491	995.104879	6.483611	11.982884	
7/16/2019 14:55:09.541417749	74.411174	28.051679	994.499772	5.252407	24.194604	547.852639	77.635458	26.803088	994.975878	6.733299	12.006842	
7/16/2019 14:55:10.541417749	74.161478	28.067270	994.326929	5.332585	24.199135	547.508977	77.646339	26.787107	994.752727	7.120009	12.016173	
7/16/2019 14:55:11.541417749	74.115482	28.018550	994.938422	5.116027	24.268527	548.503819	77.915434	26.822487	994.658893	0.787210	12.018748	
7/16/2019 14:55:12.541417749	74.161478	28.103799	995.781739	5.042958	24.253792	548.786371	77.906208	26.857666	994.989439	0.644944	11.992294	
7/16/2019 14:55:13.541417749	74.260043	28.055529	994.886144	5.131296	24.263711	548.737744	77.936960	26.857454	994.586665	-0.793437	12.016015	
7/16/2019 14:55:14.541417749	74.279755	28.109520	994.919971	5.196778	24.238811	548.329688	77.920059	26.817301	994.527212	1.087197	12.020233	
7/16/2019 14:55:15.541417749	74.319181	28.114193	995.712585	5.046350	24.240771	548.563613	77.841864	26.831102	994.575469	0.604859	11.998720	
7/16/2019 14:55:16.541417749	74.371749	28.019074	994.825113	5.211505	24.239628	549.617596	77.743852	26.837430	994.820697	2.348469	12.013833	
7/16/2019 14:55:17.541417749	74.325752	28.077889	994.237748	5.331932	24.242199	548.273178	77.830878	26.808792	994.656528	3.200751	12.021626	
7/16/2019 14:55:18.541417749	74.365178	28.087385	995.382434	5.171738	24.262323	549.245021	77.783173	26.824667	994.665359	-0.389959	12.017027	
7/16/2019 14:55:19.541417749	74.312610	28.082936	994.762820	5.342374	24.228321	548.559013	77.713100	26.776937	994.651955	3.998802	12.020404	
7/16/2019 14:55:20.541417749	74.319181	28.061175	994.659525	5.070911	24.250689	549.052493	77.796814	26.814708	994.580514	1.811629	12.004319	
7/16/2019 14:55:21.541417749	74.371749	27.983518	994.865090	4.912595	24.310775	549.851521	77.687368	26.833694	995.461918	12.410312	11.996841	
7/16/2019 14:55:22.541417749	74.260043	28.061175	995.704701	5.177583	24.191502	549.727986	77.915091	26.792293	994.197296	3.199440	11.995579	
7/16/2019 14:55:23.541417749	74.319181	28.098827	993.890487	5.327259	24.239097	549.451349	77.933306	26.806199	994.577677	3.424498	12.006842	
7/16/2019 14:55:24.541417749	74.391461	28.035564	994.381258	5.329630	24.202238	550.471820	77.873615	26.831208	994.805243	6.774695	12.013465	
7/16/2019 14:55:25.541417749	74.325752	28.070222	994.757063	5.164534	24.183828	550.099245	77.858265	26.843653	994.470439	4.395997	11.972213	
7/16/2019 14:55:26.541417749	74.306039	28.082188	995.640752	5.285459	24.224361	549.671475	77.830825	26.827260	994.569003	3.526678	12.013071	
7/16/2019 14:55:27.541417749	74.365178	28.029843	995.206989	5.082406	24.267956	550.667633	77.758098	26.863370	994.586351	-0.111711	12.010601	
7/16/2019 14:55:28.541417749	74.214046	28.135730	993.993230	5.223537	24.273344	549.767414	77.723035	26.854967	994.667410	0.522067	11.986551	
7/16/2019 14:55:29.541417749	74.194333	28.087909	994.615999	5.279577	24.229178	549.136600	77.815580	26.822593	994.709043	4.593804	12.016488	
7/16/2019 14:55:30.541417749	74.207475	28.025394	995.843794	5.103826	24.195747	550.190584	77.875219	26.868249	994.982186	7.568814	11.993332	
7/16/2019 14:55:31.541417749	74.233759	28.067345	994.435429	5.327815	24.218973	548.775856	77.957382	26.825704	994.640916	6.790151	12.018801	
7/16/2019 14:55:32.541417749	74.286326	28.019973	993.712362	5.190933	24.189216	549.551887	77.943083	26.870841	994.815967	6.544395	11.990953	
7/16/2019 14:55:33.541417749	74.240330	28.064725	994.415007	5.298001	24.230402	548.556382	78.034158	26.798940	994.459400	5.115188	11.999128	
7/16/2019 14:55:34.541417749	74.306039	28.071494	994.909326	5.099225	24.263425	549.183912	77.940114	26.857454	994.711566	0.459972	12.020799	
7/16/2019 14:55:35.541417749	74.299468	28.061100	995.289547	5.111622	24.292651	549.301532	77.846570	26.859009	994.652270	-1.640747	12.019576	
7/16/2019 14:55:36.541417749	74.319181	28.083460	996.858375	5.990105	24.453028	552.134271	77.982956	27.019312	995.250593	7.949243	11.993148	
7/16/2019 14:55:37.541417749	74.450600	27.956859	996.419016	5.429093	24.250404	549.585399	77.823151	26.907883	994.741688	5.362254	11.986275	
