
Time stamp	Inside_humidity (in %rH)	Inside_temperature (in °C)	Inside_pressure (in mbar)	Soil_moisture (in %VWC)	Soil_temperature (in °C)	Inside_CO2_ratio (in ppm)	Outside_humidity (in %rH)	Outside_temperature (in °C)	Outside_pressure (in mbar)	Outside_PAR (in µmol m^-2 s^-1)	Power_box_charge (in V)	
7/16/2019 14:31:37.717636649	75.850211	27.569796	994.806504	5.158748	24.685000	624.209043	76.308626	26.675984	995.911527	12.704017	11.992018	
7/16/2019 14:31:38.717636649	75.429671	27.531919	995.216058	4.073671	24.635079	624.731435	76.381354	26.620888	995.670557	3.879856	12.033336	
7/16/2019 14:31:39.717636649	75.712221	27.590060	996.321476	4.569998	24.729738	624.870737	76.642983	26.607088	995.504495	7.782348	12.013557	
7/16/2019 14:31:40.717636649	75.416529	27.521300	995.019481	3.815897	24.661734	624.431800	76.657833	26.604082	995.426908	4.558961	12.028105	
7/16/2019 14:31:41.717636649	75.771360	27.522273	995.890947	3.633575	24.713900	624.384489	76.610233	26.693320	995.826052	2.101402	12.017750	
7/16/2019 14:31:42.717636649	75.745076	27.511206	997.034292	3.310218	24.681857	623.530266	76.452635	26.567041	995.309103	4.602978	12.017750	
7/16/2019 14:31:43.717636649	75.751647	27.563476	995.053150	3.719337	24.699736	624.890451	76.298849	26.555622	995.681753	6.526318	12.006053	
7/16/2019 14:31:44.717636649	75.784502	27.563476	995.451113	3.635071	24.628874	622.787747	76.126296	26.653368	995.628609	3.712961	12.030510	
7/16/2019 14:31:45.717636649	75.475667	27.664840	994.386620	4.191537	24.691205	621.520869	76.117569	26.617777	995.769279	6.509551	11.996841	
7/16/2019 14:31:46.717636649	75.764789	27.542837	995.308156	3.652118	24.663979	621.018191	75.955951	26.629397	995.622458	5.130644	12.031470	
7/16/2019 14:31:47.717636649	75.672796	27.522723	994.989754	3.412937	24.738554	621.164724	76.279373	26.701098	995.464598	4.496866	12.017106	
7/16/2019 14:31:48.717636649	75.666225	27.489744	997.135222	3.356619	24.722104	620.883488	76.251986	26.618920	995.392212	1.111826	12.036542	
7/16/2019 14:31:49.717636649	75.830498	27.627487	996.809329	4.008613	24.709369	619.774310	76.283841	26.612379	996.029489	11.824484	12.003280	
7/16/2019 14:31:50.717636649	75.534806	27.585312	995.368793	3.590065	24.662550	619.169126	76.257058	26.535080	995.512854	8.703277	12.033454	
7/16/2019 14:31:51.717636649	75.837069	27.549307	996.266753	3.736604	24.831744	620.820410	76.287205	26.613110	995.285446	7.254682	12.028342	
7/16/2019 14:31:52.717636649	75.699080	27.442746	996.740965	3.346693	24.750718	618.742672	76.051308	26.588314	995.383381	2.057385	12.012861	
7/16/2019 14:31:53.717636649	75.823928	27.600753	995.368161	3.989791	24.659488	618.143403	76.020057	26.694970	995.884562	9.268407	11.996749	
7/16/2019 14:31:54.717636649	75.554519	27.506083	995.758792	3.903537	24.741085	617.856252	75.905039	26.567041	995.225678	-0.426113	12.035951	
7/16/2019 14:31:55.717636649	75.718792	27.596230	996.103293	4.329918	24.735411	618.418724	76.060482	26.599309	995.445356	7.518515	11.991624	
7/16/2019 14:31:56.717636649	75.508522	27.464507	997.217622	3.776904	24.740759	617.385771	76.100249	26.570565	995.721179	-0.732653	12.015450	
7/16/2019 14:31:57.717636649	75.810786	27.496288	995.652895	4.042749	24.769944	619.188187	76.161805	26.621619	995.611576	2.684880	12.008077	
7/16/2019 14:31:58.717636649	75.449384	27.579741	996.304837	3.912027	24.639079	616.668881	75.816410	26.555421	995.628452	5.586001	12.018472	
7/16/2019 14:31:59.717636649	75.843640	27.612270	996.116462	3.823086	24.728064	615.735150	76.118359	26.620063	995.558746	7.416335	11.997064	
7/16/2019 14:32:00.717636649	75.370532	27.627637	995.674421	3.480179	24.717288	615.015629	76.173187	26.605225	995.313518	3.943261	12.008038	
7/16/2019 14:32:01.717636649	75.817357	27.632385	996.379510	4.052753	24.764311	616.747074	76.133918	26.570459	995.384167	3.243458	12.025582	
7/16/2019 14:32:02.717636649	75.534806	27.548858	995.581376	3.955875	24.641896	615.576134	75.943413	26.602633	995.569785	5.138507	12.034203	
7/16/2019 14:32:03.717636649	75.745076	27.606699	994.405149	3.880562	24.743902	617.069054	76.084610	26.562162	995.981075	4.913449	11.998405	
7/16/2019 14:32:04.717636649	75.580803	27.527396	996.237657	3.667078	24.616425	617.651240	75.910506	26.482164	994.618046	1.846473	12.006684	
7/16/2019 14:32:05.717636649	75.613657	27.594658	995.966644	4.039179	24.691898	615.319863	75.986440	26.621312	995.506860	2.080704	11.982687	
7/16/2019 14:32:06.717636649	75.633370	27.627936	994.271023	4.008923	24.666550	613.621931	76.168219	26.555421	995.571678	7.329611	12.018656	
7/16/2019 14:32:07.717636649	75.449384	27.622440	996.637038	3.987120	24.765985	616.337050	76.293119	26.456013	994.543610	3.947192	12.000560	
7/16/2019 14:32:08.717636649	75.751647	27.531994	996.020973	3.754012	24.708471	613.550307	76.170032	26.525640	995.208645	2.852815	12.040866	
7/16/2019 14:32:09.717636649	75.521664	27.583184	996.392362	4.055055	24.669407	613.538476	76.240552	26.643716	995.939285	9.335743	11.984856	
7/16/2019 14:32:10.717636649	75.804215	27.548558	996.261233	3.932289	24.648957	614.899325	76.063846	26.600346	995.460496	1.483081	12.032600	
7/16/2019 14:32:11.717636649	75.613657	27.663942	996.180883	4.111678	24.662631	613.509563	76.066106	26.514326	996.046837	13.005314	11.963605	
7/16/2019 14:32:12.717636649	75.751647	27.559476	995.920201	3.984535	24.633120	613.200077	76.040322	26.587276	995.569471	5.137196	12.033349	
7/16/2019 14:32:13.717636649	75.554519	27.665738	994.771256	4.269019	24.782149	614.516898	76.120776	26.591319	995.412711	4.180113	12.002794	
7/16/2019 14:32:14.717636649	75.731934	27.605651	995.590759	4.045006	24.666264	611.395040	76.215924	26.547219	995.302637	6.522386	12.019695	
7/16/2019 14:32:15.717636649	75.633370	27.585462	995.507335	4.134858	24.630262	612.015991	76.240500	26.511321	995.495349	7.945311	12.030024	
7/16/2019 14:32:16.717636649	75.449384	27.574618	995.309417	3.984134	24.669693	611.814263	76.371314	26.482895	995.392370	7.717632	12.027593	
7/16/2019 14:32:17.717636649	75.672796	27.569272	995.044319	3.924556	24.637936	611.429205	76.359880	26.516718	995.542977	6.812159	12.023480	
7/16/2019 14:32:18.717636649	75.508522	27.522872	995.518217	3.753437	24.714431	612.426678	76.275167	26.522116	995.519321	0.011167	12.029406	
7/16/2019 14:32:19.717636649	75.659654	27.606549	995.169377	3.811218	24.646712	610.889730	76.268649	26.514020	995.536983	5.765731	12.016251	
7/16/2019 14:32:20.717636649	75.469096	27.623188	995.436368	3.789110	24.705083	609.998710	76.273012	26.522116	995.241290	5.342867	12.006474	
7/16/2019 14:32:21.717636649	75.462526	27.589835	995.148955	3.774055	24.672795	609.279190	76.163514	26.463803	995.436054	7.897362	12.031259	
7/16/2019 14:32:22.717636649	75.666225	27.569346	997.024672	3.694913	24.696878	609.469751	76.142697	26.513607	994.840882	6.225021	12.021574	
7/16/2019 14:32:23.717636649	75.534806	27.511505	995.943225	3.457500	24.716145	610.111731	76.347290	26.503542	995.159917	2.304452	12.025398	
7/16/2019 14:32:24.717636649	75.554519	27.559327	995.667245	3.564067	24.687490	609.595254	76.208906	26.423438	995.405616	6.490164	12.033717	
7/16/2019 14:32:25.717636649	75.626799	27.585087	994.858072	3.828211	24.634508	608.758114	76.127899	26.473761	995.589498	6.605178	12.031838	
7/16/2019 14:32:26.717636649	75.521664	27.621916	995.985016	3.722807	24.669367	608.480161	76.144800	26.439207	995.573415	7.158784	12.034519	
7/16/2019 14:32:27.717636649	75.225972	27.585911	997.096585	4.400407	24.635936	606.188213	75.943413	26.493996	996.226618	7.145950	11.980400	
7/16/2019 14:32:28.717636649	75.692509	27.595107	995.058118	3.865512	24.653243	608.858651	76.271199	26.497838	995.692163	4.600357	12.028355	
7/16/2019 14:32:29.717636649	75.580803	27.545232	995.545105	3.684764	24.677898	607.587173	76.433712	26.425724	995.162753	5.897783	12.002203	
7/16/2019 14:32:30.717636649	75.396816	27.606325	995.423121	3.844265	24.666550	607.579942	76.381801	26.436826	995.436211	7.262275	12.033428	
7/16/2019 14:32:31.717636649	75.712221	27.590359	996.120326	3.832597	24.678714	606.922847	76.253851	26.451145	995.265733	6.850934	12.028158	
7/16/2019 14:32:32.717636649	75.567661	27.533117	995.795300	3.725907	24.693450	607.755389	76.210562	26.450521	995.189089	2.261745	12.036174	
7/16/2019 14:32:33.717636649	75.396816	27.549307	995.244759	3.810854	24.675040	606.489826	76.104428	26.464014	995.295856	1.177852	12.033993	
7/16/2019 14:32:34.717636649	75.699080	27.617018	996.430684	3.836254	24.692878	605.703280	76.096148	26.429873	995.655103	5.789050	12.014175	
7/16/2019 14:32:35.717636649	75.633370	27.548858	996.862948	3.755543	24.707042	605.582376	76.136573	26.458511	995.320456	3.617334	12.038632	
7/16/2019 14:32:36.717636649	75.488809	27.554354	995.358069	3.871047	24.633691	606.048257	76.282685	26.477190	995.392370	0.910088	12.036569	
7/16/2019 14:32:37.717636649	75.436242	27.558803	995.534066	3.768857	24.703083	605.370133	76.168376	26.412749	995.247756	5.033706	12.020431	
7/16/2019 14:32:38.717636649	75.646512	27.543810	995.518926	3.638973	24.713573	605.808417	76.102220	26.444922	995.175843	2.450649	12.020969	
7/16/2019 14:32:39.717636649	75.738505	27.527695	995.641619	3.752617	24.684959	605.715110	76.057327	26.430603	995.396785	1.547797	12.040984	
7/16/2019 14:32:40.717636649	75.600515	27.606849	996.769589	3.869378	24.677286	604.760349	76.125691	26.358384	995.829839	6.450078	12.004818	
7/16/2019 14:32:41.717636649	75.547948	27.523022	995.222681	3.762287	24.666264	604.871402	76.207198	26.439525	995.288761	1.198550	12.037830	
7/16/2019 14:32:42.717636649	75.423100	27.596380	995.771644	3.755169	24.667081	603.485587	76.419309	26.398017	995.668978	7.492575	12.012546	
7/16/2019 14:32:43.717636649	75.745076	27.533416	996.739941	3.642092	24.699981	604.096687	76.357226	26.385572	995.267626	4.667693	11.998641	
7/16/2019 14:32:44.717636649	75.561090	27.596080	996.030199	4.052447	24.644712	603.881813	76.351811	26.363157	995.736476	8.474287	11.997905	
7/16/2019 14:32:45.717636649	75.416529	27.566170	995.097781	3.747050	24.641406	603.776023	76.252800	26.451770	995.797508	-1.250105	12.013176	
7/16/2019 14:32:46.717636649	75.731934	27.533716	995.839693	3.597173	24.723778	603.367967	76.230327	26.380280	995.062139	3.045651	12.034203	
7/16/2019 14:32:47.717636649	75.508522	27.602400	994.609295	3.618073	24.690633	601.997267	76.241813	26.404664	995.331180	4.031295	12.029498	
7/16/2019 14:32:48.717636649	75.324536	27.628386	995.954344	3.697229	24.697409	601.441362	76.191953	26.362638	995.401358	4.989689	12.021416	
7/16/2019 14:32:49.717636649	75.659654	27.527246	994.809578	3.458398	24.714145	601.010309	76.387216	26.398748	995.543449	0.410713	12.022612	
7/16/2019 14:32:50.717636649	75.455955	27.585237	996.001260	3.788672	24.651815	600.634450	76.182123	26.458098	995.578459	4.636511	12.025608	
7/16/2019 14:32:51.717636649	75.357390	27.570245	996.093753	3.457250	24.685817	599.776943	76.139438	26.375507	995.473429	5.814991	12.037489	
7/16/2019 14:32:52.717636649	75.653083	27.622889	995.125773	3.690850	24.673612	599.404368	76.131106	26.380068	995.322507	7.470566	12.033730	
7/16/2019 14:32:53.717636649	75.580803	27.596529	993.640844	3.663170	24.658591	599.268349	76.307260	26.422507	995.447564	3.326250	12.001848	
7/16/2019 14:32:54.717636649	75.580803	27.718083	994.655739	3.218829	24.621201	600.467550	76.306866	26.331301	995.755560	6.487543	12.006868	
7/16/2019 14:32:55.717636649	75.554519	27.617168	995.911370	3.876851	24.654917	598.807067	76.110946	26.365337	995.574201	6.809538	12.026279	
7/16/2019 14:32:56.717636649	75.337678	27.616494	995.020348	3.844174	24.635405	599.627125	76.202730	26.421258	995.535404	2.194408	12.022928	
7/16/2019 14:32:57.717636649	75.574232	27.586135	997.177802	3.641098	24.709328	599.833453	76.431556	26.378725	995.436368	5.199291	12.033086	
7/16/2019 14:32:58.717636649	75.554519	27.549232	995.779214	3.647632	24.713288	600.082492	76.339221	26.351536	995.427380	4.524117	12.030497	
7/16/2019 14:32:59.717636649	75.304823	27.590659	996.964035	3.816238	24.668265	601.114130	76.193661	26.381318	995.595650	0.435343	12.019037	
7/16/2019 14:33:00.717636649	75.508522	27.628011	995.419258	3.695104	24.669081	599.844620	76.208749	26.353092	995.434003	6.832857	12.032745	
7/16/2019 14:33:01.717636649	75.311394	27.533266	995.238136	3.673402	24.679857	601.495904	76.169980	26.388789	995.390162	1.895732	12.040590	
7/16/2019 14:33:02.717636649	75.587373	27.549007	995.832676	3.619359	24.705940	601.246865	76.266836	26.363887	995.184045	1.709450	12.033796	
7/16/2019 14:33:03.717636649	75.383674	27.550879	994.610242	3.664598	24.643284	602.341581	76.353152	26.409437	995.482103	-2.133569	12.014898	
7/16/2019 14:33:04.717636649	75.396816	27.623638	997.252632	3.592554	24.680429	600.813180	76.404773	26.348012	995.526101	6.204322	12.030826	
7/16/2019 14:33:05.717636649	75.475667	27.538688	995.620013	3.738651	24.666550	601.570813	76.302055	26.390345	995.538719	0.233604	12.033389	
7/16/2019 14:33:06.717636649	75.245684	27.601727	995.548731	3.820720	24.633936	600.859176	76.283946	26.405595	995.729224	5.582070	12.030602	
7/16/2019 14:33:07.717636649	75.620228	27.549307	995.718657	3.594300	24.705369	600.171200	76.380355	26.343758	995.289547	3.947192	12.039105	
7/16/2019 14:33:08.717636649	75.416529	27.591557	995.554645	3.621310	24.684674	599.523304	76.205594	26.327259	995.438261	6.469466	12.032876	
7/16/2019 14:33:09.717636649	75.265397	27.628386	995.902696	3.560566	24.670510	598.424641	76.448510	26.349462	995.412082	7.599997	12.031168	
7/16/2019 14:33:10.717636649	75.528235	27.611821	995.221340	3.460355	24.700552	599.376770	76.571150	26.411511	995.490777	2.277201	12.015857	
7/16/2019 14:33:11.717636649	75.455955	27.615115	994.507262	3.798602	24.702307	599.541702	76.525967	26.510083	996.193501	1.488323	11.994896	
7/16/2019 14:33:12.717636649	75.501951	27.585312	994.987388	3.781564	24.627160	598.504149	76.392393	26.431122	995.545657	2.297899	12.036910	
7/16/2019 14:33:13.717636649	75.442813	27.786917	996.024127	4.074204	24.720717	598.666449	76.397965	26.417110	995.556853	4.731098	11.982451	
7/16/2019 14:33:14.717636649	75.580803	27.628685	995.160074	3.578894	24.688919	596.589374	76.323372	26.389720	995.178208	5.218678	12.018683	
7/16/2019 14:33:15.717636649	75.383674	27.632460	995.399782	4.182094	24.763780	597.758999	76.361089	26.454468	995.586026	8.091508	11.990586	
7/16/2019 14:33:16.717636649	75.232542	27.638630	995.667245	3.795470	24.659733	596.141891	76.375782	26.366268	995.499765	7.160095	12.033362	
7/16/2019 14:33:17.717636649	75.666225	27.615639	997.307907	3.747665	24.746759	597.796459	76.558560	26.519735	995.764549	3.744143	12.004608	
7/16/2019 14:33:18.717636649	75.331107	27.581163	993.841284	3.700562	24.595689	597.302980	76.538295	26.396568	995.882826	0.779347	12.009352	
7/16/2019 14:33:19.717636649	75.607086	27.728552	996.064105	4.130394	24.718431	596.388299	76.599194	26.373740	995.629081	10.035546	12.006185	
7/16/2019 14:33:20.717636649	75.429671	27.581836	995.945828	3.668587	24.679571	596.176719	76.577983	26.335355	995.296642	5.915860	11.996355	
7/16/2019 14:33:21.717636649	75.403387	27.640202	995.024921	4.186206	24.837132	597.854285	76.644796	26.411405	995.653367	2.555450	12.000402	
7/16/2019 14:33:22.717636649	75.449384	27.596230	995.524997	3.768634	24.613567	596.904123	76.413210	26.395118	995.694686	1.210075	12.033599	
7/16/2019 14:33:23.717636649	75.304823	27.640576	996.111258	3.927939	24.676755	598.050098	76.439940	26.450733	995.664091	7.228742	12.001546	
7/16/2019 14:33:24.717636649	75.554519	27.633882	995.788834	3.574244	24.665122	596.317337	76.310782	26.338985	995.580667	7.043770	12.030800	
7/16/2019 14:33:25.717636649	75.449384	27.755585	995.437472	3.863132	24.693817	596.259511	76.446564	26.352267	995.674973	6.653127	11.978758	
7/16/2019 14:33:26.717636649	75.534806	27.585462	995.696341	3.699267	24.647284	597.078254	76.515875	26.397711	995.558589	-0.427424	12.003320	
7/16/2019 14:33:27.717636649	75.547948	27.643528	995.737423	4.074980	24.761780	597.547419	76.619511	26.375920	995.631131	1.338195	12.018394	
7/16/2019 14:33:28.717636649	75.317965	27.649847	995.342614	3.604126	24.684674	595.148365	76.540765	26.293435	995.233088	6.982986	12.013518	
7/16/2019 14:33:29.717636649	75.436242	27.650895	996.636486	3.736773	24.741085	597.267499	76.651919	26.350087	995.567735	5.813680	11.994883	
7/16/2019 14:33:30.717636649	75.495380	27.564823	994.552917	3.578648	24.706512	596.045300	76.429663	26.365961	995.037696	-0.715886	12.019537	
7/16/2019 14:33:31.717636649	75.317965	27.645474	994.824323	3.958742	24.649284	594.612174	76.452083	26.352267	995.909162	11.783088	11.990112	
7/16/2019 14:33:32.717636649	75.574232	27.552151	996.326600	3.570533	24.710675	594.993948	76.374493	26.299245	995.352315	2.037998	12.012756	
7/16/2019 14:33:33.717636649	75.311394	27.738946	995.686249	4.121048	24.712757	594.357220	76.634204	26.344065	995.489040	6.817401	12.004227	
7/16/2019 14:33:34.717636649	75.541377	27.532668	993.998986	3.170135	24.811906	596.306170	76.627581	26.225470	995.046998	3.939329	12.001848	
7/16/2019 14:33:35.717636649	75.363961	27.597802	995.316121	4.027156	24.743861	595.337610	76.696550	26.435270	996.071595	3.907107	11.983528	
7/16/2019 14:33:36.717636649	75.212830	27.612270	995.114339	3.837485	24.629405	592.627091	76.529778	26.360045	995.643907	7.289526	12.004016	
7/16/2019 14:33:37.717636649	75.436242	27.629658	995.448354	3.854241	24.661162	595.172679	76.518844	26.476153	995.801609	3.226691	12.007420	
7/16/2019 14:33:38.717636649	75.153691	27.596380	995.026262	3.728575	24.667979	594.346052	76.520552	26.375613	995.547550	-0.757283	12.037200	
7/16/2019 14:33:39.717636649	75.462526	27.687649	995.251777	4.136983	24.664591	593.711955	76.572568	26.374470	995.760447	12.521666	11.987668	
7/16/2019 14:33:40.717636649	75.186546	27.580789	994.856811	3.770836	24.646427	594.758708	76.494216	26.413067	995.565370	0.348619	12.016895	
7/16/2019 14:33:41.717636649	75.547948	27.665813	996.969949	4.070954	24.722349	595.247587	76.524968	26.407669	995.651159	4.566824	12.012059	
7/16/2019 14:33:42.717636649	75.285110	27.676207	994.176954	3.916199	24.644141	593.293385	76.301451	26.335662	995.620250	7.574056	12.019537	
7/16/2019 14:33:43.717636649	75.239113	27.608421	996.372098	3.892307	24.679286	594.323055	76.353467	26.418877	996.040843	9.469106	11.989718	
7/16/2019 14:33:44.717636649	75.436242	27.575367	995.551571	3.634647	24.696021	595.538022	76.219892	26.383498	995.431795	0.842751	12.014149	
7/16/2019 14:33:45.717636649	75.271968	27.715057	996.509221	3.906099	24.665448	594.823102	76.466119	26.414210	995.968143	10.305932	12.000823	
7/16/2019 14:33:46.717636649	75.403387	27.643752	996.664558	3.824304	24.636508	595.198960	76.401461	26.405077	995.620093	2.768712	12.023177	
7/16/2019 14:33:47.717636649	75.344249	27.712736	996.013245	3.857560	24.754433	595.963161	76.443200	26.389096	995.416655	0.639702	12.018972	
7/16/2019 14:33:48.717636649	75.495380	27.613169	995.945433	3.598322	24.671081	594.101613	76.345188	26.328920	995.351051	6.654438	12.037042	
7/16/2019 14:33:49.717636649	75.311394	27.575591	996.318873	3.746926	24.844479	595.049143	76.445855	26.585202	995.882826	-2.394781	11.956114	
7/16/2019 14:33:50.717636649	75.475667	27.686377	996.829989	3.806486	24.673612	593.855857	76.470640	26.367930	995.615834	6.461602	12.027133	
7/16/2019 14:33:51.717636649	75.409958	27.614666	995.848130	3.754467	24.739371	596.639317	76.404826	26.438594	995.668664	4.648306	12.012348	
7/16/2019 14:33:52.717636649	75.469096	27.549232	996.705088	3.387956	24.725778	595.265985	76.414051	26.381730	995.473114	1.890490	12.013255	
7/16/2019 14:33:53.717636649	75.455955	27.735096	996.347260	3.786018	24.738269	595.072141	76.528465	26.392419	995.779846	6.472087	12.011468	
7/16/2019 14:33:54.717636649	75.186546	27.670561	996.325891	3.833632	24.609567	594.260629	76.419571	26.429979	995.545971	5.087937	12.012650	
7/16/2019 14:33:55.717636649	75.475667	27.644800	997.133408	3.851045	24.734268	595.919796	76.397360	26.433503	995.837248	3.350880	11.992885	
7/16/2019 14:33:56.717636649	75.101124	27.649773	995.587290	3.779704	24.668510	593.527310	76.304763	26.365231	995.432110	6.770763	12.028710	
7/16/2019 14:33:57.717636649	75.469096	27.550130	994.624278	3.771812	24.782149	594.439359	76.356174	26.452182	995.360511	1.437753	11.996434	
7/16/2019 14:33:58.717636649	75.265397	27.633657	994.687595	3.779380	24.646427	592.853132	76.214321	26.434858	995.915471	0.779347	12.022428	
7/16/2019 14:33:59.717636649	75.232542	27.630856	996.784254	3.690768	24.716145	591.193965	76.485727	26.485181	995.598015	8.849474	11.987418	
7/16/2019 14:34:00.717636649	75.495380	27.655419	996.991240	3.723053	24.693450	592.399081	76.536035	26.407775	995.519635	3.517775	12.015016	
7/16/2019 14:34:01.717636649	75.390245	27.771850	996.003073	3.919718	24.709369	591.866174	76.533984	26.406632	995.604638	7.130494	12.006803	
7/16/2019 14:34:02.717636649	75.153691	27.671010	995.777243	3.750774	24.664836	591.186081	76.450270	26.365231	995.545814	7.122630	12.033375	
7/16/2019 14:34:03.717636649	75.469096	27.712961	996.946058	4.192143	24.741902	592.416164	76.460310	26.445642	995.743100	8.603718	12.013768	
7/16/2019 14:34:04.717636649	75.396816	27.655419	997.251528	3.722096	24.694307	591.544858	76.365005	26.412548	995.079801	2.367856	12.018131	
7/16/2019 14:34:05.717636649	75.271968	27.602924	994.739715	3.877922	24.706512	593.357126	76.332098	26.575656	996.038478	4.024742	12.004542	
7/16/2019 14:34:06.717636649	75.291681	27.859901	995.866030	4.734451	24.752473	592.522606	76.266598	26.460786	995.802395	8.207834	11.999062	
7/16/2019 14:34:07.717636649	75.048556	27.622739	995.343166	3.893251	24.621201	591.410807	76.193004	26.429979	995.716606	5.024532	12.026844	
7/16/2019 14:34:08.717636649	75.436242	27.666412	994.231834	4.253257	24.985875	595.212106	76.641170	26.518687	996.106919	2.823214	11.992215	
7/16/2019 14:34:09.717636649	75.370532	27.612495	996.592488	3.733020	24.628303	592.675718	76.455632	26.484662	995.615677	0.805287	12.032022	
7/16/2019 14:34:10.717636649	75.278539	27.658114	995.473981	3.966748	24.624384	594.116727	76.608263	26.613840	996.191765	13.194218	11.969296	
7/16/2019 14:34:11.717636649	75.107694	27.575442	995.421623	3.699016	24.657203	592.380683	76.421279	26.478228	995.644064	-0.279916	12.035623	
7/16/2019 14:34:12.717636649	75.482238	27.765530	995.564975	4.091831	24.691286	591.881941	76.440098	26.488599	995.889292	6.402129	11.999285	
7/16/2019 14:34:13.717636649	75.166833	27.665364	995.114891	3.808364	24.618915	591.274789	76.356831	26.479677	995.479895	6.155063	12.024951	
7/16/2019 14:34:14.717636649	75.179975	27.935055	996.797581	4.064593	24.684674	592.955638	76.399621	26.493266	995.327237	8.008716	11.977286	
7/16/2019 14:34:15.717636649	75.363961	27.643977	994.467836	3.780014	24.653815	591.962112	76.274168	26.480820	995.689956	1.646045	12.027974	
7/16/2019 14:34:16.717636649	75.409958	27.588755	995.431953	3.867098	24.758352	592.127044	76.410450	26.550754	995.837091	0.252992	12.019090	
7/16/2019 14:34:17.717636649	75.291681	27.669887	995.760290	3.784496	24.639896	591.073061	76.263182	26.452076	995.525629	5.724335	12.028119	
7/16/2019 14:34:18.717636649	75.337678	27.710234	996.476576	3.768355	24.707655	591.787982	76.358382	26.526889	995.812805	5.773595	11.992005	
7/16/2019 14:34:19.717636649	75.186546	27.608495	995.650055	3.565508	24.636222	589.899489	76.485385	26.456437	994.721026	-0.010841	11.996144	
7/16/2019 14:34:20.717636649	75.271968	27.781047	995.701309	4.100070	24.705164	591.426574	76.322373	26.518793	995.843400	9.005885	12.003438	
7/16/2019 14:34:21.717636649	75.409958	27.607822	996.030199	3.587995	24.671898	590.749113	76.382458	26.448859	995.462547	4.412764	12.030694	
7/16/2019 14:34:22.717636649	75.324536	27.735920	995.018772	4.215304	24.732840	591.077660	76.510617	26.511733	995.377544	9.176712	11.977588	
7/16/2019 14:34:23.717636649	75.265397	27.660541	996.163773	3.674049	24.643569	590.275348	76.386321	26.462141	995.626716	6.138297	12.032994	
7/16/2019 14:34:24.717636649	75.206259	27.630556	997.449918	3.849873	24.795456	592.815683	76.613939	26.585202	995.620564	1.779407	12.009352	
7/16/2019 14:34:25.717636649	75.193117	27.660316	996.535005	3.944344	24.628017	589.741788	76.653313	26.504685	995.637598	6.139607	12.028263	
7/16/2019 14:34:26.717636649	75.534806	27.651345	996.112362	3.746653	24.669979	591.459434	76.736133	26.592674	995.939442	4.790571	12.011718	
7/16/2019 14:34:27.717636649	75.363961	27.596979	995.451665	3.557730	24.704797	590.333174	76.572568	26.498357	995.158180	0.025313	12.020851	
7/16/2019 14:34:28.717636649	75.350819	27.723729	995.729301	4.033653	24.689000	591.091459	76.512431	26.579805	995.978868	1.626657	12.012664	
7/16/2019 14:34:29.717636649	75.160262	27.623712	996.467193	3.697329	24.666550	590.418597	76.449980	26.535398	995.549915	-0.012152	12.016790	
7/16/2019 14:34:30.717636649	75.140549	27.724553	995.696893	4.272252	24.730023	590.170210	76.431267	26.534773	995.868157	6.429380	11.994804	
7/16/2019 14:34:31.717636649	75.357390	27.629508	995.964594	3.582592	24.683817	588.305378	76.685011	26.487668	995.405931	4.274430	12.035820	
7/16/2019 14:34:32.717636649	75.390245	27.650821	995.633891	3.846253	24.761168	590.904193	76.804944	26.560088	995.633654	5.443736	12.020076	
7/16/2019 14:34:33.717636649	75.225972	27.596979	996.490217	3.631619	24.705083	588.390802	76.619064	26.498251	995.431953	0.562152	12.032219	
7/16/2019 14:34:34.717636649	75.140549	27.725002	995.520582	3.888933	24.647284	588.281065	76.541317	26.564343	995.966250	12.168488	12.008734	
7/16/2019 14:34:35.717636649	75.344249	27.702118	995.220079	3.786429	24.645855	587.735675	76.483834	26.472206	995.390162	6.913029	12.032876	
7/16/2019 14:34:36.717636649	75.455955	27.951245	996.526883	3.671322	24.549278	587.990630	76.695156	26.595267	994.975085	6.121530	11.992202	
7/16/2019 14:34:37.717636649	75.232542	27.646147	994.664808	3.746918	24.624629	588.730517	76.390685	26.573264	995.464440	2.402700	12.006671	
7/16/2019 14:34:38.717636649	75.225972	27.724253	997.076163	4.037656	24.655488	590.508620	76.730061	26.448647	995.119698	8.790001	11.997459	
7/16/2019 14:34:39.717636649	75.219401	27.633732	996.957491	3.766163	24.637651	589.202314	76.621614	26.544319	995.941650	1.541244	12.023939	
7/16/2019 14:34:40.717636649	75.541377	27.587258	996.532008	3.595390	24.752963	591.480464	76.795666	26.612485	995.331652	0.745814	11.997971	
7/16/2019 14:34:41.717636649	75.166833	27.655194	995.091078	3.807676	24.571606	589.126089	76.627134	26.554797	995.673237	6.052883	11.998799	
7/16/2019 14:34:42.717636649	75.285110	27.651869	996.772663	3.733220	24.726635	589.653081	76.751535	26.635007	995.681596	4.504730	12.003845	
7/16/2019 14:34:43.717636649	75.403387	27.644351	995.801134	3.811182	24.614425	589.206913	76.506911	26.563930	995.956947	0.681098	12.026568	
7/16/2019 14:34:44.717636649	75.357390	27.782020	996.942666	4.074838	24.682714	587.581258	76.593884	26.538816	995.561426	11.101362	11.986038	
7/16/2019 14:34:45.717636649	75.153691	27.617842	994.288370	3.801489	24.614996	588.461111	76.551199	26.608443	995.812491	1.049732	12.025530	
7/16/2019 14:34:46.717636649	75.304823	27.718981	996.423352	4.035395	24.756066	587.941350	76.766175	26.531450	995.480524	5.036327	12.024675	
7/16/2019 14:34:47.717636649	75.416529	27.628311	995.726936	3.742691	24.693450	587.037184	76.759000	26.515057	995.438576	2.913599	12.037502	
7/16/2019 14:34:48.717636649	75.291681	27.661514	995.419415	4.091913	24.730595	586.564735	76.725750	26.641123	995.921622	5.565303	12.016252	
7/16/2019 14:34:49.717636649	75.232542	27.591183	995.388426	3.500509	24.696878	585.619173	76.660698	26.504992	994.740424	0.042079	12.026003	
7/16/2019 14:34:50.717636649	75.173404	27.650521	995.309732	3.801484	24.654345	587.347333	76.596145	26.696537	995.790413	5.584691	11.992254	
7/16/2019 14:34:51.717636649	75.285110	27.634331	995.554882	3.826739	24.594015	586.292697	76.344188	26.576587	995.873366	1.871102	12.008248	
7/16/2019 14:34:52.717636649	75.396816	27.676731	994.853499	3.947863	24.640508	586.483911	76.598090	26.609893	995.920358	6.299950	11.985683	
7/16/2019 14:34:53.717636649	75.127407	27.686227	996.651232	3.792083	24.609608	586.094253	76.678440	26.593605	995.729381	3.961338	12.022796	
7/16/2019 14:34:54.717636649	75.041985	27.776149	995.781107	4.218697	24.728350	586.744117	76.702121	26.574301	995.635862	6.933727	12.012217	
7/16/2019 14:34:55.717636649	75.285110	27.655793	995.835121	3.647344	24.662550	586.640959	76.521157	26.565592	995.457345	0.519445	12.032166	
7/16/2019 14:34:56.717636649	75.101124	27.656092	996.983433	3.915182	24.790353	587.536578	76.689636	26.613628	995.568206	2.104024	12.019879	
7/16/2019 14:34:57.717636649	75.265397	27.675608	995.756189	3.809459	24.620098	586.586417	76.466329	26.552722	995.626716	4.451539	12.027343	
7/16/2019 14:34:58.717636649	75.271968	27.699016	994.095895	3.916349	24.655488	588.873766	76.637568	26.658660	995.905061	11.291576	11.997774	
7/16/2019 14:34:59.717636649	75.081411	27.677854	995.177893	3.827496	24.613241	588.407884	76.447325	26.626910	995.829210	2.462173	12.011087	
7/16/2019 14:35:00.717636649	75.580803	27.724403	994.462632	3.240873	24.660917	590.634124	76.430715	26.600241	996.515058	6.994510	11.967797	
7/16/2019 14:35:01.717636649	75.245684	27.655269	994.310448	3.820798	24.628303	588.051740	76.386321	26.609480	995.924302	4.553718	12.012099	
7/16/2019 14:35:02.717636649	75.120836	27.676207	994.795779	3.778327	24.607322	588.626042	76.358986	26.612697	995.738212	1.177852	12.030629	
7/16/2019 14:35:03.717636649	75.383674	27.662936	994.907039	3.734351	24.726635	590.565130	76.807599	26.757337	996.128211	9.162566	11.961345	
7/16/2019 14:35:04.717636649	75.350819	27.640277	996.697913	3.557078	24.667407	589.813413	76.629446	26.612697	995.731275	0.232293	12.011731	
7/16/2019 14:35:05.717636649	75.416529	27.745416	996.664873	3.910061	24.739697	589.916572	76.651919	26.636244	995.963885	2.299209	12.002216	
7/16/2019 14:35:06.717636649	75.087982	27.718457	994.781034	3.924843	24.637936	589.451353	76.634414	26.633345	995.873995	4.906896	12.001914	
7/16/2019 14:35:07.717636649	75.442813	27.734797	996.647211	4.204074	24.779618	590.660406	76.602715	26.614972	995.758397	0.912709	12.014412	
7/16/2019 14:35:08.717636649	75.048556	27.634631	996.543127	3.934646	24.607322	587.717277	76.469089	26.643928	995.490934	6.544395	11.985867	
7/16/2019 14:35:09.717636649	75.442813	27.645773	995.875413	4.195206	24.841908	590.894993	76.520001	26.678577	995.868315	2.436503	12.011376	
7/16/2019 14:35:10.717636649	75.166833	27.718382	994.357996	3.760778	24.645855	586.824941	76.399516	26.579699	995.423279	7.158784	12.019511	
7/16/2019 14:35:11.717636649	75.041985	27.710234	995.405064	3.772172	24.676183	588.612244	76.478262	26.695807	996.064971	10.390035	12.002834	
7/16/2019 14:35:12.717636649	75.285110	27.707913	996.626394	3.772655	24.639896	586.847939	76.289413	26.582292	995.710140	5.989478	12.027895	
7/16/2019 14:35:13.717636649	75.311394	27.693146	994.937948	3.656645	24.713328	587.928204	76.453135	26.667275	995.687748	6.161616	11.980269	
7/16/2019 14:35:14.717636649	75.015701	27.692173	996.041632	3.761316	24.638222	587.277024	76.544419	26.628466	995.659518	3.305552	12.019221	
7/16/2019 14:35:15.717636649	75.515093	27.788639	995.587133	3.931978	24.721819	587.310537	76.740995	26.622550	995.574044	1.342126	11.971043	
7/16/2019 14:35:16.717636649	75.219401	27.660167	995.849234	3.495394	24.666836	586.968191	76.632653	26.627947	995.515219	-1.003038	12.033980	
7/16/2019 14:35:17.717636649	75.022272	27.777047	996.676701	4.246340	24.747004	587.361132	76.696812	26.603246	995.850652	9.404390	12.007368	
7/16/2019 14:35:18.717636649	75.285110	27.714458	995.226782	3.674072	24.637079	586.161278	76.573068	26.624931	995.740892	6.051573	12.013373	
7/16/2019 14:35:19.717636649	75.166833	27.725151	995.198158	3.928919	24.732554	586.477996	76.737841	26.625143	996.054090	8.003474	12.016501	
7/16/2019 14:35:20.717636649	74.989417	27.723879	994.299961	3.813863	24.639896	586.435284	76.581242	26.589657	995.721022	6.091658	12.021863	
7/16/2019 14:35:21.717636649	75.423100	27.684698	995.621591	3.701856	24.707328	588.235069	76.632154	26.704316	995.734269	-0.463578	11.988023	
7/16/2019 14:35:22.717636649	75.219401	27.629658	996.499286	3.627785	24.671898	586.865685	76.430715	26.626392	995.657625	1.219248	12.028197	
7/16/2019 14:35:23.717636649	75.153691	27.754313	994.752410	3.921072	24.659774	587.529348	76.413262	26.671317	996.114964	1.846473	11.971162	
7/16/2019 14:35:24.717636649	75.370532	27.707913	995.622063	3.673515	24.653203	585.379332	76.748513	26.573677	995.596121	5.494035	12.030432	
7/16/2019 14:35:25.717636649	75.258826	27.708512	995.054491	3.935417	24.734023	587.303306	76.659199	26.686673	995.515219	-0.160970	12.003648	
7/16/2019 14:35:26.717636649	74.982847	27.734348	995.316987	3.729532	24.613527	585.585660	76.603163	26.619851	995.672765	5.783808	12.031667	
7/16/2019 14:35:27.717636649	75.350819	27.709411	995.943383	3.934154	24.825784	588.660871	76.601612	26.645272	995.313990	2.534752	12.013768	
7/16/2019 14:35:28.717636649	75.101124	27.665963	996.193106	3.623129	24.654917	586.080455	76.545180	26.581360	995.497714	4.729788	12.030747	
7/16/2019 14:35:29.717636649	75.199688	27.772823	996.293246	3.714276	24.578423	588.302094	76.731717	26.585921	996.292223	9.192167	11.963171	
7/16/2019 14:35:30.717636649	75.081411	27.635005	995.886846	3.781332	24.655203	587.565491	76.587209	26.611036	995.817221	-0.277295	12.035255	
7/16/2019 14:35:31.717636649	75.252255	27.741791	996.227090	4.016692	24.672224	586.650811	76.827417	26.670280	995.773380	8.726596	11.979415	
7/16/2019 14:35:32.717636649	75.258826	27.739844	994.435981	3.674587	24.645284	587.867094	76.854752	26.519724	995.489198	5.785119	12.028828	
7/16/2019 14:35:33.717636649	75.298252	27.755885	996.435652	3.832556	24.750759	589.434923	76.834697	26.619957	995.834412	1.727526	12.010968	
7/16/2019 14:35:34.717636649	75.337678	27.745565	994.531628	3.793783	24.683245	588.656924	76.847234	26.551579	995.883297	6.222399	12.010259	
7/16/2019 14:35:35.717636649	75.087982	27.724478	997.513077	4.511191	24.584096	588.869819	76.999417	26.599097	995.419177	11.310964	11.970307	
7/16/2019 14:35:36.717636649	75.133978	27.724328	995.817378	3.775892	24.643855	589.473035	76.753585	26.587065	995.889449	5.128022	12.010968	
7/16/2019 14:35:37.717636649	75.383674	27.645623	995.762655	3.774880	24.748718	590.050622	76.760104	26.624106	995.817535	-0.163591	12.025898	
7/16/2019 14:35:38.717636649	75.153691	27.650970	995.810755	3.596808	24.694021	589.550575	76.798373	26.522010	995.372814	2.777886	12.032955	
7/16/2019 14:35:39.717636649	75.350819	27.698942	995.669059	3.884857	24.661203	590.009226	76.838903	26.627535	996.016243	5.543295	12.008840	
7/16/2019 14:35:40.717636649	75.179975	27.656392	996.363109	3.565143	24.664550	588.859967	76.798321	26.511427	995.254537	5.465744	12.006934	
7/16/2019 14:35:41.717636649	75.383674	27.665963	995.500237	3.849586	24.702307	589.844294	76.735975	26.669243	996.154233	3.282233	11.985749	
7/16/2019 14:35:42.717636649	75.048556	27.776598	994.826137	3.680336	24.628589	589.165517	76.570360	26.586758	996.015928	2.936918	12.008524	
7/16/2019 14:35:43.717636649	75.324536	27.808230	995.012621	4.167677	24.679041	588.160813	76.597196	26.575857	996.014192	9.395216	12.005988	
7/16/2019 14:35:44.717636649	75.166833	27.671085	995.444175	3.812313	24.639691	588.320493	76.471244	26.607194	995.521214	0.247749	12.005935	
7/16/2019 14:35:45.717636649	75.193117	27.760633	995.557562	4.199561	24.716145	588.076053	76.569913	26.566829	996.054404	7.985397	11.995474	
7/16/2019 14:35:46.717636649	75.140549	27.735396	995.646743	3.823196	24.607527	587.662082	76.439046	26.587890	995.571836	4.958506	12.006618	
7/16/2019 14:35:47.717636649	75.245684	27.551927	995.224180	4.246436	24.872236	587.318420	76.763363	26.600452	995.371235	3.760910	11.984698	
7/16/2019 14:35:48.717636649	75.107694	27.734647	996.871227	3.825280	24.641324	586.693522	76.560373	26.517650	995.620407	6.911718	12.027133	
7/16/2019 14:35:49.717636649	75.416529	27.662712	995.841507	3.833113	24.677041	589.603801	76.618512	26.668418	995.967986	3.517775	12.014320	
7/16/2019 14:35:50.717636649	75.015701	27.729226	995.448906	3.883079	24.632834	586.647527	76.528175	26.547431	995.718500	5.190117	12.027974	
7/16/2019 14:35:51.717636649	75.377103	27.688398	996.363976	3.844812	24.719819	587.767219	76.574224	26.604919	995.869893	6.498027	12.007906	
7/16/2019 14:35:52.717636649	75.291681	27.688098	996.616459	3.812996	24.715533	586.784861	76.425248	26.576175	995.633339	1.916430	12.008353	
7/16/2019 14:35:53.717636649	75.324536	27.793462	995.531069	4.015662	24.687000	588.365173	76.348709	26.595161	995.902538	1.752156	12.011165	
7/16/2019 14:35:54.717636649	75.403387	27.672058	995.554488	3.625888	24.683245	587.128523	76.271908	26.559675	995.642328	2.142799	12.033940	
7/16/2019 14:35:55.717636649	75.081411	27.777197	995.799007	4.136778	24.712716	586.902481	76.323976	26.539228	995.740735	9.364305	12.010955	
7/16/2019 14:35:56.717636649	75.265397	27.638555	996.945426	3.671062	24.627160	587.440640	76.410949	26.641854	995.539505	0.924233	11.986669	
7/16/2019 14:35:57.717636649	75.258826	27.756109	994.606693	4.129424	24.727452	588.563617	76.471244	26.641017	996.244437	7.533971	11.996184	
7/16/2019 14:35:58.717636649	75.416529	27.792788	996.468849	3.965408	24.757290	589.101776	76.343741	26.613004	995.918150	6.461602	11.994502	
7/16/2019 14:35:59.717636649	75.377103	27.661814	995.034384	3.729706	24.704797	588.526820	76.240762	26.566523	995.366348	0.500058	12.013912	
7/16/2019 14:36:00.717636649	75.160262	27.809652	996.798999	4.270017	24.756106	589.561742	76.364610	26.624624	996.086735	4.236965	11.991098	
7/16/2019 14:36:01.717636649	75.304823	27.661514	995.384800	3.724877	24.634508	588.668754	76.234743	26.613840	995.814856	-0.093634	12.031404	
7/16/2019 14:36:02.717636649	75.087982	27.809352	995.222524	4.267988	24.803660	590.373917	76.439993	26.614866	995.520107	7.537903	11.999220	
7/16/2019 14:36:03.717636649	75.363961	27.645623	996.839686	3.579724	24.681571	587.701510	76.250592	26.581879	995.002686	2.819282	11.989376	
7/16/2019 14:36:04.717636649	75.212830	27.706309	995.989117	3.590562	24.778761	590.792487	76.435577	26.665094	995.576566	3.353501	12.017198	
7/16/2019 14:36:05.717636649	75.311394	27.702941	994.189491	3.768652	24.616955	588.027426	76.236294	26.617364	995.674973	3.938018	12.019327	
7/16/2019 14:36:06.717636649	75.258826	27.706010	996.093043	3.778139	24.704512	588.984819	76.474451	26.700061	996.015614	5.402340	11.995619	
7/16/2019 14:36:07.717636649	75.271968	27.692472	996.371231	3.750492	24.588913	587.478752	76.572254	26.622762	995.889292	3.918631	12.001822	
7/16/2019 14:36:08.717636649	75.219401	27.783367	997.283541	3.840462	24.735738	588.178559	76.611837	26.619333	995.604638	1.674606	11.996263	
7/16/2019 14:36:09.717636649	75.285110	27.682527	995.500317	3.703498	24.656346	587.649599	76.488250	26.597341	995.624508	-0.607154	12.035071	
7/16/2019 14:36:10.717636649	75.120836	27.814175	996.280946	3.905735	24.741371	587.461007	76.576432	26.551992	995.744993	8.585641	11.976418	
7/16/2019 14:36:11.717636649	75.377103	27.666861	996.834404	3.670566	24.672224	587.905206	76.334358	26.596611	995.729538	5.250900	12.004016	
7/16/2019 14:36:12.717636649	75.107694	27.715132	996.972394	4.087887	24.762597	589.319934	76.428007	26.624106	995.682068	3.600567	12.022152	
7/16/2019 14:36:13.717636649	75.133978	27.661065	994.193355	3.822868	24.633120	589.052496	76.236398	26.632202	995.952689	0.824674	12.014359	
7/16/2019 14:36:14.717636649	75.324536	27.699016	996.394570	4.032983	24.711900	590.198471	76.542711	26.677127	996.027596	3.793132	11.987904	
7/16/2019 14:36:15.717636649	75.212830	27.698118	996.423666	3.697120	24.622344	588.639841	76.532933	26.629609	995.613469	0.559531	12.019813	
7/16/2019 14:36:16.717636649	75.193117	27.684773	995.048735	3.703703	24.698879	589.822612	76.616752	26.732954	995.814699	0.399189	11.992570	
7/16/2019 14:36:17.717636649	75.153691	27.708437	995.258715	3.823520	24.628589	588.263982	76.541764	26.637388	995.590920	3.791821	12.025280	
7/16/2019 14:36:18.717636649	75.442813	27.719580	996.608494	3.611462	24.725247	588.802141	76.659384	26.686261	995.959312	5.889920	12.012375	
7/16/2019 14:36:19.717636649	75.252255	27.734498	995.913735	3.738268	24.663979	587.477437	76.587051	26.563718	995.753981	6.420206	12.026752	
7/16/2019 14:36:20.717636649	75.074840	27.856276	997.124735	4.056642	24.701736	587.982083	76.715211	26.579487	995.683961	6.461602	11.995172	
7/16/2019 14:36:21.717636649	75.166833	27.683051	995.452769	3.679014	24.653774	588.086568	76.621167	26.630646	995.569942	0.686341	12.036096	
7/16/2019 14:36:22.717636649	75.252255	27.798509	995.659361	4.190168	24.724309	588.044509	76.407138	26.625143	996.023967	8.298489	12.005186	
7/16/2019 14:36:23.717636649	75.403387	27.704363	997.191838	3.645430	24.713288	588.114165	76.728353	26.599934	995.399307	1.383523	12.025648	
7/16/2019 14:36:24.717636649	75.087982	27.720029	996.860346	3.854592	24.811620	590.866080	76.805101	26.669137	995.874309	-0.320002	12.007460	
7/16/2019 14:36:25.717636649	75.101124	27.676581	996.730872	3.692058	24.584096	589.784500	76.644139	26.550436	996.141300	9.413293	11.984290	
7/16/2019 14:36:26.717636649	75.344249	27.720853	997.125681	3.717974	24.724064	590.340404	76.809017	26.658660	995.795615	5.919792	12.013689	
7/16/2019 14:36:27.717636649	75.311394	27.712961	995.400886	3.792147	24.607934	588.775197	76.585658	26.599003	995.587605	3.654798	11.997932	
7/16/2019 14:36:28.717636649	75.265397	27.762878	995.703517	3.876254	24.667407	589.204282	76.633258	26.654299	996.079797	7.918060	12.004568	
7/16/2019 14:36:29.717636649	75.041985	27.724702	996.004020	3.772445	24.612139	589.423755	76.466881	26.637493	995.836934	1.158465	12.029696	
7/16/2019 14:36:30.717636649	75.331107	27.825168	996.831092	3.992979	24.664060	590.226721	76.539161	26.712094	995.780003	7.877975	11.985092	
7/16/2019 14:36:31.717636649	75.311394	27.729375	995.226150	3.785148	24.633691	590.038139	76.431319	26.669349	995.707618	0.333163	12.034479	
7/16/2019 14:36:32.717636649	75.337678	27.782843	995.077279	3.847137	24.722676	591.006036	76.447720	26.698812	995.754139	0.000683	11.995198	
7/16/2019 14:36:33.717636649	75.009130	27.814849	994.471385	3.874111	24.615241	589.234510	76.650053	26.563718	995.926981	6.121530	11.997945	
7/16/2019 14:36:34.717636649	75.239113	27.719880	996.104634	4.114861	24.803660	591.955545	76.830676	26.660522	995.594700	1.467625	12.017513	
7/16/2019 14:36:35.717636649	75.324536	27.666711	994.632715	3.755334	24.681245	590.143929	76.771038	26.626286	995.624823	0.327921	12.030537	
7/16/2019 14:36:36.717636649	75.265397	27.719730	995.749014	3.935303	24.733983	592.677033	76.688585	26.724233	995.999052	1.065188	12.018722	
7/16/2019 14:36:37.717636649	74.949992	27.750912	995.677575	3.822772	24.603077	590.105817	76.473952	26.661771	995.747201	5.640232	12.020365	
