
Time stamp	Inside_humidity (in %rH)	Inside_temperature (in °C)	Inside_pressure (in mbar)	Soil_moisture (in %VWC)	Soil_temperature (in °C)	Inside_CO2_ratio (in ppm)	Outside_humidity (in %rH)	Outside_temperature (in °C)	Outside_pressure (in mbar)	Outside_PAR (in µmol m^-2 s^-1)	Power_box_charge (in V)	
6/15/2019 14:45:56.964961149	74.214046	27.030744	1005.320624	42.706008	25.979565	490.864092	82.032471	26.091730	1003.169797	17.879305	12.215469	
6/15/2019 14:45:57.964961149	74.082627	27.077144	1005.423447	43.125618	26.008424	491.259664	82.546845	26.149737	1003.213481	16.018060	12.211066	
6/15/2019 14:45:58.964961149	74.345465	27.023644	1003.867551	42.323879	25.931970	491.847756	82.416345	26.102726	1002.727755	18.761459	12.172968	
6/15/2019 14:45:59.964961149	74.299468	27.140182	1005.470442	43.087769	25.986341	493.138296	82.986256	26.154298	1002.886087	12.263075	12.165556	
6/15/2019 14:46:00.964961149	74.720009	27.160938	1006.472485	45.555606	26.432612	504.611190	83.528623	26.476990	1003.683903	19.512103	12.182956	
6/15/2019 14:46:01.964961149	74.641157	27.267756	1003.490642	41.597633	26.176474	497.425844	83.035170	26.264078	1002.798247	9.802896	12.182378	
6/15/2019 14:46:02.964961149	74.529451	27.237098	1005.521853	46.325801	26.289256	502.321862	83.423250	26.231375	1003.416283	24.463374	12.209503	
6/15/2019 14:46:03.964961149	74.864570	27.057478	1004.602131	42.167550	25.974462	497.755045	83.048864	26.108124	1002.754877	17.328321	12.188134	
6/15/2019 14:46:04.964961149	75.271968	27.383888	1005.762271	44.996849	26.166147	502.578121	83.619694	26.201699	1003.682173	25.134344	12.191472	
6/15/2019 14:46:05.964961149	74.667441	27.036241	1004.164505	42.349465	25.931358	499.652074	83.460468	26.073475	1002.698582	19.500037	12.208714	
6/15/2019 14:46:06.964961149	75.186546	27.305152	1005.255886	43.707856	26.062386	502.859358	83.629210	26.398854	1003.909110	18.479550	12.157053	
6/15/2019 14:46:07.964961149	75.002559	27.104926	1004.049619	42.879361	25.954339	501.023438	83.689242	26.131883	1003.039216	19.167558	12.214155	
6/15/2019 14:46:08.964961149	75.495380	27.241963	1004.692730	43.920223	26.157861	506.670520	84.095774	26.441398	1003.973451	14.273139	12.190907	
6/15/2019 14:46:09.964961149	75.311394	27.172787	1004.126263	42.799649	26.005321	501.703531	83.477474	26.208463	1002.730434	13.560502	12.208780	
6/15/2019 14:46:10.964961149	75.298252	27.274825	1004.316216	45.009157	26.310196	505.544912	83.961463	26.352679	1003.059716	19.681349	12.183429	
6/15/2019 14:46:11.964961149	75.429671	26.994290	1005.002696	44.432677	25.985198	501.158141	83.389896	26.305479	1003.718920	14.401259	12.160838	
6/15/2019 14:46:12.964961149	75.823928	27.447825	1003.850283	45.167356	26.221007	506.221058	83.733398	26.241757	1003.000420	19.572616	12.196400	
6/15/2019 14:46:13.964961149	75.423100	27.089409	1003.351153	42.739153	25.930827	504.701856	83.641248	26.140910	1003.045525	20.876324	12.216704	
6/15/2019 14:46:14.964961149	75.915921	27.271125	1003.817481	43.449024	26.004872	506.491780	83.788963	26.251409	1003.194397	29.757337	12.168802	
6/15/2019 14:46:15.964961149	75.659654	27.153121	1003.319297	42.955510	25.966543	504.961410	83.469956	26.234921	1002.708514	13.457011	12.182522	
6/15/2019 14:46:16.964961149	75.528235	27.141123	1005.594002	45.225818	25.964339	505.203871	84.028276	26.459453	1003.680437	30.025102	12.157553	
6/15/2019 14:46:17.964961149	75.961917	27.188303	1003.942538	42.982022	26.006464	508.066187	83.714869	26.191858	1003.249277	7.100893	12.178567	
6/15/2019 14:46:18.964961149	76.126191	27.154918	1003.658831	43.569840	26.167698	511.551423	83.806520	26.341578	1003.315511	25.447707	12.205534	
6/15/2019 14:46:19.964961149	76.073623	27.090532	1003.524705	42.508743	25.921765	507.246128	83.677809	26.173697	1003.060508	19.661690	12.211776	
6/15/2019 14:46:20.964961149	76.099907	27.275873	1005.689177	45.218387	26.192924	510.024989	83.699177	26.324560	1003.045997	16.584771	12.157881	
6/15/2019 14:46:21.964961149	76.080194	27.168039	1004.011140	42.800019	25.983769	507.054915	83.500498	26.188852	1002.566108	15.120450	12.206887	
6/15/2019 14:46:22.964961149	76.612441	27.384487	1003.214504	44.972174	26.089571	510.823355	83.674602	26.411723	1003.494033	13.586442	12.156173	
6/15/2019 14:46:23.964961149	76.461309	27.190249	1003.870548	42.931422	26.006750	508.648373	83.414524	26.220909	1003.176263	16.998462	12.214102	
6/15/2019 14:46:24.964961149	76.888421	27.339435	1003.606159	43.831364	26.095776	510.040756	83.835511	26.451156	1003.911633	20.189627	12.186675	
6/15/2019 14:46:25.964961149	76.678150	27.180978	1002.396895	42.800400	25.992300	508.865216	83.627739	26.215723	1002.974876	14.566844	12.169867	
6/15/2019 14:46:26.964961149	76.835853	27.292662	1004.017369	43.729411	26.152677	511.626331	83.670581	26.434763	1003.489775	16.518745	12.191380	
6/15/2019 14:46:27.964961149	76.737289	27.147924	1003.698100	42.654191	25.929684	508.626028	83.503810	26.140286	1003.100248	20.322718	12.217729	
6/15/2019 14:46:28.964961149	76.684721	27.234521	1005.435669	45.143007	26.210517	513.062741	83.630156	26.337630	1003.275771	15.877105	12.186912	
6/15/2019 14:46:29.964961149	76.737289	27.212086	1003.174290	43.101706	26.018098	510.314109	83.361404	26.220909	1002.928984	13.736300	12.197044	
6/15/2019 14:46:30.964961149	76.881850	27.361197	1005.097239	43.836785	26.077121	511.107876	83.497239	26.197244	1003.728380	17.171910	12.157697	
6/15/2019 14:46:31.964961149	76.954130	27.210888	1004.700538	43.258131	26.032792	511.047429	83.255113	26.198398	1003.119489	11.673316	12.200895	
6/15/2019 14:46:32.964961149	77.433809	27.413167	1004.176018	44.134962	26.081938	512.015326	83.523523	26.354034	1003.684067	20.635811	12.193956	
6/15/2019 14:46:33.964961149	76.842424	27.443152	1004.729713	43.012089	25.834209	510.024326	83.456999	26.140910	1002.656156	15.770993	12.169104	
6/15/2019 14:46:34.964961149	77.052694	27.319171	1005.191545	43.619475	26.103409	513.985959	83.607579	26.406231	1003.651736	18.942771	12.191577	
6/15/2019 14:46:35.964961149	77.059265	27.215861	1002.868505	42.677490	25.959972	509.993445	83.272461	26.153674	1002.607270	14.996261	12.209292	
6/15/2019 14:46:36.964961149	77.368100	27.202889	1004.971707	43.588269	26.256357	517.285896	83.353625	26.177221	1002.718760	18.488724	12.190197	
6/15/2019 14:46:37.964961149	77.302390	27.165013	1004.157804	42.465566	25.957767	510.479694	83.118936	26.106981	1002.966517	19.230962	12.199699	
6/15/2019 14:46:38.964961149	77.466664	27.448574	1003.211902	45.132929	26.219007	512.816323	83.343190	26.222252	1002.893182	17.810929	12.200724	
6/15/2019 14:46:39.964961149	77.046123	27.148673	1003.329075	42.415600	25.958870	510.244453	82.968856	26.104388	1002.607899	18.007426	12.210764	
6/15/2019 14:46:40.964961149	77.670363	27.487573	1004.160249	44.271639	26.117981	512.486460	83.257321	26.288143	1003.243125	20.860868	12.157001	
6/15/2019 14:46:41.964961149	77.440380	27.221507	1004.886075	42.993106	26.007566	512.760476	82.925462	26.169242	1003.224363	14.114107	12.200789	
6/15/2019 14:46:42.964961149	77.657221	27.314872	1003.329233	43.042874	26.020424	512.576483	83.135837	26.347187	1003.430951	23.279651	12.194863	
6/15/2019 14:46:43.964961149	77.716360	27.273927	1004.948368	43.173832	26.018628	513.018714	83.275668	26.208569	1002.837201	13.357452	12.198910	
6/15/2019 14:46:44.964961149	77.512660	27.203488	1003.240998	43.418003	26.097163	516.239796	83.153789	26.273306	1003.343740	24.848774	12.200868	
6/15/2019 14:46:45.964961149	77.269535	27.154095	1001.799753	42.638393	25.946706	512.145429	82.958474	26.119119	1003.211745	18.985207	12.196689	
6/15/2019 14:46:46.964961149	77.683505	27.391705	1004.387734	45.860578	26.262888	515.708205	83.059089	26.299764	1003.155286	14.820463	12.204311	
6/15/2019 14:46:47.964961149	77.703218	27.252989	1003.875753	43.017942	26.018343	512.245967	82.834126	26.190514	1002.599068	15.921122	12.204259	
6/15/2019 14:46:48.964961149	78.077761	27.460465	1003.748722	44.262736	26.108878	515.759453	83.061401	26.194651	1003.467540	19.871292	12.196177	
6/15/2019 14:46:49.964961149	77.604654	27.205616	1004.048595	42.591671	26.026547	514.638454	82.764448	26.225999	1003.141567	11.326691	12.182851	
6/15/2019 14:46:50.964961149	78.044907	27.461513	1002.811888	44.490330	26.049324	515.117472	83.050862	26.394399	1003.546549	19.163897	12.168920	
6/15/2019 14:46:51.964961149	77.742643	27.259308	1003.175393	43.104746	26.008709	513.284836	82.887640	26.167686	1003.530937	18.217027	12.187937	
6/15/2019 14:46:52.964961149	78.110616	27.324742	1002.772700	43.803971	26.158351	517.408769	83.109186	26.411935	1003.824893	18.412484	12.182272	
6/15/2019 14:46:53.964961149	78.005481	27.295763	1003.376623	43.108106	26.037609	513.819711	82.748651	26.201616	1002.769546	12.393817	12.211237	
6/15/2019 14:46:54.964961149	77.729501	27.251310	1003.404220	44.344783	26.177658	516.770072	83.063452	26.276618	1003.194397	21.499888	12.176779	
6/15/2019 14:46:55.964961149	77.558657	27.316551	1004.649678	42.631858	26.008995	515.200927	82.699238	26.247166	1003.279872	10.751076	12.177279	
6/15/2019 14:46:56.964961149	77.939772	27.206889	1001.520619	42.427882	25.928541	512.779527	82.603039	26.089138	1002.620988	19.281532	12.199567	
6/15/2019 14:46:57.964961149	78.255177	27.296479	1003.210404	44.536031	26.402324	522.418469	83.298035	26.497320	1003.821893	27.054294	12.193627	
6/15/2019 14:46:58.964961149	78.123758	27.188678	1002.616101	42.510535	25.940828	512.826838	82.547949	26.105012	1002.764023	17.077323	12.186163	
6/15/2019 14:46:59.964961149	78.215751	27.381760	1003.147401	48.023873	26.303992	517.849021	82.713246	26.288132	1003.409817	19.482231	12.170576	
6/15/2019 14:47:00.964961149	78.038336	27.255384	1003.358171	42.785399	25.974462	514.067435	82.657814	26.135619	1003.156707	17.652937	12.213800	
6/15/2019 14:47:01.964961149	78.918842	27.703946	1003.768435	46.484881	26.225987	515.839613	82.930929	26.267696	1002.910215	18.315276	12.169814	
6/15/2019 14:47:02.964961149	78.202609	27.242819	1002.789653	42.622770	25.946665	513.123188	82.428778	26.070670	1002.555384	18.113537	12.211513	
6/15/2019 14:47:03.964961149	78.366883	27.404644	1003.424722	43.396968	25.988749	514.353271	82.657762	26.298102	1004.441671	29.922922	12.187030	
6/15/2019 14:47:04.964961149	77.992339	27.275948	1001.595212	42.649691	25.955482	514.125914	82.662519	26.091730	1002.446095	18.106984	12.199883	
6/15/2019 14:47:05.964961149	78.406309	27.405842	1003.431660	44.001031	26.201129	518.056665	82.712275	26.383509	1003.497185	15.847504	12.178015	
6/15/2019 14:47:06.964961149	78.386596	27.222929	1001.532762	42.495322	25.940175	513.905787	82.507786	26.027607	1003.014931	20.589172	12.207952	
6/15/2019 14:47:07.964961149	78.274890	27.371815	1003.586683	45.357824	26.284073	516.296959	82.745577	26.180238	1003.237288	19.713842	12.191932	
6/15/2019 14:47:08.964961149	78.222322	27.260282	1003.079669	42.681366	25.917234	513.615352	82.193590	26.048773	1002.677605	18.862329	12.198766	
6/15/2019 14:47:09.964961149	78.590295	27.539993	1004.035268	44.878098	26.154187	517.081526	82.548920	26.131565	1003.492455	20.219228	12.204719	
6/15/2019 14:47:10.964961149	78.458876	27.439153	1002.241005	43.497950	25.958584	514.457093	82.160630	26.080216	1002.542452	13.926514	12.187069	
6/15/2019 14:47:11.964961149	78.853133	27.571475	1002.777273	44.097879	26.096673	513.570009	82.489177	26.212717	1003.428429	21.051083	12.191472	
6/15/2019 14:47:12.964961149	78.327457	27.292587	1003.141882	43.190555	26.013852	514.152859	82.377814	26.099202	1003.209223	14.677927	12.207571	
6/15/2019 14:47:13.964961149	78.498302	27.352749	1003.221995	43.007768	26.011322	514.123946	82.419999	26.241356	1003.708981	23.099922	12.194587	
6/15/2019 14:47:14.964961149	78.419451	27.308402	1003.670897	42.509727	25.945563	511.511332	82.360965	26.066934	1002.776483	16.791481	12.186241	
6/15/2019 14:47:15.964961149	78.649434	27.283989	1002.973612	43.871869	26.182434	516.925804	82.403598	26.199530	1003.632810	21.120769	12.198490	
6/15/2019 14:47:16.964961149	78.695430	27.291314	1002.969828	42.982012	26.001362	513.328863	82.327059	26.083433	1003.117124	15.194068	12.210212	
6/15/2019 14:47:17.964961149	78.511444	27.445547	1003.618696	44.790891	26.152718	514.164026	82.337494	26.099816	1003.079114	21.926684	12.205363	
6/15/2019 14:47:18.964961149	78.577153	27.349455	1004.236103	43.147845	26.013240	513.906450	82.184654	26.114252	1003.436788	12.596866	12.191682	
6/15/2019 14:47:19.964961149	78.958268	27.477628	1002.314889	43.821399	26.075121	515.042563	82.359467	26.183973	1004.015084	16.743803	12.174230	
6/15/2019 14:47:20.964961149	78.820278	27.338088	1003.520212	43.001287	25.999362	513.479996	82.390246	26.081984	1002.751883	11.778117	12.182181	
6/15/2019 14:47:21.964961149	79.142254	27.416610	1003.386873	43.469158	26.034670	515.616866	82.340543	26.322084	1003.975973	20.580269	12.184717	
6/15/2019 14:47:22.964961149	78.892559	27.281294	1002.095997	42.865375	25.956584	513.610100	82.360860	26.064341	1003.340117	15.624796	12.207860	
6/15/2019 14:47:23.964961149	78.846562	27.399073	1003.223336	43.708539	26.169698	516.040036	82.458768	26.263559	1003.166639	19.250621	12.199055	
6/15/2019 14:47:24.964961149	78.649434	27.333490	1003.150556	42.910481	26.015240	514.342104	82.298016	26.099002	1002.929613	10.788541	12.184861	
6/15/2019 14:47:25.964961149	78.669146	27.388604	1003.258898	45.415577	26.222681	518.591540	82.550471	26.216442	1003.059087	17.645345	12.177712	
6/15/2019 14:47:26.964961149	78.715143	27.291165	1003.559401	42.618105	25.955727	514.018808	82.335024	26.053240	1002.594810	14.728497	12.209726	
6/15/2019 14:47:27.964961149	79.253960	27.578768	1004.079742	44.560632	26.167820	517.130153	82.509023	26.150350	1003.203228	16.742492	12.177449	
6/15/2019 14:47:28.964961149	78.905700	27.370543	1002.980158	43.173462	26.016057	516.073549	82.141812	26.083539	1002.964152	11.489654	12.205678	
6/15/2019 14:47:29.964961149	78.938555	27.525225	1003.919909	43.668302	26.071733	516.089968	82.222476	26.216241	1003.584395	18.169078	12.158735	
6/15/2019 14:47:30.964961149	78.833420	27.329864	1003.901694	43.060662	25.992872	516.613024	82.249864	26.112484	1003.233351	13.878565	12.208517	
6/15/2019 14:47:31.964961149	78.958268	27.436201	1003.151660	43.852058	26.128594	518.105944	82.735642	26.317830	1003.350049	17.200471	12.192063	
6/15/2019 14:47:32.964961149	78.820278	27.319171	1003.971162	43.102573	25.983810	516.768756	82.013310	26.106674	1003.049312	13.530630	12.205218	
6/15/2019 14:47:33.964961149	78.833420	27.394849	1002.741711	44.695523	26.242805	519.966840	82.400443	26.213225	1003.588811	17.184745	12.201131	
6/15/2019 14:47:34.964961149	78.833420	27.366394	1002.973140	43.223544	26.007036	516.392897	82.363910	26.126285	1002.935608	10.762600	12.207006	
6/15/2019 14:47:35.964961149	79.076545	27.629690	1002.817408	45.097210	26.166310	516.572933	82.126277	26.112685	1002.858014	23.059836	12.191419	
6/15/2019 14:47:36.964961149	79.050261	27.360523	1003.338301	42.765929	26.028833	516.356101	82.268762	26.106886	1002.883093	11.814271	12.190841	
6/15/2019 14:47:37.964961149	79.273673	27.599331	1005.263931	44.233228	26.103449	516.829203	82.118944	26.204103	1003.735160	14.402570	12.180498	
6/15/2019 14:47:38.964961149	79.161967	27.312776	1001.453044	42.726317	26.122308	514.588512	82.150091	26.086651	1003.609945	10.629509	12.183863	
6/15/2019 14:47:39.964961149	79.135683	27.429250	1003.668924	42.861846	26.029772	517.276034	82.431223	26.324158	1003.981810	18.175631	12.174203	
6/15/2019 14:47:40.964961149	78.892559	27.313600	1001.650724	42.691067	25.943848	514.159426	81.832635	26.031967	1002.643066	20.016179	12.200803	
6/15/2019 14:47:41.964961149	79.037119	27.327362	1002.353368	43.549454	26.162065	516.814752	82.329162	26.168405	1003.547178	22.068949	12.187608	
6/15/2019 14:47:42.964961149	78.984552	27.271948	1001.489472	42.466550	25.934215	514.388752	82.021327	25.994820	1002.865902	20.383502	12.208898	
6/15/2019 14:47:43.964961149	79.129113	27.457364	1002.957291	44.358896	26.143942	518.205819	82.117498	26.105001	1003.208115	20.876324	12.203300	
6/15/2019 14:47:44.964961149	79.181680	27.372189	1003.584081	42.987329	25.987769	516.327188	82.136344	26.110304	1003.301006	12.955015	12.208241	
6/15/2019 14:47:45.964961149	79.457660	27.630963	1003.551121	44.055281	26.101204	516.356090	81.827877	26.139873	1002.980235	18.334663	12.152257	
6/15/2019 14:47:46.964961149	79.214535	27.298083	1001.506268	42.583158	25.899927	516.829866	81.895585	26.042032	1003.291861	18.519635	12.180603	
6/15/2019 14:47:47.964961149	79.437947	27.407264	1001.761746	43.244516	26.022138	517.511927	82.325641	26.256606	1004.196129	23.253711	12.190092	
6/15/2019 14:47:48.964961149	79.273673	27.375964	1003.808492	43.099272	26.031935	516.820667	81.867593	26.076692	1002.985443	12.598176	12.197530	
6/15/2019 14:47:49.964961149	79.437947	27.427379	1003.653392	43.869376	26.187250	520.800697	82.335024	26.271549	1003.426535	15.621135	12.179946	
6/15/2019 14:47:50.964961149	79.260531	27.333115	1002.541823	42.758983	25.950053	516.155688	81.805247	26.022115	1003.454451	16.385383	12.192865	
6/15/2019 14:47:51.964961149	79.148825	27.308477	1002.551049	42.494426	25.914377	515.235092	81.956379	25.993265	1003.040953	20.529699	12.207360	
6/15/2019 14:47:52.964961149	79.345954	27.484065	1003.248725	43.551930	26.082754	519.693487	82.575574	26.503459	1004.443879	24.442675	12.187004	
6/15/2019 14:47:53.964961149	79.102829	27.309226	1001.570689	42.697817	25.950379	515.244291	81.798124	26.044625	1003.202914	19.685010	12.204377	
6/15/2019 14:47:54.964961149	79.405092	27.449589	1003.218683	45.266563	26.378527	520.771784	82.542534	26.329957	1003.365975	18.325760	12.193811	
6/15/2019 14:47:55.964961149	79.326241	27.356374	1002.508863	42.850511	25.939032	514.958455	81.857158	26.061643	1003.146140	18.744693	12.211237	
6/15/2019 14:47:56.964961149	79.286815	27.535320	1003.940962	45.395792	26.207660	518.079000	82.109876	26.115690	1003.304315	23.846363	12.203168	
6/15/2019 14:47:57.964961149	79.313099	27.372564	1003.380092	42.945925	25.979320	515.555104	82.022273	26.097223	1003.277192	14.551117	12.192287	
6/15/2019 14:47:58.964961149	79.713927	27.603405	1003.671449	44.188019	26.063529	516.727350	81.956589	26.124210	1003.558059	24.785369	12.189014	
6/15/2019 14:47:59.964961149	79.431376	27.298757	1001.599470	42.509688	25.948379	514.051005	82.016069	26.023871	1002.876941	18.720063	12.179868	
6/15/2019 14:48:00.964961149	79.720497	27.487765	1003.352652	43.664688	26.050507	517.343712	82.117683	26.349886	1004.215527	21.308363	12.173257	
6/15/2019 14:48:01.964961149	79.490514	27.304478	1001.541907	42.383273	25.872456	515.629349	81.768686	26.076374	1002.710093	19.518114	12.188055	
6/15/2019 14:48:02.964961149	79.562795	27.354171	1002.919678	43.516835	26.080183	519.937927	82.332921	26.278291	1003.928030	23.081845	12.197491	
6/15/2019 14:48:03.964961149	79.391950	27.445472	1003.836327	41.883940	25.885192	517.419936	82.318912	26.072226	1001.734697	12.776596	12.194166	
6/15/2019 14:48:04.964961149	79.359096	27.463609	1003.924167	45.314509	26.213619	519.316313	82.138210	26.217998	1003.575879	16.426779	12.200987	
6/15/2019 14:48:05.964961149	79.339383	27.445547	1003.973765	43.111992	26.013240	517.074306	82.162971	26.131682	1003.001055	11.589213	12.205599	
6/15/2019 14:48:06.964961149	79.641646	27.720286	1003.081797	45.136694	26.198067	518.650671	81.980507	26.194969	1003.404615	15.145080	12.184638	
6/15/2019 14:48:07.964961149	79.391950	27.331062	1001.684156	43.198873	25.958298	515.306717	81.951359	26.053652	1003.101355	15.461833	12.171864	
6/15/2019 14:48:08.964961149	79.858487	27.617018	1004.065468	44.088307	26.102633	516.327840	82.160026	26.278915	1003.550492	21.106624	12.192431	
6/15/2019 14:48:09.964961149	79.437947	27.335960	1001.899893	42.702239	25.925439	514.727814	82.021826	26.057282	1002.911951	19.130093	12.198555	
6/15/2019 14:48:10.964961149	79.621933	27.407489	1004.270561	43.303772	25.820943	515.177266	82.302169	26.405088	1002.761343	21.044530	12.183955	
6/15/2019 14:48:11.964961149	79.641646	27.393951	1003.080930	42.912068	25.977565	515.196327	81.977643	26.090281	1003.093311	15.336334	12.206533	
6/15/2019 14:48:12.964961149	79.727068	27.417209	1003.120513	44.549011	26.242805	519.263749	81.976591	26.255769	1003.643534	18.175631	12.200382	
6/15/2019 14:48:13.964961149	79.694214	27.445173	1003.773719	42.884407	26.021731	514.137744	81.988025	26.128052	1002.384434	12.700356	12.201171	
6/15/2019 14:48:14.964961149	79.911055	27.630289	1003.959177	45.139399	26.228069	517.538209	82.014151	26.207839	1003.234609	12.192078	12.181050	
6/15/2019 14:48:15.964961149	79.746781	27.420909	1003.007046	43.093934	26.012710	515.425653	81.876371	26.152743	1003.040638	10.863469	12.205599	
6/15/2019 14:48:16.964961149	79.746781	27.569197	1002.784054	43.834343	26.016220	515.619487	81.890170	26.251102	1003.826944	18.842941	12.159209	
6/15/2019 14:48:17.964961149	79.549653	27.356898	1001.990967	42.734157	25.943848	514.811922	81.685866	26.050435	1003.200706	17.982796	12.213038	
6/15/2019 14:48:18.964961149	79.707356	27.496662	1003.412105	43.384860	26.020383	516.355438	82.123964	26.316274	1003.862590	21.290286	12.185308	
6/15/2019 14:48:19.964961149	79.497085	27.476954	1002.198111	43.157624	26.012097	515.749601	81.808244	26.155653	1002.762922	11.100322	12.193548	
6/15/2019 14:48:20.964961149	79.694214	27.459834	1003.338064	43.988019	26.167127	520.478065	82.051474	26.345113	1003.756924	14.325020	12.191971	
6/15/2019 14:48:21.964961149	79.707356	27.415113	1004.179487	42.839300	25.982953	516.379099	81.748816	26.097128	1003.149927	14.249820	12.195165	
6/15/2019 14:48:22.964961149	79.865058	27.604304	1003.981097	45.497678	26.250397	518.012637	82.091557	26.230455	1002.890030	14.965350	12.195020	
6/15/2019 14:48:23.964961149	79.700785	27.530197	1001.369539	41.077642	26.055161	519.767743	81.770527	25.986417	1003.235559	13.151782	12.157250	
6/15/2019 14:48:24.964961149	79.779636	27.683008	1004.847596	44.315575	26.102592	516.459912	81.834396	26.136031	1003.000105	22.957656	12.194600	
6/15/2019 14:48:25.964961149	79.523369	27.455792	1002.722235	42.964869	26.006709	515.922416	81.957116	26.126497	1002.489307	12.003174	12.209069	
6/15/2019 14:48:26.964961149	79.904484	27.610923	1003.492140	43.794458	26.066590	517.568438	81.845120	26.337334	1003.795721	16.271679	12.189671	
6/15/2019 14:48:27.964961149	79.595650	27.398849	1002.793832	42.692626	25.952339	517.276687	81.902603	26.078861	1003.114602	15.657019	12.210633	
6/15/2019 14:48:28.964961149	79.727068	27.476099	1003.308416	43.534967	26.083897	519.711886	82.020170	26.310040	1003.526993	18.726616	12.195309	
6/15/2019 14:48:29.964961149	79.595650	27.399073	1003.205279	42.876254	25.968503	518.287958	81.839206	26.090693	1003.283344	14.759409	12.207268	
6/15/2019 14:48:30.964961149	79.654788	27.521525	1003.787123	45.141612	26.260602	521.606294	82.062803	26.288768	1003.341218	13.179033	12.198595	
6/15/2019 14:48:31.964961149	79.648217	27.483274	1002.830340	43.079539	26.008709	518.130258	81.757490	26.099414	1002.892081	9.469106	12.204036	
6/15/2019 14:48:32.964961149	79.858487	27.658146	1005.019177	44.569037	26.168025	520.887426	82.061856	26.216654	1003.266311	14.631559	12.172324	
6/15/2019 14:48:33.964961149	79.654788	27.472206	1002.302352	42.967606	26.006709	517.212293	81.569140	26.114770	1002.789258	11.920382	12.201171	
6/15/2019 14:48:34.964961149	79.976764	27.634032	1004.676014	44.140400	26.065937	518.236700	81.842570	26.238350	1003.446563	20.348659	12.172061	
6/15/2019 14:48:35.964961149	79.700785	27.477927	1004.289328	43.205341	26.009567	518.059949	81.931884	26.106261	1002.832785	10.828626	12.196755	
6/15/2019 14:48:36.964961149	79.858487	27.287732	1002.288473	43.943487	26.210558	519.132983	81.646493	26.347918	1004.295008	15.770993	12.173113	
6/15/2019 14:48:37.964961149	79.556224	27.362170	1002.803215	42.488777	25.904173	516.501971	81.723689	26.009139	1002.789258	19.665622	12.204903	
6/15/2019 14:48:38.964961149	79.707356	27.417584	1003.531723	43.971967	26.171413	521.399966	81.953410	26.263241	1003.757081	20.471536	12.196899	
6/15/2019 14:48:39.964961149	79.694214	27.405019	1003.558611	43.110667	25.936501	516.587395	81.716014	26.036116	1003.524471	17.260984	12.194613	
6/15/2019 14:48:40.964961149	79.799349	27.618697	1003.849574	44.725931	26.187536	517.766882	81.985922	26.132814	1002.939073	17.913109	12.171115	
6/15/2019 14:48:41.964961149	79.694214	27.356598	1002.718372	42.282046	25.930582	515.515013	81.438169	25.997212	1002.766388	18.874124	12.189698	
6/15/2019 14:48:42.964961149	80.147609	27.663792	1003.897436	44.301549	26.093857	518.521883	81.811319	26.141535	1003.320562	20.881566	12.185072	
6/15/2019 14:48:43.964961149	79.819062	27.445996	1003.617435	43.131843	26.019771	518.116459	81.691071	26.093604	1002.878520	10.969581	12.205718	
6/15/2019 14:48:44.964961149	80.062187	27.618590	1004.050723	43.764272	26.068590	519.165180	81.734465	26.259516	1003.784524	16.389315	12.189514	
6/15/2019 14:48:45.964961149	79.891342	27.478676	1003.319140	43.045322	25.988341	517.960726	81.680242	26.057494	1002.854549	12.239756	12.192720	
6/15/2019 14:48:46.964961149	79.917626	27.396870	1000.980722	42.527638	26.040466	515.340882	81.452519	25.994408	1003.442147	20.383773	12.184796	
6/15/2019 14:48:47.964961149	80.298741	27.802509	1004.425976	44.598063	26.105572	519.234826	81.614847	26.211362	1004.034640	20.277390	12.144595	
6/15/2019 14:48:48.964961149	79.792778	27.482900	1002.910533	43.160001	26.015485	517.768198	81.654011	26.037577	1002.723654	11.038228	12.202458	
6/15/2019 14:48:49.964961149	79.950481	27.536859	1002.821114	42.989779	26.004546	520.211933	81.930175	26.305172	1004.253374	27.493925	12.196571	
6/15/2019 14:48:50.964961149	79.674501	27.456391	1003.251722	42.599034	25.978381	516.961938	81.540149	25.977602	1002.633921	13.889050	12.206335	
6/15/2019 14:48:51.964961149	79.819062	27.482643	1004.537315	44.447562	26.240845	521.507072	82.193013	26.241144	1003.871257	14.975563	12.187503	
6/15/2019 14:48:52.964961149	79.766494	27.383781	1002.249442	42.255961	25.929399	518.012637	81.429048	25.995657	1003.484416	16.099542	12.172981	
6/15/2019 14:48:53.964961149	79.917626	27.688729	1003.837983	45.480684	26.290644	518.799836	81.879236	26.042857	1002.678863	17.012878	12.177055	
6/15/2019 14:48:54.964961149	79.819062	27.404495	1003.275614	42.477322	25.926582	516.663619	81.545564	25.930909	1002.756142	19.973472	12.167593	
6/15/2019 14:48:55.964961149	80.219889	27.682302	1003.839087	44.243957	26.101857	518.552765	81.650961	26.013701	1003.305579	19.895922	12.166069	
6/15/2019 14:48:56.964961149	79.950481	27.437099	1002.663806	42.211828	25.892009	516.135311	81.606411	25.927067	1002.848240	19.355151	12.192484	
6/15/2019 14:48:57.964961149	80.443301	27.601951	1004.723877	43.697016	26.038017	518.914825	81.603546	26.187615	1003.953423	20.044740	12.165057	
6/15/2019 14:48:58.964961149	80.154180	27.468656	1003.368895	43.153523	26.009567	517.885818	81.480459	25.983931	1002.909114	11.233414	12.204443	
6/15/2019 14:48:59.964961149	80.200176	27.597652	1004.401533	43.719827	26.129737	519.788110	81.954147	26.228910	1003.653944	17.981756	12.167146	
6/15/2019 14:49:00.964961149	80.147609	27.473329	1004.440012	43.356184	25.980953	517.844422	81.275156	25.960690	1002.858964	12.836069	12.192812	
6/15/2019 14:49:01.964961149	80.180464	27.523546	1002.754248	45.361710	26.251295	521.785024	81.815577	26.088407	1003.454922	15.040279	12.195953	
6/15/2019 14:49:02.964961149	80.213318	27.309750	1003.984804	44.216238	25.827107	516.278561	81.665182	25.861600	1003.086215	16.408702	12.169209	
6/15/2019 14:49:03.964961149	80.285599	27.747619	1004.246433	45.143332	26.156106	519.936611	81.538046	26.011320	1003.032436	14.855307	12.198634	
6/15/2019 14:49:04.964961149	79.937339	27.441323	1003.603479	42.676136	25.988014	518.518600	81.624363	25.977708	1003.292961	11.162416	12.186136	
6/15/2019 14:49:05.964961149	80.206747	27.644126	1002.580302	43.937364	26.089326	518.693383	81.622707	26.061749	1003.900751	22.436272	12.189895	
6/15/2019 14:49:06.964961149	79.937339	27.514681	1003.330416	43.062844	25.991402	517.736001	81.381842	25.935481	1002.679184	10.934738	12.205678	
6/15/2019 14:49:07.964961149	80.108183	27.616836	1004.100873	43.313017	26.075080	517.883839	81.746294	26.165199	1003.726015	17.889790	12.151902	
6/15/2019 14:49:08.964961149	79.897913	27.415188	1001.640000	42.624075	25.924296	515.722656	81.281622	25.870627	1002.741316	18.398068	12.199751	
6/15/2019 14:49:09.964961149	80.114754	27.575442	1003.687061	44.584702	26.252397	521.348056	81.668152	26.123904	1003.356830	15.829427	12.197267	
6/15/2019 14:49:10.964961149	80.016190	27.426555	1002.740450	42.689022	25.925439	517.446218	81.436408	25.882766	1003.117439	18.717442	12.205442	
6/15/2019 14:49:11.964961149	80.173893	27.506533	1004.764486	45.223203	25.950991	520.459656	81.437379	25.858265	1003.415497	24.817591	12.156291	
6/15/2019 14:49:12.964961149	80.173893	27.499314	1002.248495	43.343707	26.008995	518.616506	81.379135	25.979264	1003.251170	10.463924	12.183784	
6/15/2019 14:49:13.964961149	80.495869	27.736850	1004.059791	44.253122	26.113083	518.109881	81.417404	25.997625	1002.899176	21.499888	12.196282	
6/15/2019 14:49:14.964961149	79.989906	27.500213	1001.137558	42.092571	26.037078	515.240344	81.014684	25.993995	1002.564058	15.928715	12.194087	
6/15/2019 14:49:15.964961149	80.423588	27.603298	1001.917793	43.572899	26.006260	520.485285	81.594820	26.130963	1003.972822	22.625176	12.188107	
6/15/2019 14:49:16.964961149	79.963622	27.399822	1002.163415	42.422194	25.936746	517.829960	81.241592	25.844169	1002.553176	16.245739	12.208412	
6/15/2019 14:49:17.964961149	80.121325	27.509527	1002.716479	43.465106	26.090102	523.516469	81.432150	26.105743	1003.741469	19.256903	12.199252	
6/15/2019 14:49:18.964961149	79.904484	27.458187	1003.050968	42.585291	25.958053	518.269560	81.103103	25.929660	1002.517851	13.019730	12.195283	
6/15/2019 14:49:19.964961149	80.206747	27.569421	1003.692660	45.376678	26.231131	522.302154	81.501276	26.053546	1002.805499	16.605469	12.172810	
6/15/2019 14:49:20.964961149	80.042474	27.498940	1001.834211	43.191101	26.001607	520.242161	81.470262	25.951356	1002.758507	12.185525	12.195717	
6/15/2019 14:49:21.964961149	80.134467	27.737674	1003.581716	44.316598	26.065488	521.383526	81.164764	25.931628	1003.256058	22.353480	12.188896	
6/15/2019 14:49:22.964961149	80.029332	27.405692	1002.116577	42.596199	25.928827	519.481897	81.266982	25.871558	1003.004049	19.071931	12.204666	
6/15/2019 14:49:23.964961149	80.062187	27.534614	1004.665213	44.445490	25.872864	522.877110	81.348436	26.094123	1003.614204	24.385553	12.166226	
6/15/2019 14:49:24.964961149	80.154180	27.462486	1004.416358	42.779439	26.031650	520.334153	81.307906	25.944403	1002.795410	13.068990	12.183994	
6/15/2019 14:49:25.964961149	80.397305	27.629433	1002.658839	43.357927	26.102551	522.848197	81.759830	26.163125	1003.855645	14.048082	12.168802	
6/15/2019 14:49:26.964961149	80.167322	27.421209	1002.652767	42.359945	25.917194	519.631714	81.129544	25.837216	1002.614522	18.235104	12.210501	
6/15/2019 14:49:27.964961149	80.311882	27.502009	1002.495222	43.863892	26.162024	522.794318	81.621656	26.032486	1003.026756	21.360243	12.199528	
6/15/2019 14:49:28.964961149	80.055616	27.421508	1001.598286	42.608520	25.906744	520.397231	81.069354	25.887952	1003.268518	19.128783	12.198279	
6/15/2019 14:49:29.964961149	80.160751	27.655419	1004.957279	44.475406	26.160637	523.342991	81.305908	26.038190	1003.466276	11.616464	12.174558	
6/15/2019 14:49:30.964961149	80.121325	27.525375	1003.142671	43.104463	25.982912	521.420333	81.423423	25.918982	1002.904856	11.712091	12.207203	
6/15/2019 14:49:31.964961149	80.305311	27.696696	1002.116025	43.726378	26.077733	522.382315	81.364942	25.984756	1003.688325	18.743382	12.180709	
6/15/2019 14:49:32.964961149	80.062187	27.452990	1002.197164	42.656568	25.904744	520.491853	81.248425	25.883391	1003.174999	18.346187	12.203733	
6/15/2019 14:49:33.964961149	80.338166	27.672357	1004.760623	43.443800	26.030343	520.794772	81.567222	26.129301	1003.350049	20.529699	12.180406	
6/15/2019 14:49:34.964961149	80.147609	27.489669	1001.954459	42.726687	25.910132	519.824906	81.173333	25.896567	1002.690065	18.418766	12.167632	
6/15/2019 14:49:35.964961149	80.357879	27.582585	1003.731454	43.976925	26.143329	522.506513	81.815657	26.123385	1003.597170	14.467285	12.188870	
6/15/2019 14:49:36.964961149	80.226460	27.443045	1001.236912	42.429469	25.921765	519.495696	81.147101	25.857133	1002.703941	17.835288	12.202892	
6/15/2019 14:49:37.964961149	80.357879	27.548783	1002.402414	45.943173	26.222355	520.907140	81.593821	26.139048	1002.881828	16.644244	12.171431	
6/15/2019 14:49:38.964961149	80.292170	27.427229	1001.410384	42.231805	25.931684	520.187619	81.109332	25.871040	1002.990331	17.383862	12.196689	
6/15/2019 14:49:39.964961149	80.666713	27.811855	1004.094802	44.798431	26.154432	521.153548	81.536391	26.001255	1003.273091	13.335444	12.191314	
6/15/2019 14:49:40.964961149	80.397305	27.552108	1002.866849	42.901715	25.973850	519.107354	81.259649	25.908811	1002.467701	13.006896	12.206243	
6/15/2019 14:49:41.964961149	80.660142	27.506832	1004.933623	45.793844	25.969972	519.856440	81.490341	26.071919	1003.457130	21.170029	12.153295	
6/15/2019 14:49:42.964961149	80.305311	27.458262	1001.893112	42.705472	25.934787	519.200661	81.359817	25.902377	1003.146140	19.872603	12.199396	
6/15/2019 14:49:43.964961149	80.121325	27.451792	1002.285950	42.512231	25.891682	518.874745	81.152568	25.867822	1002.436163	17.328321	12.203286	
6/15/2019 14:49:44.964961149	80.127896	27.479874	1002.357784	43.003566	25.944420	520.309839	81.285434	25.924062	1003.156865	15.230222	12.208622	
6/15/2019 14:49:45.964961149	80.141038	27.521824	1002.242504	43.388842	25.852904	519.975376	81.172833	25.866267	1002.754720	19.972161	12.185703	
6/15/2019 14:49:46.964961149	80.095041	27.478900	1002.481975	42.583137	25.942338	519.020615	81.418561	25.879348	1002.524632	15.163157	12.191170	
6/15/2019 14:49:47.964961149	80.292170	27.536592	1001.797150	43.067140	25.969319	520.862460	81.355901	25.957060	1002.977084	13.145229	12.199488	
6/15/2019 14:49:48.964961149	80.167322	27.390925	1003.451611	43.127167	25.736734	518.716381	81.392224	25.963695	1002.121859	14.574437	12.197123	
6/15/2019 14:49:49.964961149	80.417018	27.490492	1003.040953	42.950122	25.962543	520.563478	81.458933	25.918664	1003.200706	14.676616	12.202787	
6/15/2019 14:49:50.964961149	80.423588	27.458711	1001.647727	42.645065	25.935072	520.018088	81.142686	25.928210	1003.075963	19.066688	12.209187	
6/15/2019 14:49:51.964961149	80.397305	27.384979	1003.289098	41.858529	26.006750	519.906383	81.263670	25.937343	1003.114759	16.649216	12.176569	
6/15/2019 14:49:52.964961149	80.318453	27.467982	1002.210805	42.405373	25.896213	519.477298	81.322547	25.861600	1002.570524	18.379991	12.209371	
6/15/2019 14:49:53.964961149	80.581291	27.589536	1003.232799	42.923776	26.001036	520.977449	81.322704	25.986735	1003.080378	10.444537	12.184073	
6/15/2019 14:49:54.964961149	80.430159	27.557380	1003.755820	43.181935	26.012669	521.076671	81.482852	25.998980	1002.861172	12.413204	12.204745	
6/15/2019 14:49:55.964961149	80.305311	27.490717	1002.807316	42.708336	25.964258	521.046442	81.113143	25.933502	1002.964309	16.665982	12.209200	
6/15/2019 14:49:56.964961149	80.088470	27.469554	1002.105538	43.320535	25.790860	519.350478	81.473284	26.006653	1002.180683	13.139987	12.193732	
6/15/2019 14:49:57.964961149	80.298741	27.584339	1003.196842	42.983366	26.005852	520.874943	81.521673	25.971898	1002.699054	10.421217	12.205783	
6/15/2019 14:49:58.964961149	80.384163	27.489819	1002.054364	43.206938	25.989729	521.927611	81.240593	25.956023	1002.703469	13.168549	12.187753	
6/15/2019 14:49:59.964961149	80.403876	27.510307	1002.560669	42.649254	25.959686	520.140308	81.417300	25.963495	1002.509020	13.539803	12.204364	
6/15/2019 14:50:00.964961149	80.561578	27.459085	1002.108850	42.800584	25.917806	521.564235	81.247664	25.976459	1003.178156	15.170749	12.184257	
6/15/2019 14:50:01.964961149	80.167322	27.531395	1002.301248	42.758439	25.919153	519.797962	81.189734	25.917320	1002.373395	15.364895	12.205310	
6/15/2019 14:50:02.964961149	80.219889	27.474452	1002.549156	42.656198	25.910949	520.982701	81.442927	25.948127	1003.060036	17.078633	12.173993	
6/15/2019 14:50:03.964961149	80.377592	27.589461	1002.714665	43.270005	26.008709	520.434690	81.269584	26.026475	1002.742738	11.136476	12.203628	
6/15/2019 14:50:04.964961149	80.219889	27.569796	1002.143308	42.407574	25.973605	520.719210	81.424974	25.994408	1003.272777	15.006475	12.184283	
6/15/2019 14:50:05.964961149	80.285599	27.462860	1002.481423	42.582583	25.904989	518.089514	81.212207	25.926348	1002.544188	18.319207	12.206493	
6/15/2019 14:50:06.964961149	80.226460	27.512104	1001.508790	42.803983	25.953482	519.884701	81.371802	25.974903	1003.342325	15.049182	12.195178	
6/15/2019 14:50:07.964961149	80.239602	27.454113	1002.965570	42.397337	25.890866	518.303725	81.137324	25.905901	1002.471645	20.135125	12.168053	
6/15/2019 14:50:08.964961149	80.403876	27.585237	1002.855967	43.214379	25.998831	520.142939	81.370461	26.024708	1002.990331	11.232103	12.203247	
6/15/2019 14:50:09.964961149	80.325024	27.464207	1002.949721	42.337739	25.916622	517.902238	81.320286	25.943460	1002.773961	16.857507	12.174348	
6/15/2019 14:50:10.964961149	80.443301	27.447493	1002.328688	42.522662	25.885192	518.364835	81.172833	25.943048	1002.686593	19.832517	12.210790	
6/15/2019 14:50:11.964961149	80.417018	27.710341	1001.936481	41.179387	26.046099	522.309385	81.492787	25.860351	1002.730749	16.267747	12.157802	
6/15/2019 14:50:12.964961149	80.239602	27.484996	1001.118397	42.610488	25.908703	519.309082	81.139374	25.927173	1003.056407	19.093939	12.207387	
6/15/2019 14:50:13.964961149	80.279028	27.543211	1002.761266	43.052149	25.952339	520.051601	81.175488	25.988598	1003.240289	15.953344	12.209095	
6/15/2019 14:50:14.964961149	80.410447	27.443569	1003.645427	42.181712	25.977850	519.950410	81.230815	25.988079	1003.132422	16.240496	12.185624	
6/15/2019 14:50:15.964961149	80.338166	27.468881	1002.296989	42.457102	25.901070	519.332080	81.357714	25.952075	1002.655999	19.829896	12.208845	
6/15/2019 14:50:16.964961149	80.443301	27.495914	1003.439625	42.606514	25.933644	519.782847	81.123525	25.959441	1003.246440	17.078633	12.198647	
6/15/2019 14:50:17.964961149	80.469585	27.542014	1003.298875	42.240699	25.914622	519.468098	81.269742	25.994514	1002.695424	12.775285	12.183666	
6/15/2019 14:50:18.964961149	80.522153	27.447793	1002.377497	42.265204	25.915234	519.307766	81.280466	25.947302	1002.655684	18.700676	12.207242	
6/15/2019 14:50:19.964961149	80.397305	27.468806	1003.759131	42.448589	25.913520	519.989175	81.213310	25.932983	1002.831049	18.910278	12.207755	
6/15/2019 14:50:20.964961149	80.502440	27.601053	1001.978667	43.565809	25.944379	521.334910	81.473573	26.052933	1002.887351	10.178083	12.184467	
6/15/2019 14:50:21.964961149	80.167322	27.506158	1001.271527	42.445765	25.929684	519.486497	81.138875	25.956848	1002.728227	18.888269	12.190079	
6/15/2019 14:50:22.964961149	80.384163	27.568224	1003.115783	43.089853	26.013812	520.335468	81.506980	26.047123	1002.648904	9.967170	12.204679	
6/15/2019 14:50:23.964961149	80.587862	27.453514	1003.131632	42.994693	25.875844	519.292652	81.183767	25.958404	1002.631713	19.236205	12.178238	
6/15/2019 14:50:24.964961149	80.660142	27.527695	1002.508863	42.946684	25.976422	521.431500	81.447499	26.006653	1003.163645	15.540693	12.209187	
6/15/2019 14:50:25.964961149	80.384163	27.449215	1002.886324	42.343981	25.916949	522.245644	81.073165	26.013500	1003.355257	14.639152	12.171772	
6/15/2019 14:50:26.964961149	80.338166	27.532817	1003.137861	43.097820	25.962258	521.995289	81.383051	25.982787	1003.211902	14.450248	12.203733	
6/15/2019 14:50:27.964961149	80.397305	27.500512	1002.476141	42.310096	25.893111	520.510252	81.200064	25.921881	1003.003892	19.753657	12.191485	
6/15/2019 14:50:28.964961149	80.384163	27.488845	1002.246367	42.472950	25.924827	520.201418	81.237386	25.951663	1002.413136	17.784989	12.200540	
6/15/2019 14:50:29.964961149	80.489298	27.495989	1003.451925	42.476699	25.907561	519.926749	81.131699	25.932359	1002.774118	19.417245	12.191906	
6/15/2019 14:50:30.964961149	80.469585	27.579741	1003.146220	43.235739	26.011812	519.704655	81.232366	25.936825	1003.121697	12.516695	12.146251	
6/15/2019 14:50:31.964961149	80.272457	27.526123	1002.540010	42.480926	25.948053	520.219816	81.389912	25.921469	1002.495931	14.852685	12.207663	
6/15/2019 14:50:32.964961149	80.311882	27.589985	1003.305893	43.012215	26.026547	521.405219	81.251527	26.007383	1002.598282	10.479380	12.204338	
6/15/2019 14:50:33.964961149	80.331595	27.512628	1003.516506	42.654600	25.940460	522.149705	81.437669	25.946678	1002.699211	18.390205	12.190605	
6/15/2019 14:50:34.964961149	80.489298	27.584189	1004.240599	42.306862	26.086347	520.457025	81.090670	26.189689	1002.897125	6.031145	12.143517	
6/15/2019 14:50:35.964961149	80.449872	27.541714	1002.643936	42.607060	25.920296	520.779005	81.299784	25.956023	1002.458556	15.119139	12.206151	
6/15/2019 14:50:36.964961149	80.535295	27.523022	1003.092284	42.890903	25.948665	522.135907	81.176040	25.937132	1003.305422	16.893661	12.195375	
6/15/2019 14:50:37.964961149	80.679855	27.552108	1002.970223	43.452825	26.137329	524.491597	81.843649	26.266057	1003.509016	26.645304	12.174414	
6/15/2019 14:50:38.964961149	80.515582	27.515579	1002.689433	42.570963	25.909806	520.736293	81.300574	25.949588	1002.550497	15.366206	12.206730	
6/15/2019 14:50:39.964961149	80.725852	27.709785	1004.610647	46.671130	26.358689	525.414815	81.549585	26.119733	1003.138410	20.578959	12.193824	
6/15/2019 14:50:40.964961149	80.673284	27.543511	1003.131947	42.908542	25.959727	522.881709	81.396982	25.988598	1002.975348	15.292316	12.208622	
6/15/2019 14:50:41.964961149	80.949264	27.843561	1003.460127	45.406801	26.120430	524.786622	81.260568	26.023765	1003.413603	25.423078	12.203116	
6/15/2019 14:50:42.964961149	80.732423	27.505110	1002.810390	42.950151	25.932705	522.438825	81.339814	25.945852	1002.778691	13.648265	12.180827	
6/15/2019 14:50:43.964961149	80.830987	27.781571	1004.126815	43.942727	26.007158	522.971069	81.208895	26.136868	1004.080846	23.322358	12.173349	
6/15/2019 14:50:44.964961149	80.305311	27.552782	1002.779166	42.708103	25.938420	520.478055	81.163950	25.968162	1002.504605	14.873384	12.208333	
6/15/2019 14:50:45.964961149	80.574720	27.560599	1003.044027	42.944861	25.973891	523.396218	81.657612	26.215734	1003.437732	28.354070	12.172206	
6/15/2019 14:50:46.964961149	80.417018	27.549307	1002.717820	42.881445	25.963115	522.050483	81.101657	25.970543	1003.369133	16.114997	12.195086	
6/15/2019 14:50:47.964961149	80.463014	27.518873	1002.307319	44.218916	26.192312	525.943122	81.570639	26.112484	1003.497185	23.213896	12.197083	
6/15/2019 14:50:48.964961149	80.390734	27.520926	1002.563191	42.475210	25.953196	520.534565	80.985877	25.975316	1002.384749	15.093199	12.192812	
6/15/2019 14:50:49.964961149	80.423588	27.944925	1003.729403	43.626196	26.021241	526.582471	81.420978	25.968976	1003.744463	16.796723	12.179631	
6/15/2019 14:50:50.964961149	80.476156	27.569047	1004.415806	43.156806	25.970462	522.120140	81.359660	25.999499	1002.764658	12.082035	12.195730	
6/15/2019 14:50:51.964961149	80.784990	27.829467	1003.900748	44.827653	26.099490	523.507260	81.296735	26.083539	1003.454451	15.448998	12.176622	
6/15/2019 14:50:52.964961149	80.476156	27.554130	1003.313226	42.985235	25.964258	522.446056	81.356110	25.961515	1003.121854	13.015799	12.195914	
6/15/2019 14:50:53.964961149	80.647001	27.640876	1002.980473	43.186908	25.954420	523.320646	81.266929	26.161876	1003.876937	27.088867	12.191511	
6/15/2019 14:50:54.964961149	80.397305	27.507955	1002.243608	42.521629	25.907561	521.672656	81.334190	25.971167	1002.618309	17.186055	12.164715	
6/15/2019 14:50:55.964961149	80.430159	27.504180	1002.542375	43.145438	26.014710	524.168302	81.410229	26.154404	1003.701886	16.941610	12.178067	
6/15/2019 14:50:56.964961149	80.384163	27.484696	1002.481266	42.405295	25.914908	520.999131	81.115798	25.938487	1002.649218	18.257113	12.204522	
6/15/2019 14:50:57.964961149	80.555007	27.576864	1003.290201	44.589639	26.173086	526.127104	81.546511	26.077094	1003.483938	20.365425	12.198043	
