
Time stamp	Inside_humidity (in %rH)	Inside_temperature (in °C)	Inside_pressure (in mbar)	Soil_moisture (in %VWC)	Soil_temperature (in °C)	Inside_CO2_ratio (in ppm)	Outside_humidity (in %rH)	Outside_temperature (in °C)	Outside_pressure (in mbar)	Outside_PAR (in µmol m^-2 s^-1)	Power_box_charge (in V)	
6/15/2019 14:28:41.964961149	72.229620	28.661361	1002.574230	44.056980	26.263377	580.250708	78.630563	28.082412	1002.626354	20.533631	12.216165	
6/15/2019 14:28:42.964961149	71.717087	28.506454	1003.568389	43.190223	26.197536	584.316813	78.612558	27.899588	1001.984819	9.249290	12.233854	
6/15/2019 14:28:43.964961149	72.755296	28.650667	1003.301950	43.704902	26.191128	590.064420	78.731939	28.092995	1002.912744	12.163517	12.219569	
6/15/2019 14:28:44.964961149	72.972137	28.479720	1002.846189	43.000498	26.133206	588.516306	78.351034	27.875098	1002.096629	10.453440	12.233118	
6/15/2019 14:28:45.964961149	73.524097	28.709407	1002.966122	43.337851	26.171780	591.091459	78.607143	28.068612	1002.957371	18.883027	12.217007	
6/15/2019 14:28:46.964961149	73.602948	28.589981	1002.637707	43.364658	26.163208	589.097176	78.438217	27.776008	1001.950595	17.590843	12.213550	
6/15/2019 14:28:47.964961149	73.530668	28.673776	1003.534326	43.912692	26.268928	594.552380	78.729731	27.928131	1002.545295	22.826915	12.216796	
6/15/2019 14:28:48.964961149	73.221833	28.505631	1002.351003	43.199642	26.137451	593.660044	78.395479	27.814711	1002.086062	8.458832	12.227743	
6/15/2019 14:28:49.964961149	73.550380	28.688095	1003.140383	42.771343	26.228722	598.428588	78.795993	28.148610	1003.434580	18.828796	12.165267	
6/15/2019 14:28:50.964961149	73.517526	28.559772	1001.643863	43.284069	26.185903	595.334326	78.361416	27.848852	1001.877895	11.775495	12.229058	
6/15/2019 14:28:51.964961149	73.616090	28.592377	1002.911242	43.958877	26.332116	597.228071	78.422210	27.940047	1002.848554	14.062227	12.215627	
6/15/2019 14:28:52.964961149	73.576664	28.551100	1001.363231	42.819070	26.086102	594.835585	78.052791	27.799979	1002.219322	13.365045	12.186031	
6/15/2019 14:28:53.964961149	73.543810	28.696243	1003.028178	45.215265	26.377180	598.381276	78.324802	27.863467	1002.264107	19.650166	12.195690	
6/15/2019 14:28:54.964961149	73.418962	28.597050	1004.441353	43.432380	26.209129	596.854844	78.262642	27.836195	1001.875844	12.123431	12.225194	
6/15/2019 14:28:55.964961149	73.800076	28.803927	1003.488434	45.131497	26.274888	599.504906	78.177430	27.720594	1000.960216	9.991800	12.193877	
6/15/2019 14:28:56.964961149	73.681799	28.585757	1003.637700	43.504651	26.183658	598.895122	78.287822	27.845010	1001.759618	11.832347	12.229623	
6/15/2019 14:28:57.964961149	73.944637	28.906895	1003.532670	44.950958	26.276643	600.091028	78.264560	27.786792	1002.482684	21.960217	12.215364	
6/15/2019 14:28:58.964961149	73.504384	28.632830	1003.629106	43.447779	26.229498	598.950317	78.149937	27.759721	1001.974723	16.343987	12.218058	
6/15/2019 14:28:59.964961149	73.813218	28.728998	1003.994896	44.075299	26.260560	602.409922	78.083938	27.989757	1002.237299	19.017700	12.192602	
6/15/2019 14:29:00.964961149	73.688370	28.575513	1002.987885	43.454149	26.182229	601.819852	78.083833	27.814923	1001.601758	9.905076	12.227507	
6/15/2019 14:29:01.964961149	74.056343	28.763099	1004.679169	44.119672	26.261050	603.736595	78.076158	27.937359	1002.729648	22.237155	12.214575	
6/15/2019 14:29:02.964961149	73.846073	28.619111	1001.544195	43.046637	26.073162	602.436204	77.752236	27.738448	1002.372295	12.259144	12.205612	
6/15/2019 14:29:03.964961149	74.095769	28.746909	1002.255356	43.387751	26.230436	606.806543	78.181740	27.888380	1003.040481	19.396547	12.216113	
6/15/2019 14:29:04.964961149	73.701512	28.547881	1002.560037	42.243386	26.131247	602.673413	77.887309	27.887968	1003.175320	16.219798	12.189330	
6/15/2019 14:29:05.964961149	73.786934	28.666932	1003.460284	43.886888	26.291869	608.615527	78.146126	27.866695	1002.870475	17.942710	12.218951	
6/15/2019 14:29:06.964961149	73.846073	28.595253	1004.374250	43.428864	26.211619	605.550832	77.923371	27.669552	1002.029446	13.343036	12.209384	
6/15/2019 14:29:07.964961149	73.911782	28.687945	1004.111517	45.995366	26.407182	610.430427	78.128726	27.862748	1002.231462	17.851015	12.212170	
6/15/2019 14:29:08.964961149	73.793505	28.549153	1002.558933	43.161783	26.136880	607.727791	77.864284	27.763044	1002.118078	8.900044	12.225812	
6/15/2019 14:29:09.964961149	74.214046	28.907869	1002.954531	45.754974	26.349423	608.636546	77.918665	27.711673	1002.191722	21.226881	12.206822	
6/15/2019 14:29:10.964961149	73.944637	28.612940	1002.618309	43.329789	26.202884	608.077368	77.869147	27.741465	1001.864963	12.267007	12.232645	
6/15/2019 14:29:11.964961149	74.240330	28.807702	1004.124055	44.605234	26.111531	609.255529	77.923528	27.693311	1003.309051	21.167408	12.175951	
6/15/2019 14:29:12.964961149	74.108911	28.638252	1001.845487	43.506960	26.200884	609.155002	77.795815	27.684189	1001.578887	16.733319	12.222211	
6/15/2019 14:29:13.964961149	74.444029	28.778316	1003.279320	43.410064	26.163289	610.793792	77.845124	27.867426	1002.878205	21.899433	12.217191	
6/15/2019 14:29:14.964961149	74.161478	28.559847	1002.508706	43.010315	26.127818	610.429764	77.784224	27.686051	1002.392008	9.202652	12.224077	
6/15/2019 14:29:15.964961149	74.306039	28.577983	1002.517694	43.983245	26.295012	615.905344	78.245479	27.874273	1002.812601	12.622806	12.214878	
6/15/2019 14:29:16.964961149	74.299468	28.597499	1001.537729	43.305837	26.157289	611.367442	77.970157	27.700170	1002.254332	10.215547	12.224353	
6/15/2019 14:29:17.964961149	74.463742	28.724100	1003.607895	45.847981	26.419346	613.420203	78.105544	27.697460	1002.187935	17.843151	12.220397	
6/15/2019 14:29:18.964961149	74.260043	28.759431	1004.233895	43.854406	26.085040	611.658530	77.812112	27.643200	1001.707889	18.161215	12.211237	
6/15/2019 14:29:19.964961149	74.536022	28.658666	1002.838305	42.796493	26.109368	612.700683	77.748006	27.594020	1002.257012	16.008886	12.232001	
6/15/2019 14:29:20.964961149	75.140549	28.999887	1004.489216	44.523411	26.224599	614.446579	77.927681	27.697777	1003.506651	26.112396	12.203667	
6/15/2019 14:29:21.964961149	74.549164	28.586731	1002.477165	42.957115	26.142839	614.257344	77.898585	27.602635	1002.260798	9.496357	12.229347	
6/15/2019 14:29:22.964961149	75.081411	28.818588	1003.800528	43.652555	26.202965	615.344177	77.935304	27.917029	1003.401778	26.730717	12.212919	
6/15/2019 14:29:23.964961149	74.700296	28.575887	1001.537729	42.746312	26.090428	614.399931	77.887047	27.592983	1002.348481	11.827105	12.225772	
6/15/2019 14:29:24.964961149	74.956563	28.731543	1002.523608	44.249402	26.426448	619.180304	78.134930	27.727865	1003.129107	18.134235	12.217204	
6/15/2019 14:29:25.964961149	74.818573	28.597274	1001.701346	43.193700	26.156718	615.641843	77.840945	27.610107	1002.144729	8.861269	12.227454	
6/15/2019 14:29:26.964961149	74.917137	28.808600	1002.728149	46.040718	26.380894	618.998942	78.105701	27.717589	1002.530941	12.351110	12.213879	
6/15/2019 14:29:27.964961149	74.733151	28.687496	1002.141100	43.816137	26.211088	617.403516	77.735520	27.610731	1001.714041	14.401259	12.210054	
6/15/2019 14:29:28.964961149	75.160262	28.929929	1003.224834	44.767787	26.238151	616.792407	77.682558	27.658556	1003.180521	25.650486	12.190539	
6/15/2019 14:29:29.964961149	74.628015	28.581533	1001.994673	42.769308	26.093816	616.808184	77.802229	27.526267	1002.444523	13.286184	12.230306	
6/15/2019 14:29:30.964961149	74.949992	28.717673	1004.207007	43.291082	26.329014	618.186768	77.935751	27.567562	1002.128010	24.584670	12.205205	
6/15/2019 14:29:31.964961149	74.759434	28.655789	1001.481902	43.381264	26.163779	618.665795	77.833875	27.557297	1001.919528	10.196160	12.228019	
6/15/2019 14:29:32.964961149	75.074840	28.667905	1004.287829	45.228344	26.347423	622.762129	77.954912	27.722574	1002.561535	17.425529	12.185295	
6/15/2019 14:29:33.964961149	74.871140	28.561494	1001.579048	42.742193	26.084714	618.476550	77.510900	27.507905	1003.084165	17.823764	12.224090	
6/15/2019 14:29:34.964961149	75.239113	28.919685	1004.056794	45.333419	26.330442	620.006267	77.737676	27.593502	1002.153239	19.137956	12.216047	
6/15/2019 14:29:35.964961149	75.101124	28.670183	1002.183128	43.496109	26.204843	618.803782	77.722721	27.498359	1001.876316	15.195379	12.228703	
6/15/2019 14:29:36.964961149	75.515093	28.810172	1004.340344	43.730841	26.234722	619.246003	77.854349	27.649741	1003.011465	27.498896	12.196729	
6/15/2019 14:29:37.964961149	75.087982	28.576561	1002.703784	42.879936	26.115613	619.017340	77.712286	27.500645	1002.287135	10.893341	12.227743	
6/15/2019 14:29:38.964961149	75.179975	28.668654	1002.289420	43.706356	26.315421	623.442221	77.888598	27.668314	1002.902805	15.533101	12.214615	
6/15/2019 14:29:39.964961149	75.147120	28.650368	1002.109953	42.761487	26.106837	616.696479	77.522990	27.465160	1002.149302	17.231383	12.184428	
6/15/2019 14:29:40.964961149	75.377103	28.792785	1004.445060	44.950577	26.319340	620.691612	77.607518	27.556143	1002.578883	15.811079	12.169341	
6/15/2019 14:29:41.964961149	75.291681	28.582282	1002.433875	42.798655	26.107123	617.467910	77.374723	27.417430	1002.466443	11.221890	12.218741	
6/15/2019 14:29:42.964961149	75.508522	28.814995	1003.643771	44.132337	26.210598	619.027192	77.577371	27.624119	1002.911637	17.268847	12.213576	
6/15/2019 14:29:43.964961149	75.186546	28.696692	1004.104185	43.543660	26.196067	617.789227	77.618190	27.422721	1001.954696	15.660950	12.215640	
6/15/2019 14:29:44.964961149	75.265397	28.757303	1003.086135	44.215073	26.354770	620.554288	77.739884	27.562990	1002.662779	22.279862	12.207873	
6/15/2019 14:29:45.964961149	75.153691	28.613390	1002.706938	43.192649	26.146758	618.998942	77.796552	27.412869	1002.429697	9.457582	12.230385	
6/15/2019 14:29:46.964961149	75.416529	28.839708	1003.011305	45.519387	26.355627	620.775067	77.938011	27.473245	1001.966835	16.058145	12.218294	
6/15/2019 14:29:47.964961149	75.206259	28.550875	1002.731304	41.951186	26.158922	619.286746	77.553689	27.428225	1002.009733	11.031675	12.199699	
6/15/2019 14:29:48.964961149	75.659654	28.846327	1002.687935	44.285398	26.258234	619.790077	77.661637	27.510085	1002.725390	26.081214	12.217138	
6/15/2019 14:29:49.964961149	75.403387	28.701964	1003.306051	43.543893	26.182148	620.618019	77.504538	27.320626	1001.609482	13.729747	12.209568	
6/15/2019 14:29:50.964961149	75.436242	28.688918	1003.112391	44.942015	26.402936	625.022533	77.841707	27.496803	1002.695267	21.352380	12.201276	
6/15/2019 14:29:51.964961149	75.469096	28.691495	1003.852176	43.706708	26.180474	621.597093	77.622211	27.331727	1001.795571	15.686891	12.226245	
6/15/2019 14:29:52.964961149	75.745076	28.950418	1004.056322	45.625531	26.358485	622.915219	77.655827	27.316466	1002.251175	20.693973	12.221606	
6/15/2019 14:29:53.964961149	75.725363	28.571289	1003.692108	43.961994	26.092102	623.103812	77.674831	27.307756	1002.077231	13.097280	12.200684	
6/15/2019 14:29:54.964961149	75.764789	28.827560	1003.046629	43.466088	26.134431	622.812061	77.773343	27.454789	1003.204021	19.079794	12.217782	
6/15/2019 14:29:55.964961149	75.653083	28.745337	1002.641728	43.202379	26.160677	620.443888	77.638165	27.225578	1001.956589	18.434222	12.228138	
6/15/2019 14:29:56.964961149	75.626799	28.667756	1002.029684	44.379563	26.317625	624.264900	77.830825	27.415250	1002.951691	12.616253	12.210304	
6/15/2019 14:29:57.964961149	75.672796	28.670333	1002.125488	43.236236	26.153003	622.226591	77.599239	27.328097	1002.097416	10.289166	12.228624	
6/15/2019 14:29:58.964961149	76.040769	28.903046	1003.137624	44.396475	26.274398	623.240483	77.709998	27.384537	1002.568002	12.234514	12.214102	
6/15/2019 14:29:59.964961149	75.810786	28.670258	1003.153553	43.446873	26.171127	621.409164	77.628782	27.284622	1001.867328	11.640823	12.225339	
6/15/2019 14:30:00.964961149	75.961917	28.795779	1003.331598	43.626958	26.214844	622.538055	77.806093	27.414012	1002.788787	24.971652	12.216271	
6/15/2019 14:30:01.964961149	75.574232	28.729072	1003.243600	43.308595	25.955237	617.954811	77.483274	27.369911	1003.108451	10.020091	12.170300	
6/15/2019 14:30:02.964961149	75.863353	28.873061	1002.843430	45.000614	26.254805	622.300184	77.764222	27.276314	1002.463129	16.742492	12.205297	
6/15/2019 14:30:03.964961149	75.830498	28.713406	1003.379777	43.352414	26.168310	620.153453	77.687973	27.251623	1001.740377	15.270308	12.227954	
6/15/2019 14:30:04.964961149	75.975059	28.747658	1002.878597	43.770687	26.179699	622.540024	77.952362	27.461742	1003.176263	16.984317	12.211684	
6/15/2019 14:30:05.964961149	75.909350	28.692094	1003.358408	43.401611	26.167739	621.459759	77.721931	27.273520	1001.716563	12.357392	12.228151	
6/15/2019 14:30:06.964961149	75.856782	28.683272	1001.672565	44.660575	26.316482	624.383836	78.037784	27.389310	1002.844768	10.751076	12.200237	
6/15/2019 14:30:07.964961149	75.869924	28.686598	1002.772700	43.371982	26.176229	621.882929	77.914092	27.261794	1001.933090	10.348639	12.225996	
6/15/2019 14:30:08.964961149	76.165617	28.909515	1002.730909	44.822640	26.274969	621.616144	77.987477	27.297067	1002.562957	28.366905	12.196834	
6/15/2019 14:30:09.964961149	75.797644	28.635151	1001.990967	43.147708	26.105123	622.298215	77.777049	27.242914	1002.499560	11.489654	12.227467	
6/15/2019 14:30:10.964961149	76.001343	28.736216	1003.496556	44.368714	26.311992	624.132166	78.056340	27.434554	1002.445938	18.332042	12.212814	
6/15/2019 14:30:11.964961149	75.659654	28.655265	1003.590942	43.129173	26.133451	622.784463	77.848935	27.254534	1002.127696	8.832708	12.210186	
6/15/2019 14:30:12.964961149	76.053911	28.993192	1003.105059	44.934723	26.253417	622.664864	77.878188	27.203163	1002.596231	22.744123	12.220082	
6/15/2019 14:30:13.964961149	75.850211	28.582057	1003.359355	43.195513	25.911887	620.265158	77.859921	27.374378	1003.353679	13.000343	12.168408	
6/15/2019 14:30:14.964961149	76.211613	28.768745	1003.842398	44.069214	26.276602	625.056698	78.334475	27.455826	1002.686121	20.673275	12.209910	
6/15/2019 14:30:15.964961149	76.211613	28.803179	1003.366136	46.784562	26.674912	627.685740	78.429019	27.426775	1002.552547	18.409592	12.215219	
6/15/2019 14:30:16.964961149	75.850211	28.644198	1002.572655	42.917767	26.124961	622.930997	78.074397	27.244469	1002.769388	8.378660	12.192536	
6/15/2019 14:30:17.964961149	76.336461	28.948440	1004.542677	44.616382	26.314400	624.449535	78.074397	27.443994	1003.285866	22.625176	12.178225	
6/15/2019 14:30:18.964961149	75.915921	28.665435	1002.183680	43.017738	26.107368	623.113011	77.969210	27.223822	1002.226417	9.410943	12.215429	
6/15/2019 14:30:19.964961149	76.086765	28.643791	1002.554518	44.366029	26.416570	629.786476	78.388936	27.464017	1003.288074	13.012138	12.212578	
6/15/2019 14:30:20.964961149	76.040769	28.651266	1002.544425	43.071015	26.081040	623.147839	77.910071	27.198507	1002.348638	12.739131	12.225969	
6/15/2019 14:30:21.964961149	76.310177	29.015178	1003.795008	44.564306	26.219497	624.227441	77.808615	27.245707	1002.871896	26.276670	12.214720	
6/15/2019 14:30:22.964961149	75.994772	28.689667	1002.986072	43.096321	26.141452	623.394247	77.847883	27.185013	1001.958640	11.771564	12.208727	
6/15/2019 14:30:23.964961149	76.159046	28.800751	1003.063425	44.538153	26.374608	627.185031	78.100182	27.397407	1002.660414	23.675536	12.214352	
6/15/2019 14:30:24.964961149	76.237897	28.698863	1003.727276	43.189035	26.111368	621.815904	77.789244	27.157624	1002.626668	19.180663	12.205179	
6/15/2019 14:30:25.964961149	76.277323	28.957262	1003.050336	44.626809	26.255417	625.274193	77.993653	27.256915	1002.767652	13.416926	12.216862	
6/15/2019 14:30:26.964961149	76.067052	28.666109	1003.530147	43.134900	26.124675	623.337737	78.030713	27.212095	1002.563586	8.769303	12.210935	
6/15/2019 14:30:27.964961149	76.152475	28.685817	1003.471718	43.783693	26.270276	626.566048	78.415482	27.437877	1002.566266	18.239036	12.176608	
6/15/2019 14:30:28.964961149	76.152475	28.750834	1003.159230	43.270442	26.169168	621.073385	78.049113	27.133653	1001.937348	16.748774	12.222224	
6/15/2019 14:30:29.964961149	76.494164	29.036041	1003.299427	45.013665	26.253989	622.282438	78.036180	27.152840	1002.666251	25.351809	12.219793	
6/15/2019 14:30:30.964961149	76.080194	28.713331	1001.698034	42.616303	26.071937	621.343454	77.911228	27.094125	1002.723182	16.162946	12.212420	
6/15/2019 14:30:31.964961149	76.297036	28.792228	1003.760787	43.720684	26.205741	626.136310	78.106648	27.263149	1003.515954	17.029644	12.202196	
6/15/2019 14:30:32.964961149	76.172188	28.656388	1003.120750	42.848057	26.073366	622.283101	77.869699	27.092051	1002.919996	12.370497	12.212499	
6/15/2019 14:30:33.964961149	76.658437	29.136208	1002.496483	44.266913	26.386609	623.111032	78.029767	27.141844	1001.889248	21.824504	12.197241	
6/15/2019 14:30:34.964961149	76.605870	29.057054	1004.535345	45.014624	26.109654	619.297914	77.597241	27.026372	1002.642123	17.888479	12.202656	
6/15/2019 14:30:35.964961149	76.454738	28.752855	1002.435769	44.332474	26.310278	628.500536	78.275389	27.280061	1002.938287	13.394917	12.200527	
6/15/2019 14:30:36.964961149	76.310177	28.660013	1002.132663	42.934412	26.067121	623.822016	77.924527	27.036023	1002.502082	13.617354	12.225733	
6/15/2019 14:30:37.964961149	76.802998	28.931501	1002.599857	45.039199	26.299624	625.734159	78.110669	27.073265	1002.182576	25.045270	12.209332	
6/15/2019 14:30:38.964961149	76.369316	28.836008	1001.828534	43.017854	26.131165	623.726078	77.958828	26.967646	1001.972672	19.814440	12.207663	
6/15/2019 14:30:39.964961149	76.566444	28.806472	1003.144799	44.308836	26.330361	628.500536	78.240170	27.089151	1002.590237	24.588873	12.218873	
6/15/2019 14:30:40.964961149	76.428454	28.703461	1001.946968	43.099047	26.132349	626.829539	78.102232	27.009872	1002.274360	9.487183	12.216573	
6/15/2019 14:30:41.964961149	76.619012	28.862891	1004.284755	43.572080	26.155983	626.310431	78.136296	27.012984	1003.414710	19.929455	12.171128	
6/15/2019 14:30:42.964961149	76.343032	28.676727	1002.750227	42.816217	26.095204	625.749274	77.922714	26.960692	1002.589765	11.435152	12.226364	
6/15/2019 14:30:43.964961149	76.487593	28.811594	1002.803295	45.171707	26.416243	629.444782	78.019123	27.129504	1002.325610	18.224891	12.203733	
6/15/2019 14:30:44.964961149	76.336461	28.660912	1001.822463	42.815447	26.088755	625.289960	77.806250	26.929980	1002.720503	13.850004	12.204009	
6/15/2019 14:30:45.964961149	76.717576	28.958684	1001.956114	43.591079	26.134104	625.324788	77.784382	27.091119	1003.239817	22.645874	12.208477	
6/15/2019 14:30:46.964961149	76.375887	28.650218	1002.305821	43.173130	26.098347	625.324136	77.841365	26.976673	1002.697318	9.074532	12.204417	
6/15/2019 14:30:47.964961149	76.559873	28.878483	1002.154269	45.245655	26.290726	626.225670	78.083938	27.029271	1002.973612	17.991970	12.200645	
6/15/2019 14:30:48.964961149	76.467880	28.660987	1002.750622	42.596784	26.051528	623.661685	77.959537	26.926869	1002.622410	17.310244	12.223564	
6/15/2019 14:30:49.964961149	76.848995	28.897742	1002.373001	44.183924	26.216231	624.412086	78.273182	27.168631	1003.281608	27.039878	12.193075	
6/15/2019 14:30:50.964961149	76.625583	28.782316	1002.143702	43.099671	26.094633	623.258228	78.092507	26.936933	1002.057990	20.431451	12.229544	
6/15/2019 14:30:51.964961149	76.835853	29.010430	1004.416516	45.468328	26.351504	626.170465	78.314867	27.015058	1002.118393	20.938418	12.205915	
6/15/2019 14:30:52.964961149	76.875279	28.862442	1001.645282	42.794233	26.250764	622.928365	78.188102	26.934234	1002.024559	20.740611	12.198871	
6/15/2019 14:30:53.964961149	76.599299	28.785909	1002.454298	44.252942	26.305216	628.509735	78.498592	27.210752	1002.473696	18.135546	12.214628	
6/15/2019 14:30:54.964961149	76.205042	28.634402	1001.332321	43.024819	26.126104	624.311549	78.345857	26.986526	1002.801719	10.759979	12.189987	
6/15/2019 14:30:55.964961149	76.612441	28.872088	1003.260554	44.406949	26.193903	626.131700	78.288032	27.138532	1003.040953	18.372128	12.212919	
6/15/2019 14:30:56.964961149	76.467880	28.772071	1003.982439	43.459058	26.184760	624.294466	78.199850	27.007174	1002.188570	15.974042	12.211119	
6/15/2019 14:30:57.964961149	76.408742	28.794806	1002.574782	44.930300	26.311094	626.607444	78.548400	27.114973	1002.918732	19.866321	12.206414	
6/15/2019 14:30:58.964961149	76.428454	28.767623	1003.639513	43.417974	26.174270	624.358207	78.277545	27.050237	1001.753309	12.983576	12.219753	
6/15/2019 14:30:59.964961149	76.691292	28.859566	1003.687770	44.131653	26.208068	624.123619	78.292999	27.227145	1002.729491	23.872032	12.209305	
6/15/2019 14:31:00.964961149	76.553302	28.784112	1003.260791	43.098483	26.068549	622.891569	78.074003	27.014233	1001.662154	16.636381	12.206204	
6/15/2019 14:31:01.964961149	76.835853	29.031743	1005.194857	45.203419	26.283378	624.611183	78.276755	27.063095	1002.378125	22.504919	12.199410	
6/15/2019 14:31:02.964961149	76.599299	28.762201	1002.866297	43.364813	26.156432	624.399603	78.301226	27.078769	1002.164756	10.969581	12.217690	
6/15/2019 14:31:03.964961149	76.651867	28.705782	1001.617132	43.828847	26.244845	626.659355	78.460979	27.227039	1003.043003	12.466125	12.207663	
6/15/2019 14:31:04.964961149	76.632154	28.777717	1001.592057	43.588590	26.139982	623.600575	78.129330	27.088209	1001.974723	12.544985	12.215627	
6/15/2019 14:31:05.964961149	76.665008	28.947691	1002.947199	44.156755	26.238437	624.569787	78.197852	27.149634	1002.760400	14.789281	12.185269	
6/15/2019 14:31:06.964961149	76.520448	28.692917	1002.664043	43.082762	26.126920	623.586776	78.108566	27.053348	1002.368665	8.814631	12.213590	
6/15/2019 14:31:07.964961149	76.632154	28.874184	1003.722071	45.811964	26.405508	625.629685	78.207130	27.095775	1002.255118	21.565913	12.221698	
6/15/2019 14:31:08.964961149	76.546731	28.803328	1004.103238	42.891566	26.107654	622.660928	78.085489	27.003025	1002.454140	20.532320	12.220804	
6/15/2019 14:31:09.964961149	76.684721	28.912809	1002.590080	44.141278	26.192434	623.361387	78.316576	27.318975	1003.883717	23.465934	12.155161	
6/15/2019 14:31:10.964961149	76.487593	28.730420	1002.411797	43.199067	26.149330	625.130291	78.304985	27.078250	1002.193458	10.410733	12.219950	
6/15/2019 14:31:11.964961149	76.743860	28.935501	1004.769217	44.618425	26.242355	626.408337	78.350929	27.135314	1002.237142	18.753867	12.175242	
6/15/2019 14:31:12.964961149	76.474451	28.725223	1002.014701	43.057136	26.116756	625.605372	78.276336	27.039547	1002.635342	9.471727	12.207268	
6/15/2019 14:31:13.964961149	76.605870	28.741338	1002.015805	43.384118	26.142227	624.989673	78.164630	27.021704	1001.624465	17.600017	12.179894	
6/15/2019 14:31:14.964961149	76.645296	28.724250	1002.172641	43.343249	26.133165	626.192158	78.008793	27.013196	1002.480476	9.756258	12.223630	
6/15/2019 14:31:15.964961149	76.743860	28.741637	1001.909671	43.747304	26.186720	625.878724	78.019727	26.960280	1002.305111	17.663422	12.201709	
6/15/2019 14:31:16.964961149	76.546731	28.740290	1001.590244	42.806847	26.045895	625.481836	78.035681	26.912444	1002.646853	17.469275	12.218268	
6/15/2019 14:31:17.964961149	76.605870	28.741338	1001.977720	43.327938	26.134880	626.426082	78.178586	26.962248	1002.436321	9.365615	12.224103	
6/15/2019 14:31:18.964961149	76.599299	28.783064	1003.446406	43.579912	26.179372	625.464754	78.222375	26.870841	1001.913062	15.958587	12.221514	
6/15/2019 14:31:19.964961149	76.625583	28.803703	1001.734148	43.310143	26.092061	624.074340	78.252522	26.852787	1002.683914	18.090218	12.204614	
6/15/2019 14:31:20.964961149	76.546731	28.717555	1002.409904	42.693229	26.054467	624.048711	78.274890	26.792198	1002.490257	17.854676	12.211237	
6/15/2019 14:31:21.964961149	76.507306	28.703162	1002.198820	42.809671	26.028588	623.585460	78.220771	26.821450	1002.447517	17.575387	12.229754	
6/15/2019 14:31:22.964961149	76.546731	28.740814	1001.669253	43.249852	26.122716	624.910165	78.191728	26.897712	1002.598124	9.366926	12.218360	
6/15/2019 14:31:23.964961149	76.520448	28.741712	1003.171767	43.327655	26.142799	623.719510	78.202005	26.884229	1002.740530	11.121020	12.201052	
6/15/2019 14:31:24.964961149	76.507306	28.783663	1002.897915	43.597590	26.146513	624.306296	78.167599	26.858184	1002.201660	11.528429	12.204075	
6/15/2019 14:31:25.964961149	76.638725	28.792785	1001.719403	42.804431	26.056385	622.471683	78.116241	26.780154	1002.355419	19.621605	12.214707	
6/15/2019 14:31:26.964961149	76.605870	28.713481	1002.867715	42.607907	26.024384	622.902736	78.193936	26.760956	1002.252282	16.487563	12.199265	
6/15/2019 14:31:27.964961149	76.809569	28.803852	1003.338301	43.281215	26.145044	622.234474	78.214200	26.744362	1001.975037	18.338595	12.223525	
6/15/2019 14:31:28.964961149	76.802998	28.798580	1002.512255	43.089970	26.105654	621.632574	78.247555	26.702336	1002.173745	19.541434	12.227376	
6/15/2019 14:31:29.964961149	76.776714	28.818994	1001.979139	43.375421	26.122104	621.786991	78.317128	26.692896	1002.476218	19.234894	12.217335	
6/15/2019 14:31:30.964961149	76.678150	28.741712	1002.871264	43.438643	26.117042	623.720826	78.422105	26.733366	1002.197716	10.338425	12.225233	
6/15/2019 14:31:31.964961149	76.684721	28.677925	1002.788864	42.836476	26.094388	623.893641	78.396978	26.657623	1002.703626	13.146540	12.206966	
6/15/2019 14:31:32.964961149	76.737289	28.730794	1002.326480	43.135602	26.082999	624.326010	78.450939	26.693733	1002.506341	10.873954	12.226048	
6/15/2019 14:31:33.964961149	76.816140	28.740964	1002.688801	43.280242	26.117695	625.159204	78.465185	26.637399	1002.468808	10.858498	12.206730	
6/15/2019 14:31:34.964961149	76.947559	28.714080	1001.820412	43.155657	26.338565	626.767776	78.446077	26.525015	1002.152610	18.868881	12.194140	
6/15/2019 14:31:35.964961149	76.848995	28.788186	1003.074149	43.395884	26.149003	625.343849	78.427125	26.696325	1002.009890	13.190557	12.207544	
6/15/2019 14:31:36.964961149	76.802998	28.766425	1002.493961	42.834878	26.059202	624.073024	78.226291	26.581667	1002.482684	18.946432	12.229662	
6/15/2019 14:31:37.964961149	76.605870	28.736216	1003.950188	44.027758	25.956094	622.509795	78.289740	26.798739	1002.758035	8.085226	12.200027	
6/15/2019 14:31:38.964961149	76.973843	28.840232	1002.038909	43.355366	26.096306	623.993516	78.297415	26.602939	1002.259534	19.463883	12.225982	
6/15/2019 14:31:39.964961149	76.954130	28.766575	1002.442549	42.965638	26.048426	624.346377	78.087197	26.575963	1002.594181	20.100282	12.227980	
6/15/2019 14:31:40.964961149	77.124975	28.771847	1002.817803	42.898062	26.045895	624.931847	78.072951	26.595362	1002.370873	19.519425	12.204469	
6/15/2019 14:31:41.964961149	77.092120	28.709107	1002.919049	42.468799	26.097449	628.436142	78.358551	26.715936	1001.431909	4.225441	12.158157	
6/15/2019 14:31:42.964961149	77.236681	28.957262	1002.700867	42.261561	26.010464	627.467582	78.253521	26.628466	1002.482841	13.930446	12.201368	
6/15/2019 14:31:43.964961149	76.862137	28.793309	1001.616029	42.941239	26.045324	624.241240	78.107357	26.646309	1002.497824	18.472997	12.212262	
6/15/2019 14:31:44.964961149	76.921275	28.593050	1001.728471	43.144894	26.281338	625.351733	78.203556	26.773106	1002.191407	13.146540	12.189106	
6/15/2019 14:31:45.964961149	76.665008	28.889326	1002.964624	42.947823	25.852986	621.851385	77.974729	26.697362	1003.422913	18.237725	12.179342	
6/15/2019 14:31:46.964961149	77.039552	28.682898	1003.503968	43.816147	26.043038	625.959548	78.004325	26.706390	1002.381598	11.837590	12.203589	
6/15/2019 14:31:47.964961149	76.717576	28.794057	1002.880490	42.615718	26.049609	624.327978	77.955226	26.657929	1002.852026	14.948312	12.199449	
6/15/2019 14:31:48.964961149	76.868708	28.746535	1003.454370	43.287789	26.098061	624.887167	78.008845	26.714062	1002.637393	9.757568	12.220896	
6/15/2019 14:31:49.964961149	76.947559	28.806804	1003.279005	43.310707	26.181699	623.283195	78.021987	26.674228	1001.945550	14.491644	12.213616	
6/15/2019 14:31:50.964961149	76.901562	28.751882	1003.160885	43.301426	26.126920	624.303012	78.180084	26.728593	1002.348638	9.580459	12.225601	
6/15/2019 14:31:51.964961149	76.816140	28.720699	1001.849823	42.563375	26.035160	623.592691	78.140002	26.694039	1002.595917	13.537182	12.197372	
6/15/2019 14:31:52.964961149	76.888421	28.702862	1001.995383	42.749429	26.044181	622.402689	77.905918	26.655749	1002.580777	16.334813	12.225207	
6/15/2019 14:31:53.964961149	76.993556	28.741562	1002.987334	43.036516	26.101164	623.401478	78.007689	26.705765	1002.497510	11.877675	12.220318	
6/15/2019 14:31:54.964961149	77.019839	28.783438	1003.926060	42.969077	26.082714	623.594007	78.094715	26.751940	1002.075652	11.344767	12.204062	
6/15/2019 14:31:55.964961149	77.157829	28.803927	1003.057354	43.351275	26.142432	622.144451	78.009502	26.730043	1002.088113	13.689661	12.212762	
6/15/2019 14:31:56.964961149	77.144687	28.761677	1002.256854	42.918691	26.055243	621.800789	77.882394	26.679096	1002.559328	19.664311	12.230516	
6/15/2019 14:31:57.964961149	77.019839	28.694040	1001.143078	42.783305	26.062631	622.919166	78.005586	26.702855	1002.838780	14.945691	12.214588	
6/15/2019 14:31:58.964961149	76.901562	28.814022	1002.085825	43.743633	26.087530	622.722038	77.952966	26.685012	1002.281297	14.864210	12.201854	
6/15/2019 14:31:59.964961149	76.986985	28.809573	1002.776406	43.463821	26.140513	624.151880	78.005981	26.785351	1002.241872	13.027594	12.220318	
6/15/2019 14:32:00.964961149	76.816140	28.682898	1002.682178	42.782165	26.022424	624.330610	77.836397	26.831832	1002.760243	7.099582	12.163545	
6/15/2019 14:32:01.964961149	76.954130	28.752106	1003.052386	43.223008	26.097490	624.883883	78.064120	26.760755	1002.405412	9.103093	12.219372	
6/15/2019 14:32:02.964961149	76.986985	28.868163	1001.796361	41.244478	25.837107	622.314635	78.174170	26.889521	1003.422913	15.706278	12.164465	
6/15/2019 14:32:03.964961149	77.006698	28.788935	1004.258813	43.433043	26.133982	625.268941	78.265797	26.814402	1002.370873	12.309714	12.220975	
6/15/2019 14:32:04.964961149	76.980414	28.746610	1002.824900	43.163157	26.117083	625.293907	78.147177	26.752046	1002.710250	10.731688	12.191932	
6/15/2019 14:32:05.964961149	76.940988	28.709781	1001.854790	42.864011	26.078509	625.834697	78.226476	26.761687	1002.681234	14.086857	12.224182	
6/15/2019 14:32:06.964961149	77.052694	28.715502	1001.137953	42.542132	26.236886	626.738863	77.917299	26.597436	1002.806135	18.132925	12.185190	
6/15/2019 14:32:07.964961149	77.236681	28.862667	1003.037878	43.039584	26.104266	625.367500	77.865940	26.841791	1003.421177	30.777825	12.184980	
6/15/2019 14:32:08.964961149	77.151258	28.741413	1003.042608	42.841872	26.059243	626.279549	77.945396	26.758988	1002.700947	14.165717	12.221172	
6/15/2019 14:32:09.964961149	77.578370	29.110372	1004.731764	46.722682	26.391670	628.086555	78.171725	26.871349	1002.491515	19.284154	12.208859	
6/15/2019 14:32:10.964961149	76.980414	28.857021	1003.158283	43.923735	26.079326	625.355017	77.881894	26.750585	1002.504290	18.207853	12.204417	
6/15/2019 14:32:11.964961149	77.197255	28.912659	1004.902871	45.818137	26.378813	627.403841	78.399029	26.853506	1003.004678	21.013618	12.209003	
6/15/2019 14:32:12.964961149	77.190684	28.762351	1002.806843	42.852098	26.058631	623.874580	77.904262	26.710845	1002.834993	19.084765	12.202340	
6/15/2019 14:32:13.964961149	77.440380	28.798548	1001.905255	44.309080	26.313135	630.348948	78.365569	27.071827	1002.992696	21.206454	12.205967	
6/15/2019 14:32:14.964961149	77.210397	28.802655	1004.169947	42.801451	26.187577	623.376501	78.102994	26.684800	1002.272152	19.026603	12.191248	
6/15/2019 14:32:15.964961149	77.295819	28.941414	1003.754636	43.966853	26.207210	625.576459	78.365175	26.992040	1003.031807	24.044170	12.208872	
6/15/2019 14:32:16.964961149	77.170971	28.840531	1002.011627	43.549027	26.143615	623.811502	78.152040	26.739589	1002.281455	19.507901	12.220042	
6/15/2019 14:32:17.964961149	77.519231	28.969602	1003.617355	44.441694	26.198475	625.805784	78.271473	26.854036	1003.248648	22.176371	12.184454	
6/15/2019 14:32:18.964961149	77.230110	28.804002	1004.050646	43.606853	26.130594	624.906881	78.103888	26.765634	1001.937820	13.578579	12.210462	
6/15/2019 14:32:19.964961149	77.552086	29.063748	1004.167187	45.591705	26.305828	627.930170	78.133194	26.839399	1002.532834	17.587182	12.216402	
6/15/2019 14:32:20.964961149	77.177542	28.656912	1004.599765	44.956787	26.149289	623.969202	77.853902	26.871159	1002.149774	9.065629	12.204114	
6/15/2019 14:32:21.964961149	77.387812	28.832832	1004.478019	45.558807	26.351668	630.447507	78.217512	26.807437	1002.736901	12.251551	12.207860	
6/15/2019 14:32:22.964961149	77.124975	28.777418	1002.787131	43.071922	26.046997	625.406928	78.040096	26.619439	1002.400046	19.560821	12.220976	
6/15/2019 14:32:23.964961149	77.190684	28.844723	1002.497272	45.023382	26.346239	630.243811	78.493782	26.878938	1003.065553	23.171190	12.196676	
6/15/2019 14:32:24.964961149	77.216968	28.778166	1003.553486	43.640446	26.135411	626.587730	78.327248	26.693733	1002.289814	12.617564	12.225693	
6/15/2019 14:32:25.964961149	77.486377	28.855417	1003.502784	43.289332	26.246845	627.631851	78.406651	26.908094	1003.069339	24.411493	12.185597	
6/15/2019 14:32:26.964961149	77.203826	28.746759	1003.440572	42.832784	26.062631	625.738759	78.013208	26.637282	1002.668459	18.040958	12.226837	
6/15/2019 14:32:27.964961149	77.492947	28.853919	1003.799186	43.364361	26.081979	627.173853	78.079470	26.803194	1003.425592	23.385763	12.182943	
6/15/2019 14:32:28.964961149	77.460093	28.767024	1003.381828	43.279822	26.149289	627.929517	78.067379	26.707946	1002.522267	12.595555	12.216941	
6/15/2019 14:32:29.964961149	77.716360	29.048157	1003.179337	43.681815	26.220844	626.761850	78.080231	26.702230	1002.756299	28.757548	12.190368	
6/15/2019 14:32:30.964961149	77.197255	28.731318	1002.487494	42.973936	26.063488	627.736988	78.112876	26.658035	1002.630927	13.760930	12.225496	
6/15/2019 14:32:31.964961149	77.131546	29.037389	1002.307082	44.622365	26.173494	629.250275	78.365989	26.700262	1002.850448	15.349439	12.184217	
6/15/2019 14:32:32.964961149	77.282677	28.809499	1002.965098	43.043587	26.109940	625.996997	78.248211	26.573677	1002.458556	18.576487	12.203010	
6/15/2019 14:32:33.964961149	77.433809	28.915760	1004.041734	45.555190	26.370037	629.946797	78.560095	26.759919	1002.468330	16.637692	12.216428	
6/15/2019 14:32:34.964961149	77.394383	28.763249	1001.334372	43.065317	26.001443	626.834138	78.316866	26.617777	1003.092367	17.887169	12.206624	
6/15/2019 14:32:35.964961149	77.565228	28.790282	1003.589206	44.663206	26.342811	630.864762	78.415929	26.844384	1002.780899	14.647015	12.213655	
6/15/2019 14:32:36.964961149	77.282677	28.772745	1004.194312	43.215938	26.100266	628.915159	78.059704	26.685742	1002.471802	10.850635	12.219201	
6/15/2019 14:32:37.964961149	77.203826	28.745006	1002.514697	43.464132	26.179127	631.559316	78.381628	26.775392	1003.209851	16.560141	12.193167	
6/15/2019 14:32:38.964961149	77.341816	28.815519	1002.723654	43.139478	26.089245	626.831507	78.133798	26.556765	1002.539458	19.558200	12.218465	
6/15/2019 14:32:39.964961149	77.683505	28.894224	1002.933005	43.753584	26.204720	627.640387	78.405809	26.746860	1002.958000	21.719703	12.177029	
6/15/2019 14:32:40.964961149	77.262964	28.814172	1004.260626	43.434192	26.115001	627.089093	78.324645	26.640711	1002.480634	12.388574	12.214588	
6/15/2019 14:32:41.964961149	77.552086	28.948440	1003.588654	43.636441	26.118266	625.870178	78.333923	26.714793	1003.173741	29.476738	12.175465	
6/15/2019 14:32:42.964961149	77.368100	28.710305	1002.572260	42.919305	26.060631	626.413599	78.154800	26.613734	1002.740373	14.297769	12.220699	
6/15/2019 14:32:43.964961149	77.703218	28.939618	1003.214347	43.608684	26.127042	626.757251	78.103099	26.621619	1003.023133	23.678157	12.191787	
6/15/2019 14:32:44.964961149	77.256393	28.787737	1002.094893	43.452075	26.125492	626.033141	78.267005	26.634382	1002.489465	13.044360	12.219201	
6/15/2019 14:32:45.964961149	77.532373	29.057279	1003.920698	45.062634	26.282276	627.620021	78.184105	26.680133	1002.522267	15.073812	12.209253	
6/15/2019 14:32:46.964961149	77.433809	28.805574	1004.232554	43.184004	26.057161	624.574387	78.034734	26.568078	1002.631556	17.916770	12.204049	
6/15/2019 14:32:47.964961149	77.676934	28.989268	1004.760071	45.289137	26.249376	626.330144	78.270289	26.626275	1002.809286	22.682028	12.207111	
6/15/2019 14:32:48.964961149	77.335245	28.762426	1002.544820	43.191178	26.071366	625.592889	78.279148	26.624423	1002.497981	12.124742	12.222290	
6/15/2019 14:32:49.964961149	77.197255	28.807595	1001.646623	45.276391	26.271745	628.969702	78.384992	26.688430	1003.310309	15.127003	12.184678	
6/15/2019 14:32:50.964961149	77.328674	28.819818	1003.618144	43.724961	26.155248	626.041025	78.294393	26.600865	1002.325139	16.240496	12.204719	
6/15/2019 14:32:51.964961149	77.545515	28.821764	1004.450737	44.893475	26.358403	630.983698	78.465737	26.819069	1003.057036	15.577118	12.205231	
6/15/2019 14:32:52.964961149	77.565228	28.762575	1003.109632	43.470405	26.125492	627.672594	78.190414	26.627641	1002.379547	12.373119	12.224011	
6/15/2019 14:32:53.964961149	77.427238	28.785160	1003.049626	43.886888	26.262969	631.923344	78.348222	26.805480	1003.037323	13.128463	12.194849	
6/15/2019 14:32:54.964961149	77.440380	28.835858	1003.025103	43.957981	26.090959	629.419806	78.109118	26.634170	1002.266000	16.155083	12.199896	
6/15/2019 14:32:55.964961149	77.617795	28.822962	1003.057354	43.726577	26.223293	632.600806	78.561751	26.863275	1003.314567	14.645705	12.189698	
6/15/2019 14:32:56.964961149	77.558657	28.752555	1001.294709	42.853939	26.045364	628.861933	78.343963	26.564861	1002.928670	17.372338	12.222408	
6/15/2019 14:32:57.964961149	77.696647	28.881028	1002.945857	43.356738	26.079162	629.889624	78.533207	26.736383	1003.128799	25.593634	12.204443	
6/15/2019 14:32:58.964961149	77.354958	28.773044	1001.580467	43.485347	26.105368	629.769383	78.335474	26.621725	1002.509178	10.872643	12.206401	
6/15/2019 14:32:59.964961149	77.584941	29.001758	1002.470147	44.130233	26.187944	629.749006	78.172672	26.726826	1003.009886	23.684439	12.200776	
6/15/2019 14:33:00.964961149	77.387812	28.777642	1003.068235	43.145508	26.076754	630.192553	78.133089	26.627016	1002.648904	11.304682	12.223144	
6/15/2019 14:33:01.964961149	77.650650	28.948215	1003.041977	43.634070	26.098714	628.833020	78.195696	26.682937	1003.331286	27.856006	12.209595	
6/15/2019 14:33:02.964961149	77.512660	28.790881	1003.008545	43.149940	26.083449	628.953272	78.337997	26.667369	1002.158290	9.795033	12.192247	
6/15/2019 14:33:03.964961149	77.492947	28.894523	1001.379869	41.843784	26.161616	629.365264	78.280067	26.489106	1001.659946	13.900574	12.192655	
6/15/2019 14:33:04.964961149	77.650650	28.832874	1002.597412	45.241683	26.508330	636.162927	78.965576	27.019948	1003.725065	23.229352	12.185847	
6/15/2019 14:33:05.964961149	77.295819	28.742012	1002.626036	43.277679	26.090959	627.206713	78.362020	26.633758	1002.387907	12.533461	12.210370	
6/15/2019 14:33:06.964961149	77.801782	28.912702	1004.265514	43.467026	26.271255	631.205140	78.882257	26.940680	1003.920935	24.340496	12.180512	
6/15/2019 14:33:07.964961149	77.236681	28.662783	1003.692265	43.477349	25.973115	627.709391	78.321281	26.644341	1002.891452	13.742853	12.196939	
6/15/2019 14:33:08.964961149	77.795211	28.926197	1003.212297	43.649221	26.179454	628.935526	78.570977	27.003661	1003.808653	21.084615	12.174019	
6/15/2019 14:33:09.964961149	77.584941	28.798206	1001.631563	43.352834	26.116716	628.319175	78.188416	26.667687	1002.344851	11.237345	12.201446	
6/15/2019 14:33:10.964961149	77.703218	28.967624	1002.153400	44.341346	26.199618	629.632049	78.525085	27.018086	1003.569891	19.677417	12.189106	
6/15/2019 14:33:11.964961149	77.361529	28.757678	1002.290209	42.724660	26.028343	626.092936	78.298519	26.624212	1002.781849	18.768012	12.216862	
6/15/2019 14:33:12.964961149	77.841207	28.928849	1002.536303	43.779715	26.104714	628.287630	78.558544	26.841378	1003.633288	24.044170	12.177660	
6/15/2019 14:33:13.964961149	77.545515	28.719202	1002.807867	42.783004	26.041364	626.474709	78.380972	26.630646	1002.467859	13.106454	12.184809	
6/15/2019 14:33:14.964961149	77.979197	29.158718	1002.312839	44.817088	26.164473	627.512252	78.451201	26.755252	1003.270883	32.073940	12.189343	
6/15/2019 14:33:15.964961149	77.453522	28.731767	1001.662472	42.923882	26.066876	626.853852	78.320230	26.629503	1003.116810	14.419336	12.210922	
6/15/2019 14:33:16.964961149	77.821495	29.047484	1003.843660	44.819280	26.256805	628.505125	78.341860	26.805162	1002.796196	23.648285	12.204732	
6/15/2019 14:33:17.964961149	77.506089	28.777867	1002.997663	43.116083	26.070795	627.507663	78.276546	26.698506	1002.572417	11.078314	12.222014	
6/15/2019 14:33:18.964961149	77.952914	29.083863	1004.174914	44.556701	26.181739	627.853946	78.350244	26.686768	1003.065081	23.540863	12.206059	
6/15/2019 14:33:19.964961149	77.749214	28.835259	1004.656933	43.533433	26.138227	627.135088	78.316024	26.664989	1002.290286	15.423058	12.213366	
6/15/2019 14:33:20.964961149	77.854349	29.126712	1002.334050	44.895344	26.211456	627.853946	78.374320	26.682926	1002.981814	23.481390	12.203628	
6/15/2019 14:33:21.964961149	77.486377	28.846701	1003.196447	42.948691	26.078754	627.014837	78.322095	26.591732	1002.325139	18.800234	12.227034	
6/15/2019 14:33:22.964961149	77.492947	28.937222	1003.231615	44.854539	26.207210	630.471158	78.547820	26.721735	1003.086687	18.361914	12.214352	
6/15/2019 14:33:23.964961149	77.414096	28.851599	1002.952561	43.305195	26.125206	627.890089	78.420607	26.622031	1002.123752	17.081254	12.218518	
6/15/2019 14:33:24.964961149	77.591512	28.988894	1003.968797	45.583304	26.318482	631.071742	78.751966	26.775794	1002.607742	15.363585	12.209673	
6/15/2019 14:33:25.964961149	77.492947	28.840906	1002.690537	43.206889	26.079040	627.517515	78.393824	26.636350	1002.377654	19.910067	12.221527	
6/15/2019 14:33:26.964961149	77.630937	28.973452	1004.373698	45.562469	26.341994	629.501282	78.683549	26.741134	1002.314571	20.405511	12.204193	
6/15/2019 14:33:27.964961149	77.584941	28.793084	1002.364093	43.336432	26.094061	628.988100	78.661262	26.703585	1002.770489	11.677247	12.212722	
6/15/2019 14:33:28.964961149	77.736072	28.952739	1003.742493	45.956644	26.350239	630.228034	78.870690	26.777349	1002.627926	17.986727	12.191564	
6/15/2019 14:33:29.964961149	77.729501	28.751882	1002.565951	43.285179	26.104511	628.673351	78.730231	26.704210	1002.354947	10.996832	12.222421	
6/15/2019 14:33:30.964961149	77.821495	28.922454	1003.340509	44.931174	26.248805	630.261546	78.714039	26.739059	1002.881514	21.023832	12.218347	
6/15/2019 14:33:31.964961149	77.768927	28.999363	1003.570440	43.336782	25.880987	625.572512	78.773520	26.865349	1002.324981	9.961928	12.197425	
6/15/2019 14:33:32.964961149	77.703218	28.902040	1003.735160	44.999786	26.291828	629.647163	78.767606	26.711564	1002.690380	24.443986	12.180643	
6/15/2019 14:33:33.964961149	77.440380	28.731318	1001.804878	42.705102	26.018138	626.468794	78.391011	26.595468	1002.451303	19.797674	12.212381	
6/15/2019 14:33:34.964961149	77.440380	28.775215	1003.084399	44.561729	26.294685	630.975814	78.670855	26.802051	1003.372127	16.256223	12.193417	
6/15/2019 14:33:35.964961149	77.499518	28.746236	1003.091654	43.408615	26.087244	628.315891	78.502717	26.733991	1002.287763	12.309714	12.223446	
6/15/2019 14:33:36.964961149	77.519231	28.775739	1002.686831	44.348874	26.277950	630.410711	78.797806	26.776006	1003.144247	18.001144	12.209739	
6/15/2019 14:33:37.964961149	77.670363	28.862592	1003.878512	43.381187	26.124389	627.353899	78.615028	26.705141	1001.955167	14.821503	12.220528	
6/15/2019 14:33:38.964961149	77.775498	28.765794	1001.176432	44.200370	26.304318	631.506090	78.903992	26.847601	1003.229250	15.515024	12.202669	
6/15/2019 14:33:39.964961149	77.604654	28.762201	1001.155458	42.923036	26.043038	627.775100	78.739219	26.697362	1002.891767	14.773825	12.218820	
6/15/2019 14:33:40.964961149	77.624366	28.832907	1004.237602	44.710370	26.391589	630.629521	79.102567	26.848945	1002.715452	19.463883	12.208819	
6/15/2019 14:33:41.964961149	77.558657	28.809948	1002.960288	43.013831	26.070550	626.146815	78.725473	26.614454	1002.125802	19.541434	12.208267	
