
Time stamp	Inside_humidity (in %rH)	Inside_temperature (in °C)	Inside_pressure (in mbar)	Soil_moisture (in %VWC)	Soil_temperature (in °C)	Inside_CO2_ratio (in ppm)	Outside_humidity (in %rH)	Outside_temperature (in °C)	Outside_pressure (in mbar)	Outside_PAR (in µmol m^-2 s^-1)	Power_box_charge (in V)	
6/15/2019 11:01:13.924031449	84.491002	27.340109	1005.113403	35.378369	26.397915	532.933296	76.302950	28.438080	1003.879302	73.168666	12.188344	
6/15/2019 11:01:14.924031449	84.740698	27.464614	1004.248798	36.218669	26.462082	535.837650	76.311334	28.568814	1004.411706	73.107883	12.135264	
6/15/2019 11:01:15.924031449	84.674989	27.330538	1004.967134	35.423806	26.367016	535.034685	76.233139	28.478444	1004.131153	68.613010	12.163611	
6/15/2019 11:01:16.924031449	84.628992	27.493369	1006.151008	37.333397	26.559721	536.106404	76.254403	28.537995	1003.843499	74.947120	12.167606	
6/15/2019 11:01:17.924031449	84.865546	27.308926	1003.290674	35.309554	26.316645	534.995257	76.126296	28.391281	1004.468637	73.899381	12.160431	
6/15/2019 11:01:18.924031449	84.819549	27.362993	1004.558999	35.521479	26.451510	539.667863	76.314935	28.610533	1004.521781	73.440363	12.170313	
6/15/2019 11:01:19.924031449	84.937826	27.316070	1004.890568	35.123169	26.326564	536.450066	76.294618	28.445964	1003.972343	75.554956	12.162941	
6/15/2019 11:01:20.924031449	84.977252	27.487423	1005.475647	36.303300	26.484696	539.850530	76.470587	28.574211	1004.134147	66.437362	12.153925	
6/15/2019 11:01:21.924031449	84.983823	27.303879	1004.253528	35.080586	26.344116	537.993581	76.321821	28.451150	1003.969507	78.862446	12.195966	
6/15/2019 11:01:22.924031449	84.826120	27.477553	1006.699342	37.725423	26.534781	542.679986	76.521000	28.603156	1004.106389	73.274778	12.147959	
6/15/2019 11:01:23.924031449	85.082387	27.307579	1004.941350	35.180793	26.350607	540.163311	76.207460	28.491196	1004.087784	77.491402	12.162783	
6/15/2019 11:01:24.924031449	84.681559	27.387856	1003.276165	35.255624	26.333340	541.757422	76.137282	28.449594	1004.133833	79.232390	12.174151	
6/15/2019 11:01:25.924031449	85.266373	27.381835	1006.008840	35.433166	26.458001	542.166793	76.191401	28.502722	1003.989691	76.468293	12.172350	
6/15/2019 11:01:26.924031449	84.990394	27.298607	1004.176885	35.117706	26.352892	544.260298	76.133918	28.458103	1004.065706	78.883144	12.188594	
6/15/2019 11:01:27.924031449	85.069245	27.330014	1004.477782	35.281124	26.363954	544.730779	76.349998	28.481344	1004.014770	75.890057	12.194219	
6/15/2019 11:01:28.924031449	85.272944	27.299505	1002.873629	35.017315	26.332483	544.776775	76.431556	28.424173	1003.457130	75.505968	12.162783	
6/15/2019 11:01:29.924031449	85.082387	27.413616	1004.271980	35.571533	26.412937	544.893080	76.379199	28.493176	1003.670185	71.873861	12.189172	
6/15/2019 11:01:30.924031449	85.246661	27.319845	1003.025023	35.291312	26.354035	547.137718	76.297140	28.460177	1004.000258	78.555907	12.172732	
6/15/2019 11:01:31.924031449	85.194093	27.341007	1004.606546	35.327983	26.363668	547.580602	76.239106	28.493176	1004.216471	75.195497	12.188896	
6/15/2019 11:01:32.924031449	85.259802	27.376863	1003.340666	35.525414	26.383466	548.857995	76.287600	28.501166	1004.159697	71.510470	12.187937	
6/15/2019 11:01:33.924031449	85.391221	27.397950	1004.401296	35.379060	26.370730	547.506346	76.379541	28.470866	1003.705195	76.875702	12.194928	
6/15/2019 11:01:34.924031449	85.180951	27.402698	1006.407355	35.658054	26.426815	549.434266	76.427798	28.544123	1003.945693	71.017648	12.187096	
6/15/2019 11:01:35.924031449	85.338654	27.334762	1004.803517	35.087219	26.362811	547.970912	76.282395	28.451668	1003.788147	79.088814	12.195296	
6/15/2019 11:01:36.924031449	85.338654	27.418514	1004.978173	35.785044	26.426815	548.913190	76.283342	28.542049	1003.842870	72.251669	12.194626	
6/15/2019 11:01:37.924031449	85.088958	27.267350	1004.970209	35.824403	26.483798	550.540161	76.407585	28.676625	1004.831513	80.739418	12.151560	
6/15/2019 11:01:38.924031449	85.535782	27.443751	1004.752895	35.907369	26.409304	549.908684	76.153236	28.559574	1003.701723	74.510110	12.180761	
6/15/2019 11:01:39.924031449	85.338654	27.392229	1005.525480	35.254144	26.354280	548.884930	76.172188	28.467543	1003.912419	77.346515	12.154070	
6/15/2019 11:01:40.924031449	85.266373	27.351401	1004.661978	34.933833	26.339014	550.169554	76.385560	28.487672	1004.024230	79.150909	12.196137	
6/15/2019 11:01:41.924031449	85.575208	27.380787	1005.999535	35.066551	26.424529	550.849647	76.374231	28.516935	1004.149759	74.171077	12.145870	
6/15/2019 11:01:42.924031449	85.272944	27.383257	1005.243586	35.127163	26.364526	550.999464	76.169585	28.493482	1003.685010	81.656416	12.182220	
6/15/2019 11:01:43.924031449	85.312370	27.325416	1003.121380	35.131702	26.344116	551.333927	76.095097	28.501991	1003.973765	81.717199	12.189737	
6/15/2019 11:01:44.924031449	85.522640	27.366394	1004.858635	35.191866	26.384609	551.741983	76.346739	28.509876	1003.756131	80.576455	12.191262	
6/15/2019 11:01:45.924031449	85.358367	27.392454	1004.173021	35.184348	26.402446	553.790808	76.418624	28.535096	1004.024544	75.595313	12.175426	
6/15/2019 11:01:46.924031449	85.509498	27.381760	1004.806120	35.352714	26.416610	554.860558	76.337066	28.543605	1004.100873	74.096148	12.192444	
6/15/2019 11:01:47.924031449	85.647488	27.371516	1004.824334	35.438367	26.367587	554.715340	76.280082	28.513929	1004.102924	77.031073	12.194429	
6/15/2019 11:01:48.924031449	85.384650	27.325191	1003.397597	35.275436	26.355709	554.108841	76.199628	28.495769	1004.212212	80.432879	12.183534	
6/15/2019 11:01:49.924031449	85.640917	27.424010	1004.218913	35.499096	26.369587	553.750064	76.389633	28.488921	1003.729166	79.223487	12.196045	
6/15/2019 11:01:50.924031449	85.391221	27.371591	1004.864706	35.369778	26.387711	555.213419	76.243968	28.521295	1004.146608	78.735907	12.188712	
6/15/2019 11:01:51.924031449	85.601491	27.411520	1005.457038	35.717605	26.427999	555.081337	76.221548	28.551076	1003.794928	74.522944	12.159261	
6/15/2019 11:01:52.924031449	85.772336	27.397726	1004.476678	35.534131	26.420856	555.349438	76.370762	28.536757	1004.160012	45.556479	12.188121	
6/15/2019 11:01:53.924031449	85.384650	27.372788	1005.392695	35.530069	26.373302	554.912469	76.341481	28.496806	1004.205746	55.296327	12.190210	
6/15/2019 11:01:54.924031449	85.562066	27.387481	1004.548906	35.380453	26.393385	554.472869	76.130159	28.493176	1003.694313	55.791770	12.192944	
6/15/2019 11:01:55.924031449	85.588349	27.340633	1004.634776	35.077187	26.339830	554.202800	76.088026	28.476677	1003.763075	48.097870	12.186636	
6/15/2019 11:01:56.924031449	85.594920	27.402998	1004.732236	35.790732	26.416610	556.255572	76.440730	28.534577	1004.026752	39.888369	12.184993	
6/15/2019 11:01:57.924031449	85.680343	27.387631	1004.660323	35.424351	26.375506	554.929552	76.252248	28.476877	1003.861319	41.232163	12.178921	
6/15/2019 11:01:58.924031449	85.476643	27.435453	1003.354465	35.488090	26.435591	556.155034	76.258162	28.517041	1004.138091	36.746464	12.155516	
6/15/2019 11:01:59.924031449	85.562066	27.336035	1004.499860	35.383394	26.353178	556.136636	76.081955	28.488297	1004.100716	56.201800	12.184099	
6/15/2019 11:02:00.924031449	85.706626	27.319246	1004.516971	35.376518	26.337585	555.692437	76.045789	28.463289	1003.827573	57.796592	12.188016	
6/15/2019 11:02:01.924031449	85.489785	27.355700	1004.376301	35.241063	26.345749	556.732621	76.118963	28.512786	1004.429054	55.282182	12.169643	
6/15/2019 11:02:02.924031449	85.627775	27.336109	1004.529903	35.268267	26.372730	556.885722	76.301346	28.491927	1003.936704	51.347197	12.198398	
6/15/2019 11:02:03.924031449	85.805191	27.319021	1005.094637	35.070818	26.339259	556.703708	76.287757	28.496912	1004.464064	48.341275	12.169998	
6/15/2019 11:02:04.924031449	85.509498	27.437848	1005.547558	35.474793	26.437387	557.043423	76.127794	28.539763	1003.961304	31.620164	12.166529	
6/15/2019 11:02:05.924031449	85.713197	27.378210	1005.367462	35.101498	26.431101	556.771386	76.380198	28.492964	1003.894914	48.987887	12.171352	
6/15/2019 11:02:06.924031449	85.746052	27.330538	1005.483689	35.105024	26.348361	558.262338	76.333806	28.462252	1003.833725	83.488060	12.189553	
6/15/2019 11:02:07.924031449	85.667201	27.345231	1003.994659	35.254573	26.342647	558.948346	76.249488	28.510194	1004.267407	84.169786	12.194771	
6/15/2019 11:02:08.924031449	85.594920	27.398025	1004.810141	35.715101	26.390527	560.277650	76.282790	28.545160	1004.188398	77.649394	12.197425	
6/15/2019 11:02:09.924031449	85.693485	27.335211	1003.328681	35.125001	26.358811	559.478622	76.227515	28.518597	1004.300052	83.578716	12.184651	
6/15/2019 11:02:10.924031449	85.555495	27.445996	1005.069405	35.697413	26.425386	560.579253	76.219288	28.596309	1003.958625	75.590071	12.171654	
6/15/2019 11:02:11.924031449	85.502927	27.389053	1004.078321	34.856030	26.384078	558.545543	76.155339	28.507801	1003.613097	86.954581	12.172258	
6/15/2019 11:02:12.924031449	85.759194	27.346354	1005.022724	36.174148	26.359709	559.414880	76.195816	28.545467	1003.255901	84.943207	12.172810	
6/15/2019 11:02:13.924031449	85.509498	27.441698	1005.200691	35.788677	26.432734	560.517491	76.388215	28.547034	1003.654101	75.298987	12.175084	
6/15/2019 11:02:14.924031449	85.660630	27.361571	1005.249975	35.339038	26.352566	560.727102	76.321112	28.557299	1004.589121	79.698232	12.175307	
6/15/2019 11:02:15.924031449	85.884042	27.376713	1004.380716	35.419258	26.391956	560.939345	76.309126	28.558961	1004.306833	79.782335	12.191393	
6/15/2019 11:02:16.924031449	85.548924	27.377087	1004.850670	35.277326	26.359668	560.511575	76.311334	28.538207	1004.120429	83.084583	12.197714	
6/15/2019 11:02:17.924031449	85.686914	27.294009	1004.100004	35.769849	26.402773	558.742671	76.364506	28.513093	1003.866841	85.002680	12.167173	
6/15/2019 11:02:18.924031449	85.759194	27.446296	1003.915493	35.517505	26.406161	560.244791	76.341981	28.557606	1003.473213	81.555546	12.178172	
6/15/2019 11:02:19.924031449	85.542353	27.452541	1004.497890	34.615636	26.411549	559.955671	76.321663	28.531148	1003.591019	86.156530	12.179578	
6/15/2019 11:02:20.924031449	86.219160	27.631786	1004.798707	36.756727	26.505227	563.599259	76.361299	28.650155	1004.656777	83.860625	12.141388	
6/15/2019 11:02:21.924031449	85.818332	27.450744	1005.088171	35.711010	26.437020	561.946670	76.326079	28.599113	1004.035583	76.273107	12.195309	
6/15/2019 11:02:22.924031449	85.903755	27.609501	1007.020109	37.613286	26.601968	563.898894	76.671579	28.650050	1003.975023	82.529666	12.178580	
6/15/2019 11:02:23.924031449	85.897184	27.334538	1003.989139	34.944635	26.312890	562.090572	76.398911	28.500954	1004.306204	83.988745	12.155897	
6/15/2019 11:02:24.924031449	85.667201	27.478601	1005.032501	37.040621	26.586906	563.549980	76.621772	28.656484	1004.016656	84.088304	12.184244	
6/15/2019 11:02:25.924031449	85.805191	27.451418	1004.541494	35.538134	26.394527	562.630047	76.463622	28.593197	1003.729323	79.484699	12.201026	
6/15/2019 11:02:26.924031449	86.035174	27.401019	1006.118601	36.372464	26.549271	566.972136	76.869102	28.777577	1004.451446	81.604806	12.148445	
6/15/2019 11:02:27.924031449	85.673772	27.371965	1004.070593	35.187250	26.353995	563.176752	76.565945	28.561554	1004.243279	83.495923	12.190841	
6/15/2019 11:02:28.924031449	86.061457	27.518199	1005.553709	35.745595	26.392078	562.816660	76.707194	28.697992	1004.803283	91.382117	12.164452	
6/15/2019 11:02:29.924031449	85.562066	27.346429	1003.828125	35.130358	26.334197	562.359325	76.532590	28.536440	1003.965091	85.354548	12.203562	
6/15/2019 11:02:30.924031449	86.015461	27.510757	1005.336711	35.861580	26.385547	563.649202	76.384271	28.620692	1004.632648	91.637047	12.174019	
6/15/2019 11:02:31.924031449	85.594920	27.351401	1004.909494	35.350619	26.350035	563.534213	76.707431	28.573174	1004.394201	81.916587	12.180971	
6/15/2019 11:02:32.924031449	85.916897	27.568149	1005.110801	36.717047	26.466572	565.274857	76.655887	28.609897	1004.492765	84.334060	12.178435	
6/15/2019 11:02:33.924031449	85.969464	27.547286	1005.029032	36.162899	26.336728	562.484829	76.214583	28.436206	1003.949951	85.690959	12.190880	
6/15/2019 11:02:34.924031449	85.798620	27.526647	1004.011217	37.169900	26.533964	566.494424	76.753086	28.660114	1004.672860	85.222767	12.169735	
6/15/2019 11:02:35.924031449	86.015461	27.414589	1004.097561	35.605566	26.434448	565.498267	76.771090	28.591747	1004.541336	79.865128	12.167711	
6/15/2019 11:02:36.924031449	85.752623	27.342130	1003.588102	35.500186	26.453470	568.344805	76.859377	28.856951	1004.806906	76.363763	12.153781	
6/15/2019 11:02:37.924031449	85.936609	27.399747	1004.303441	35.396689	26.384649	565.530464	76.447773	28.564453	1003.825365	84.141224	12.204049	
6/15/2019 11:02:38.924031449	85.772336	27.470976	1004.629019	35.843337	26.511881	569.877153	76.528122	28.691144	1004.521309	87.789057	12.189501	
6/15/2019 11:02:39.924031449	86.022032	27.478152	1004.112069	35.937397	26.454898	568.479508	76.669162	28.657839	1003.937333	76.329959	12.185676	
6/15/2019 11:02:40.924031449	85.851187	27.491316	1006.336941	36.122028	26.476206	570.939673	76.826365	28.804141	1004.701090	78.898871	12.172810	
6/15/2019 11:02:41.924031449	85.818332	27.452466	1005.637528	35.777904	26.431672	568.116132	76.457603	28.598383	1003.777580	81.781915	12.201486	
6/15/2019 11:02:42.924031449	86.107454	27.544110	1004.291298	36.829593	26.489757	569.636650	76.819242	28.746865	1004.876455	82.684767	12.160444	
6/15/2019 11:02:43.924031449	85.713197	27.394325	1004.447740	35.938332	26.404201	569.044612	76.522208	28.589874	1004.413442	82.524424	12.201105	
6/15/2019 11:02:44.924031449	86.146880	27.542538	1005.585960	36.592998	26.454408	569.914602	76.407795	28.631169	1004.648103	90.427656	12.182562	
6/15/2019 11:02:45.924031449	85.818332	27.452017	1004.546304	35.649492	26.445265	569.892920	76.358382	28.629201	1004.396723	77.355689	12.201197	
6/15/2019 11:02:46.924031449	86.041744	27.626739	1006.581065	37.343779	26.592090	570.682087	76.716919	28.704108	1004.055610	79.219556	12.176674	
6/15/2019 11:02:47.924031449	85.989177	27.488920	1006.196900	36.011431	26.446408	569.239109	76.625530	28.674751	1004.228453	75.200739	12.197333	
6/15/2019 11:02:48.924031449	85.930038	27.499539	1005.030294	36.581359	26.542740	571.123002	76.572621	28.655860	1004.717016	84.440171	12.194744	
6/15/2019 11:02:49.924031449	85.680343	27.378210	1004.398379	35.338912	26.367628	568.053054	76.287810	28.552314	1004.125002	85.152809	12.206125	
6/15/2019 11:02:50.924031449	86.048315	27.457813	1004.494893	36.567811	26.564537	571.403586	76.366609	28.693631	1004.699511	83.173928	12.190000	
6/15/2019 11:02:51.924031449	85.884042	27.415862	1003.702278	35.530634	26.389752	567.426840	76.424696	28.556357	1004.024387	83.524214	12.205902	
6/15/2019 11:02:52.924031449	85.897184	27.512553	1004.390572	36.608348	26.627480	571.200542	76.535745	28.824577	1004.281126	77.319535	12.187227	
6/15/2019 11:02:53.924031449	85.962893	27.451418	1005.193910	36.099014	26.442122	568.988101	76.378542	28.652029	1004.453811	75.308161	12.198542	
6/15/2019 11:02:54.924031449	86.008890	27.469779	1003.847049	36.036706	26.487512	571.194627	76.725488	28.769481	1004.690365	77.401017	12.172469	
6/15/2019 11:02:55.924031449	85.719768	27.415488	1004.695647	35.441376	26.385466	567.618054	76.415023	28.605124	1003.800293	80.421084	12.189882	
6/15/2019 11:02:56.924031449	86.081170	27.470078	1005.580755	35.871369	26.444449	569.915918	76.522051	28.825307	1004.725061	83.123358	12.170143	
6/15/2019 11:02:57.924031449	85.686914	27.409767	1003.434420	35.736168	26.362811	569.622199	76.167929	28.552208	1004.335848	79.981453	12.190933	
6/15/2019 11:02:58.924031449	86.094312	27.554204	1004.169552	36.679791	26.566619	570.130129	76.418572	28.638429	1003.985118	71.174059	12.124829	
6/15/2019 11:02:59.924031449	85.726339	27.493743	1005.529895	36.090783	26.458572	568.262666	76.609524	28.700584	1003.932603	73.308311	12.194955	
6/15/2019 11:03:00.924031449	86.107454	27.589985	1004.891357	36.409807	26.422406	568.336259	76.514086	28.670803	1004.470687	87.257189	12.188397	
6/15/2019 11:03:01.924031449	85.693485	27.500063	1004.711734	35.750281	26.439591	567.923603	76.375992	28.646526	1003.928502	74.904413	12.200829	
6/15/2019 11:03:02.924031449	86.192876	27.620643	1005.487001	36.859592	26.543352	571.340497	76.652471	28.725275	1004.549853	74.271946	12.164557	
6/15/2019 11:03:03.924031449	85.654059	27.436051	1004.697383	35.395024	26.359668	570.522418	76.328944	28.505103	1003.822843	83.345794	12.195914	
6/15/2019 11:03:04.924031449	86.087741	27.620269	1005.025641	37.245892	26.525760	572.388565	76.433579	28.715835	1004.937801	76.495544	12.167173	
6/15/2019 11:03:05.924031449	85.693485	27.536892	1005.910985	36.106532	26.441020	569.537428	76.280187	28.632207	1004.007354	75.539500	12.192549	
6/15/2019 11:03:06.924031449	86.048315	27.568822	1004.134857	37.177468	26.544169	572.861678	76.504099	28.672877	1004.103553	81.647512	12.180906	
6/15/2019 11:03:07.924031449	85.686914	27.505035	1005.344753	35.855016	26.264765	570.678803	76.653313	28.814100	1004.723010	67.461781	12.149273	
6/15/2019 11:03:08.924031449	86.035174	27.532293	1005.577286	37.531879	26.598580	574.822448	76.810621	28.789292	1004.307462	70.044838	12.186491	
6/15/2019 11:03:09.924031449	85.732910	27.457588	1005.793180	35.425754	26.381792	570.652521	76.500787	28.648187	1004.118378	77.126700	12.193115	
6/15/2019 11:03:10.924031449	85.982606	27.539287	1006.246104	37.292371	26.685279	573.945227	76.634361	28.773005	1004.247694	76.333891	12.162441	
6/15/2019 11:03:11.924031449	85.844616	27.458861	1005.096293	35.863335	26.453796	572.666518	76.390237	28.689483	1004.262992	65.653456	12.176056	
6/15/2019 11:03:12.924031449	85.943180	27.428577	1004.843258	36.230416	26.548047	575.859349	76.419728	28.751002	1004.625075	74.027501	12.171891	
6/15/2019 11:03:13.924031449	85.930038	27.462411	1005.023118	35.816222	26.428529	573.108086	76.329838	28.663025	1004.392307	70.273828	12.199830	
6/15/2019 11:03:14.924031449	86.022032	27.496438	1004.898533	36.635075	26.579599	575.419749	76.758895	28.865872	1004.644316	71.404359	12.189685	
6/15/2019 11:03:15.924031449	85.726339	27.420535	1005.023670	35.620885	26.394813	572.583726	76.450427	28.650886	1004.427003	77.003822	12.205231	
6/15/2019 11:03:16.924031449	86.002319	27.437923	1005.293736	35.662981	26.428570	572.660603	76.339326	28.693113	1004.530769	73.723583	12.199396	
6/15/2019 11:03:17.924031449	85.884042	27.480066	1005.979664	36.347822	26.582130	578.735453	76.982307	29.042474	1005.168046	74.908345	12.129850	
6/15/2019 11:03:18.924031449	85.982606	27.446745	1003.773797	35.673024	26.415508	573.069974	76.238501	28.669872	1004.416593	72.057523	12.196571	
6/15/2019 11:03:19.924031449	85.962893	27.462753	1004.760700	35.937483	26.517596	576.710941	76.926927	28.934356	1005.390725	76.882254	12.171864	
6/15/2019 11:03:20.924031449	85.969464	27.515654	1005.116715	35.851617	26.475022	573.383407	76.574119	28.742398	1004.212684	67.746312	12.181852	
6/15/2019 11:03:21.924031449	85.989177	27.484514	1004.796814	35.809227	26.450449	575.850802	76.751982	28.907380	1005.378899	82.386090	12.152322	
6/15/2019 11:03:22.924031449	85.864329	27.363068	1002.731696	34.065071	26.341545	573.338727	76.551042	28.678900	1003.450821	79.774472	12.176937	
6/15/2019 11:03:23.924031449	86.002319	27.525043	1004.378586	36.162565	26.434325	576.055814	76.509566	28.900427	1005.278285	78.889697	12.178251	
6/15/2019 11:03:24.924031449	85.956322	27.415937	1006.133741	35.934202	26.411549	575.380321	76.345792	28.721857	1004.339792	71.382350	12.169709	
6/15/2019 11:03:25.924031449	86.258586	27.581013	1005.268504	36.537128	26.471960	576.101810	76.720021	28.887875	1005.350827	77.174649	12.181431	
6/15/2019 11:03:26.924031449	85.857758	27.393651	1003.568546	35.465483	26.373261	574.471556	76.559716	28.682011	1004.039999	79.220866	12.170484	
6/15/2019 11:03:27.924031449	85.943180	27.713335	1004.449473	36.727175	26.516208	574.985401	76.605475	28.834017	1004.517051	86.927331	12.161876	
6/15/2019 11:03:28.924031449	85.923468	27.435602	1004.332380	35.585325	26.413794	575.994704	76.428507	28.700172	1004.234919	76.618422	12.198161	
6/15/2019 11:03:29.924031449	86.337437	27.616869	1005.908540	36.657895	26.517881	576.658367	76.501891	28.869090	1004.801862	78.214524	12.179644	
6/15/2019 11:03:30.924031449	85.726339	27.435602	1004.492685	35.390768	26.350321	575.849487	76.274063	28.669459	1004.298002	83.061264	12.209962	
6/15/2019 11:03:31.924031449	86.041744	27.622141	1005.778672	36.645214	26.498615	577.356858	76.635808	28.796457	1004.915880	79.096678	12.175767	
6/15/2019 11:03:32.924031449	85.916897	27.441548	1005.478012	35.590234	26.384037	576.173435	76.546574	28.668422	1004.442458	83.021178	12.208793	
6/15/2019 11:03:33.924031449	86.245444	27.653697	1004.453179	36.685556	26.500901	578.029068	76.644848	28.833498	1004.576504	81.371885	12.170800	
6/15/2019 11:03:34.924031449	85.982606	27.442222	1004.595665	35.574756	26.374730	575.764063	76.430767	28.667173	1003.893020	84.450385	12.211631	
6/15/2019 11:03:35.924031449	86.120596	27.648650	1004.824806	36.319322	26.475961	576.915290	76.491009	28.756400	1004.427003	84.287421	12.182391	
6/15/2019 11:03:36.924031449	85.851187	27.479275	1005.002459	35.861561	26.426856	577.561218	76.404983	28.736588	1004.232554	76.758066	12.202761	
6/15/2019 11:03:37.924031449	85.890613	27.675758	1006.277013	36.524680	26.492696	576.835782	76.466329	28.756612	1004.589121	88.376196	12.179736	
6/15/2019 11:03:38.924031449	85.818332	27.452017	1004.447030	35.844253	26.409834	577.458712	76.687771	28.711274	1004.714494	81.031812	12.197570	
6/15/2019 11:03:39.924031449	86.028603	27.627712	1005.242087	36.324319	26.462368	576.432326	76.706195	28.746028	1004.295794	92.047077	12.186294	
6/15/2019 11:03:40.924031449	85.962893	27.522273	1004.048515	36.044859	26.455184	576.566376	76.691897	28.751945	1003.683431	82.999169	12.187832	
6/15/2019 11:03:41.924031449	86.199447	27.610998	1004.989607	36.224746	26.441061	577.481047	76.621324	28.747478	1004.377167	90.488439	12.168920	
6/15/2019 11:03:42.924031449	85.864329	27.468057	1003.839559	35.063035	26.376690	577.064455	76.549544	28.677238	1004.362185	87.128029	12.188581	
6/15/2019 11:03:43.924031449	86.068028	27.600379	1005.016652	36.522568	26.507677	578.056665	76.597800	28.783694	1004.609620	88.272705	12.188397	
6/15/2019 11:03:44.924031449	85.752623	27.517376	1003.735475	35.678536	26.512738	576.876525	76.502995	28.636768	1003.866684	80.373406	12.188449	
6/15/2019 11:03:45.924031449	85.851187	27.583815	1004.857451	36.125515	26.447306	576.629454	76.735633	28.714692	1004.635485	91.973459	12.185624	
6/15/2019 11:03:46.924031449	85.686914	27.436500	1004.345469	35.405621	26.371302	575.097769	76.453187	28.670909	1003.943642	89.343763	12.210488	
6/15/2019 11:03:47.924031449	85.989177	27.595032	1005.341441	36.463796	26.452408	576.962601	76.495425	28.789504	1004.968238	88.872950	12.185138	
6/15/2019 11:03:48.924031449	85.864329	27.488546	1005.152986	36.100689	26.422284	576.422474	76.659936	28.744685	1004.423059	83.479157	12.196453	
6/15/2019 11:03:49.924031449	86.008890	27.558428	1005.227579	36.401265	26.464042	577.925246	76.863635	28.760866	1004.906577	90.555776	12.183206	
6/15/2019 11:03:50.924031449	85.824903	27.441548	1003.488749	35.757041	26.380649	577.153162	76.763573	28.718015	1004.681220	86.882274	12.192352	
6/15/2019 11:03:51.924031449	86.061457	27.606624	1005.340337	36.650327	26.523555	578.675648	76.874280	28.865248	1004.766851	86.342813	12.187740	
6/15/2019 11:03:52.924031449	85.877471	27.526722	1005.248239	36.143204	26.470491	577.711035	76.676047	28.775291	1004.031010	81.459919	12.202196	
6/15/2019 11:03:53.924031449	86.081170	27.590210	1004.694229	35.943308	26.433142	577.347659	76.534246	28.761491	1004.547488	92.446893	12.190421	
6/15/2019 11:03:54.924031449	86.094312	27.483948	1004.454048	35.735925	26.421468	578.086894	76.548387	28.758792	1004.630912	85.894008	12.193982	
6/15/2019 11:03:55.924031449	86.081170	27.570320	1005.271815	36.336037	26.429101	578.878692	76.700675	28.808490	1005.153699	86.879652	12.169643	
6/15/2019 11:03:56.924031449	85.798620	27.616419	1004.681534	35.017393	26.321176	579.106049	76.920514	28.705146	1004.556005	81.849251	12.166765	
6/15/2019 11:03:57.924031449	85.778907	27.496662	1005.437640	36.247217	26.386404	580.698844	76.762626	28.848336	1004.821103	94.527954	12.152966	
6/15/2019 11:03:58.924031449	85.982606	27.626514	1004.797603	35.113322	26.315788	580.904519	76.728063	28.729635	1004.704876	67.888577	12.179118	
6/15/2019 11:03:59.924031449	86.068028	27.632909	1006.191381	35.950312	26.459470	579.380054	76.593937	28.814100	1004.666079	82.115705	12.173270	
6/15/2019 11:04:00.924031449	85.982606	27.537790	1005.681764	35.775128	26.439061	578.800499	76.486094	28.775704	1003.864791	74.270636	12.203444	
6/15/2019 11:04:01.924031449	86.140309	27.501560	1005.103783	35.670997	26.378159	580.756670	76.776058	28.813994	1004.931020	83.243615	12.192839	
6/15/2019 11:04:02.924031449	85.962893	27.521525	1004.559551	35.852065	26.428284	580.472150	76.814432	28.767819	1004.376853	68.810817	12.202984	
6/15/2019 11:04:03.924031449	85.765765	27.486568	1003.515085	35.828230	26.428325	581.530069	76.837009	28.863280	1005.175934	79.563560	12.173270	
6/15/2019 11:04:04.924031449	85.798620	27.500362	1003.816849	35.785725	26.448122	581.729829	76.701280	28.790023	1004.061762	70.659228	12.189080	
6/15/2019 11:04:05.924031449	86.074599	27.565721	1005.277020	35.476605	26.548985	581.972953	76.866448	28.851659	1004.946318	79.906524	12.168145	
6/15/2019 11:04:06.924031449	85.936609	27.404944	1005.359183	35.325772	26.390854	581.126613	76.575827	28.708987	1004.329068	80.264673	12.187490	
6/15/2019 11:04:07.924031449	86.087741	27.493187	1006.391032	36.513120	26.507065	584.624994	76.746515	28.932176	1004.709764	76.050670	12.167015	
6/15/2019 11:04:08.924031449	85.732910	27.495240	1003.813380	36.107516	26.430530	582.860689	76.741547	28.785768	1004.705191	70.721322	12.184375	
6/15/2019 11:04:09.924031449	85.798620	27.545008	1003.797216	36.127970	26.506207	584.487660	76.912182	28.845743	1004.388049	84.935615	12.177331	
6/15/2019 11:04:10.924031449	85.811762	27.505260	1004.749898	36.124260	26.444694	583.739226	76.801290	28.785874	1004.342315	79.351607	12.204482	
6/15/2019 11:04:11.924031449	85.923468	27.402067	1005.710860	36.996400	26.528903	584.839205	76.682671	28.942029	1005.464531	86.066146	12.137840	
6/15/2019 11:04:12.924031449	85.857758	27.425208	1004.306438	35.293202	26.382894	582.574853	76.457550	28.732440	1004.477782	89.304988	12.209700	
6/15/2019 11:04:13.924031449	86.002319	27.483948	1003.729009	35.909161	26.414365	582.819293	76.759000	28.777884	1004.534713	83.208771	12.202209	
6/15/2019 11:04:14.924031449	86.022032	27.586135	1006.744602	37.758071	26.770550	585.641518	77.038396	28.869703	1004.527297	90.308709	12.187359	
6/15/2019 11:04:15.924031449	85.824903	27.483349	1005.360839	35.826984	26.387425	582.322530	76.762521	28.743542	1004.578083	86.988385	12.209923	
6/15/2019 11:04:16.924031449	85.772336	27.611597	1004.461381	38.384560	26.704505	585.265659	77.014372	28.939637	1004.430783	83.875041	12.191735	
6/15/2019 11:04:17.924031449	85.654059	27.531919	1006.240032	36.070319	26.455184	583.132726	76.716577	28.790541	1004.291850	78.957033	12.198082	
6/15/2019 11:04:18.924031449	85.732910	27.617542	1005.533996	37.785489	26.599723	585.625751	76.786202	28.838885	1004.499860	86.169636	12.197189	
6/15/2019 11:04:19.924031449	85.989177	27.606400	1003.739181	35.079437	26.513555	582.998023	76.572568	28.840452	1003.687690	84.086994	12.175978	
6/15/2019 11:04:20.924031449	85.969464	27.647228	1005.295392	36.933675	26.520086	585.211117	76.775663	28.790848	1004.725375	88.631126	12.198976	
6/15/2019 11:04:21.924031449	85.989177	27.510757	1005.998116	35.867045	26.425999	583.968552	76.933104	28.781620	1004.633277	81.665589	12.201657	
6/15/2019 11:04:22.924031449	85.989177	27.780074	1005.893086	37.004836	26.547353	583.576263	76.914362	28.790329	1004.304782	88.565100	12.194626	
6/15/2019 11:04:23.924031449	85.660630	27.472730	1004.069647	35.293611	26.370444	583.019706	76.673340	28.741361	1003.825837	88.134372	12.200513	
6/15/2019 11:04:24.924031449	86.107454	27.739096	1004.477702	35.687691	26.550740	585.542296	76.688690	28.857776	1004.540865	85.098578	12.164610	
6/15/2019 11:04:25.924031449	85.759194	27.510532	1006.069949	35.787693	26.405875	584.061858	76.887159	28.782657	1004.401296	81.008493	12.205507	
6/15/2019 11:04:26.924031449	86.061457	27.605950	1004.557895	36.505493	26.473389	584.627615	77.024545	28.851447	1005.027220	85.221456	12.186688	
6/15/2019 11:04:27.924031449	85.923468	27.548633	1004.484248	35.926215	26.437877	582.414521	76.951213	28.814406	1003.630759	82.859525	12.181681	
6/15/2019 11:04:28.924031449	85.726339	27.559252	1004.718357	35.891131	26.392323	583.727396	76.968875	28.828725	1005.107964	91.766478	12.194784	
6/15/2019 11:04:29.924031449	85.654059	27.559252	1004.802334	36.164320	26.451510	583.039420	76.879195	28.814300	1004.024387	78.421505	12.193009	
6/15/2019 11:04:30.924031449	85.903755	27.616312	1005.613714	36.460348	26.494003	583.618322	76.961910	29.005634	1004.682641	83.680895	12.159248	
6/15/2019 11:04:31.924031449	85.831474	27.510831	1005.820858	36.117383	26.435060	583.433677	76.702831	28.820735	1004.392622	79.473175	12.201920	
6/15/2019 11:04:32.924031449	86.008890	27.723954	1005.418322	35.795007	26.446979	584.670990	77.117537	28.914640	1004.514843	90.110903	12.150890	
6/15/2019 11:04:33.924031449	85.943180	27.537490	1004.950890	36.076660	26.440163	583.259546	76.975893	28.832355	1004.215049	78.482288	12.207702	
6/15/2019 11:04:34.924031449	85.752623	27.475275	1004.066887	36.092945	26.522331	586.098200	76.966220	28.860369	1004.929284	90.232470	12.195585	
6/15/2019 11:04:35.924031449	85.588349	27.564524	1004.249822	36.069131	26.466817	582.658961	76.784442	28.838684	1004.210634	79.325667	12.197609	
6/15/2019 11:04:36.924031449	85.686914	27.532368	1005.045196	36.690253	26.580702	585.960866	76.762574	28.869809	1004.775997	87.029781	12.202656	
6/15/2019 11:04:37.924031449	85.713197	27.447194	1004.683979	35.385157	26.344647	582.906685	76.515585	28.744473	1004.528247	87.719100	12.193351	
6/15/2019 11:04:38.924031449	85.792049	27.627038	1004.686739	35.851042	26.509595	585.450957	76.829729	28.711262	1003.902638	90.284080	12.187924	
6/15/2019 11:04:39.924031449	85.949751	27.532668	1003.513823	36.022720	26.441306	583.250347	76.808308	28.925223	1004.649839	77.522584	12.147289	
6/15/2019 11:04:40.924031449	85.726339	27.642330	1005.038968	36.509487	26.477593	585.434527	76.746225	28.810977	1004.547802	88.828932	12.202051	
6/15/2019 11:04:41.924031449	85.509498	27.490193	1005.906490	35.487583	26.383506	585.432559	76.643245	28.797801	1004.556634	80.307380	12.180801	
6/15/2019 11:04:42.924031449	85.824903	27.643228	1005.978403	36.713482	26.501186	586.087023	76.677756	28.854453	1004.528247	81.128750	12.175123	
6/15/2019 11:04:43.924031449	85.614633	27.436725	1003.782076	35.451867	26.354280	585.169721	76.444408	28.739287	1004.366129	88.769459	12.213958	
6/15/2019 11:04:44.924031449	85.916897	27.665214	1005.594791	36.628305	26.494084	586.829541	76.587813	28.911835	1004.727111	77.230190	12.184717	
6/15/2019 11:04:45.924031449	85.680343	27.462935	1003.106320	35.176808	26.349464	585.608658	76.648897	28.720089	1003.696678	88.355498	12.200211	
6/15/2019 11:04:46.924031449	85.982606	27.623638	1004.782621	35.971925	26.467675	586.658041	76.735528	28.933732	1004.444665	90.496303	12.185256	
6/15/2019 11:04:47.924031449	85.949751	27.543361	1005.326538	35.989204	26.457184	587.108809	76.567101	28.829138	1004.359505	77.065916	12.208057	
6/15/2019 11:04:48.924031449	85.759194	27.655943	1004.783567	35.304879	26.426039	589.988859	76.586210	28.981250	1004.755655	85.502055	12.154596	
6/15/2019 11:04:49.924031449	85.522640	27.532518	1005.127754	35.836393	26.430530	585.466071	76.357330	28.831318	1003.906267	80.885615	12.211815	
6/15/2019 11:04:50.924031449	85.673772	27.550130	1004.172627	36.844037	26.609928	589.774648	76.831885	28.965788	1004.745088	78.694511	12.190880	
6/15/2019 11:04:51.924031449	85.621204	27.489744	1003.842633	35.785112	26.400487	587.118008	76.513982	28.804342	1004.206375	79.222177	12.194494	
6/15/2019 11:04:52.924031449	85.719768	27.628984	1005.803905	37.512350	26.616989	587.469553	76.569861	28.875926	1004.184769	79.097988	12.200658	
6/15/2019 11:04:53.924031449	85.746052	27.553755	1004.641714	36.218874	26.443306	586.450398	76.381459	28.849786	1004.037005	74.725994	12.203825	
6/15/2019 11:04:54.924031449	85.969464	27.659643	1006.158736	37.247440	26.571966	588.632610	76.411606	28.887758	1004.447345	76.739989	12.197451	
6/15/2019 11:04:55.924031449	85.903755	27.457888	1004.789876	35.651781	26.381221	587.623970	76.284998	28.785250	1004.477939	83.529456	12.214536	
6/15/2019 11:04:56.924031449	85.949751	27.622590	1003.970531	36.342377	26.576538	588.170013	76.308626	28.743530	1005.186973	89.087523	12.148813	
6/15/2019 11:04:57.924031449	85.594920	27.542837	1005.005061	35.675069	26.411263	587.732391	76.414708	28.806416	1003.886397	82.874981	12.212459	
6/15/2019 11:04:58.924031449	85.811762	27.608196	1005.077604	36.172199	26.460368	589.665564	76.458102	28.896891	1004.943324	84.389601	12.188068	
6/15/2019 11:04:59.924031449	85.502927	27.468731	1003.070126	35.519268	26.366199	588.852737	76.221601	28.746547	1004.232711	86.548483	12.193285	
6/15/2019 11:05:00.924031449	85.647488	27.545232	1003.852805	35.920185	26.454939	591.454835	76.383010	28.977101	1005.038101	84.412921	12.185676	
6/15/2019 11:05:01.924031449	85.548924	27.543960	1005.053161	35.629680	26.418651	590.499421	76.176656	28.822915	1004.409655	77.150019	12.183823	
6/15/2019 11:05:02.924031449	85.575208	27.470976	1003.371023	36.019437	26.473063	591.289903	76.504389	28.895336	1004.825990	84.265413	12.194836	
6/15/2019 11:05:03.924031449	85.660630	27.543286	1004.871644	35.750817	26.441591	591.732787	76.443699	28.835985	1004.330804	76.326027	12.209647	
6/15/2019 11:05:04.924031449	85.667201	27.687125	1005.405152	36.500478	26.468246	593.838122	76.736684	28.930609	1004.252424	79.497804	12.167199	
6/15/2019 11:05:05.924031449	85.844616	27.563700	1005.875581	35.910681	26.448082	591.385841	76.398911	28.856845	1004.050723	75.102491	12.200513	
6/15/2019 11:05:06.924031449	85.673772	27.611447	1004.825753	36.563008	26.460613	593.067343	76.267702	28.857458	1004.462957	84.041666	12.171168	
6/15/2019 11:05:07.924031449	85.542353	27.579291	1005.768974	35.585938	26.446653	589.792383	76.267492	28.840452	1004.142978	79.166635	12.189225	
6/15/2019 11:05:08.924031449	85.772336	27.759585	1006.396788	36.860284	26.562088	591.137455	76.432318	28.906956	1004.333169	79.350297	12.192050	
6/15/2019 11:05:09.924031449	85.522640	27.489893	1005.825825	35.245027	26.366771	589.833779	76.502181	28.774561	1004.386156	83.572163	12.209069	
6/15/2019 11:05:10.924031449	85.739481	27.510607	1004.578949	35.823098	26.340116	589.928402	76.532933	28.778296	1003.911154	84.190484	12.190946	
6/15/2019 11:05:11.924031449	85.962893	27.563069	1003.418019	36.023595	26.435673	592.469390	76.734477	29.118736	1005.127677	85.694891	12.162652	
6/15/2019 11:05:12.924031449	85.798620	27.559401	1005.638080	35.799147	26.442163	590.947557	76.453739	28.877905	1004.258890	74.722062	12.188475	
6/15/2019 11:05:13.924031449	85.759194	27.497935	1005.021857	35.930384	26.614418	595.126030	76.574067	29.005634	1005.454279	79.133102	12.164925	
6/15/2019 11:05:14.924031449	85.792049	27.510831	1004.337505	35.686368	26.373016	590.684719	76.309178	28.848230	1004.283176	76.364802	12.179171	
6/15/2019 11:05:15.924031449	85.798620	27.544035	1004.435911	36.941575	26.548414	593.702756	76.816535	28.921994	1004.417379	80.859675	12.167094	
6/15/2019 11:05:16.924031449	85.765765	27.490941	1003.024157	35.065811	26.467389	591.467318	76.667716	28.834948	1004.853591	74.288713	12.180682	
6/15/2019 11:05:17.924031449	85.581779	27.753639	1005.201086	36.841311	26.528903	593.943249	76.688243	28.847912	1004.219936	83.537319	12.196742	
6/15/2019 11:05:18.924031449	85.594920	27.568673	1005.734122	35.733763	26.461103	592.365568	76.579639	28.878011	1003.972186	74.713159	12.205481	
6/15/2019 11:05:19.924031449	85.943180	27.749715	1005.778515	36.629775	26.523310	595.625414	76.566654	28.972529	1004.908785	73.309621	12.170419	
6/15/2019 11:05:20.924031449	85.759194	27.505709	1004.747690	35.554380	26.381792	594.097013	76.632101	28.830694	1004.720802	79.632207	12.214536	
6/15/2019 11:05:21.924031449	85.969464	27.535512	1005.762823	35.662347	26.430325	596.711594	76.939884	29.042156	1005.145339	79.484699	12.158683	
6/15/2019 11:05:22.924031449	85.798620	27.570020	1005.598497	36.032586	26.447551	594.914440	76.689741	28.892743	1004.122951	70.824812	12.210488	
6/15/2019 11:05:23.924031449	85.634346	27.609094	1005.729074	36.495481	26.573068	597.265531	76.862032	29.037383	1004.477782	81.033123	12.188896	
6/15/2019 11:05:24.924031449	85.470073	27.559551	1005.388988	35.788832	26.403344	595.162164	76.611389	28.868772	1004.552061	72.216555	12.205980	
6/15/2019 11:05:25.924031449	85.483214	27.606549	1004.472735	37.070328	26.568497	596.575576	76.878985	28.923656	1004.561678	82.653855	12.186360	
6/15/2019 11:05:26.924031449	85.614633	27.579067	1003.834434	36.137487	26.471308	594.158123	76.853410	28.906649	1004.215364	75.183972	12.188765	
6/15/2019 11:05:27.924031449	85.851187	27.791890	1005.810528	37.290822	26.587559	595.948046	76.892441	28.942335	1004.125159	75.324927	12.193759	
6/15/2019 11:05:28.924031449	85.772336	27.544484	1003.734766	35.947420	26.478696	594.478787	76.811725	28.919825	1003.827730	68.657027	12.191064	
6/15/2019 11:05:29.924031449	85.995748	27.702492	1005.104335	36.625120	26.511636	595.426317	76.846787	29.002935	1004.696360	79.877962	12.187661	
6/15/2019 11:05:30.924031449	85.614633	27.553381	1005.551187	35.844176	26.437306	594.384165	76.896438	28.903951	1003.882296	73.605947	12.190368	
6/15/2019 11:05:31.924031449	85.483214	27.608795	1004.984797	35.716015	26.426039	596.039385	76.730166	28.967449	1005.226556	87.038684	12.185492	
6/15/2019 11:05:32.924031449	85.410934	27.689927	1004.491266	34.832829	26.288276	593.221760	76.908133	29.033753	1004.116799	76.824092	12.165517	
6/15/2019 11:05:33.924031449	85.509498	27.512628	1004.056952	36.223218	26.514412	597.496824	76.789909	28.948145	1004.408863	89.687767	12.169906	
6/15/2019 11:05:34.924031449	85.601491	27.612196	1006.270784	35.912102	26.421468	595.323811	76.737788	28.892637	1003.392312	70.668402	12.181747	
6/15/2019 11:05:35.924031449	85.772336	27.649398	1005.711964	37.594731	26.583845	597.622328	77.046071	28.959554	1004.640215	75.794430	12.203102	
6/15/2019 11:05:36.924031449	85.700056	27.611148	1005.433067	35.782502	26.437306	594.237631	76.736237	28.862031	1003.827730	81.648823	12.204088	
6/15/2019 11:05:37.924031449	85.897184	27.680207	1004.837896	36.268022	26.439918	595.380974	76.642746	28.868253	1004.394830	91.251647	12.197307	
6/15/2019 11:05:38.924031449	85.719768	27.606250	1005.221351	35.959420	26.467634	595.328411	76.672631	28.938399	1004.096615	78.018027	12.211224	
6/15/2019 11:05:39.924031449	85.614633	27.588156	1004.882131	35.757303	26.445061	597.003345	77.017974	28.973154	1005.112380	85.580916	12.194389	
6/15/2019 11:05:40.924031449	85.456931	27.627412	1003.830176	35.837669	26.457429	594.744909	76.845184	28.891706	1003.873465	79.678845	12.204259	
6/15/2019 11:05:41.924031449	85.548924	27.528743	1004.781754	36.087832	26.499105	599.192788	76.914704	28.975334	1004.434570	89.161412	12.204049	
6/15/2019 11:05:42.924031449	85.588349	27.481071	1004.896167	35.058846	26.322890	596.091296	76.548545	28.912142	1004.031482	87.363301	12.174677	
6/15/2019 11:05:43.924031449	85.726339	27.596080	1004.920296	36.994083	26.517800	599.411599	77.026805	28.939012	1004.478254	88.957053	12.209687	
6/15/2019 11:05:44.924031449	85.785478	27.617168	1004.682638	36.006727	26.455184	597.069055	76.914757	28.933001	1004.090149	78.360721	12.208294	
6/15/2019 11:05:45.924031449	85.870900	27.743694	1005.563250	36.545193	26.505064	598.716392	76.756107	28.984149	1004.485984	80.835316	12.169906	
6/15/2019 11:05:46.924031449	85.364937	27.526348	1004.090149	35.417572	26.359668	596.419843	76.757449	28.878424	1003.976445	87.888616	12.217361	
6/15/2019 11:05:47.924031449	85.562066	27.730124	1003.784678	35.788861	26.490370	597.663724	77.122110	29.079303	1004.786093	82.555607	12.169209	
6/15/2019 11:05:48.924031449	85.483214	27.460208	1005.509473	36.649744	26.495146	596.998746	76.655940	28.834736	1004.967767	86.279408	12.172114	
6/15/2019 11:05:49.924031449	85.765765	27.577313	1004.723010	36.143038	26.511024	599.004859	77.001126	29.028250	1004.818738	85.531927	12.188699	
6/15/2019 11:05:50.924031449	85.529211	27.537640	1004.572797	35.525375	26.400732	596.724077	77.019630	28.892118	1004.081318	85.882484	12.197136	
6/15/2019 11:05:51.924031449	85.463502	27.606924	1003.826232	36.918822	26.514698	598.460122	77.191840	28.949595	1004.583441	91.249026	12.190513	
6/15/2019 11:05:52.924031449	85.634346	27.559177	1005.807768	35.709646	26.411549	597.790544	76.983778	28.928641	1004.626654	86.139764	12.211329	
6/15/2019 11:05:53.924031449	85.969464	27.723954	1004.565465	36.730254	26.509636	598.030384	76.980124	28.961840	1004.544651	90.796289	12.184415	
6/15/2019 11:05:54.924031449	85.410934	27.570020	1003.713002	35.720740	26.430530	597.258300	77.224328	28.926567	1004.483777	84.482878	12.192983	
6/15/2019 11:05:55.924031449	85.562066	27.650072	1005.777726	36.026596	26.438775	597.249753	77.233921	29.009888	1004.594009	98.664677	12.193929	
6/15/2019 11:05:56.924031449	85.496356	27.522348	1005.580440	35.630206	26.367342	596.821984	76.901720	28.995357	1004.317872	83.409199	12.159826	
6/15/2019 11:05:57.924031449	85.785478	27.577238	1005.520355	36.824392	26.580742	599.741462	77.092619	29.090711	1005.003248	80.355329	12.190302	
6/15/2019 11:05:58.924031449	85.496356	27.591033	1005.115768	36.069335	26.429958	598.406242	77.129732	28.931340	1004.374960	78.979042	12.207058	
6/15/2019 11:05:59.924031449	85.555495	27.806807	1004.852878	37.432638	26.600825	598.383897	77.098296	28.981345	1004.119322	89.737027	12.174322	
6/15/2019 11:06:00.924031449	85.621204	27.607522	1005.025326	36.032382	26.443306	598.360247	76.895096	28.981038	1004.265199	81.031812	12.213038	
6/15/2019 11:06:01.924031449	85.726339	27.655045	1003.831437	36.083107	26.430611	599.462847	76.801552	28.975746	1004.659613	89.582966	12.183311	
6/15/2019 11:06:02.924031449	85.404363	27.617542	1006.117734	35.997318	26.443591	599.099481	77.088151	28.981250	1003.961304	78.244396	12.189553	
6/15/2019 11:06:03.924031449	85.614633	27.630481	1005.270397	36.037816	26.487227	601.497220	77.263359	29.137098	1005.068539	80.689119	12.176740	
6/15/2019 11:06:04.924031449	85.437218	27.505934	1004.181538	35.279731	26.377261	598.113176	76.811277	28.903114	1004.000573	83.265623	12.202879	
6/15/2019 11:06:05.924031449	85.601491	27.628610	1005.495360	36.741612	26.508452	601.664120	76.972739	28.992446	1004.316607	86.139764	12.194757	
6/15/2019 11:06:06.924031449	85.588349	27.501710	1004.350989	35.187074	26.378118	599.284779	76.991795	28.921275	1004.689422	84.151709	12.186333	
6/15/2019 11:06:07.924031449	85.325512	27.521749	1004.446636	35.409225	26.388854	598.583657	76.937177	28.873651	1004.182247	90.497613	12.215390	
6/15/2019 11:06:08.924031449	85.318941	27.521675	1004.200698	35.553728	26.359954	599.081736	76.787753	28.883609	1004.302574	93.348435	12.218163	
6/15/2019 11:06:09.924031449	85.535782	27.548708	1004.710078	35.771281	26.425141	600.020067	76.727511	28.945034	1004.413914	89.281669	12.209082	
6/15/2019 11:06:10.924031449	85.588349	27.526872	1004.544648	35.466311	26.366199	599.301862	76.875121	28.884128	1004.458227	97.187522	12.220437	
6/15/2019 11:06:11.924031449	85.483214	27.548334	1004.794292	35.440490	26.390282	598.372730	76.843028	28.902701	1004.061762	95.692289	12.218754	
6/15/2019 11:06:12.924031449	85.305799	27.579965	1003.544813	35.572351	26.384323	598.583657	76.726407	28.903326	1004.052931	98.095616	12.211868	
6/15/2019 11:06:13.924031449	85.456931	27.544783	1005.985893	35.726837	26.335055	601.472906	76.776163	28.960909	1003.720020	86.433469	12.172324	
6/15/2019 11:06:14.924031449	85.594920	27.606549	1004.959012	35.900609	26.428529	599.527903	76.949505	28.984880	1004.015713	92.370654	12.218557	
6/15/2019 11:06:15.924031449	85.568637	27.675683	1004.035031	36.129091	26.467920	600.298019	76.764177	29.011962	1003.803602	94.689878	12.198529	
