
Time stamp	Inside_humidity (in %rH)	Inside_temperature (in °C)	Inside_pressure (in mbar)	Soil_moisture (in %VWC)	Soil_temperature (in °C)	Inside_CO2_ratio (in ppm)	Outside_humidity (in %rH)	Outside_temperature (in °C)	Outside_pressure (in mbar)	Outside_PAR (in µmol m^-2 s^-1)	Power_box_charge (in V)	
6/15/2019 15:14:58.683364349	77.512660	25.874793	1004.564913	43.196906	25.462474	512.248598	81.737068	25.885158	1001.490104	6.376460	12.164084	
6/15/2019 15:14:59.683364349	77.795211	25.902725	1004.174834	43.324932	25.480026	519.479276	81.814159	25.910272	1001.822700	15.357032	12.161482	
6/15/2019 15:15:00.683364349	77.630937	25.932410	1003.366293	43.578120	25.461617	517.296401	81.625572	25.815225	1001.013052	9.698095	12.182023	
6/15/2019 15:15:01.683364349	78.084332	25.988273	1004.051275	44.248700	25.565092	522.568276	81.926626	25.948244	1001.510131	15.628728	12.150561	
6/15/2019 15:15:02.683364349	77.598083	25.902425	1003.330651	42.896376	25.386306	521.901982	81.708339	25.821860	1002.034654	8.806767	12.152257	
6/15/2019 15:15:03.683364349	78.130329	25.966736	1004.688157	43.543844	25.520028	527.424865	82.021879	25.987772	1001.940977	5.186456	12.133503	
6/15/2019 15:15:04.683364349	77.926630	25.848359	1004.306438	42.954992	25.392796	525.161828	81.879735	25.777453	1001.597814	13.671584	12.187411	
6/15/2019 15:15:05.683364349	78.485160	25.977954	1003.928345	43.821766	25.496271	529.036721	82.141864	25.965156	1002.100573	7.976494	12.162008	
6/15/2019 15:15:06.683364349	78.288032	25.874718	1004.316373	42.921964	25.392510	527.142313	82.096419	25.764690	1001.573686	12.665242	12.185427	
6/15/2019 15:15:07.683364349	78.531157	25.993845	1004.682243	43.647483	25.486638	532.398421	82.343645	25.941291	1002.010683	11.379611	12.161692	
6/15/2019 15:15:08.683364349	78.465447	25.925160	1005.521064	42.993864	25.415410	530.431072	82.160868	25.779527	1001.293447	13.873323	12.134252	
6/15/2019 15:15:09.683364349	78.583724	25.925384	1005.705892	43.518306	25.477862	533.907109	82.308635	25.911616	1002.046008	11.380921	12.136250	
6/15/2019 15:15:10.683364349	78.590295	25.948825	1004.405791	43.564698	25.472678	532.588319	82.039988	25.845937	1001.505559	7.646635	12.167935	
6/15/2019 15:15:11.683364349	78.938555	26.009136	1005.373691	43.507671	25.490638	536.281850	82.127171	25.885571	1002.209862	8.730528	12.152493	
6/15/2019 15:15:12.683364349	78.518015	25.886086	1004.196440	42.906370	25.393082	534.665394	82.057151	25.753069	1001.481745	13.811229	12.181576	
6/15/2019 15:15:13.683364349	79.076545	26.071277	1004.404608	43.550560	25.455208	536.751668	82.209386	25.818230	1001.939241	16.111066	12.161351	
6/15/2019 15:15:14.683364349	78.899130	25.976083	1004.823782	43.549553	25.498190	537.415342	82.270523	25.830062	1001.227371	4.301681	12.184875	
6/15/2019 15:15:15.683364349	79.352525	26.082120	1005.530922	44.123272	25.510681	540.897283	82.385384	25.924179	1001.596713	4.932837	12.155805	
6/15/2019 15:15:16.683364349	79.109400	25.980756	1005.128701	43.550088	25.478638	539.648149	82.329452	25.816368	1001.264746	8.078674	12.180801	
6/15/2019 15:15:17.683364349	79.175109	26.076623	1006.681127	44.592376	25.437615	543.537493	82.163285	25.932782	1001.510603	7.152502	12.141230	
6/15/2019 15:15:18.683364349	79.240819	25.989653	1005.177509	43.491871	25.484352	541.139754	82.082121	25.806102	1001.061309	6.522657	12.163808	
6/15/2019 15:15:19.683364349	79.536511	26.025925	1004.725770	43.827522	25.455453	543.303568	82.260193	25.767388	1002.151195	19.051232	12.146540	
6/15/2019 15:15:20.683364349	79.615362	25.897528	1005.717326	43.269741	25.403572	544.222849	82.163942	25.834317	1001.118082	5.675346	12.139916	
6/15/2019 15:15:21.683364349	79.398521	25.861597	1003.610023	43.828625	25.635953	546.640302	82.293153	25.705964	1002.155454	14.764651	12.114960	
6/15/2019 15:15:22.683364349	79.648217	25.975409	1005.451281	43.371048	25.459657	543.115639	82.362464	25.743217	1001.479380	6.989539	12.161206	
6/15/2019 15:15:23.683364349	79.470802	25.950846	1004.100950	43.608586	25.595461	546.821653	82.643149	25.941810	1001.620206	9.196099	12.123463	
6/15/2019 15:15:24.683364349	79.786207	25.929608	1003.364557	43.116842	25.429370	545.317565	82.233857	25.743005	1001.899187	9.708309	12.169906	
6/15/2019 15:15:25.683364349	79.838774	26.103582	1006.647536	44.149576	25.523743	546.280210	82.473513	25.834941	1001.853452	11.114468	12.155305	
6/15/2019 15:15:26.683364349	79.713927	25.939029	1005.330954	42.979790	25.378346	544.841169	82.294204	25.689570	1001.595449	12.949773	12.183744	
6/15/2019 15:15:27.683364349	80.035903	26.072250	1005.815496	43.975841	25.489455	547.576002	82.495591	25.826951	1002.041592	12.426039	12.161338	
6/15/2019 15:15:28.683364349	79.805920	25.981130	1004.539286	42.872611	25.396756	545.944432	82.377814	25.683760	1000.993968	11.680908	12.179933	
6/15/2019 15:15:29.683364349	80.272457	26.027048	1006.132872	43.511120	25.446636	548.867194	82.519063	25.793127	1002.221373	12.858077	12.133556	
6/15/2019 15:15:30.683364349	79.516798	25.839761	1003.858168	43.075262	25.544397	550.599955	82.414927	25.562773	1001.071876	15.246989	12.153387	
6/15/2019 15:15:31.683364349	80.279028	26.052060	1004.878425	43.627224	25.482107	551.118400	82.296255	25.768119	1002.398159	9.576528	12.147525	
6/15/2019 15:15:32.683364349	80.219889	25.986177	1006.381886	43.321812	25.481169	550.749772	82.230493	25.723712	1001.470391	5.781458	12.175058	
6/15/2019 15:15:33.683364349	80.180464	26.031646	1004.937406	43.582166	25.468800	550.960699	82.364619	25.806303	1002.183526	14.557670	12.162152	
6/15/2019 15:15:34.683364349	80.344737	26.018632	1005.153933	43.375343	25.463331	550.425824	82.250206	25.718420	1001.454937	4.365085	12.176241	
6/15/2019 15:15:35.683364349	80.338166	26.032170	1003.958545	43.056173	25.428553	548.820536	82.143625	25.892323	1002.941288	19.444496	12.120637	
6/15/2019 15:15:36.683364349	80.259315	26.050713	1004.762593	42.973118	25.418022	549.572253	82.222476	25.632919	1001.155772	13.709049	12.170103	
6/15/2019 15:15:37.683364349	80.561578	26.026374	1004.311406	43.069193	25.429696	550.215550	82.407619	25.754625	1002.060676	15.936307	12.160089	
6/15/2019 15:15:38.683364349	80.206747	26.002143	1005.523747	43.280436	25.447453	551.003411	82.359861	25.713647	1001.146784	6.108695	12.164058	
6/15/2019 15:15:39.683364349	80.587862	26.093787	1005.420135	43.817432	25.507864	551.211707	82.557489	25.856732	1001.808032	6.703697	12.166450	
6/15/2019 15:15:40.683364349	80.548436	25.929983	1005.492520	43.039331	25.429084	549.078774	82.395528	25.658858	1001.754888	12.332762	12.157066	
6/15/2019 15:15:41.683364349	80.574720	26.099882	1006.504578	43.898712	25.549499	550.126842	82.677712	25.846773	1001.928202	12.097491	12.161075	
6/15/2019 15:15:42.683364349	80.666713	26.075950	1005.189889	43.533881	25.479495	548.926989	82.416635	25.669759	1001.302750	8.008716	12.169446	
6/15/2019 15:15:43.683364349	80.515582	26.100256	1005.960503	43.499644	25.484924	551.456147	82.612002	25.731596	1002.111927	16.418916	12.149576	
6/15/2019 15:15:44.683364349	80.673284	25.944825	1004.399877	43.062697	25.389367	549.603135	82.416030	25.577728	1001.538047	12.293987	12.184428	
6/15/2019 15:15:45.683364349	80.640430	26.029850	1005.876133	43.544108	25.445207	551.050722	82.331265	25.667060	1001.454937	4.442636	12.179973	
6/15/2019 15:15:46.683364349	81.100396	26.087317	1003.661986	43.841802	25.443493	550.508616	82.179187	25.704726	1001.376557	5.470987	12.155897	
6/15/2019 15:15:47.683364349	80.752136	25.998667	1003.478971	43.149588	25.421982	551.031009	82.261350	25.624622	1001.664998	8.564943	12.169814	
6/15/2019 15:15:48.683364349	80.633859	26.004089	1005.093848	43.273013	25.439574	551.372039	82.323800	25.644645	1001.849036	7.532660	12.182903	
6/15/2019 15:15:49.683364349	80.995261	26.055760	1005.193201	43.525738	25.465862	551.810323	82.486313	25.667166	1001.312531	4.918691	12.178422	
6/15/2019 15:15:50.683364349	80.870413	26.055910	1005.552448	43.477691	25.490802	551.932543	82.571630	25.638528	1001.437589	3.913659	12.175137	
6/15/2019 15:15:51.683364349	80.706139	26.009286	1005.581387	43.304367	25.430758	552.970097	82.530996	25.640602	1001.459038	7.563843	12.171220	
6/15/2019 15:15:52.683364349	81.054399	26.076474	1005.002616	43.491405	25.434146	552.837362	82.321435	25.639978	1001.800780	6.602828	12.149786	
6/15/2019 15:15:53.683364349	80.752136	25.972233	1003.282080	42.983754	25.384306	552.454273	82.286582	25.601688	1001.400371	13.727126	12.165030	
6/15/2019 15:15:54.683364349	80.909838	26.074677	1004.882763	43.331912	25.480434	552.935921	82.420051	25.685740	1001.563433	6.365975	12.155595	
6/15/2019 15:15:55.683364349	81.014973	26.004239	1004.256683	42.954943	25.390551	554.060214	82.467309	25.582077	1001.549243	12.742792	12.177436	
6/15/2019 15:15:56.683364349	80.995261	26.061032	1004.736966	43.511372	25.457086	554.791565	82.578596	25.664055	1001.630931	3.953745	12.168513	
6/15/2019 15:15:57.683364349	80.863842	26.004388	1003.671369	43.178555	25.417410	555.080684	82.137054	25.678787	1001.908332	4.119330	12.114907	
6/15/2019 15:15:58.683364349	81.172676	26.129792	1005.593372	42.702355	25.365611	554.844128	82.582617	25.803816	1001.368355	3.065038	12.121583	
6/15/2019 15:15:59.683364349	81.244956	26.050563	1004.484720	43.228541	25.461902	555.804805	82.515356	25.661875	1001.829481	5.843552	12.162179	
6/15/2019 15:16:00.683364349	81.074112	26.077522	1004.922898	43.495739	25.478352	555.664186	82.554782	25.649630	1001.518491	4.261595	12.182325	
6/15/2019 15:16:01.683364349	81.021544	26.061107	1006.197452	43.444214	25.457086	555.901395	82.573338	25.683454	1001.764033	5.368807	12.170471	
6/15/2019 15:16:02.683364349	81.376375	26.030523	1004.306281	43.368622	25.454841	556.269371	82.640494	25.659070	1001.454937	6.271659	12.164439	
6/15/2019 15:16:03.683364349	81.106967	26.014783	1005.343491	43.035279	25.374958	555.449312	82.423258	25.612271	1001.639290	12.292677	12.181957	
6/15/2019 15:16:04.683364349	81.067541	26.020504	1005.368724	43.284020	25.408675	555.806773	82.291997	25.610091	1001.790055	8.558390	12.181668	
6/15/2019 15:16:05.683364349	81.271240	26.072923	1005.970281	43.470395	25.442962	555.714782	82.442419	25.646825	1001.625572	6.327200	12.178369	
6/15/2019 15:16:06.683364349	81.363233	26.129567	1005.849954	43.672287	25.466147	554.440672	82.233410	25.652223	1000.904078	11.277431	12.169985	
6/15/2019 15:16:07.683364349	81.389517	26.051012	1006.143518	43.117709	25.498190	554.292823	82.300775	25.628252	1001.413932	12.440184	12.153860	
6/15/2019 15:16:08.683364349	81.014973	26.109303	1003.765438	43.394940	25.396756	556.706339	82.310553	25.661250	1001.516598	7.237916	12.151271	
6/15/2019 15:16:09.683364349	81.402659	26.010109	1005.815101	42.692167	25.408389	556.183947	82.555072	25.627215	1002.122337	11.542574	12.160050	
6/15/2019 15:16:10.683364349	81.389517	26.045740	1004.158670	43.248314	25.467862	555.394118	82.373398	25.758891	1001.820964	3.547647	12.110071	
6/15/2019 15:16:11.683364349	81.192389	25.988049	1004.346573	42.892948	25.385979	555.524221	82.240033	25.566721	1001.549872	14.897742	12.180604	
6/15/2019 15:16:12.683364349	81.415801	26.113826	1004.675463	43.363099	25.467862	555.632642	82.392768	25.625765	1001.230208	10.128823	12.182693	
6/15/2019 15:16:13.683364349	81.494652	26.135363	1004.253923	43.179880	25.444636	555.777860	82.487469	25.606048	1001.254336	10.556930	12.181182	
6/15/2019 15:16:14.683364349	81.474939	26.066903	1004.070593	43.295942	25.435003	557.044086	82.496747	25.642158	1001.524957	7.073642	12.174033	
6/15/2019 15:16:15.683364349	81.428943	26.025701	1003.202676	43.001355	25.405858	556.468468	82.531653	25.585295	1001.518648	14.611901	12.167383	
6/15/2019 15:16:16.683364349	81.593216	26.073148	1004.409023	42.818252	25.380918	556.364646	82.488915	25.594216	1001.295341	13.811229	12.164649	
6/15/2019 15:16:17.683364349	81.448656	26.056509	1005.916505	43.430578	25.450269	555.788375	82.395923	25.600863	1001.039703	6.068610	12.172035	
6/15/2019 15:16:18.683364349	81.435514	26.050638	1004.023440	43.052724	25.413736	555.050456	82.358258	25.586544	1001.276100	13.963979	12.186360	
6/15/2019 15:16:19.683364349	81.731206	26.077447	1004.473209	43.462467	25.437534	556.165549	82.628718	25.690407	1001.831689	6.888670	12.159379	
6/15/2019 15:16:20.683364349	81.606358	26.114201	1004.993628	43.560403	25.451983	555.870514	82.678369	25.684184	1001.538518	5.537013	12.184296	
6/15/2019 15:16:21.683364349	81.501223	26.104181	1004.367627	43.547712	25.477209	555.598477	82.675452	25.684078	1001.582045	6.622216	12.172153	
6/15/2019 15:16:22.683364349	81.724635	26.005212	1005.575867	43.184369	25.396837	555.070170	82.326902	25.556043	1001.591983	12.207263	12.175018	
6/15/2019 15:16:23.683364349	81.645784	26.041666	1004.211343	43.096544	25.404715	554.370363	82.350136	25.582702	1001.695749	12.353460	12.185256	
6/15/2019 15:16:24.683364349	81.547220	26.089413	1005.685233	43.213628	25.413777	554.610203	82.497904	25.596396	1002.081018	11.494625	12.163703	
6/15/2019 15:16:25.683364349	81.632642	26.056209	1004.678774	42.935347	25.389082	553.562135	82.554440	25.557281	1001.181165	12.636681	12.177410	
6/15/2019 15:16:26.683364349	81.757490	26.067876	1004.235314	43.161461	25.419124	554.889471	82.621438	25.578553	1001.691176	11.009667	12.182982	
6/15/2019 15:16:27.683364349	81.645784	26.089488	1004.439303	42.946226	25.390551	555.676670	82.604432	25.600757	1001.477015	10.656489	12.161246	
6/15/2019 15:16:28.683364349	81.737777	26.020054	1003.319060	43.289903	25.368264	555.260067	82.338440	25.549503	1001.582517	12.151722	12.160812	
6/15/2019 15:16:29.683364349	81.757490	26.041142	1004.309907	42.986706	25.383163	555.588615	82.312866	25.557281	1001.310953	13.605559	12.183232	
6/15/2019 15:16:30.683364349	81.731206	26.172566	1004.081475	43.175253	25.434717	555.936876	82.356655	25.603974	1001.368040	12.279842	12.177423	
6/15/2019 15:16:31.683364349	81.731206	26.078120	1005.101103	42.931947	25.506395	556.586088	82.578306	25.594015	1001.984819	4.530670	12.160155	
6/15/2019 15:16:32.683364349	81.980902	26.099657	1004.501911	43.146393	25.422553	555.964474	82.489177	25.560392	1001.374349	11.966750	12.156501	
6/15/2019 15:16:33.683364349	81.941476	26.094610	1004.695885	43.168133	25.425370	557.560563	82.605694	25.630019	1001.721299	8.016579	12.172219	
6/15/2019 15:16:34.683364349	81.796916	26.104255	1005.156141	43.438935	25.438676	557.828001	82.658656	25.626389	1001.682660	6.355762	12.180906	
6/15/2019 15:16:35.683364349	81.967760	26.109827	1004.868965	43.273637	25.458229	557.513252	82.644305	25.634274	1001.794313	6.889980	12.168395	
6/15/2019 15:16:36.683364349	82.000615	26.094460	1004.831747	43.402059	25.442391	557.632188	82.449095	25.611446	1001.432230	6.556190	12.179473	
6/15/2019 15:16:37.683364349	81.810058	26.030673	1005.493072	42.774023	25.453126	557.175505	82.334130	25.586025	1001.543091	7.403500	12.153820	
6/15/2019 15:16:38.683364349	81.921764	26.073522	1005.238461	42.940333	25.375244	555.753546	82.359467	25.541300	1001.717827	13.502068	12.167580	
6/15/2019 15:16:39.683364349	81.954618	26.129941	1005.631537	43.270696	25.423941	556.761534	82.450199	25.601487	1002.024244	7.341406	12.162087	
6/15/2019 15:16:40.683364349	81.803487	26.095733	1004.707555	43.230286	25.426431	556.657713	82.537434	25.590174	1001.537732	7.791522	12.159301	
6/15/2019 15:16:41.683364349	82.099179	26.273331	1005.139425	45.252405	25.622851	560.054240	82.771571	25.619849	1002.136212	10.941020	12.152322	
6/15/2019 15:16:42.683364349	81.954618	26.084440	1004.759991	43.060447	25.418308	556.697793	82.649877	25.547110	1001.744006	13.380501	12.177449	
6/15/2019 15:16:43.683364349	82.178030	26.405728	1005.753045	44.810941	25.577664	559.233519	82.600936	25.652836	1002.101202	5.835689	12.149799	
6/15/2019 15:16:44.683364349	81.810058	26.141608	1003.100406	43.320779	25.440677	556.208913	82.441420	25.549915	1001.210495	12.605769	12.178001	
6/15/2019 15:16:45.683364349	82.237169	26.290494	1006.103304	43.951500	25.453208	556.630768	82.494092	25.685634	1002.365829	25.615642	12.148656	
6/15/2019 15:16:46.683364349	82.151747	26.177838	1005.020753	43.552582	25.457943	556.538777	82.482449	25.590798	1001.396584	9.800275	12.179592	
6/15/2019 15:16:47.683364349	82.092608	26.139106	1003.859114	43.355181	25.440432	558.778815	82.608348	25.720707	1002.530469	14.636531	12.157185	
6/15/2019 15:16:48.683364349	81.665497	26.052659	1005.192017	44.473408	25.595380	558.126319	82.461790	25.451238	1000.529848	11.410523	12.166699	
6/15/2019 15:16:49.683364349	82.243740	26.159445	1003.475739	44.049235	25.554316	557.148560	82.768863	25.668510	1001.959583	17.157494	12.150719	
6/15/2019 15:16:50.683364349	82.000615	26.136037	1003.114205	43.113005	25.391653	555.712150	82.562010	25.548359	1001.466605	14.433482	12.181760	
6/15/2019 15:16:51.683364349	81.954618	26.247496	1005.485030	45.316470	25.651750	559.206585	82.884276	25.725680	1001.703473	10.485933	12.168828	
6/15/2019 15:16:52.683364349	82.230598	26.116521	1004.759281	43.329369	25.434186	557.427828	82.685439	25.613933	1001.735175	8.172990	12.180814	
6/15/2019 15:16:53.683364349	82.099179	26.321527	1005.107489	44.216821	25.524314	558.368781	82.503423	25.562667	1001.260802	17.158804	12.149392	
6/15/2019 15:16:54.683364349	82.072895	26.115922	1003.782628	43.534767	25.299893	557.862166	82.286687	25.613414	1001.168075	15.843301	12.149720	
6/15/2019 15:16:55.683364349	82.217456	26.348860	1003.199127	42.953025	25.552111	559.067935	82.592052	25.647450	1002.433484	14.212356	12.120913	
6/15/2019 15:16:56.683364349	82.132034	26.074495	1003.056327	43.253124	25.365611	558.308334	82.498008	25.571494	1001.641341	12.890300	12.158381	
6/15/2019 15:16:57.683364349	82.079466	26.213362	1004.080528	43.434863	25.459412	561.385513	82.773778	25.755673	1002.059254	10.461303	12.140389	
6/15/2019 15:16:58.683364349	82.210885	26.147479	1004.343104	43.414867	25.431329	559.817684	82.685044	25.622548	1001.789898	7.910468	12.177712	
6/15/2019 15:16:59.683364349	82.197743	26.134208	1004.819524	43.829587	25.560561	562.848868	82.942653	25.741248	1001.943342	10.382442	12.164229	
6/15/2019 15:17:00.683364349	82.250311	26.147629	1003.190848	43.271670	25.439248	560.137032	82.572734	25.619849	1001.796364	8.037278	12.174322	
6/15/2019 15:17:01.683364349	82.237169	26.242748	1004.695727	44.924369	25.572154	559.390567	82.550419	25.661451	1001.539304	14.780107	12.164229	
6/15/2019 15:17:02.683364349	82.178030	26.178362	1005.164263	43.517264	25.459086	558.424638	82.419052	25.628358	1001.169019	10.064108	12.175938	
6/15/2019 15:17:03.683364349	82.460581	26.263985	1005.849087	44.241668	25.510150	559.546299	82.484262	25.634580	1002.190464	11.608600	12.153084	
6/15/2019 15:17:04.683364349	81.974331	26.121419	1004.702588	43.177211	25.404144	557.645323	82.444889	25.581665	1001.527794	15.513443	12.167225	
6/15/2019 15:17:05.683364349	82.434297	26.154248	1003.661906	44.189375	25.569092	558.569203	82.534122	25.536009	1001.365675	15.708899	12.119520	
6/15/2019 15:17:06.683364349	82.132034	26.155029	1003.383798	43.216696	25.404184	556.101808	82.550471	25.595253	1001.021726	12.522977	12.158578	
6/15/2019 15:17:07.683364349	82.329162	26.227755	1004.646681	43.646251	25.495129	558.737419	82.881516	25.722675	1001.635189	16.872963	12.139443	
6/15/2019 15:17:08.683364349	82.342304	26.089188	1003.802735	42.956989	25.396143	557.188641	82.616628	25.545555	1001.459352	13.721884	12.170366	
6/15/2019 15:17:09.683364349	82.145176	26.128637	1004.901135	44.135999	25.582644	561.571474	82.731988	25.719870	1001.976302	9.151042	12.166870	
6/15/2019 15:17:10.683364349	82.329162	26.199749	1004.023835	43.666560	25.495047	558.253139	82.494487	25.639047	1001.369934	8.244258	12.180433	
6/15/2019 15:17:11.683364349	82.473723	26.263760	1005.662998	44.298881	25.521742	559.606094	82.549472	25.640697	1001.764505	16.195169	12.168934	
6/15/2019 15:17:12.683364349	82.138605	26.184682	1003.713554	43.591542	25.453698	559.137591	82.491280	25.679824	1001.415511	6.476019	12.174230	
6/15/2019 15:17:13.683364349	82.408013	26.316405	1004.585178	43.759213	25.452677	559.149411	82.466862	25.640285	1001.827588	14.877044	12.166476	
6/15/2019 15:17:14.683364349	82.408013	26.175186	1004.455704	43.450586	25.447698	559.515418	82.564822	25.647968	1001.594663	5.654648	12.162507	
6/15/2019 15:17:15.683364349	82.243740	26.228728	1005.560727	43.509510	25.462800	561.357916	82.740924	25.771030	1002.096787	12.367876	12.136907	
6/15/2019 15:17:16.683364349	82.375159	26.095508	1004.659613	43.099573	25.404429	559.402397	82.623908	25.608641	1001.757253	11.574797	12.183179	
6/15/2019 15:17:17.683364349	82.224027	26.106127	1004.015633	43.656802	25.488393	561.955216	82.853129	25.701202	1001.964320	14.130874	12.156186	
6/15/2019 15:17:18.683364349	82.408013	26.096182	1004.391361	43.429312	25.407532	558.046811	82.698291	25.653778	1002.021565	9.901144	12.155148	
6/15/2019 15:17:19.683364349	82.454010	26.185430	1004.503015	44.505966	25.535907	559.854480	82.865220	25.708144	1001.810082	8.796554	12.169683	
6/15/2019 15:17:20.683364349	82.454010	26.188382	1004.753919	43.377339	25.439819	558.270222	82.854733	25.638941	1001.698429	5.672725	12.158420	
6/15/2019 15:17:21.683364349	82.348875	26.280624	1004.006330	43.869609	25.477617	559.917559	82.606403	25.670478	1001.892878	11.604669	12.151862	
6/15/2019 15:17:22.683364349	82.401442	26.162546	1003.794219	43.160682	25.429615	557.935759	82.645172	25.632506	1001.297706	12.423418	12.170813	
6/15/2019 15:17:23.683364349	82.473723	26.281448	1003.553012	43.429410	25.423737	558.971997	82.775039	25.707625	1002.129275	20.149270	12.154977	
6/15/2019 15:17:24.683364349	82.401442	26.198252	1005.236096	43.121176	25.421655	558.898404	82.656106	25.677125	1001.177850	10.123581	12.162573	
6/15/2019 15:17:25.683364349	82.657709	26.201770	1004.860448	44.040362	25.527090	560.624596	83.013225	25.781613	1002.107826	8.041209	12.167514	
6/15/2019 15:17:26.683364349	82.375159	26.200048	1004.778285	43.652115	25.461902	559.634354	82.820012	25.689888	1001.665312	8.325740	12.169985	
6/15/2019 15:17:27.683364349	82.729990	26.148602	1005.568692	44.663848	25.603870	561.889507	82.632030	25.736888	1002.048844	7.345338	12.139088	
6/15/2019 15:17:28.683364349	82.289736	26.147703	1003.146140	43.277086	25.414879	559.803885	82.542744	25.693106	1001.323885	8.941440	12.144109	
6/15/2019 15:17:29.683364349	82.440868	26.274604	1005.224662	45.579177	25.746735	561.205467	82.537486	25.563916	1001.880574	17.749875	12.113501	
6/15/2019 15:17:30.683364349	82.565716	26.178886	1004.194784	43.703640	25.466147	559.859080	82.619939	25.710536	1001.468498	6.644224	12.160299	
6/15/2019 15:17:31.683364349	82.486865	26.286046	1004.127209	44.031839	25.526845	560.317731	82.753514	25.766775	1001.729023	11.587902	12.147999	
6/15/2019 15:17:32.683364349	82.532861	26.199973	1004.124607	43.428416	25.432145	558.482464	82.613421	25.627839	1001.350221	11.300750	12.182693	
6/15/2019 15:17:33.683364349	82.302878	26.156493	1004.117746	43.693929	25.474883	561.774518	82.824138	25.700566	1001.885619	18.501558	12.147407	
6/15/2019 15:17:34.683364349	82.440868	26.121568	1004.417460	43.015274	25.346589	558.543574	82.699000	25.633025	1001.547349	15.288385	12.136854	
6/15/2019 15:17:35.683364349	82.454010	26.242224	1003.656466	44.294741	25.508231	560.521427	82.892712	25.638729	1001.592612	15.838059	12.157303	
6/15/2019 15:17:36.683364349	82.421155	26.227082	1003.647950	42.611637	25.508926	558.694707	82.913871	25.629395	1002.219322	5.187766	12.156304	
6/15/2019 15:17:37.683364349	82.808841	26.306160	1003.411633	43.723509	25.505619	560.004950	82.941811	25.727236	1001.987341	8.465384	12.142466	
6/15/2019 15:17:38.683364349	82.605142	26.322318	1003.337984	43.977262	25.465739	559.937273	83.065897	25.962881	1003.236823	21.414474	12.113370	
6/15/2019 15:17:39.683364349	82.460581	26.143030	1002.426463	42.992228	25.369570	558.546858	82.650034	25.616525	1001.858182	13.461983	12.168986	
6/15/2019 15:17:40.683364349	82.808841	26.247913	1004.023046	43.991739	25.602237	563.036797	82.846006	25.821553	1002.059726	18.812029	12.158775	
6/15/2019 15:17:41.683364349	82.296307	26.237251	1004.054824	42.901179	25.509211	558.153917	82.606298	25.705244	1001.682974	7.587162	12.147893	
6/15/2019 15:17:42.683364349	82.828554	26.344112	1004.820076	45.884769	25.691467	561.162755	82.952507	25.793010	1001.626830	8.156224	12.163782	
6/15/2019 15:17:43.683364349	82.421155	26.158996	1003.611364	42.835474	25.355978	557.435049	82.739530	25.602937	1001.680452	14.491644	12.163440	
6/15/2019 15:17:44.683364349	82.999398	26.444278	1003.812119	44.718165	25.579052	558.486401	82.918839	25.717171	1001.985290	16.901524	12.139916	
6/15/2019 15:17:45.683364349	82.526290	26.190627	1003.856906	43.304737	25.440391	559.198701	82.809183	25.648899	1001.809296	6.946832	12.176096	
6/15/2019 15:17:46.683364349	82.828554	26.324671	1005.176405	43.496831	25.443820	560.223108	82.793938	25.828718	1002.101045	17.047721	12.156659	
6/15/2019 15:17:47.683364349	82.513148	26.080815	1004.785066	42.281285	25.419981	559.666551	82.491885	25.678681	1001.574950	13.821713	12.144253	
6/15/2019 15:17:48.683364349	82.651138	26.150623	1003.722937	44.095928	25.614401	563.687977	82.829710	25.758255	1002.112556	9.921842	12.161522	
6/15/2019 15:17:49.683364349	82.605142	26.205994	1004.059712	43.561260	25.429329	560.202742	82.764448	25.681898	1001.621628	6.045291	12.176280	
6/15/2019 15:17:50.683364349	82.703706	26.416796	1004.987004	44.567689	25.516640	561.134495	82.841353	25.631670	1001.526215	15.952034	12.162428	
6/15/2019 15:17:51.683364349	82.651138	26.190103	1004.852878	43.264715	25.456229	560.566770	82.852630	25.706282	1001.422763	8.527479	12.154425	
6/15/2019 15:17:52.683364349	82.815412	26.239646	1003.165221	43.665081	25.425451	562.039977	82.769520	25.722569	1002.875683	14.578368	12.095838	
6/15/2019 15:17:53.683364349	82.532861	26.253441	1004.026437	43.602392	25.457371	560.878235	82.749807	25.695286	1001.373249	6.125462	12.174348	
6/15/2019 15:17:54.683364349	82.756273	26.193172	1004.483854	43.864022	25.498517	564.485690	82.959973	25.841682	1002.103253	9.290686	12.162179	
6/15/2019 15:17:55.683364349	82.670851	26.189804	1005.132092	43.171201	25.466719	561.509701	82.920889	25.702440	1001.575736	10.271089	12.161351	
6/15/2019 15:17:56.683364349	82.532861	26.311432	1004.305177	44.279246	25.537866	562.785779	82.936843	25.681368	1001.657424	15.787760	12.174203	
6/15/2019 15:17:57.683364349	82.670851	26.238149	1004.601264	43.527939	25.387408	561.001108	82.748993	25.650455	1001.330508	13.053263	12.153597	
6/15/2019 15:17:58.683364349	82.723419	26.338615	1004.026752	43.726707	25.455208	560.917653	82.854733	25.664562	1001.908489	17.545515	12.162520	
6/15/2019 15:17:59.683364349	82.434297	26.070196	1004.521071	42.373074	25.437574	560.190911	82.652190	25.664256	1002.157504	11.212716	12.151941	
6/15/2019 15:18:00.683364349	82.756273	26.266081	1003.757001	43.258598	25.430227	560.739585	82.670851	25.754943	1001.906753	16.153772	12.164189	
6/15/2019 15:18:01.683364349	82.690564	26.191376	1003.399253	43.257917	25.418308	560.169229	82.584377	25.669547	1001.774443	8.011337	12.175176	
6/15/2019 15:18:02.683364349	82.592000	26.118243	1002.751803	44.225217	25.709590	561.327687	82.548973	25.624092	1002.407777	15.823914	12.129731	
6/15/2019 15:18:03.683364349	82.657709	26.184532	1003.197157	42.937149	25.380591	558.363528	82.593208	25.626072	1001.534417	14.513653	12.184126	
6/15/2019 15:18:04.683364349	82.664280	26.421993	1005.197617	44.606820	25.553214	560.116656	82.790941	25.778596	1001.486632	8.751226	12.149352	
6/15/2019 15:18:05.683364349	82.631425	26.116820	1003.740837	42.941610	25.366754	558.595485	82.773936	25.659483	1002.072187	13.914719	12.142229	
6/15/2019 15:18:06.683364349	82.762844	26.329269	1004.035426	43.704769	25.486883	559.631723	83.036958	25.845630	1001.799358	9.557140	12.161929	
6/15/2019 15:18:07.683364349	82.572287	26.253441	1003.871652	43.113657	25.415165	557.682120	82.848609	25.634062	1001.411882	13.547396	12.174992	
6/15/2019 15:18:08.683364349	82.690564	26.302835	1004.258496	44.231188	25.582644	560.403154	82.820826	25.731279	1001.723186	17.017849	12.146395	
6/15/2019 15:18:09.683364349	82.670851	26.253741	1005.209997	43.520459	25.470964	559.371516	82.798749	25.713129	1001.464082	6.192798	12.154767	
6/15/2019 15:18:10.683364349	82.946831	26.329045	1004.010588	44.015092	25.452881	559.594926	82.741975	25.689877	1001.584096	16.450098	12.142781	
6/15/2019 15:18:11.683364349	82.651138	26.269482	1004.046702	43.602022	25.456514	558.361560	82.593656	25.716865	1001.356687	8.940130	12.175452	
6/15/2019 15:18:12.683364349	82.887692	26.240919	1003.938360	43.768849	25.367611	560.522090	82.638101	25.839820	1002.218850	14.747885	12.128680	
6/15/2019 15:18:13.683364349	82.559145	26.155221	1002.786499	43.039955	25.372713	558.236056	82.654607	25.665399	1001.818442	10.472827	12.157093	
6/15/2019 15:18:14.683364349	82.940260	26.249591	1004.776077	44.433542	25.584603	561.623385	82.892003	25.815331	1001.694328	10.034507	12.167606	
6/15/2019 15:18:15.683364349	82.585429	26.201770	1003.886002	43.460080	25.419736	559.220383	82.681338	25.683242	1001.870957	8.806767	12.175741	
6/15/2019 15:18:16.683364349	82.867979	26.333867	1002.725310	44.322569	25.502231	560.598967	82.807947	25.708969	1001.836261	9.430331	12.152822	
6/15/2019 15:18:17.683364349	82.532861	26.211790	1004.780650	43.071142	25.381163	558.732819	82.861408	25.660626	1001.984661	11.237345	12.159839	
6/15/2019 15:18:18.683364349	82.999398	26.475835	1002.994666	43.419293	25.565949	558.944399	83.069918	25.807340	1001.567219	17.610230	12.136736	
6/15/2019 15:18:19.683364349	82.631425	26.217286	1002.956030	43.698721	25.465862	559.111962	83.070260	25.678056	1001.915427	4.714332	12.151613	
6/15/2019 15:18:20.683364349	82.473723	26.161166	1004.434808	45.245032	25.608727	559.993783	83.049101	25.796545	1001.694485	18.313965	12.138090	
6/15/2019 15:18:21.683364349	82.835125	26.190777	1002.466520	43.168133	25.419696	560.075922	82.961366	25.682935	1002.083226	6.642914	12.163046	
6/15/2019 15:18:22.683364349	82.644567	26.533377	1004.834349	44.036183	25.387449	559.866301	83.038167	25.816568	1000.864809	12.275910	12.152506	
6/15/2019 15:18:23.683364349	82.854837	26.259911	1003.652997	43.775618	25.460229	560.042410	82.643463	25.716346	1001.652380	5.839620	12.173218	
6/15/2019 15:18:24.683364349	82.703706	26.240320	1003.350049	43.488464	25.418920	561.092446	82.629874	25.736888	1002.369773	14.190347	12.159117	
6/15/2019 15:18:25.683364349	82.683993	26.243122	1004.323234	42.991089	25.400144	559.362970	82.594312	25.641428	1001.569427	14.041529	12.170011	
6/15/2019 15:18:26.683364349	82.828554	26.146324	1004.815818	43.572013	25.469862	563.482965	82.743184	25.798313	1001.895714	15.839640	12.128430	
6/15/2019 15:18:27.683364349	82.690564	26.248169	1003.949794	43.511742	25.446595	560.366358	82.786421	25.691963	1001.665155	5.309334	12.177095	
6/15/2019 15:18:28.683364349	82.657709	26.239572	1005.159847	45.571023	25.435084	560.137685	82.966701	25.630527	1002.415664	15.010407	12.146369	
6/15/2019 15:18:29.683364349	82.657709	26.190777	1002.987491	42.811794	25.373244	559.541700	82.773384	25.629289	1001.444527	14.694693	12.183193	
6/15/2019 15:18:30.683364349	83.130817	26.265931	1005.105281	43.372879	25.542152	561.384850	82.762345	25.860362	1002.002795	10.347328	12.133398	
6/15/2019 15:18:31.683364349	82.637996	26.222184	1004.306123	43.127449	25.386265	559.977353	82.676870	25.622336	1001.648279	13.528008	12.176135	
6/15/2019 15:18:32.683364349	82.927118	26.203117	1004.066572	43.837983	25.555418	564.115746	82.760636	25.786174	1002.206233	10.670905	12.160825	
6/15/2019 15:18:33.683364349	82.637996	26.295916	1004.670180	43.378157	25.444350	560.386724	82.668196	25.674426	1001.449100	12.176351	12.177160	
6/15/2019 15:18:34.683364349	82.867979	26.227905	1002.490254	43.320973	25.412103	560.995193	82.717609	25.686247	1001.913062	8.520926	12.169394	
6/15/2019 15:18:35.683364349	82.946831	26.397280	1002.701339	44.111216	25.479617	561.809988	82.826556	25.784406	1002.777591	13.852625	12.139062	
6/15/2019 15:18:36.683364349	82.973114	26.295617	1005.031792	43.523323	25.472678	559.561414	82.928774	25.711467	1001.748893	7.666023	12.162494	
6/15/2019 15:18:37.683364349	82.703706	26.250789	1003.834748	43.592963	25.491700	560.221793	83.177156	25.799868	1002.568002	17.506740	12.125289	
6/15/2019 15:18:38.683364349	82.894263	26.249367	1003.734214	43.651199	25.452310	560.684391	82.982235	25.706070	1001.709153	5.565303	12.177725	
6/15/2019 15:18:39.683364349	82.782557	26.234150	1002.188568	43.826276	25.682691	564.040175	82.733511	25.632908	1002.604591	12.155653	12.127576	
6/15/2019 15:18:40.683364349	82.690564	26.284848	1003.625714	43.469509	25.451412	559.345887	82.725022	25.698397	1001.354794	9.187196	12.179053	
6/15/2019 15:18:41.683364349	83.176814	26.413021	1003.221600	44.003656	25.461698	559.479274	82.707122	25.738962	1002.162706	23.273099	12.140862	
6/15/2019 15:18:42.683364349	82.611713	26.253217	1003.708035	43.235086	25.432431	559.162557	82.710881	25.640708	1001.363939	11.714712	12.178501	
6/15/2019 15:18:43.683364349	82.828554	26.229552	1003.952868	43.693431	25.505007	563.865391	82.942467	25.748402	1002.287606	16.673845	12.156817	
6/15/2019 15:18:44.683364349	82.848267	26.201171	1004.796499	44.599289	25.447738	558.703243	82.568186	25.522102	1001.350850	17.770573	12.173021	
6/15/2019 15:18:45.683364349	82.821983	26.333793	1003.052149	44.268551	25.504190	562.637930	82.997690	25.661239	1001.959111	15.227601	12.168171	
6/15/2019 15:18:46.683364349	82.900834	26.228204	1004.912017	43.370297	25.415369	562.599165	82.838227	25.703689	1001.914798	4.449188	12.153177	
6/15/2019 15:18:47.683364349	82.789128	26.267578	1002.377022	43.438868	25.444717	563.491501	82.727834	25.800493	1002.393744	9.863680	12.137288	
6/15/2019 15:18:48.683364349	82.821983	26.216463	1003.159782	42.982537	25.375775	561.137126	82.729542	25.603868	1001.420241	13.714291	12.175215	
6/15/2019 15:18:49.683364349	82.677422	26.166888	1004.096615	43.475791	25.563949	565.410223	83.065108	25.750995	1001.792420	12.944801	12.137840	
6/15/2019 15:18:50.683364349	82.618284	26.195675	1003.378279	42.962687	25.384837	561.320456	82.943861	25.610197	1001.274206	14.001443	12.178094	
6/15/2019 15:18:51.683364349	83.051966	26.470488	1004.294610	44.294167	25.502802	562.451969	82.798116	25.691539	1001.882468	15.413884	12.142387	
6/15/2019 15:18:52.683364349	82.887692	26.264359	1004.077848	43.649661	25.461045	562.384954	82.986256	25.711055	1001.575736	6.212186	12.177436	
6/15/2019 15:18:53.683364349	82.729990	26.241293	1003.123430	43.213683	25.393408	562.691157	83.135470	25.761684	1002.438057	16.537862	12.163283	
6/15/2019 15:18:54.683364349	82.821983	26.195974	1003.071704	42.962726	25.371530	560.428120	82.652899	25.633543	1001.514862	14.266586	12.179487	
6/15/2019 15:18:55.683364349	82.815412	26.324147	1003.745885	44.874118	25.586808	563.821364	83.048312	25.775992	1001.576365	6.644224	12.146317	
6/15/2019 15:18:56.683364349	82.500007	26.332894	1005.075871	44.956722	25.390510	558.280073	82.961681	25.670172	1001.251971	15.390565	12.142558	
6/15/2019 15:18:57.683364349	83.005969	26.339813	1004.133438	43.908483	25.454636	562.096487	83.068210	25.724019	1002.264899	14.991019	12.153255	
6/15/2019 15:18:58.683364349	82.848267	26.211116	1004.517365	43.227527	25.387367	560.397239	82.655002	25.670066	1001.896979	8.608960	12.144647	
6/15/2019 15:18:59.683364349	82.683993	26.282196	1001.914638	43.582931	25.467617	562.623479	82.926066	25.758054	1001.990020	16.854886	12.152677	
6/15/2019 15:19:00.683364349	82.762844	26.185879	1002.981971	43.215801	25.363325	559.851849	82.913529	25.623997	1001.937033	14.221259	12.178251	
6/15/2019 15:19:01.683364349	83.045395	26.443829	1003.910763	44.586394	25.611258	561.206120	83.063846	25.741968	1001.202450	11.726236	12.148892	
6/15/2019 15:19:02.683364349	82.565716	26.164193	1002.555859	42.947784	25.348875	559.589011	82.624907	25.609985	1001.648908	15.825224	12.174427	
6/15/2019 15:19:03.683364349	82.940260	26.282645	1003.271198	43.418850	25.405042	561.031336	82.887297	25.785549	1002.334605	15.168128	12.154096	
6/15/2019 15:19:04.683364349	82.881121	26.281373	1004.370229	43.543085	25.449167	561.254094	82.982997	25.710430	1001.623521	5.592554	12.174519	
6/15/2019 15:19:05.683364349	82.683993	26.292441	1002.404385	44.215770	25.593094	563.636066	83.222496	25.762827	1002.165071	7.633800	12.162901	
6/15/2019 15:19:06.683364349	82.808841	26.274529	1003.085346	43.372927	25.451698	561.770571	82.955347	25.688333	1001.647807	5.187766	12.174033	
6/15/2019 15:19:07.683364349	83.038824	26.354581	1003.723175	43.776631	25.447820	561.091783	82.695689	25.642359	1001.878209	17.791271	12.160037	
6/15/2019 15:19:08.683364349	82.690564	26.189472	1003.530067	42.868813	25.337854	560.729071	82.790337	25.641428	1001.617212	13.159375	12.156344	
6/15/2019 15:19:09.683364349	82.808841	26.177506	1004.699671	43.598408	25.464474	562.816008	83.161911	25.805372	1002.611057	7.710040	12.134068	
6/15/2019 15:19:10.683364349	82.736560	26.186328	1003.852491	42.444157	25.408389	560.432720	82.906196	25.612790	1001.991914	14.610590	12.149260	
6/15/2019 15:19:11.683364349	82.920547	26.324072	1002.806764	44.203858	25.514069	563.769453	82.745496	25.726093	1001.974251	11.651307	12.162612	
6/15/2019 15:19:12.683364349	82.782557	26.202444	1002.730672	43.094703	25.378632	561.143041	82.800219	25.629183	1001.858025	13.029944	12.183468	
6/15/2019 15:19:13.683364349	82.841696	26.376716	1003.779002	43.991778	25.488353	560.967595	83.009990	25.749651	1001.775701	14.137156	12.123502	
6/15/2019 15:19:14.683364349	82.637996	26.275652	1001.655060	43.028607	25.485455	559.254548	82.759585	25.593073	1002.280354	19.083455	12.134765	
6/15/2019 15:19:15.683364349	82.920547	26.308181	1003.056092	44.141941	25.549173	563.113674	82.908956	25.790428	1001.873951	7.570396	12.142321	
6/15/2019 15:19:16.683364349	82.775986	26.322425	1004.023126	43.211184	25.404389	559.527901	82.746548	25.605424	1001.464397	13.715602	12.170760	
6/15/2019 15:19:17.683364349	82.762844	26.365798	1003.197157	43.931202	25.455208	561.517585	82.940469	25.678257	1002.081332	11.990069	12.165911	
6/15/2019 15:19:18.683364349	82.677422	26.223531	1002.757797	43.426974	25.336997	560.236907	82.998741	25.610609	1001.741641	13.894021	12.155463	
6/15/2019 15:19:19.683364349	82.992827	26.277897	1004.328516	43.348652	25.417491	561.946670	83.121329	25.746328	1002.112084	15.989498	12.157645	
6/15/2019 15:19:20.683364349	82.526290	26.191226	1003.312674	43.128793	25.368999	560.803979	82.829053	25.607498	1001.954381	13.318407	12.185072	
6/15/2019 15:19:21.683364349	82.729990	26.287917	1003.994896	44.528028	25.459127	563.608469	82.670509	25.704408	1002.897918	17.294788	12.131900	
6/15/2019 15:19:22.683364349	82.782557	26.254414	1002.117681	43.017114	25.382020	560.475432	82.786473	25.610197	1001.348485	14.676616	12.167659	
6/15/2019 15:19:23.683364349	83.143959	26.392083	1003.903350	43.936766	25.488883	561.074701	82.751411	25.761896	1001.974409	11.973302	12.159051	
6/15/2019 15:19:24.683364349	82.631425	26.191301	1002.914159	42.964606	25.363896	561.378282	82.767969	25.624103	1001.737697	13.345657	12.178356	
6/15/2019 15:19:25.683364349	82.605142	26.345160	1002.498691	44.179917	25.524804	564.545484	83.109448	25.787730	1002.224367	7.362104	12.130296	
6/15/2019 15:19:26.683364349	82.716848	26.280624	1003.003735	43.069827	25.386265	561.352653	82.915974	25.588512	1001.390118	13.037807	12.181865	
6/15/2019 15:19:27.683364349	83.104533	26.371669	1004.873695	45.634178	25.513579	560.635101	82.555701	25.717584	1002.076602	13.262865	12.120401	
6/15/2019 15:19:28.683364349	82.736560	26.238075	1002.478821	42.933710	25.348018	561.982151	82.825347	25.601169	1001.549872	13.980745	12.183179	
6/15/2019 15:19:29.683364349	82.789128	26.293863	1004.549695	43.228803	25.513252	562.723353	83.144958	25.740412	1001.700322	16.642663	12.141309	
6/15/2019 15:19:30.683364349	82.605142	26.227980	1002.832391	42.917376	25.372101	562.061659	82.887587	25.587369	1001.674300	14.241957	12.183390	
6/15/2019 15:19:31.683364349	82.762844	26.297937	1001.964551	43.396079	25.421982	563.159670	82.731146	25.665917	1002.183683	8.588262	12.149313	
6/15/2019 15:19:32.683364349	83.222810	26.455795	1005.255651	44.430888	25.522436	564.973907	82.886298	25.808790	1001.880103	16.385383	12.105511	
6/15/2019 15:19:33.683364349	82.979685	26.275727	1003.242497	43.365885	25.417981	563.451421	83.002500	25.651598	1001.701901	6.892601	12.167685	
6/15/2019 15:19:34.683364349	82.756273	26.252062	1003.159939	43.612024	25.477536	565.307054	83.096649	25.810039	1002.383963	13.568094	12.157776	
6/15/2019 15:19:35.683364349	82.683993	26.322650	1004.562076	43.435945	25.453412	563.132725	82.740477	25.657514	1001.280830	10.885478	12.166161	
6/15/2019 15:19:36.683364349	82.986256	26.481182	1004.175861	45.269177	25.586318	564.673609	83.040637	25.724431	1001.548136	12.326480	12.142190	
6/15/2019 15:19:37.683364349	82.894263	26.239122	1003.429690	43.107920	25.398756	563.546696	82.977925	25.631882	1002.043800	11.801165	12.173770	
6/15/2019 15:19:38.683364349	82.828554	26.320222	1003.000343	43.863984	25.462841	563.986296	82.928669	25.840339	1002.755198	9.579149	12.130809	
6/15/2019 15:19:39.683364349	82.854837	26.301263	1003.441675	43.333675	25.408062	561.940755	82.764001	25.637385	1001.385703	11.422318	12.179513	
6/15/2019 15:19:40.683364349	82.795699	26.256211	1002.754958	44.686784	25.573011	563.792451	83.056986	25.662382	1002.490572	11.546506	12.110728	
6/15/2019 15:19:41.683364349	82.749702	26.275352	1004.543781	43.695575	25.447167	563.155070	83.092733	25.692587	1001.527479	5.985818	12.174322	
6/15/2019 15:19:42.683364349	83.078250	26.452544	1003.881272	44.279859	25.491128	563.674168	82.834178	25.755155	1001.868907	8.002434	12.131847	
6/15/2019 15:19:43.683364349	82.946831	26.244918	1002.120835	43.272848	25.394510	563.262176	82.686306	25.658033	1002.221058	7.765581	12.159117	
6/15/2019 15:19:44.683364349	82.723419	26.361050	1004.214183	44.311407	25.595380	562.532140	83.075490	25.773410	1001.977088	11.971992	12.161600	
6/15/2019 15:19:45.683364349	82.598571	26.312705	1004.466743	43.295251	25.238624	560.133085	82.937842	25.760965	1002.868902	10.027954	12.121925	
6/15/2019 15:19:46.683364349	83.019111	26.408647	1002.172956	44.219762	25.473617	563.157038	82.786578	25.720801	1002.129275	11.770253	12.151954	
6/15/2019 15:19:47.683364349	82.992827	26.295467	1003.272302	43.535634	25.427533	561.848111	82.934793	25.713436	1001.808661	5.684520	12.163388	
6/15/2019 15:19:48.683364349	82.854837	26.309080	1003.362824	43.987561	25.534478	563.031534	83.208907	25.791053	1001.792892	10.478069	12.143438	
6/15/2019 15:19:49.683364349	82.690564	26.244469	1003.066737	43.152325	25.403572	561.534015	82.855889	25.644126	1001.932303	10.365405	12.178028	
6/15/2019 15:19:50.683364349	82.933689	26.366247	1002.788235	44.661858	25.523416	562.478914	82.873551	25.787518	1001.475436	8.545556	12.114027	
6/15/2019 15:19:51.683364349	82.973114	26.333867	1002.636366	43.060701	25.414308	560.437320	82.939261	25.637798	1001.632981	12.315996	12.167856	
6/15/2019 15:19:52.683364349	82.723419	26.288441	1003.940173	43.344443	25.418634	562.345526	83.118517	25.772373	1002.481583	16.953134	12.157421	
6/15/2019 15:19:53.683364349	82.749702	26.201994	1002.616259	43.040519	25.373530	561.363168	82.669352	25.624516	1001.925994	12.929075	12.180945	
6/15/2019 15:19:54.683364349	83.019111	26.297413	1003.483309	44.840696	25.555132	563.268091	82.999451	25.770193	1001.950280	7.755368	12.161837	
6/15/2019 15:19:55.683364349	82.657709	26.333119	1003.168455	43.454529	25.460474	560.326930	83.011279	25.649005	1001.439954	10.315106	12.177804	
6/15/2019 15:19:56.683364349	82.927118	26.341310	1002.163887	43.501408	25.415532	562.241705	82.807737	25.710430	1002.697953	12.242377	12.140297	
6/15/2019 15:19:57.683364349	82.946831	26.297039	1004.194707	43.461571	25.429043	561.323087	82.862512	25.708250	1001.420398	4.812580	12.161614	
6/15/2019 15:19:58.683364349	82.743131	26.302835	1003.479445	44.470340	25.576930	563.356798	83.057380	25.804747	1001.838941	7.814841	12.162139	
6/15/2019 15:19:59.683364349	82.841696	26.322201	1002.757955	43.407095	25.440922	560.481347	83.018402	25.654297	1001.300228	10.642343	12.179224	
6/15/2019 15:20:00.683364349	83.084820	26.371819	1002.845085	43.934004	25.451820	561.242264	82.813861	25.704927	1002.111770	18.493695	12.157421	
