
Time stamp	Inside_humidity (in %rH)	Inside_temperature (in °C)	Inside_pressure (in mbar)	Soil_moisture (in %VWC)	Soil_temperature (in °C)	Inside_CO2_ratio (in ppm)	Outside_humidity (in %rH)	Outside_temperature (in °C)	Outside_pressure (in mbar)	Outside_PAR (in µmol m^-2 s^-1)	Power_box_charge (in V)	
6/15/2019 11:19:04.924031449	80.771848	28.269998	1004.857294	36.057102	26.485512	485.696037	77.064075	29.353110	1004.065863	24.110196	12.223919	
6/15/2019 11:19:05.924031449	81.087254	28.385981	1004.715598	36.752618	26.499717	486.065318	77.038054	29.287113	1004.436620	33.138716	12.197425	
6/15/2019 11:19:06.924031449	80.765278	28.195817	1004.413281	35.505924	26.391997	487.662723	77.470870	29.226631	1004.281126	34.028734	12.222185	
6/15/2019 11:19:07.924031449	80.259315	28.470631	1005.763927	37.034007	26.552169	488.250162	77.397300	29.339098	1004.114277	31.313625	12.205678	
6/15/2019 11:19:08.924031449	80.108183	28.127731	1004.478334	37.055387	26.396813	489.162212	77.705820	29.280478	1004.900426	26.637711	12.201828	
6/15/2019 11:19:09.924031449	79.937339	28.222252	1004.251163	36.197553	26.428815	489.808140	77.327123	29.306004	1004.418329	29.879175	12.222211	
6/15/2019 11:19:10.924031449	79.589079	28.297331	1004.784514	37.719111	26.675360	494.286902	77.740540	29.387653	1004.529033	34.108905	12.195533	
6/15/2019 11:19:11.924031449	79.635075	28.207110	1003.312989	36.085776	26.409018	491.888499	77.479201	29.311190	1003.930553	27.264936	12.218268	
6/15/2019 11:19:12.924031449	79.897913	28.344404	1005.750128	37.929622	26.730588	497.314139	77.698907	29.508016	1004.476832	24.182774	12.186951	
6/15/2019 11:19:13.924031449	79.575937	28.200640	1004.327807	35.762320	26.384323	494.195563	77.438067	29.255682	1004.217100	33.369016	12.229176	
6/15/2019 11:19:14.924031449	80.114754	28.391178	1005.541014	37.782421	26.641072	500.194843	77.541809	29.418577	1004.609620	27.935138	12.204101	
6/15/2019 11:19:15.924031449	80.285599	28.233319	1004.101345	35.764482	26.422325	497.090066	77.353854	29.337129	1004.600160	30.693993	12.212919	
6/15/2019 11:19:16.924031449	79.996477	28.396524	1005.701871	37.410693	26.503677	500.163299	77.464061	29.334325	1004.869831	34.520245	12.196019	
6/15/2019 11:19:17.924031449	79.989906	28.206211	1003.037246	35.356181	26.420611	497.822070	77.210896	29.304967	1003.762440	31.131274	12.207071	
6/15/2019 11:19:18.924031449	80.614146	28.512357	1005.190204	37.040971	26.564905	502.799563	77.275712	29.372403	1004.703769	30.924293	12.201447	
6/15/2019 11:19:19.924031449	80.614146	28.228272	1005.926125	36.771650	26.364811	500.870337	77.206586	29.355078	1003.549385	26.857527	12.185453	
6/15/2019 11:19:20.924031449	80.837558	28.385831	1004.982589	37.060645	26.492655	503.045319	77.039710	29.412355	1004.745088	33.634160	12.201801	
6/15/2019 11:19:21.924031449	80.745565	28.221728	1004.357535	35.581964	26.409304	500.486595	77.089912	29.342527	1003.577929	28.918161	12.201065	
6/15/2019 11:19:22.924031449	81.034686	28.514528	1004.002386	37.532822	26.594131	503.649188	77.059974	29.489135	1004.521623	33.214956	12.180958	
6/15/2019 11:19:23.924031449	80.758707	28.322867	1005.117267	36.508455	26.483798	503.656418	77.224485	29.401253	1004.051195	22.591643	12.220331	
6/15/2019 11:19:24.924031449	81.106967	28.398396	1004.949944	36.734666	26.490696	504.897668	76.937282	29.498163	1004.549853	25.848563	12.199252	
6/15/2019 11:19:25.924031449	81.113538	28.227299	1003.874254	35.634882	26.386323	503.540114	77.041603	29.330282	1003.945850	27.891120	12.204206	
6/15/2019 11:19:26.924031449	81.343521	28.347099	1004.684451	36.330903	26.473960	507.872342	77.064732	29.509889	1005.018388	28.497646	12.203799	
6/15/2019 11:19:27.924031449	80.962406	28.211109	1003.943328	35.804923	26.379792	505.742040	77.013216	29.287431	1004.239178	31.828456	12.231449	
6/15/2019 11:19:28.924031449	81.277811	28.277740	1003.829229	36.185299	26.433387	507.780351	77.255632	29.415159	1004.632963	36.632489	12.207479	
6/15/2019 11:19:29.924031449	81.428943	28.211783	1005.550083	35.725853	26.400487	506.087671	76.795928	29.294278	1004.477939	31.417115	12.220804	
6/15/2019 11:19:30.924031449	81.028115	28.282713	1003.791616	36.527438	26.513881	511.085541	77.162797	29.449396	1005.243746	33.773804	12.185151	
6/15/2019 11:19:31.924031449	81.231815	28.233469	1004.373856	35.897979	26.427999	506.941894	76.754347	29.388490	1003.824893	24.969030	12.220752	
6/15/2019 11:19:32.924031449	81.593216	28.319392	1005.676007	37.555799	26.623806	511.889169	77.166608	29.546306	1004.281283	24.688431	12.187214	
6/15/2019 11:19:33.924031449	81.514365	28.318269	1005.159847	36.151551	26.472777	507.637102	76.823763	29.391188	1004.111912	24.271849	12.211316	
6/15/2019 11:19:34.924031449	81.218673	28.275719	1004.475574	36.600342	26.570497	510.243800	76.957494	29.401041	1004.394987	31.915180	12.218886	
6/15/2019 11:19:35.924031449	81.323808	28.184974	1004.120034	35.394732	26.381506	507.758006	76.591177	29.283177	1004.348781	30.413394	12.207452	
6/15/2019 11:19:36.924031449	81.645784	28.428156	1004.310144	37.065828	26.594580	509.599188	76.971188	29.432896	1004.226560	29.579189	12.194981	
6/15/2019 11:19:37.924031449	81.481510	28.238067	1003.731059	35.541738	26.374118	508.384220	76.608130	29.318143	1004.322130	31.665492	12.228808	
6/15/2019 11:19:38.924031449	81.527507	28.423558	1006.486916	36.851703	26.603397	512.100749	76.999075	29.419096	1004.296108	23.296689	12.186806	
6/15/2019 11:19:39.924031449	81.652355	28.333411	1005.105124	36.005539	26.480124	510.337107	76.747671	29.389633	1004.330647	21.071781	12.221462	
6/15/2019 11:19:40.924031449	81.461798	28.480726	1006.065139	37.099626	26.495186	511.230096	76.793325	29.386934	1003.898065	32.570965	12.169499	
6/15/2019 11:19:41.924031449	81.639213	28.276019	1005.364388	36.003405	26.443591	511.580988	76.768435	29.414947	1004.302417	21.582680	12.199186	
6/15/2019 11:19:42.924031449	82.040041	28.364519	1004.416593	36.723631	26.458939	513.328201	76.722701	29.402809	1004.812586	34.128292	12.203115	
6/15/2019 11:19:43.924031449	81.442085	28.217204	1004.009642	35.544640	26.406446	511.237326	76.573015	29.337129	1003.912733	26.734649	12.221527	
6/15/2019 11:19:44.924031449	81.895480	28.413463	1005.349957	37.026954	26.539393	514.336841	76.816797	29.443585	1004.881027	22.585091	12.186912	
6/15/2019 11:19:45.924031449	81.961189	28.302453	1004.830563	36.594313	26.469103	513.705375	76.739891	29.418165	1004.046622	19.282843	12.196702	
6/15/2019 11:19:46.924031449	81.750919	28.315093	1003.167824	35.894062	26.446489	514.691018	76.728063	29.441924	1004.880084	34.297538	12.170379	
6/15/2019 11:19:47.924031449	81.764061	28.228272	1005.241773	35.631638	26.364526	514.672619	76.630341	29.343458	1004.285384	29.425128	12.203444	
6/15/2019 11:19:48.924031449	81.934905	28.305223	1005.415010	35.982512	26.412161	516.620907	76.795323	29.462159	1004.872196	29.582850	12.175452	
6/15/2019 11:19:49.924031449	81.593216	28.227823	1003.716866	35.858610	26.406732	514.039838	76.473347	29.290955	1004.247537	30.322738	12.229478	
6/15/2019 11:19:50.924031449	81.908622	28.315093	1004.857688	36.282875	26.529148	517.008596	76.935364	29.465376	1004.992209	23.826975	12.154924	
6/15/2019 11:19:51.924031449	81.895480	28.253659	1004.211186	35.776930	26.385180	515.016281	76.389081	29.300088	1004.365814	31.435192	12.227954	
6/15/2019 11:19:52.924031449	81.810058	28.346425	1004.539601	36.696047	26.595192	519.840021	76.806310	29.516630	1004.838922	23.469866	12.191143	
6/15/2019 11:19:53.924031449	81.908622	28.286039	1004.334982	35.971731	26.402201	516.564397	76.560872	29.380087	1004.331276	26.695874	12.225982	
6/15/2019 11:19:54.924031449	82.040041	28.233394	1004.336243	36.608485	26.541026	517.889102	76.721440	29.405920	1004.480933	33.330241	12.214207	
6/15/2019 11:19:55.924031449	81.698351	28.259829	1005.365964	36.071790	26.385180	516.513802	76.604609	29.336092	1003.923772	31.353710	12.206046	
6/15/2019 11:19:56.924031449	81.967760	28.381757	1005.204398	38.101465	26.636256	518.482456	76.701227	29.484256	1004.528719	22.039348	12.213997	
6/15/2019 11:19:57.924031449	81.915193	28.228871	1004.049856	35.806228	26.401058	516.570312	76.709691	29.346781	1003.623978	29.654118	12.200119	
6/15/2019 11:19:58.924031449	82.151747	28.355547	1003.623032	36.944350	26.523514	520.010205	76.546994	29.373853	1004.802019	30.796173	12.208635	
6/15/2019 11:19:59.924031449	81.711493	28.248911	1004.051275	35.878012	26.377547	517.381824	76.647399	29.341384	1004.065863	31.578768	12.228164	
6/15/2019 11:20:00.924031449	82.118892	28.451190	1003.620904	37.209006	26.538005	519.280169	76.523365	29.424800	1004.319922	26.651857	12.174663	
6/15/2019 11:20:01.924031449	82.026899	28.254108	1004.461224	36.079777	26.428529	518.049434	76.602059	29.335055	1004.505697	28.912919	12.224274	
6/15/2019 11:20:02.924031449	82.335733	28.396300	1005.777568	36.785305	26.488125	519.640914	76.435735	29.379356	1004.760385	31.069179	12.205192	
6/15/2019 11:20:03.924031449	81.816628	28.338833	1005.079892	36.325898	26.445837	519.378738	76.559426	29.478140	1004.153860	17.893722	12.201381	
6/15/2019 11:20:04.924031449	82.132034	28.420007	1004.151652	36.661129	26.500901	519.834758	76.517793	29.492765	1004.740358	21.828436	12.200119	
6/15/2019 11:20:05.924031449	82.132034	28.355622	1005.410989	36.099822	26.496288	518.442375	76.650815	29.395337	1003.853280	22.773995	12.199594	
6/15/2019 11:20:06.924031449	81.862625	28.227598	1002.979212	35.576071	26.385466	518.680900	76.457498	29.332462	1004.239335	30.659150	12.217690	
6/15/2019 11:20:07.924031449	81.908622	28.324065	1004.551271	36.288359	26.467675	518.703898	76.705590	29.418683	1003.867156	20.943661	12.222973	
6/15/2019 11:20:08.924031449	82.020328	28.222252	1003.374887	35.437257	26.378078	518.994333	76.377096	29.305899	1003.884504	29.753676	12.192996	
6/15/2019 11:20:09.924031449	82.026899	28.254183	1006.142177	36.687643	26.365914	519.014047	76.748722	29.348856	1004.403032	22.596886	12.193456	
6/15/2019 11:20:10.924031449	81.842912	28.259230	1003.553644	35.906541	26.381221	520.236246	76.407690	29.334537	1004.354618	30.224490	12.226823	
6/15/2019 11:20:11.924031449	82.112321	28.355996	1003.725382	36.479069	26.487512	520.117310	76.772142	29.419202	1004.024230	21.889219	12.195046	
6/15/2019 11:20:12.924031449	82.250311	28.291610	1003.865500	35.530517	26.382078	520.210617	76.455395	29.347194	1004.471473	30.634520	12.207295	
6/15/2019 11:20:13.924031449	81.928334	28.355622	1005.103388	36.352244	26.471634	520.112711	76.713056	29.437775	1004.094564	21.212736	12.207557	
6/15/2019 11:20:14.924031449	82.164888	28.291460	1004.258339	36.429638	26.421468	521.376306	76.575827	29.364730	1004.329225	24.420667	12.225312	
6/15/2019 11:20:15.924031449	82.224027	28.233843	1003.904611	35.931329	26.394854	519.393190	76.468432	29.366699	1003.959097	26.503038	12.222671	
6/15/2019 11:20:16.924031449	81.994044	28.222327	1004.762750	35.740386	26.408692	519.694140	76.544681	29.406132	1004.016499	31.047171	12.197228	
6/15/2019 11:20:17.924031449	82.033470	28.228347	1004.055848	36.361994	26.289133	519.820959	76.372680	29.320736	1004.456176	30.453479	12.199488	
6/15/2019 11:20:18.924031449	82.171459	28.301854	1005.146915	35.901262	26.469062	520.865744	76.609786	29.390045	1004.462013	26.712640	12.219582	
6/15/2019 11:20:19.924031449	82.145176	28.302453	1003.547335	35.857792	26.447265	521.173262	76.714159	29.393781	1004.418644	25.194088	12.211868	
6/15/2019 11:20:20.924031449	81.928334	28.323691	1004.045124	36.315943	26.490329	520.539165	76.498132	29.428335	1004.101659	21.951314	12.213288	
6/15/2019 11:20:21.924031449	82.197743	28.276543	1004.450737	35.462619	26.388323	521.035928	76.647294	29.340759	1004.447030	29.317706	12.203510	
6/15/2019 11:20:22.924031449	82.348875	28.259829	1005.242957	36.065693	26.409834	521.652942	76.437838	29.347713	1004.495287	28.546906	12.214418	
6/15/2019 11:20:23.924031449	82.125463	28.329636	1004.498204	36.158836	26.473634	521.934179	76.671370	29.406438	1004.335377	20.617734	12.221475	
6/15/2019 11:20:24.924031449	82.118892	28.312398	1005.679004	36.043631	26.450367	523.028243	76.340325	29.391707	1004.333483	24.932877	12.198424	
6/15/2019 11:20:25.924031449	82.171459	28.337935	1005.039677	35.826586	26.409549	521.243571	76.567995	29.411423	1003.512325	25.592594	12.186057	
6/15/2019 11:20:26.924031449	82.289736	28.259529	1003.914941	35.429562	26.384894	522.327120	76.256059	29.350411	1003.989691	29.059116	12.229452	
6/15/2019 11:20:27.924031449	82.145176	28.366315	1006.070896	36.503585	26.486084	523.308163	76.474503	29.415466	1004.243593	20.844102	12.215548	
6/15/2019 11:20:28.924031449	82.164888	28.302753	1004.405949	36.522821	26.449265	524.318119	76.626477	29.453132	1004.571931	21.089858	12.186977	
6/15/2019 11:20:29.924031449	82.197743	28.254257	1003.499158	35.828494	26.404161	522.802201	76.319009	29.321255	1003.983068	29.897252	12.219714	
6/15/2019 11:20:30.924031449	82.263453	28.296882	1005.034315	35.286646	26.366199	523.509891	76.416207	29.328726	1004.208583	32.361363	12.207636	
6/15/2019 11:20:31.924031449	82.079466	28.301929	1004.428027	35.827471	26.405304	524.764287	76.312438	29.354560	1004.589593	29.139287	12.229163	
6/15/2019 11:20:32.924031449	82.151747	28.296807	1003.128792	36.115581	26.444694	525.609312	76.375178	29.368360	1004.790665	27.396987	12.214404	
6/15/2019 11:20:33.924031449	82.184601	28.249060	1003.934102	35.443763	26.389711	524.247810	76.315145	29.350930	1003.818427	28.955625	12.225141	
6/15/2019 11:20:34.924031449	82.434297	28.260877	1005.703922	35.508290	26.442449	526.735573	76.286601	29.362444	1004.359348	24.822833	12.197609	
6/15/2019 11:20:35.924031449	82.026899	28.259529	1004.335377	35.769606	26.409263	525.844553	76.093993	29.349893	1004.223409	32.216477	12.230306	
6/15/2019 11:20:36.924031449	82.158317	28.365417	1004.312272	36.441551	26.463715	526.978697	76.477106	29.447321	1004.298631	19.713571	12.190118	
6/15/2019 11:20:37.924031449	82.309449	28.259305	1003.965406	35.907369	26.390323	526.136304	76.070969	29.342315	1004.124687	32.569655	12.213958	
6/15/2019 11:20:38.924031449	82.289736	28.371288	1004.544096	36.480218	26.484941	526.668548	76.446511	29.398036	1004.346730	21.031695	12.225141	
6/15/2019 11:20:39.924031449	82.197743	28.381682	1004.877007	36.309398	26.505636	527.035207	76.249383	29.425012	1004.270087	20.947592	12.219096	
6/15/2019 11:20:40.924031449	82.348875	28.356969	1003.996947	36.457057	26.465144	526.232894	76.311439	29.394818	1004.280654	21.069160	12.197688	
6/15/2019 11:20:41.924031449	82.302878	28.329037	1005.752651	36.327241	26.474165	527.467576	76.211061	29.418789	1004.350988	26.183664	12.204062	
6/15/2019 11:20:42.924031449	82.092608	28.280916	1002.806684	35.882882	26.408120	526.148787	76.265337	29.342421	1004.081318	32.423458	12.216205	
6/15/2019 11:20:43.924031449	82.408013	28.350949	1003.461860	36.726300	26.492329	527.754728	76.342428	29.474816	1004.341528	22.034106	12.202301	
6/15/2019 11:20:44.924031449	82.368588	28.228721	1003.779868	35.605408	26.354035	526.118558	76.302055	29.371472	1004.370387	31.699025	12.195244	
6/15/2019 11:20:45.924031449	82.289736	28.381832	1004.307542	36.133425	26.482410	527.140345	76.147060	29.413804	1004.190921	22.854166	12.224379	
6/15/2019 11:20:46.924031449	82.079466	28.275794	1002.879149	35.560069	26.380649	526.688261	76.306971	29.351554	1004.353039	32.608430	12.218807	
6/15/2019 11:20:47.924031449	82.145176	28.302528	1003.155838	35.825094	26.430815	527.152828	76.312280	29.384860	1004.521623	29.773064	12.221751	
6/15/2019 11:20:48.924031449	82.066324	28.275345	1004.006330	35.456455	26.418325	525.924061	76.190349	29.410280	1004.013191	24.154213	12.219398	
6/15/2019 11:20:49.924031449	81.974331	28.350050	1004.475812	34.810934	26.477838	525.452264	76.450113	29.328102	1003.889076	31.276160	12.192300	
6/15/2019 11:20:50.924031449	82.178030	28.259829	1003.765517	35.759534	26.396813	525.881349	76.213873	29.348750	1003.938912	30.695303	12.224248	
6/15/2019 11:20:51.924031449	82.283165	28.339581	1004.701799	36.349546	26.445837	527.650906	76.402223	29.416090	1004.591644	25.178632	12.224563	
6/15/2019 11:20:52.924031449	82.302878	28.334908	1004.362422	35.979133	26.456613	527.302645	76.166221	29.361926	1004.407605	25.747694	12.226088	
6/15/2019 11:20:53.924031449	82.322591	28.319092	1003.380959	35.956215	26.439632	527.660105	76.363402	29.371472	1004.475417	28.024212	12.218465	
6/15/2019 11:20:54.924031449	82.381730	28.397273	1005.296970	36.214180	26.477553	526.755287	76.479052	29.455936	1003.772693	24.381892	12.201709	
6/15/2019 11:20:55.924031449	82.368588	28.281366	1004.023992	35.645479	26.420325	527.077919	76.207854	29.335574	1004.576189	30.104233	12.224550	
6/15/2019 11:20:56.924031449	82.355446	28.291161	1003.598037	35.605701	26.390282	526.735573	76.355465	29.314926	1004.363764	32.896892	12.226994	
6/15/2019 11:20:57.924031449	82.263453	28.376485	1002.652135	36.120003	26.377261	527.618709	76.162410	29.350411	1004.753448	29.611411	12.194652	
6/15/2019 11:20:58.924031449	82.316020	28.345302	1004.177042	36.058738	26.439591	526.341316	76.422883	29.427192	1003.943013	24.192988	12.204601	
6/15/2019 11:20:59.924031449	82.394871	28.328813	1004.745483	36.117997	26.429958	527.641707	76.144300	29.378943	1004.471631	27.580649	12.226127	
6/15/2019 11:21:00.924031449	82.500007	28.376335	1004.669943	37.338909	26.652094	530.208325	76.666402	29.658890	1004.878033	26.732028	12.201591	
6/15/2019 11:21:01.924031449	82.355446	28.275944	1004.274740	36.180118	26.452653	526.824280	76.203386	29.345638	1004.580762	32.382061	12.231620	
6/15/2019 11:21:02.924031449	82.427726	28.399369	1004.776786	37.845312	26.741364	528.595153	76.631549	29.567366	1004.531555	28.328401	12.209516	
6/15/2019 11:21:03.924031449	82.283165	28.302453	1003.799581	35.556630	26.399630	526.255892	76.301898	29.350411	1004.068700	33.266836	12.224550	
6/15/2019 11:21:04.924031449	82.342304	28.377158	1005.899394	37.418193	26.629153	530.304916	76.516137	29.429467	1004.677276	33.679487	12.209476	
6/15/2019 11:21:05.924031449	82.283165	28.302304	1005.151568	35.509157	26.377261	526.772369	76.438679	29.338791	1004.383791	33.019770	12.219661	
6/15/2019 11:21:06.924031449	82.519719	28.546159	1006.387563	37.815069	26.634337	529.454629	76.499289	29.517350	1004.346887	25.280812	12.206362	
6/15/2019 11:21:07.924031449	82.355446	28.407967	1003.327262	35.968176	26.479267	526.961614	76.463255	29.466519	1003.674286	24.155523	12.215548	
6/15/2019 11:21:08.924031449	82.559145	28.576443	1006.265579	36.991248	26.576824	528.304055	76.355727	29.470562	1004.223880	29.843021	12.196650	
6/15/2019 11:21:09.924031449	82.408013	28.360894	1005.972094	36.014460	26.475022	528.347429	76.515875	29.438812	1004.195022	24.647035	12.201341	
6/15/2019 11:21:10.924031449	82.532861	28.498487	1005.609221	36.652334	26.508248	529.798291	76.371576	29.569240	1004.930391	28.960867	12.174532	
6/15/2019 11:21:11.924031449	82.348875	28.383478	1004.995363	35.992448	26.454123	529.615624	76.495558	29.448877	1004.070279	24.767292	12.202275	
6/15/2019 11:21:12.924031449	82.427726	28.378730	1004.299657	36.179435	26.411590	531.190021	76.276376	29.484056	1005.128306	38.354090	12.186163	
6/15/2019 11:21:13.924031449	82.296307	28.377533	1003.666244	36.295362	26.481267	530.435019	76.402066	29.463196	1004.214892	23.823044	12.197070	
6/15/2019 11:21:14.924031449	82.322591	28.352670	1005.216383	36.189274	26.468532	532.650744	76.285497	29.517879	1004.928813	37.190026	12.193023	
6/15/2019 11:21:15.924031449	82.335733	28.355696	1004.189265	35.961007	26.431672	531.283328	76.446959	29.365662	1004.589593	30.369376	12.224287	
6/15/2019 11:21:16.924031449	82.388301	28.337079	1004.512398	36.667606	26.557516	532.233489	76.402723	29.516006	1004.666394	28.645154	12.209056	
6/15/2019 11:21:17.924031449	82.178030	28.275869	1004.256525	35.570344	26.409263	529.461860	76.393996	29.364730	1003.742255	28.096790	12.228611	
6/15/2019 11:21:18.924031449	82.243740	28.452238	1004.620345	37.687465	26.666298	532.778879	76.425747	29.534473	1004.213313	26.782598	12.214102	
6/15/2019 11:21:19.924031449	82.230598	28.445843	1003.309914	35.865769	26.526331	530.339081	76.538005	29.397411	1004.691944	22.241087	12.198634	
6/15/2019 11:21:20.924031449	82.513148	28.503310	1006.088953	37.068770	26.554373	531.888512	76.384613	29.410587	1004.118850	34.150301	12.207952	
6/15/2019 11:21:21.924031449	82.513148	28.328963	1003.061769	36.067124	26.389997	530.632148	76.295485	29.333394	1004.308883	33.983406	12.214588	
6/15/2019 11:21:22.924031449	82.795699	28.566873	1005.045591	37.687864	26.602866	531.354289	76.559768	29.472530	1004.436620	27.332272	12.205100	
6/15/2019 11:21:23.924031449	82.493436	28.276393	1004.305019	35.924258	26.401630	529.959938	76.412106	29.348337	1004.157804	34.970361	12.204351	
6/15/2019 11:21:24.924031449	82.657709	28.419184	1004.531007	36.557349	26.447592	531.638157	76.551489	29.414429	1004.838765	37.023131	12.210094	
6/15/2019 11:21:25.924031449	82.263453	28.324364	1003.173500	35.825581	26.418937	529.846918	76.245125	29.395337	1003.831988	33.362464	12.206795	
6/15/2019 11:21:26.924031449	82.335733	28.478672	1003.306523	36.254999	26.503677	531.145993	76.688428	29.504704	1004.628390	31.074422	12.198884	
6/15/2019 11:21:27.924031449	82.132034	28.324813	1004.268274	36.101652	26.458858	530.143921	76.320612	29.379568	1004.125945	26.920932	12.212630	
6/15/2019 11:21:28.924031449	82.302878	28.437245	1003.718364	36.549245	26.536536	531.989050	76.730613	29.573600	1004.232554	32.900824	12.196098	
6/15/2019 11:21:29.924031449	82.210885	28.271046	1004.131230	35.552374	26.392282	530.907469	76.275220	29.353004	1004.127838	35.011757	12.231515	
6/15/2019 11:21:30.924031449	82.335733	28.399144	1005.005928	36.729417	26.590049	533.903172	76.748171	29.544337	1004.578083	27.961078	12.206441	
6/15/2019 11:21:31.924031449	82.263453	28.407817	1005.691147	36.012260	26.442979	531.162423	76.350759	29.430515	1003.912576	26.906786	12.180945	
6/15/2019 11:21:32.924031449	82.217456	28.410137	1003.923692	37.905389	26.560333	532.194062	76.839664	29.525965	1003.998837	28.848203	12.182903	
6/15/2019 11:21:33.924031449	82.210885	28.413463	1005.519646	35.860665	26.467348	530.021048	76.347448	29.428748	1003.840662	28.976323	12.207255	
6/15/2019 11:21:34.924031449	82.302878	28.499011	1004.723325	37.283653	26.577354	531.816887	76.545837	29.429986	1004.178146	31.559381	12.213051	
6/15/2019 11:21:35.924031449	82.164888	28.287236	1003.730113	35.655385	26.382935	530.183349	76.627528	29.379462	1003.935126	33.310854	12.201000	
6/15/2019 11:21:36.924031449	82.368588	28.449768	1004.080371	36.668347	26.461184	532.228227	76.453792	29.409550	1004.419115	38.911628	12.213379	
6/15/2019 11:21:37.924031449	82.316020	28.361867	1005.278439	36.104536	26.447837	531.989050	76.629289	29.434039	1004.048201	25.344217	12.200356	
6/15/2019 11:21:38.924031449	82.519719	28.403144	1005.751469	36.484581	26.468572	531.345090	76.489354	29.402184	1004.344680	38.377409	12.187345	
6/15/2019 11:21:39.924031449	82.204314	28.293332	1003.378593	35.897482	26.394854	531.483740	76.594279	29.365037	1003.947743	32.498387	12.226547	
6/15/2019 11:21:40.924031449	82.309449	28.368486	1003.143538	35.854040	26.391752	532.608685	76.565997	29.481770	1004.924083	39.954124	12.173651	
6/15/2019 11:21:41.924031449	82.302878	28.382505	1005.400107	36.132110	26.447551	533.188904	76.553145	29.393157	1004.283019	28.870212	12.213208	
6/15/2019 11:21:42.924031449	82.296307	28.346874	1004.040393	36.305910	26.445551	534.576034	76.621167	29.472848	1004.838922	39.779636	12.215942	
6/15/2019 11:21:43.924031449	82.296307	28.292284	1005.511761	36.514844	26.359423	533.997132	76.420727	29.414947	1004.608834	27.950593	12.198936	
6/15/2019 11:21:44.924031449	82.342304	28.441769	1003.517924	37.007621	26.607356	534.403219	76.673735	29.495358	1004.107968	32.079454	12.201762	
6/15/2019 11:21:45.924031449	82.302878	28.334160	1004.668839	35.688043	26.419468	532.828159	76.662039	29.357883	1004.464378	35.812429	12.229544	
6/15/2019 11:21:46.924031449	82.362017	28.472652	1005.130671	37.684369	26.627766	535.956586	76.595488	29.508534	1004.386785	25.708919	12.193890	
6/15/2019 11:21:47.924031449	82.283165	28.313970	1003.188798	35.643998	26.393997	533.708664	76.609077	29.359227	1004.718437	34.428279	12.214155	
6/15/2019 11:21:48.924031449	82.434297	28.504358	1005.166628	37.065243	26.570007	536.057124	76.510223	29.437457	1004.528090	29.796383	12.210988	
6/15/2019 11:21:49.924031449	82.329162	28.277067	1004.274740	35.396202	26.368771	533.468824	76.512878	29.318037	1004.022965	36.589782	12.206782	
6/15/2019 11:21:50.924031449	82.552574	28.472727	1006.055599	36.820904	26.494941	533.676467	76.328444	29.398861	1004.387577	36.995880	12.200960	
6/15/2019 11:21:51.924031449	82.414584	28.382730	1004.870383	36.029187	26.482982	533.760575	76.615805	29.467451	1004.175466	26.099561	12.224576	
6/15/2019 11:21:52.924031449	82.513148	28.424456	1004.153860	35.753505	26.422080	534.495863	76.371077	29.440474	1004.585335	39.607499	12.203852	
6/15/2019 11:21:53.924031449	82.362017	28.386430	1004.510979	35.809335	26.448653	534.294798	76.596644	29.438400	1003.776951	27.632530	12.205034	
6/15/2019 11:21:54.924031449	82.473723	28.391370	1004.656696	36.094318	26.488125	537.356863	76.565997	29.537490	1004.751397	33.696254	12.185584	
6/15/2019 11:21:55.924031449	82.440868	28.393648	1003.387110	36.615595	26.487512	535.154274	76.730061	29.451470	1003.917620	25.565343	12.196413	
6/15/2019 11:21:56.924031449	82.526290	28.408640	1003.652208	36.407334	26.445265	535.606357	76.530935	29.442654	1004.361870	27.193938	12.218728	
6/15/2019 11:21:57.924031449	82.749702	28.578315	1004.877558	37.032622	26.469756	536.455318	76.639829	29.475748	1005.184922	43.258993	12.185952	
6/15/2019 11:21:58.924031449	82.375159	28.397797	1002.368428	35.382245	26.486329	534.238940	76.457550	29.405507	1003.619720	38.275230	12.181786	
6/15/2019 11:21:59.924031449	82.611713	28.549079	1003.577772	36.864110	26.513065	538.340527	76.865686	29.672690	1005.504272	32.079454	12.183468	
6/15/2019 11:22:00.924031449	82.302878	28.414885	1005.310689	36.094172	26.446979	535.647753	76.591177	29.398967	1003.538661	29.895942	12.209989	
6/15/2019 11:22:01.924031449	82.519719	28.365909	1003.835300	36.183653	26.502860	539.999042	76.919909	29.545787	1005.059707	38.616612	12.203470	
6/15/2019 11:22:02.924031449	82.651138	28.344629	1003.904297	36.068069	26.441591	537.279323	76.582398	29.385272	1004.492608	32.511492	12.220752	
6/15/2019 11:22:03.924031449	82.637996	28.438593	1005.551501	36.697810	26.612173	539.181615	76.914390	29.513826	1004.113013	37.902664	12.181524	
6/15/2019 11:22:04.924031449	82.631425	28.393274	1003.345082	36.157853	26.437632	537.779370	76.528227	29.396998	1004.302732	31.027783	12.208215	
6/15/2019 11:22:05.924031449	82.624854	28.477175	1005.214727	38.399773	26.636256	538.491660	76.876725	29.544020	1004.513578	28.430581	12.213248	
6/15/2019 11:22:06.924031449	82.421155	28.277516	1004.536054	35.213917	26.387751	536.923831	76.500288	29.329552	1003.821264	34.535701	12.204798	
6/15/2019 11:22:07.924031449	82.532861	28.567172	1005.042279	36.968661	26.554700	538.560653	76.732269	29.442231	1003.998522	35.461872	12.209266	
6/15/2019 11:22:08.924031449	82.375159	28.355472	1004.724903	35.553231	26.366199	537.183385	76.446064	29.341902	1004.162691	37.209414	12.200040	
6/15/2019 11:22:09.924031449	82.729990	28.567846	1005.310926	37.345755	26.495268	538.198593	76.722439	29.516630	1004.437885	34.394746	12.178803	
6/15/2019 11:22:10.924031449	82.375159	28.372560	1002.931032	35.812530	26.392854	536.509860	76.479523	29.374170	1004.447502	36.772133	12.197701	
6/15/2019 11:22:11.924031449	82.618284	28.494413	1004.638797	36.869711	26.478206	538.407552	76.895833	29.575981	1005.270082	32.810168	12.178488	
6/15/2019 11:22:12.924031449	82.322591	28.382730	1004.082027	36.252263	26.448694	536.439551	76.548492	29.416503	1003.983068	29.034486	12.224773	
6/15/2019 11:22:13.924031449	82.467152	28.463755	1006.084380	36.381542	26.583273	538.795241	76.963094	29.618113	1004.665765	35.348168	12.191958	
6/15/2019 11:22:14.924031449	82.230598	28.566349	1003.771826	35.061847	26.573885	537.015169	76.562081	29.452613	1004.201802	27.896362	12.201249	
6/15/2019 11:22:15.924031449	82.408013	28.431899	1004.959407	37.288883	26.628011	540.705417	77.000312	29.580235	1004.662450	30.005985	12.198293	
6/15/2019 11:22:16.924031449	82.217456	28.355921	1002.969354	35.900112	26.406446	536.084722	76.418177	29.355703	1004.109547	36.037487	12.212354	
6/15/2019 11:22:17.924031449	82.335733	28.468353	1005.076737	37.782538	26.627480	538.992370	76.792117	29.498364	1004.130046	34.564263	12.215876	
6/15/2019 11:22:18.924031449	82.342304	28.388151	1004.311563	35.981139	26.446979	538.182826	76.519843	29.391082	1004.394515	32.217787	12.210738	
6/15/2019 11:22:19.924031449	82.296307	28.460312	1004.630832	36.877105	26.492043	539.159922	76.532196	29.371778	1004.281597	41.784458	12.188108	
6/15/2019 11:22:20.924031449	82.158317	28.361717	1004.077454	36.031232	26.431672	536.887034	76.400015	29.383611	1003.785782	32.423458	12.220147	
6/15/2019 11:22:21.924031449	82.546003	28.568070	1005.657478	37.253887	26.539148	539.503584	76.571569	29.483113	1004.512950	31.642173	12.190144	
6/15/2019 11:22:22.924031449	82.368588	28.430476	1006.000718	36.170953	26.504779	538.084920	76.586552	29.426049	1004.087941	29.304871	12.215259	
6/15/2019 11:22:23.924031449	82.500007	28.452537	1004.667498	36.262722	26.448449	538.899716	76.562685	29.498681	1004.441986	42.415614	12.206401	
6/15/2019 11:22:24.924031449	82.243740	28.334684	1003.216475	35.882025	26.381792	538.112517	76.513377	29.346157	1003.632652	39.241486	12.206598	
6/15/2019 11:22:25.924031449	82.454010	28.331433	1004.237285	35.969792	26.429999	541.614835	76.442043	29.464752	1004.677590	41.843931	12.192129	
6/15/2019 11:22:26.924031449	82.329162	28.403892	1004.174914	36.288359	26.475308	539.219064	76.497528	29.453026	1004.018235	30.472867	12.222421	
6/15/2019 11:22:27.924031449	82.329162	28.346126	1004.100873	36.362724	26.512126	542.175339	76.579981	29.471599	1004.147551	42.657709	12.196965	
6/15/2019 11:22:28.924031449	82.224027	28.387478	1004.386393	35.784226	26.446367	538.980540	76.404431	29.459672	1004.149130	31.368126	12.195467	
6/15/2019 11:22:29.924031449	82.283165	28.525296	1005.865331	37.251015	26.599968	540.924227	76.640775	29.488511	1004.123737	36.785239	12.197425	
6/15/2019 11:22:30.924031449	82.210885	28.335208	1004.047569	35.798202	26.408732	538.393754	76.240762	29.357047	1004.057504	37.079983	12.222934	
6/15/2019 11:22:31.924031449	82.355446	28.509630	1005.926440	36.721673	26.515881	540.637076	76.495477	29.401866	1004.417065	41.880085	12.203470	
6/15/2019 11:22:32.924031449	82.355446	28.356894	1003.970216	35.881772	26.432530	539.802566	76.265889	29.465164	1004.534398	32.935667	12.196150	
6/15/2019 11:22:33.924031449	82.526290	28.578689	1004.658115	37.219797	26.558986	541.089812	76.492113	29.511751	1004.585178	30.987698	12.206322	
6/15/2019 11:22:34.924031449	82.348875	28.394097	1005.583200	35.651858	26.405916	541.118072	76.324371	29.421689	1003.903745	34.332652	12.201013	
6/15/2019 11:22:35.924031449	82.592000	28.436721	1003.614044	36.511795	26.477634	542.175992	76.496976	29.551185	1004.937486	37.104613	12.203602	
6/15/2019 11:22:36.924031449	82.362017	28.335282	1004.618926	35.805985	26.406161	539.374797	76.244968	29.365768	1003.689583	39.162626	12.187253	
6/15/2019 11:22:37.924031449	82.572287	28.505706	1005.098501	36.425664	26.553516	541.488016	76.634756	29.586257	1004.414228	35.965179	12.198253	
6/15/2019 11:22:38.924031449	82.421155	28.371512	1004.623657	36.158106	26.421182	541.567524	76.136021	29.381018	1004.449238	39.615362	12.223223	
6/15/2019 11:22:39.924031449	82.486865	28.468952	1004.262360	37.241918	26.619806	543.636063	76.508909	29.546930	1004.202746	36.027273	12.186938	
6/15/2019 11:22:40.924031449	82.440868	28.473400	1005.750838	36.472153	26.491186	541.604320	76.198971	29.449808	1003.779316	31.828456	12.205573	
6/15/2019 11:22:41.924031449	82.493436	28.462333	1003.572962	37.372220	26.570823	544.237300	76.300452	29.471281	1005.003248	37.107234	12.198950	
6/15/2019 11:22:42.924031449	82.519719	28.425130	1004.053798	36.056605	26.448694	542.064287	76.168823	29.414429	1004.530297	34.270558	12.207544	
6/15/2019 11:22:43.924031449	82.618284	28.561750	1006.070344	36.583599	26.522086	540.844056	76.181071	29.396268	1004.173887	41.422377	12.206322	
6/15/2019 11:22:44.924031449	82.513148	28.324065	1003.837351	35.543618	26.376690	539.975381	76.089972	29.335468	1004.197701	42.261824	12.231147	
6/15/2019 11:22:45.924031449	82.710277	28.477924	1004.367232	36.159391	26.433142	540.642328	76.183831	29.440368	1004.445137	48.660649	12.212144	
6/15/2019 11:22:46.924031449	82.559145	28.446666	1004.417145	36.315086	26.492043	541.365796	76.370710	29.443480	1004.348466	32.526948	12.220712	
6/15/2019 11:22:47.924031449	82.624854	28.544031	1006.019879	36.988199	26.517596	541.590522	76.259266	29.567059	1004.442458	36.305251	12.188199	
6/15/2019 11:22:48.924031449	82.335733	28.355846	1005.385205	35.792641	26.414651	541.807364	76.222890	29.368985	1004.180511	40.846763	12.204850	
6/15/2019 11:22:49.924031449	82.375159	28.367812	1004.192734	36.367916	26.467634	542.116198	76.174842	29.462466	1004.700775	44.333982	12.213287	
6/15/2019 11:22:50.924031449	82.296307	28.357119	1004.036687	36.077633	26.429713	540.588449	76.082797	29.417022	1003.886711	36.056874	12.226258	
6/15/2019 11:22:51.924031449	82.335733	28.331433	1003.104269	35.554575	26.403630	541.618119	75.935291	29.392839	1004.134304	44.330051	12.226692	
6/15/2019 11:22:52.924031449	82.572287	28.474897	1004.692573	36.289527	26.466572	543.219461	76.293619	29.625585	1005.514996	44.890209	12.192011	
6/15/2019 11:22:53.924031449	82.408013	28.446891	1005.359498	36.029021	26.478165	543.581521	75.961970	29.441405	1004.002623	34.375359	12.208017	
6/15/2019 11:22:54.924031449	82.539432	28.395819	1004.422113	36.317657	26.544169	544.370035	76.417705	29.581897	1005.005456	42.145499	12.198936	
6/15/2019 11:22:55.924031449	82.355446	28.334309	1005.161503	35.503226	26.385466	542.078086	75.755563	29.389633	1003.952316	43.084505	12.223328	
6/15/2019 11:22:56.924031449	82.467152	28.490039	1004.770872	37.412534	26.728057	546.559478	76.237897	29.583135	1004.596845	35.592614	12.211106	
6/15/2019 11:22:57.924031449	82.316020	28.462482	1004.321341	36.184988	26.472491	543.599919	75.809235	29.426568	1004.173258	34.866870	12.224484	
6/15/2019 11:22:58.924031449	82.467152	28.541561	1005.468549	37.635259	26.640297	545.482497	76.176208	29.514958	1004.466743	36.140977	12.204443	
6/15/2019 11:22:59.924031449	82.335733	28.420082	1005.332847	36.004632	26.462001	543.830560	75.755011	29.409031	1004.674282	37.615512	12.212551	
6/15/2019 11:23:00.924031449	82.447439	28.573043	1005.709204	36.835807	26.493798	544.709750	76.049705	29.450221	1004.602840	48.122499	12.208504	
6/15/2019 11:23:01.924031449	82.178030	28.339731	1004.005778	35.735964	26.380078	543.768135	75.701340	29.352486	1003.965406	43.574706	12.228887	
6/15/2019 11:23:02.924031449	82.375159	28.494263	1004.149682	36.092194	26.397997	544.399601	75.967489	29.462159	1004.831984	51.699064	12.203576	
6/15/2019 11:23:03.924031449	82.151747	28.419783	1004.143216	35.924706	26.408161	545.490380	75.816253	29.390564	1004.420851	44.988457	12.210173	
6/15/2019 11:23:04.924031449	82.414584	28.497183	1004.280968	36.585254	26.560374	547.332878	76.192452	29.631183	1004.768588	39.262184	12.206822	
6/15/2019 11:23:05.924031449	82.316020	28.347099	1004.592038	35.964308	26.399099	545.504179	75.947015	29.400004	1004.478097	43.137425	12.193391	
6/15/2019 11:23:06.924031449	82.368588	28.405015	1004.365734	36.857420	26.537638	546.740177	76.017744	29.507084	1005.082257	44.380621	12.207781	
6/15/2019 11:23:07.924031449	82.414584	28.430926	1004.516261	36.483530	26.465674	546.194787	76.123222	29.444104	1004.230504	37.005054	12.224051	
6/15/2019 11:23:08.924031449	82.480294	28.505481	1003.260631	37.577871	26.590090	548.234413	75.950037	29.470763	1004.344680	40.679867	12.203838	
6/15/2019 11:23:09.924031449	82.493436	28.367139	1004.133281	35.792260	26.401630	545.485781	75.948828	29.433521	1004.696360	43.221528	12.202669	
6/15/2019 11:23:10.924031449	82.618284	28.567172	1005.553157	37.252145	26.508207	546.632408	75.785211	29.427499	1004.526039	50.514302	12.211697	
6/15/2019 11:23:11.924031449	82.493436	28.340180	1003.954209	35.787693	26.369587	543.867357	75.935686	29.354560	1003.912733	45.605468	12.227941	
6/15/2019 11:23:12.924031449	82.651138	28.552853	1004.933228	36.513547	26.475961	545.666479	75.841590	29.494215	1004.810378	47.955604	12.194179	
6/15/2019 11:23:13.924031449	82.256882	28.330385	1004.089202	35.529222	26.378445	543.781933	76.021213	29.385791	1004.311563	45.108714	12.203418	
6/15/2019 11:23:14.924031449	82.414584	28.539059	1005.203846	36.590328	26.521555	544.420630	76.077382	29.574013	1004.532191	41.827165	12.207925	
6/15/2019 11:23:15.924031449	82.263453	28.382954	1004.729791	35.984013	26.436489	544.171591	75.996480	29.418683	1003.330336	39.902514	12.202879	
6/15/2019 11:23:16.924031449	82.388301	28.390247	1004.696279	35.982688	26.503105	547.976174	76.145747	29.489029	1004.543701	47.246898	12.202222	
6/15/2019 11:23:17.924031449	82.427726	28.399519	1004.146842	35.662427	26.426039	545.851125	76.028336	29.429679	1004.475732	41.862008	12.193785	
6/15/2019 11:23:18.924031449	82.454010	28.399968	1005.112851	36.815480	26.554373	547.754732	76.325317	29.438389	1004.434413	47.801815	12.219359	
6/15/2019 11:23:19.924031449	82.513148	28.467754	1004.353354	36.214247	26.481267	546.016056	76.063294	29.483219	1003.995843	37.166707	12.223801	
6/15/2019 11:23:20.924031449	82.710277	28.604300	1004.740515	37.226948	26.599152	547.136402	76.470430	29.490067	1004.177674	42.700416	12.207452	
6/15/2019 11:23:21.924031449	82.362017	28.366989	1005.067354	35.493641	26.388323	548.184470	76.131211	29.390045	1004.086205	45.830526	12.209634	
6/15/2019 11:23:22.924031449	82.454010	28.574016	1004.569880	36.711553	26.520167	549.258820	76.443147	29.493697	1004.720488	42.297978	12.206795	
6/15/2019 11:23:23.924031449	82.237169	28.551731	1004.259994	34.851939	26.522617	549.586715	76.127952	29.499825	1003.868735	39.696844	12.184677	
6/15/2019 11:23:24.924031449	82.546003	28.480020	1004.484563	36.565978	26.472818	550.164955	76.506701	29.577124	1004.913358	44.846192	12.209148	
6/15/2019 11:23:25.924031449	82.381730	28.505331	1004.703060	36.464624	26.500248	548.147674	76.159650	29.456243	1003.937019	39.429080	12.203825	
6/15/2019 11:23:26.924031449	82.539432	28.490713	1004.697541	36.955794	26.558945	549.250937	76.614044	29.615721	1004.440722	40.394026	12.211631	
6/15/2019 11:23:27.924031449	82.440868	28.483495	1003.580137	36.481484	26.534250	549.381040	76.331494	29.464127	1004.315821	37.435782	12.216849	
6/15/2019 11:23:28.924031449	82.375159	28.483869	1004.861552	36.592151	26.594866	551.072405	76.500787	29.465058	1004.152753	48.606418	12.188988	
6/15/2019 11:23:29.924031449	82.329162	28.398096	1004.272926	35.771651	26.399630	548.485420	76.194713	29.392225	1003.792406	43.533310	12.229925	
6/15/2019 11:23:30.924031449	82.546003	28.620939	1003.877723	37.445435	26.576783	550.371282	76.554564	29.432684	1003.746985	48.747373	12.199015	
6/15/2019 11:23:31.924031449	82.421155	28.419259	1004.697778	36.425100	26.453184	549.834439	76.332650	29.429997	1004.479833	43.683439	12.226692	
6/15/2019 11:23:32.924031449	82.578858	28.520249	1003.291857	36.942207	26.462327	550.176122	76.599456	29.476372	1004.902319	54.288674	12.201722	
6/15/2019 11:23:33.924031449	82.677422	28.394022	1006.040459	36.422197	26.415794	550.816797	76.371576	29.527944	1003.770799	40.911478	12.184323	
6/15/2019 11:23:34.924031449	82.381730	28.526269	1005.465160	35.989515	26.426039	549.586052	76.706142	29.498681	1004.635013	50.043489	12.188567	
6/15/2019 11:23:35.924031449	82.263453	28.356670	1003.820398	35.350404	26.392282	549.229907	76.342585	29.375102	1004.171365	48.743442	12.232856	
6/15/2019 11:23:36.924031449	82.447439	28.422028	1006.095734	36.294340	26.586661	551.910861	76.909080	29.590406	1004.503961	42.330471	12.180787	
6/15/2019 11:23:37.924031449	82.348875	28.452462	1004.640452	36.135266	26.467960	549.804210	76.523759	29.446591	1004.254475	39.568724	12.224852	
6/15/2019 11:23:38.924031449	82.316020	28.421505	1005.371089	36.572710	26.564007	551.786010	76.714369	29.507391	1004.454126	50.919090	12.203194	
6/15/2019 11:23:39.924031449	82.368588	28.398471	1004.565779	35.670277	26.411549	549.498660	76.631996	29.382573	1004.259362	49.828645	12.225141	
6/15/2019 11:23:40.924031449	82.552574	28.615742	1005.157402	38.035380	26.518698	551.912829	76.694656	29.493697	1004.611042	40.179453	12.192182	
6/15/2019 11:23:41.924031449	82.605142	28.399444	1004.774184	36.227387	26.453510	550.334486	76.815326	29.425425	1004.613407	42.360072	12.201880	
6/15/2019 11:23:42.924031449	82.775986	28.632232	1004.598819	37.231096	26.539434	550.215550	76.697968	29.527626	1004.389942	42.448107	12.207636	
6/15/2019 11:23:43.924031449	82.414584	28.393199	1004.075403	36.071215	26.422611	550.620322	76.814827	29.445141	1004.287277	47.598765	12.224090	
6/15/2019 11:23:44.924031449	82.421155	28.511876	1003.795165	36.594701	26.482451	551.211707	76.714317	29.547343	1004.773003	47.038607	12.196269	
6/15/2019 11:23:45.924031449	82.316020	28.462482	1005.849639	36.149798	26.486655	551.345757	76.775663	29.478552	1004.249588	41.955285	12.215640	
6/15/2019 11:23:46.924031449	82.342304	28.389648	1002.974716	36.331653	26.465674	553.185624	76.923668	29.486543	1004.565622	52.670563	12.210580	
6/15/2019 11:23:47.924031449	82.775986	28.657468	1006.015621	37.258056	26.540862	552.163837	76.673944	29.531468	1004.917459	51.708238	12.193312	
6/15/2019 11:23:48.924031449	82.401442	28.430776	1004.718200	36.035323	26.453796	549.892917	76.660593	29.468382	1003.825365	44.147700	12.224471	
6/15/2019 11:23:49.924031449	82.729990	28.496135	1004.533766	36.581202	26.462041	552.414192	76.922327	29.639279	1005.094875	52.223069	12.200776	
6/15/2019 11:23:50.924031449	82.598571	28.452537	1004.503566	36.200826	26.465674	551.879317	76.615700	29.475229	1004.276395	44.434852	12.225194	
6/15/2019 11:23:51.924031449	82.710277	28.491761	1004.642818	37.022951	26.618704	555.289643	77.004937	29.668224	1004.769216	47.628637	12.206151	
6/15/2019 11:23:52.924031449	82.513148	28.434925	1004.318976	36.562892	26.423999	552.213780	76.607973	29.391707	1004.429525	48.653057	12.227691	
6/15/2019 11:23:53.924031449	82.368588	28.495461	1004.440959	37.230989	26.768835	555.196336	76.953026	29.586352	1004.302889	48.968770	12.168395	
6/15/2019 11:23:54.924031449	82.138605	28.409688	1005.157797	35.594607	26.392282	551.900999	76.448272	29.406438	1004.248009	55.582168	12.216376	
6/15/2019 11:23:55.924031449	82.362017	28.589832	1003.974000	37.381999	26.570293	555.602414	76.795086	29.509359	1004.685792	52.296687	12.195730	
6/15/2019 11:23:56.924031449	82.309449	28.377608	1004.284517	35.903960	26.417223	553.098885	76.542316	29.354041	1004.443087	55.235543	12.227835	
6/15/2019 11:23:57.924031449	82.585429	28.547656	1004.437410	36.520181	26.479063	554.248143	76.715026	29.460285	1004.944110	57.771962	12.203300	
6/15/2019 11:23:58.924031449	82.342304	28.377383	1002.349425	35.708302	26.371587	552.163837	76.753480	29.390151	1003.518791	57.125350	12.188291	
6/15/2019 11:23:59.924031449	82.598571	28.516998	1003.211350	36.244187	26.441061	552.478586	76.633810	29.500968	1004.352725	63.282351	12.202104	
6/15/2019 11:24:00.924031449	82.460581	28.398471	1004.649521	35.846133	26.394813	552.287373	76.742099	29.346157	1004.155596	58.747393	12.229544	
6/15/2019 11:24:01.924031449	82.388301	28.431824	1003.907371	36.153148	26.502779	553.098885	76.695603	29.483950	1004.359977	57.791620	12.214864	
6/15/2019 11:24:02.924031449	82.256882	28.421280	1005.214727	35.703520	26.442489	553.373553	76.746068	29.383092	1004.336956	54.802194	12.201788	
6/15/2019 11:24:03.924031449	82.302878	28.521147	1004.371885	38.086982	26.652379	554.104241	76.677494	29.490998	1004.241857	56.644323	12.191078	
6/15/2019 11:24:04.924031449	82.276594	28.437171	1004.260152	35.969188	26.452939	553.696185	76.548545	29.429160	1004.175466	53.590182	12.222224	
6/15/2019 11:24:05.924031449	82.401442	28.589682	1005.617815	36.856845	26.528372	554.197548	76.710953	29.447522	1004.589436	58.145838	12.213774	
