
Time stamp	Inside_humidity (in %rH)	Inside_temperature (in °C)	Inside_pressure (in mbar)	Soil_moisture (in %VWC)	Soil_temperature (in °C)	Inside_CO2_ratio (in ppm)	Outside_humidity (in %rH)	Outside_temperature (in °C)	Outside_pressure (in mbar)	Outside_PAR (in µmol m^-2 s^-1)	Power_box_charge (in V)	
6/15/2019 11:49:15.608213849	78.767711	29.006399	1005.532815	43.844657	27.092037	487.237585	79.683517	30.261388	1003.997415	192.431623	12.225338	
6/15/2019 11:49:16.608213849	78.182897	28.847600	1003.129659	39.244367	26.649113	482.397415	79.169247	29.946073	1003.192504	195.969141	12.239479	
6/15/2019 11:49:17.608213849	78.031765	28.958535	1003.365741	39.951862	26.760508	484.307591	79.296855	30.111880	1004.553797	205.995099	12.209542	
6/15/2019 11:49:18.608213849	77.611224	28.757977	1002.283663	39.192024	26.677727	484.565177	79.193166	29.983739	1003.946957	236.905867	12.252700	
6/15/2019 11:49:19.608213849	77.775498	28.842627	1004.615615	40.713748	26.879984	486.426073	79.694451	30.150689	1004.167264	254.269925	12.253607	
6/15/2019 11:49:20.608213849	77.657221	28.741937	1003.676888	39.019772	26.638337	484.793186	78.999454	29.970457	1003.975816	234.208836	12.259678	
6/15/2019 11:49:21.608213849	78.031765	29.005158	1004.759519	40.632778	26.812102	485.591552	78.823642	30.095899	1004.013662	220.797839	12.230543	
6/15/2019 11:49:22.608213849	78.215751	28.857245	1003.215214	39.570474	26.730669	486.198715	78.921944	30.025246	1003.520999	214.757435	12.252503	
6/15/2019 11:49:23.608213849	78.656005	28.968447	1004.991263	41.771609	27.032850	492.161862	78.968545	30.373972	1004.837029	233.718906	12.220345	
6/15/2019 11:49:24.608213849	78.747998	28.891048	1004.213393	40.377707	26.789938	487.838170	78.872688	30.131702	1003.798714	238.947113	12.267103	
6/15/2019 11:49:25.608213849	79.063403	29.068197	1004.892146	41.191164	26.820021	486.976052	78.513809	30.087496	1003.790669	255.710656	12.252253	
6/15/2019 11:49:26.608213849	79.043690	29.068347	1005.440637	42.967745	27.076649	491.605957	78.864357	30.193752	1003.798872	253.145676	12.256563	
6/15/2019 11:49:27.608213849	79.004265	28.831035	1003.916597	39.463986	26.692708	487.453112	78.358104	30.028982	1003.928188	266.361487	12.262556	
6/15/2019 11:49:28.608213849	79.628504	29.053247	1005.188154	42.981095	26.735935	488.095745	78.628959	30.310272	1005.289795	305.215297	12.226193	
6/15/2019 11:49:29.608213849	79.523369	28.960181	1003.696049	40.945481	26.836186	489.271949	78.562960	30.221966	1004.276238	289.780093	12.269048	
6/15/2019 11:49:30.608213849	79.667930	29.089627	1004.985506	43.727153	27.125794	493.513502	78.811447	30.297381	1004.848540	291.896267	12.271742	
6/15/2019 11:49:31.608213849	79.753352	29.013424	1005.011133	40.982152	26.893699	488.694362	78.527398	30.196027	1003.735475	277.848873	12.273661	
6/15/2019 11:49:32.608213849	80.035903	29.152815	1003.364557	41.838580	26.892107	491.226804	78.510944	30.434984	1005.705816	301.786241	12.251438	
6/15/2019 11:49:33.608213849	79.963622	28.770692	1004.817316	42.735239	26.669604	490.703759	78.427283	30.179421	1004.783728	294.316360	12.241503	
6/15/2019 11:49:34.608213849	79.943910	29.068389	1004.406501	43.313387	27.254414	496.448748	78.665887	30.458001	1004.496388	296.662835	12.232474	
6/15/2019 11:49:35.608213849	79.884771	29.090857	1002.804713	39.772500	26.923130	486.909027	78.415087	30.268659	1003.458073	309.447646	12.251136	
6/15/2019 11:49:36.608213849	80.443301	29.158087	1006.171036	42.933831	26.970356	494.556308	78.548714	30.414855	1005.392303	325.321441	12.244328	
6/15/2019 11:49:37.608213849	79.779636	28.906863	1004.161667	41.188290	26.815205	493.087701	78.379368	30.230887	1004.864944	316.023849	12.261610	
6/15/2019 11:49:38.608213849	80.233031	29.111014	1003.729403	42.122203	27.118365	496.908715	78.659816	30.344603	1004.680270	325.533664	12.257497	
6/15/2019 11:49:39.608213849	80.134467	28.992861	1003.126505	40.905537	26.852635	494.045746	78.366331	30.229226	1003.987012	315.305969	12.269416	
6/15/2019 11:49:40.608213849	80.344737	29.149746	1004.841839	41.060803	26.849819	491.853671	78.332582	30.185443	1004.109862	315.589189	12.257759	
6/15/2019 11:49:41.608213849	80.121325	28.905815	1003.437023	40.041267	26.778019	491.469276	78.113376	30.088639	1003.490090	293.564948	12.271203	
6/15/2019 11:49:42.608213849	80.272457	28.907761	1005.959479	40.889107	26.951988	495.495302	78.631719	30.268765	1003.778052	285.170207	12.249349	
6/15/2019 11:49:43.608213849	80.180464	28.858667	1003.709533	39.270967	26.661032	490.788520	77.995808	30.077844	1003.122483	274.820673	12.247614	
6/15/2019 11:49:44.608213849	80.430159	29.007030	1004.273636	40.555130	26.769937	493.306511	78.376266	30.151408	1004.376381	251.336041	12.245314	
6/15/2019 11:49:45.608213849	80.167322	28.820791	1002.754800	40.000865	26.664951	492.364896	78.083885	30.088639	1004.048515	232.204015	12.259100	
6/15/2019 11:49:46.608213849	80.279028	28.913108	1005.253286	41.992582	26.921701	494.487314	78.643705	30.252054	1003.556480	225.752000	12.233026	
6/15/2019 11:49:47.608213849	79.989906	28.822213	1005.000646	39.652055	26.689646	492.867574	78.144680	30.097455	1003.706616	218.260110	12.246510	
6/15/2019 11:49:48.608213849	80.430159	29.012302	1004.303284	40.589931	26.802755	495.149009	78.468050	30.160541	1004.635013	225.925448	12.221120	
6/15/2019 11:49:49.608213849	80.351308	28.903869	1004.361318	39.730161	26.733527	492.701327	78.218012	30.128898	1003.215368	227.661194	12.233881	
6/15/2019 11:49:50.608213849	80.607575	28.917781	1005.732466	40.461354	26.860473	494.993277	78.703238	30.280904	1003.933075	227.381905	12.242213	
6/15/2019 11:49:51.608213849	80.279028	28.810696	1003.540869	39.334034	26.643154	494.198847	78.233966	30.122876	1003.989220	221.990463	12.256708	
6/15/2019 11:49:52.608213849	80.351308	28.965304	1004.300524	40.433516	26.763936	496.058428	78.414483	30.200281	1004.458069	232.641295	12.214273	
6/15/2019 11:49:53.608213849	80.371021	28.927128	1003.196605	39.892138	26.767814	494.656846	78.338996	30.168225	1003.452872	231.429283	12.257299	
6/15/2019 11:49:54.608213849	80.482727	28.839376	1003.101272	39.769344	26.721403	496.179332	78.451649	30.257451	1004.168528	250.002461	12.216862	
6/15/2019 11:49:55.608213849	80.561578	28.884428	1005.056000	39.876709	26.737200	494.932167	78.397582	30.155356	1003.516583	238.714192	12.241910	
6/15/2019 11:49:56.608213849	80.732423	29.027968	1003.960990	40.603149	26.785489	496.611701	78.262562	30.210028	1004.284755	225.259178	12.239939	
6/15/2019 11:49:57.608213849	80.489298	28.838328	1003.895228	39.435204	26.708627	495.755509	78.499748	30.124019	1003.798557	207.484050	12.259100	
6/15/2019 11:49:58.608213849	80.614146	28.961379	1004.874956	40.192812	26.870433	496.823291	78.606696	30.304356	1004.090463	208.410221	12.229307	
6/15/2019 11:49:59.608213849	80.390734	28.858518	1004.806672	39.070683	26.649685	494.616102	78.382680	30.135015	1003.855802	206.753064	12.253948	
6/15/2019 11:50:00.608213849	80.673284	29.065096	1004.234762	41.750425	26.790019	495.953290	78.439373	30.173505	1004.175152	207.459420	12.244420	
6/15/2019 11:50:01.608213849	80.660142	28.812118	1004.221358	39.531659	26.661032	495.191721	78.580203	30.183369	1003.395469	202.949092	12.230477	
6/15/2019 11:50:02.608213849	80.916409	28.899089	1003.583606	39.596750	26.776386	496.992823	78.660263	30.324379	1004.787671	212.683967	12.223683	
6/15/2019 11:50:03.608213849	80.771848	28.838104	1004.321735	39.540785	26.678870	494.275071	78.297914	30.171124	1004.006567	217.517600	12.256669	
6/15/2019 11:50:04.608213849	80.765278	29.110597	1003.528017	41.069307	26.844104	493.918264	78.538884	30.157525	1004.058133	234.556771	12.216126	
6/15/2019 11:50:05.608213849	80.574720	28.842103	1003.424880	39.286853	26.651359	492.744039	78.279358	30.077326	1004.066020	237.044201	12.255814	
6/15/2019 11:50:06.608213849	80.896696	28.951883	1004.577056	40.211327	26.814348	494.905885	78.807269	30.351568	1004.153388	235.106716	12.246523	
6/15/2019 11:50:07.608213849	80.660142	28.827485	1004.475022	38.870184	26.612295	493.861100	78.284825	30.142899	1003.634074	234.991431	12.235720	
6/15/2019 11:50:08.608213849	80.995261	29.043933	1004.665685	40.982046	26.873576	496.808830	78.606591	30.226008	1003.990006	216.643310	12.237587	
6/15/2019 11:50:09.608213849	81.060970	28.915985	1003.295721	39.915426	26.760712	493.730997	78.451806	30.116653	1003.363296	216.332839	12.253357	
6/15/2019 11:50:10.608213849	81.047828	29.024717	1003.671132	40.804660	26.732751	495.135863	78.656452	30.264299	1004.021865	224.610985	12.193890	
6/15/2019 11:50:11.608213849	80.765278	28.952963	1005.375427	39.821503	26.733241	493.987920	78.547401	30.132634	1003.394205	210.869089	12.256945	
6/15/2019 11:50:12.608213849	80.837558	28.995737	1004.330881	40.415069	26.805898	496.833143	78.433407	30.198302	1004.118221	212.492442	12.217716	
6/15/2019 11:50:13.608213849	80.817845	28.857994	1003.542605	39.255997	26.652501	494.457086	78.170963	30.114473	1003.996000	220.390430	12.262412	
6/15/2019 11:50:14.608213849	81.350091	28.934870	1004.880004	40.980234	26.726506	497.895010	78.656399	30.425544	1003.757710	239.504379	12.219477	
6/15/2019 11:50:15.608213849	81.067541	28.810996	1003.622008	39.171483	26.658175	494.516880	78.286533	30.106895	1003.943328	245.952463	12.266459	
6/15/2019 11:50:16.608213849	81.166105	29.075116	1005.546928	41.304792	26.910925	497.438328	78.511943	30.277993	1003.670499	252.640019	12.235734	
6/15/2019 11:50:17.608213849	80.817845	28.860838	1003.624059	39.341816	26.706668	494.797464	78.448547	30.183782	1004.183197	247.198279	12.238362	
6/15/2019 11:50:18.608213849	81.100396	28.909333	1003.288308	39.777798	26.720873	496.871255	78.429885	30.370861	1004.520837	252.876601	12.247180	
6/15/2019 11:50:19.608213849	81.179247	28.842627	1005.396086	39.730443	26.725853	495.859331	78.493624	30.245524	1003.661354	250.548474	12.240596	
6/15/2019 11:50:20.608213849	81.238385	29.075041	1005.043383	41.026412	26.845778	496.327834	78.529763	30.196534	1004.073115	267.266689	12.255013	
6/15/2019 11:50:21.608213849	81.205531	28.896319	1003.827968	39.527063	26.732751	495.379650	78.231548	30.246868	1003.616726	242.477039	12.243711	
6/15/2019 11:50:22.608213849	81.008402	28.853171	1004.088887	39.107111	26.638623	495.001160	78.438507	30.133977	1003.893178	239.897643	12.259205	
6/15/2019 11:50:23.608213849	80.903267	28.952888	1004.983930	39.747508	26.705484	495.580063	78.340152	30.289307	1002.713873	238.178663	12.244802	
6/15/2019 11:50:24.608213849	80.942693	28.864089	1003.162936	39.102026	26.644297	494.944650	78.242587	30.161991	1003.378750	241.862378	12.222841	
6/15/2019 11:50:25.608213849	81.159534	28.906714	1004.015556	39.715619	26.714015	496.594619	78.500010	30.246762	1003.846814	237.812651	12.255092	
6/15/2019 11:50:26.608213849	81.258098	28.953337	1003.401461	39.743826	26.704341	495.025474	78.202162	30.142592	1003.297534	247.747953	12.256458	
6/15/2019 11:50:27.608213849	81.198960	28.827186	1002.328688	39.591287	26.649971	495.371104	78.500904	30.226633	1003.897121	240.349069	12.233736	
6/15/2019 11:50:28.608213849	81.225244	28.838478	1002.240611	39.242068	26.677727	496.367261	78.329822	30.215944	1004.159854	227.996295	12.231699	
6/15/2019 11:50:29.608213849	81.067541	28.933597	1003.212691	39.282480	26.696137	495.207488	78.147939	30.157218	1003.295483	239.587172	12.237928	
6/15/2019 11:50:30.608213849	81.014973	28.847824	1003.514061	39.373861	26.627561	496.330465	78.328614	30.176935	1004.011455	248.256230	12.258995	
6/15/2019 11:50:31.608213849	81.218673	28.970426	1003.025261	39.955282	26.749691	496.073542	78.322989	30.221553	1003.404615	255.781924	12.261058	
6/15/2019 11:50:32.608213849	81.244956	28.969153	1003.195816	39.330810	26.719077	495.934892	78.359813	30.166245	1003.459967	267.517687	12.253370	
6/15/2019 11:50:33.608213849	81.310666	28.886000	1005.206685	39.197966	26.747691	497.553980	78.183449	30.259631	1003.411081	264.453603	12.235589	
6/15/2019 11:50:34.608213849	81.323808	28.769868	1004.846807	39.342176	26.669237	497.950205	78.371403	30.236073	1004.332854	265.201084	12.229491	
6/15/2019 11:50:35.608213849	81.087254	28.806921	1004.857926	40.508972	26.671237	498.356293	77.994652	30.324792	1003.176892	265.537496	12.217532	
6/15/2019 11:50:36.608213849	81.133250	28.879081	1003.518791	39.170714	26.644297	496.263440	78.288032	30.196958	1003.687061	274.144189	12.264738	
6/15/2019 11:50:37.608213849	81.363233	28.980296	1004.019419	39.592486	26.709729	495.927009	78.012157	30.189073	1003.290911	273.253132	12.270665	
6/15/2019 11:50:38.608213849	81.488081	28.933672	1004.868018	39.818474	26.743446	497.332538	78.393010	30.284015	1003.369448	267.776548	12.266420	
6/15/2019 11:50:39.608213849	81.527507	28.885776	1003.357619	39.633647	26.721934	497.968603	78.124967	30.264193	1003.971714	267.231846	12.263424	
6/15/2019 11:50:40.608213849	81.284382	28.937896	1003.964144	39.557130	26.742588	497.236599	78.333214	30.232655	1003.464068	272.433073	12.269561	
6/15/2019 11:50:41.608213849	81.218673	28.918156	1003.810068	39.702909	26.731812	498.604016	78.230549	30.310060	1003.617355	265.745787	12.243080	
6/15/2019 11:50:42.608213849	81.205531	28.885776	1003.783417	40.317874	26.593600	499.152690	78.189415	30.172468	1004.067914	264.937252	12.214036	
6/15/2019 11:50:43.608213849	81.238385	28.990989	1002.373476	39.838032	26.627276	497.586829	78.173119	30.248318	1004.024387	270.593566	12.238060	
6/15/2019 11:50:44.608213849	81.474939	28.912435	1002.968882	39.488442	26.728179	498.902335	77.983718	30.291688	1003.951687	260.395742	12.249322	
6/15/2019 11:50:45.608213849	81.560362	28.985044	1004.106550	39.357780	26.679401	497.226085	78.217250	30.219267	1003.623978	271.502970	12.267839	
6/15/2019 11:50:46.608213849	81.310666	28.848573	1003.678387	39.249530	26.653644	498.587586	78.107462	30.246138	1003.851544	265.072964	12.268523	
6/15/2019 11:50:47.608213849	81.310666	28.912809	1004.207874	39.651695	26.728179	499.181603	78.101286	30.306631	1003.730430	257.751901	12.264409	
6/15/2019 11:50:48.608213849	81.356662	28.912809	1004.207874	39.817480	26.747731	498.987759	78.405600	30.311923	1003.492140	256.350985	12.265513	
6/15/2019 11:50:49.608213849	81.336950	28.906938	1004.747690	39.629390	26.722791	499.029155	78.265164	30.291688	1003.823000	254.749641	12.259849	
6/15/2019 11:50:50.608213849	81.277811	28.938719	1002.769703	39.798409	26.714872	498.673010	78.098131	30.354774	1003.831517	253.127599	12.251570	
6/15/2019 11:50:51.608213849	81.336950	28.897218	1004.811402	39.270149	26.836676	496.898853	78.450440	30.322093	1002.986387	256.828352	12.242554	
6/15/2019 11:50:52.608213849	81.133250	29.001084	1001.881521	38.713078	26.757610	495.840270	78.130986	30.347408	1003.599535	256.692368	12.221015	
6/15/2019 11:50:53.608213849	81.330379	28.833131	1004.532900	38.698507	26.745731	496.370545	78.227789	30.322400	1003.758974	252.282910	12.212380	
6/15/2019 11:50:54.608213849	81.580075	28.779888	1004.522018	39.015886	26.664992	496.342948	78.327010	30.250805	1003.915098	255.396253	12.234866	
6/15/2019 11:50:55.608213849	81.474939	28.944066	1004.005383	39.902276	26.747731	497.481039	78.178586	30.373760	1003.444041	247.335302	12.262398	
6/15/2019 11:50:56.608213849	81.422372	28.948964	1003.681541	39.254925	26.678258	494.605587	78.347013	30.255165	1003.264574	249.425536	12.238467	
6/15/2019 11:50:57.608213849	81.527507	28.959058	1003.230748	39.430753	26.672584	495.204204	78.126570	30.285983	1003.621771	251.073519	12.253948	
6/15/2019 11:50:58.608213849	81.606358	28.874408	1003.416206	39.353330	26.663604	496.515110	78.170859	30.338063	1003.828837	243.223209	12.249007	
6/15/2019 11:50:59.608213849	81.382946	28.884578	1003.514613	39.240939	26.660706	495.997318	78.360864	30.289095	1004.068071	244.747003	12.260309	
6/15/2019 11:51:00.608213849	81.336950	28.906489	1002.545686	39.332651	26.669768	496.335064	78.103046	30.291794	1003.743992	246.596724	12.260414	
6/15/2019 11:51:01.608213849	81.547220	28.986017	1004.276633	39.932763	26.767529	497.287195	78.459770	30.354668	1003.586132	236.987349	12.255026	
6/15/2019 11:51:02.608213849	81.606358	28.960256	1003.899881	39.563090	26.739527	498.622415	78.214752	30.402398	1003.817956	234.525860	12.244250	
6/15/2019 11:51:03.608213849	81.599787	28.981793	1005.226870	39.927854	26.768141	498.411487	78.510130	30.409870	1003.459338	234.383594	12.240412	
6/15/2019 11:51:04.608213849	81.396088	28.932774	1004.553322	39.272652	26.686789	498.465366	78.267872	30.300197	1003.547178	237.044201	12.244670	
6/15/2019 11:51:05.608213849	81.632642	28.975698	1004.534870	39.906592	26.752589	498.698639	78.274338	30.412156	1003.133522	230.050375	12.234459	
6/15/2019 11:51:06.608213849	81.718064	28.912060	1003.696996	39.732732	26.715403	501.142374	78.404705	30.383931	1003.860218	222.840395	12.258824	
6/15/2019 11:51:07.608213849	81.481510	28.885551	1002.420549	39.395182	26.666380	500.033196	78.161633	30.376977	1003.724593	225.794706	12.236719	
6/15/2019 11:51:08.608213849	81.474939	28.938644	1003.343978	39.935344	26.742629	500.164615	78.411119	30.440476	1003.468169	217.683185	12.257142	
6/15/2019 11:51:09.608213849	81.566933	29.002357	1004.748794	39.622757	26.710627	499.174372	78.148543	30.344603	1003.518162	224.312308	12.257786	
6/15/2019 11:51:10.608213849	81.783774	28.976072	1004.094722	39.800211	26.772386	498.897736	78.297705	30.350001	1003.334280	221.011372	12.259862	
6/15/2019 11:51:11.608213849	81.790345	28.975249	1004.189422	39.541360	26.693320	500.667293	78.154010	30.400218	1003.599535	210.292164	12.234682	
6/15/2019 11:51:12.608213849	81.534078	29.007853	1004.943400	39.903913	26.767569	499.006157	78.168546	30.388598	1003.032593	217.130890	12.244250	
6/15/2019 11:51:13.608213849	81.626071	28.870184	1004.235866	38.736814	26.746303	501.194285	78.033630	30.446286	1003.916677	204.771562	12.233118	
6/15/2019 11:51:14.608213849	81.810058	28.955209	1003.920460	39.806513	26.767569	500.208642	78.085436	30.435185	1003.577300	204.833657	12.255630	
6/15/2019 11:51:15.608213849	81.678639	28.961304	1003.007913	39.971557	26.726220	499.688881	78.181793	30.445355	1002.997583	206.663990	12.232724	
6/15/2019 11:51:16.608213849	81.422372	28.901142	1003.364480	39.537601	26.685932	500.456366	77.951310	30.391296	1003.812118	203.228381	12.244066	
6/15/2019 11:51:17.608213849	81.520936	28.895870	1003.368344	39.255958	26.671768	499.316306	78.116136	30.382269	1003.881981	207.480118	12.259284	
6/15/2019 11:51:18.608213849	82.000615	29.079906	1004.422665	40.385410	26.797938	501.511002	78.372797	30.825429	1004.586914	209.916978	12.233092	
6/15/2019 11:51:19.608213849	81.718064	28.906639	1003.512957	39.294879	26.655318	499.841982	78.176378	30.376977	1004.017606	204.256732	12.261281	
6/15/2019 11:51:20.608213849	81.882338	29.119537	1005.379133	41.837580	26.868187	502.167445	78.114190	30.474501	1003.974237	201.717692	12.235668	
6/15/2019 11:51:21.608213849	81.520936	28.939318	1005.081310	39.339196	26.711199	500.639696	78.288426	30.437778	1003.835618	190.481032	12.221251	
6/15/2019 11:51:22.608213849	81.744348	29.044051	1003.795165	39.675683	26.752630	501.240281	78.325749	30.631503	1004.730898	205.895540	12.221527	
6/15/2019 11:51:23.608213849	81.764061	28.975174	1003.727038	39.696431	26.725608	501.817868	78.263194	30.470151	1003.893178	187.972904	12.249020	
6/15/2019 11:51:24.608213849	82.072895	29.202690	1005.278676	41.896274	26.954886	503.734611	78.319440	30.532189	1003.591648	196.160666	12.247049	
6/15/2019 11:51:25.608213849	81.593216	28.917557	1003.538189	39.254361	26.694994	501.455807	77.929941	30.404472	1004.131468	194.234705	12.253147	
6/15/2019 11:51:26.608213849	81.816628	29.059492	1004.266066	40.327544	26.839614	502.930330	78.417795	30.725608	1004.013033	204.131233	12.229202	
6/15/2019 11:51:27.608213849	81.777203	28.908136	1005.139188	39.195004	26.791081	502.269951	77.922871	30.551293	1003.146297	199.146160	12.214181	
6/15/2019 11:51:28.608213849	81.829770	29.124135	1003.396493	41.177343	26.836716	504.567153	78.316024	30.527110	1004.189027	196.111677	12.240136	
6/15/2019 11:51:29.608213849	81.862625	28.927427	1003.519580	39.553526	26.710015	503.024952	77.958433	30.482915	1003.890655	196.477690	12.256287	
6/15/2019 11:51:30.608213849	81.731206	29.106939	1004.138563	39.844789	26.770467	505.567910	78.390749	30.607838	1004.376067	203.140346	12.238888	
6/15/2019 11:51:31.608213849	81.704922	28.970051	1003.721834	39.603326	26.710301	505.211765	78.082229	30.484471	1003.823157	192.241408	12.252135	
6/15/2019 11:51:32.608213849	81.928334	29.166759	1004.321735	40.931047	26.831940	505.974650	78.130329	30.464542	1004.002309	201.773234	12.248757	
6/15/2019 11:51:33.608213849	81.764061	28.997384	1003.578876	39.523185	26.685973	503.416578	78.064777	30.456764	1003.513746	199.072271	12.260821	
6/15/2019 11:51:34.608213849	81.777203	28.999779	1003.552540	39.907623	26.767284	507.748154	78.278596	30.680577	1004.556476	196.067660	12.239939	
6/15/2019 11:51:35.608213849	81.731206	28.944665	1003.711741	39.124137	26.660992	504.042792	78.180032	30.431967	1003.691319	202.079773	12.259678	
6/15/2019 11:51:36.608213849	82.086037	29.229873	1005.664654	40.983517	26.869902	505.569878	78.100391	30.489444	1003.864791	204.009665	12.245774	
6/15/2019 11:51:37.608213849	81.849483	28.959882	1004.627443	39.522133	26.699810	504.915414	78.173356	30.489138	1004.192814	195.797274	12.241161	
6/15/2019 11:51:38.608213849	81.954618	29.010997	1005.566956	40.019623	26.889168	506.719800	78.169702	30.717618	1003.676336	198.282083	12.209292	
6/15/2019 11:51:39.608213849	81.704922	29.082259	1004.752895	39.737884	26.733567	503.417894	77.944292	30.470670	1003.131000	195.239737	12.243987	
6/15/2019 11:51:40.608213849	81.816628	29.112693	1004.231688	40.879649	26.840716	506.119868	78.078918	30.561865	1004.401139	190.967302	12.215692	
6/15/2019 11:51:41.608213849	81.750919	29.012975	1003.251642	39.080716	26.653644	503.882460	77.989132	30.512484	1004.089992	191.299781	12.236075	
6/15/2019 11:51:42.608213849	82.013757	29.006099	1002.696214	40.061418	26.798510	507.551026	78.235859	30.716993	1004.356826	186.600550	12.211855	
6/15/2019 11:51:43.608213849	81.862625	28.965229	1003.318351	39.432019	26.679115	503.830549	78.047167	30.475962	1003.606473	191.955567	12.231936	
6/15/2019 11:51:44.608213849	82.013757	29.181303	1004.865258	40.789203	26.850635	506.427386	77.917509	30.573072	1003.827730	185.548880	12.236943	
6/15/2019 11:51:45.608213849	81.711493	29.019071	1004.085181	39.227634	26.703525	502.901417	77.967264	30.446286	1003.531409	194.684821	12.261084	
6/15/2019 11:51:46.608213849	81.796916	29.078933	1004.207085	40.327272	26.873004	503.816750	78.095162	30.714189	1003.870785	196.530610	12.236759	
6/15/2019 11:51:47.608213849	81.737777	29.002581	1003.034329	39.882923	26.781733	504.023078	77.977646	30.598186	1003.855802	181.770577	12.219464	
6/15/2019 11:51:48.608213849	82.013757	29.283415	1004.384028	40.838838	26.828838	503.264130	77.762566	30.510092	1004.142507	195.238426	12.238717	
6/15/2019 11:51:49.608213849	81.842912	28.938270	1003.382300	39.401036	26.719077	503.211566	77.984560	30.538942	1003.816377	183.086080	12.254527	
6/15/2019 11:51:50.608213849	81.994044	28.989310	1003.475344	39.953713	26.794469	506.173757	78.055184	30.647578	1004.440407	190.486274	12.241280	
6/15/2019 11:51:51.608213849	81.737777	29.013200	1004.011297	39.980694	26.772100	502.487446	78.031555	30.573909	1003.426535	183.591736	12.253002	
6/15/2019 11:51:52.608213849	81.921764	29.161188	1003.004287	41.054628	26.847288	504.245173	77.883550	30.672163	1003.500971	185.649749	12.191616	
6/15/2019 11:51:53.608213849	81.823199	28.859416	1004.432522	39.179061	26.590457	504.044108	77.906260	30.510304	1004.260626	180.765545	12.230188	
6/15/2019 11:51:54.608213849	82.079466	29.042254	1003.038665	40.855240	26.849492	504.881249	78.053581	30.641556	1004.381111	188.799517	12.220345	
6/15/2019 11:51:55.608213849	82.184601	28.930122	1004.688632	39.543941	26.691606	501.863863	77.989422	30.510928	1003.487725	189.329803	12.233644	
6/15/2019 11:51:56.608213849	82.171459	29.082334	1005.588562	41.425528	26.813572	504.802393	77.911490	30.656700	1004.155596	190.515876	12.202603	
6/15/2019 11:51:57.608213849	81.685210	28.991663	1002.663649	39.298561	26.694994	503.362699	78.102180	30.573909	1004.218993	183.007219	12.240294	
6/15/2019 11:51:58.608213849	82.013757	29.083456	1003.877171	40.917294	26.933620	507.129171	78.103493	30.701838	1003.617669	189.283165	12.242331	
6/15/2019 11:51:59.608213849	81.941476	28.950087	1003.538978	39.481819	26.681075	503.438923	78.066670	30.505743	1003.801079	184.611184	12.236325	
6/15/2019 11:52:00.608213849	82.309449	29.268273	1005.404838	40.243692	26.780386	504.263571	77.832638	30.540286	1004.076902	200.695623	12.214312	
6/15/2019 11:52:01.608213849	81.823199	28.986541	1002.567055	39.618102	26.748262	504.441649	77.924817	30.575983	1003.775058	176.991174	12.248021	
6/15/2019 11:52:02.608213849	81.796916	29.084579	1004.112464	40.910174	26.974153	506.349856	78.050926	30.619353	1003.600164	186.085719	12.225877	
6/15/2019 11:52:03.608213849	81.856054	29.029390	1004.822284	40.154991	26.795612	504.125584	77.811060	30.624126	1003.317090	177.558925	12.218794	
6/15/2019 11:52:04.608213849	82.059753	29.178576	1004.522727	40.155010	26.757446	505.245930	77.803043	30.609394	1004.341528	185.732541	12.234472	
6/15/2019 11:52:05.608213849	81.921764	28.975698	1003.849179	39.552298	26.723893	506.033791	77.687816	30.571316	1003.949951	176.129718	12.251504	
6/15/2019 11:52:06.608213849	82.138605	29.131727	1004.949786	40.986214	26.983215	507.992594	77.897139	30.649335	1003.766384	184.114430	12.246089	
6/15/2019 11:52:07.608213849	82.013757	29.068314	1004.844836	39.722992	26.767569	504.938412	77.649337	30.552637	1003.144404	175.406596	12.217716	
6/15/2019 11:52:08.608213849	82.105750	29.183698	1003.716077	40.614670	26.845859	506.339994	77.656274	30.688143	1004.212055	180.632183	12.219438	
6/15/2019 11:52:09.608213849	81.698351	28.997758	1004.234762	39.262912	26.691606	505.479202	77.568040	30.505012	1003.772378	182.039652	12.249519	
6/15/2019 11:52:10.608213849	81.875767	29.147468	1004.359662	41.137185	26.954315	508.113498	77.606809	30.632317	1003.899801	193.145571	12.248271	
6/15/2019 11:52:11.608213849	81.895480	29.024193	1002.175163	39.413999	26.718546	505.173653	77.368152	30.494948	1003.244862	195.057386	12.242344	
6/15/2019 11:52:12.608213849	82.112321	28.987963	1002.649928	39.412169	26.691606	505.633619	77.498757	30.528359	1004.107182	199.041359	12.233907	
6/15/2019 11:52:13.608213849	82.401442	29.536018	1006.964440	42.756647	27.030972	508.371726	77.355429	30.623490	1004.179882	211.598493	12.226889	
6/15/2019 11:52:14.608213849	81.796916	28.944665	1003.748407	39.466109	26.710015	507.563509	77.344575	30.593519	1003.726801	193.934719	12.245840	
6/15/2019 11:52:15.608213849	82.204314	29.087723	1005.168836	41.030229	27.029421	512.061332	77.502620	30.874291	1004.110019	209.009154	12.236128	
6/15/2019 11:52:16.608213849	82.059753	29.082034	1003.800765	39.594687	26.712015	506.165863	77.306858	30.548795	1003.233665	207.592512	12.255828	
6/15/2019 11:52:17.608213849	82.105750	29.294708	1005.114902	41.441997	26.890964	509.326488	77.283386	30.652552	1004.092357	206.046980	12.198122	
6/15/2019 11:52:18.608213849	81.823199	28.975922	1002.392951	39.509325	26.677442	507.760637	77.263069	30.604621	1004.124844	195.040620	12.243500	
6/15/2019 11:52:19.608213849	82.026899	29.001127	1003.928897	40.327057	26.894842	511.097371	77.674964	30.764512	1004.529826	202.070870	12.230477	
6/15/2019 11:52:20.608213849	82.158317	29.076613	1004.183745	39.808480	26.766712	506.419502	77.192445	30.566850	1003.398149	195.848884	12.257536	
6/15/2019 11:52:21.608213849	82.158317	29.219404	1004.111517	40.730217	26.828593	508.870468	77.418354	30.662204	1004.420694	200.377560	12.235169	
6/15/2019 11:52:22.608213849	81.888909	29.050702	1003.927793	39.695077	26.767855	506.749365	77.096588	30.569442	1003.490090	198.769663	12.253751	
6/15/2019 11:52:23.608213849	82.086037	29.068314	1004.554426	41.069336	26.965050	509.475000	77.519022	30.777275	1003.896329	202.308763	12.239965	
6/15/2019 11:52:24.608213849	82.020328	28.982317	1003.432055	39.163788	26.684258	506.225005	76.798740	30.509267	1003.623192	204.111845	12.257589	
6/15/2019 11:52:25.608213849	82.013757	29.167658	1003.939621	40.519929	26.774182	508.259369	77.150811	30.643842	1004.520995	206.594033	12.238625	
6/15/2019 11:52:26.608213849	81.934905	29.007928	1003.849731	39.664143	26.741201	507.806633	76.867104	30.607320	1003.577772	193.249061	12.256774	
6/15/2019 11:52:27.608213849	82.059753	29.036309	1004.075955	40.847079	26.933008	508.649689	77.212552	30.701425	1004.283962	199.707629	12.242410	
6/15/2019 11:52:28.608213849	81.921764	29.177228	1003.256690	38.468516	26.754507	504.331912	76.871915	30.501276	1003.363296	211.092836	12.238165	
6/15/2019 11:52:29.608213849	81.987473	29.258253	1003.520527	40.252770	26.771610	506.894583	76.989797	30.642181	1004.971710	218.953360	12.215088	
6/15/2019 11:52:30.608213849	81.994044	28.934944	1003.618539	40.274093	26.605764	504.956810	77.049672	30.447842	1004.116485	211.713778	12.233933	
6/15/2019 11:52:31.608213849	82.224027	29.025615	1005.650697	41.310343	27.076975	509.197047	77.166660	30.754648	1003.745092	207.828054	12.213287	
6/15/2019 11:52:32.608213849	82.250311	29.033988	1005.161345	39.976807	26.751119	507.496483	77.137854	30.592895	1003.243125	199.980365	12.242383	
6/15/2019 11:52:33.608213849	82.033470	29.147393	1004.247300	40.128653	26.773284	509.044599	76.834854	30.676216	1004.777261	201.918120	12.227323	
6/15/2019 11:52:34.608213849	81.849483	28.992561	1002.688249	39.021126	26.632949	507.869058	76.930501	30.525142	1003.538504	203.707058	12.225535	
6/15/2019 11:52:35.608213849	82.263453	29.163733	1003.623664	41.786055	26.905577	509.168134	76.770248	30.590915	1003.751087	209.126790	12.227481	
6/15/2019 11:52:36.608213849	82.171459	29.129931	1004.397118	39.641253	26.735567	507.733692	76.655335	30.501583	1003.220733	202.992839	12.249533	
6/15/2019 11:52:37.608213849	81.954618	29.105442	1002.596703	40.332502	26.773570	511.278722	76.986223	30.744488	1004.492765	191.361875	12.217572	
6/15/2019 11:52:38.608213849	82.033470	29.082483	1004.123503	40.015309	26.767855	508.578717	76.582503	30.517458	1003.472270	197.654588	12.235142	
6/15/2019 11:52:39.608213849	82.171459	29.241914	1005.211416	41.400496	26.912108	511.183447	76.980309	30.632317	1004.295794	197.053304	12.223341	
6/15/2019 11:52:40.608213849	81.948047	29.135352	1002.631556	39.774838	26.759079	508.931578	76.566050	30.556161	1003.483152	195.422088	12.245196	
6/15/2019 11:52:41.608213849	82.309449	29.196712	1005.164420	39.987374	26.775570	510.236569	76.899197	30.745113	1003.993163	204.657588	12.240780	
6/15/2019 11:52:42.608213849	82.026899	29.041057	1002.812992	39.119344	26.689932	509.247643	76.608472	30.531470	1003.627608	196.984657	12.259967	
6/15/2019 11:52:43.608213849	81.987473	29.146345	1004.634776	41.196337	26.871575	513.037112	76.713870	30.660542	1003.926294	192.335995	12.244276	
6/15/2019 11:52:44.608213849	82.125463	29.039934	1005.303356	39.644469	26.780631	510.740563	76.533537	30.621321	1003.253850	190.105846	12.216021	
6/15/2019 11:52:45.608213849	82.105750	29.175924	1004.113331	39.683719	26.776100	511.298436	76.739996	30.723428	1004.356826	203.679807	12.229701	
6/15/2019 11:52:46.608213849	82.020328	29.077062	1004.112069	39.743329	26.791938	510.846353	76.654417	30.633047	1003.337117	194.639493	12.257352	
6/15/2019 11:52:47.608213849	82.191172	29.187024	1004.853825	40.576890	26.827083	513.453704	76.625240	30.666035	1004.073115	198.504519	12.207584	
6/15/2019 11:52:48.608213849	81.856054	29.061246	1003.465409	40.293650	26.642338	513.162616	76.667663	30.660024	1003.487567	191.504141	12.220673	
6/15/2019 11:52:49.608213849	82.151747	29.196936	1005.001198	40.194174	26.871902	513.905135	76.632653	30.745938	1003.641169	207.498195	12.229228	
6/15/2019 11:52:50.608213849	82.112321	29.055899	1005.221588	39.891972	26.779733	512.918176	76.675391	30.689286	1003.700465	188.833050	12.242015	
6/15/2019 11:52:51.608213849	82.250311	29.299456	1003.965958	40.688432	26.829410	512.489091	76.419386	30.600980	1003.929924	201.294557	12.246720	
6/15/2019 11:52:52.608213849	81.836341	29.008976	1003.078880	39.190603	26.696708	512.022557	76.534746	30.594038	1003.881824	196.270709	12.257418	
6/15/2019 11:52:53.608213849	82.204314	29.117034	1003.617907	39.990618	26.819450	513.493795	76.658228	30.752785	1004.013033	209.450096	12.241818	
6/15/2019 11:52:54.608213849	82.092608	29.078259	1002.912346	39.666051	26.735853	510.485609	76.467985	30.593307	1003.135258	203.903554	12.229544	
6/15/2019 11:52:55.608213849	82.164888	29.219553	1004.496548	40.927112	26.840186	512.461494	76.706485	30.745726	1004.002781	207.495574	12.222552	
6/15/2019 11:52:56.608213849	81.875767	29.072164	1003.957916	40.012202	26.794755	510.663023	76.502443	30.626613	1003.433159	221.703312	12.251412	
6/15/2019 11:52:57.608213849	81.961189	29.127054	1004.209530	40.738983	26.959703	513.816427	76.886108	30.789096	1003.761811	234.351101	12.250781	
6/15/2019 11:52:58.608213849	81.928334	29.007554	1003.995528	39.556146	26.757895	511.365461	76.392892	30.667496	1003.717655	193.047323	12.245945	
6/15/2019 11:52:59.608213849	82.368588	29.151393	1005.756200	40.598512	26.912721	511.050050	76.722648	30.814104	1003.739576	208.453967	12.211447	
6/15/2019 11:53:00.608213849	81.888909	29.041281	1004.847911	39.645510	26.696463	510.905495	76.424091	30.645186	1003.708667	232.104456	12.253265	
6/15/2019 11:53:01.608213849	81.934905	29.038779	1003.178942	40.362628	26.878596	514.239598	76.688532	30.831016	1004.069172	208.720692	12.212643	
6/15/2019 11:53:02.608213849	82.007186	29.065919	1003.590704	39.838977	26.744874	512.210486	76.670818	30.740752	1003.621771	194.611202	12.254881	
6/15/2019 11:53:03.608213849	82.184601	29.172630	1004.494893	40.522140	26.849247	512.712501	76.792669	30.774777	1004.344051	231.328143	12.186333	
6/15/2019 11:53:04.608213849	81.888909	29.057022	1002.690142	39.226806	26.697892	511.842511	76.762311	30.640307	1003.570677	228.341609	12.248849	
6/15/2019 11:53:05.608213849	81.921764	29.053097	1003.636201	40.948365	26.926803	516.578858	76.732926	30.821364	1004.131939	215.789717	12.248140	
6/15/2019 11:53:06.608213849	81.954618	29.061695	1002.599068	39.037256	26.680830	512.612627	76.551199	30.670088	1003.858010	251.012735	12.244263	
6/15/2019 11:53:07.608213849	82.013757	29.082184	1004.160563	39.731057	26.723608	514.383500	76.819742	30.761294	1003.538346	259.746509	12.261544	
6/15/2019 11:53:08.608213849	82.493436	29.387581	1004.166083	41.268908	26.862350	515.274510	76.637383	30.744371	1004.279075	259.086521	12.239860	
6/15/2019 11:53:09.608213849	82.164888	29.103496	1004.060343	39.689915	26.757079	512.605396	76.787753	30.683158	1003.036537	282.052661	12.245156	
6/15/2019 11:53:10.608213849	82.197743	29.044200	1003.723647	40.427049	26.931375	519.405683	76.967771	30.915163	1004.365814	276.364125	12.226705	
6/15/2019 11:53:11.608213849	82.151747	29.082858	1003.296510	39.233604	26.696749	512.690819	76.597301	30.673506	1003.573042	264.452022	12.263647	
6/15/2019 11:53:12.608213849	82.572287	29.352998	1004.741619	41.277908	26.907659	514.838204	77.002282	30.864427	1003.775058	254.278828	12.243974	
6/15/2019 11:53:13.608213849	82.263453	29.135128	1005.501589	39.696470	26.767855	512.272249	76.729167	30.713977	1003.328286	260.182208	12.256471	
6/15/2019 11:53:14.608213849	82.237169	29.146720	1003.766384	40.788297	26.945498	515.184497	77.165452	30.834328	1004.372909	263.721308	12.235155	
6/15/2019 11:53:15.608213849	82.066324	29.014622	1002.532597	39.361286	26.711199	512.322191	76.656886	30.717194	1003.822371	255.223076	12.257589	
6/15/2019 11:53:16.608213849	82.329162	29.379133	1003.223336	40.861161	26.869983	511.609891	77.047936	30.788884	1004.424166	261.824948	12.226416	
6/15/2019 11:53:17.608213849	82.053182	29.035036	1003.570440	39.538711	26.734384	513.882137	76.987327	30.775095	1003.807546	233.218220	12.262766	
6/15/2019 11:53:18.608213849	82.046611	29.157263	1005.796020	41.585119	26.999052	514.475491	77.079635	30.885794	1003.668763	243.265916	12.231647	
6/15/2019 11:53:19.608213849	82.020328	29.123910	1003.640854	39.772472	26.774345	512.836037	76.991348	30.709204	1003.372127	249.011575	12.263792	
6/15/2019 11:53:20.608213849	82.158317	29.196263	1004.944110	40.528033	26.818633	515.485447	77.010456	30.941938	1004.413756	250.316864	12.223630	
6/15/2019 11:53:21.608213849	82.053182	29.139876	1003.847681	39.662994	26.737527	512.263050	76.878643	30.753092	1003.415811	245.826964	12.265500	
6/15/2019 11:53:22.608213849	82.243740	29.178351	1003.838455	41.826750	26.978072	515.825825	77.324049	30.912876	1003.968242	243.668353	12.242239	
6/15/2019 11:53:23.608213849	82.164888	29.077810	1002.906984	39.705314	26.755936	514.126577	76.853410	30.774470	1003.658360	237.592835	12.260125	
6/15/2019 11:53:24.608213849	82.092608	29.085852	1004.695570	39.095548	26.835328	514.972254	77.174678	31.027228	1004.169157	242.817111	12.194310	
6/15/2019 11:53:25.608213849	81.948047	29.076463	1003.955865	39.589009	26.768672	514.612825	76.816692	30.813691	1003.387582	254.322845	12.265224	
6/15/2019 11:53:26.608213849	82.072895	29.209608	1004.882211	41.566341	26.945784	515.898102	77.196256	30.889011	1003.488982	260.254787	12.252056	
6/15/2019 11:53:27.608213849	81.842912	29.193269	1003.793510	38.619691	26.881739	513.240809	76.838008	30.836932	1003.446877	271.029536	12.243606	
6/15/2019 11:53:28.608213849	82.375159	29.143993	1003.490799	39.533761	26.771610	514.588512	77.089413	30.913088	1004.614829	287.577194	12.249703	
6/15/2019 11:53:29.608213849	82.112321	29.024642	1004.492527	39.134247	26.692177	514.210685	76.975341	30.786609	1003.763704	264.202606	12.226101	
6/15/2019 11:53:30.608213849	82.276594	29.362419	1004.690050	41.343410	26.968234	514.193592	76.952132	30.825300	1003.486146	303.487144	12.263384	
6/15/2019 11:53:31.608213849	82.000615	29.145971	1004.900978	39.696957	26.738098	512.943143	76.982517	30.744477	1003.588654	303.403041	12.264830	
6/15/2019 11:53:32.608213849	82.079466	29.202283	1004.705900	39.952515	26.871045	515.861306	76.938728	30.939546	1004.389471	279.283322	12.228138	
6/15/2019 11:53:33.608213849	82.164888	29.102972	1004.179330	39.983158	26.794183	513.908419	76.876383	30.813585	1003.350678	242.917980	12.248508	
6/15/2019 11:53:34.608213849	82.539432	29.335685	1004.689499	41.069131	26.911006	514.738982	77.057452	30.864628	1003.635175	217.205819	12.243487	
6/15/2019 11:53:35.608213849	82.243740	29.156290	1004.400429	39.739200	26.784550	512.634309	76.740653	30.772703	1003.387582	204.208783	12.260072	
6/15/2019 11:53:36.608213849	82.204314	29.169753	1003.411396	40.049682	26.873004	516.487520	77.089807	30.944107	1004.142821	195.354751	12.245248	
6/15/2019 11:53:37.608213849	81.954618	29.047302	1003.793195	39.499702	26.708056	513.834826	76.719784	30.812030	1003.774429	182.374753	12.243684	
6/15/2019 11:53:38.608213849	82.178030	29.237390	1004.349175	39.466389	26.873085	513.632435	77.010114	30.857886	1004.341214	188.505812	12.198844	
6/15/2019 11:53:39.608213849	81.987473	29.130455	1004.383319	39.512013	26.697320	513.722458	76.675443	30.780481	1003.389318	183.895655	12.217887	
6/15/2019 11:53:40.608213849	82.118892	29.117034	1003.529830	41.232306	26.921987	518.241310	77.039500	30.964448	1003.690055	174.432747	12.213944	
6/15/2019 11:53:41.608213849	82.237169	29.056648	1002.485601	39.476921	26.742915	515.524875	76.883191	30.841186	1003.606473	173.651462	12.225588	
6/15/2019 11:53:42.608213849	82.539432	29.221050	1004.389862	39.783320	26.935089	514.714668	76.936125	30.944838	1004.212999	189.518436	12.209332	
6/15/2019 11:53:43.608213849	82.171459	29.025840	1004.531244	39.575577	26.755650	516.261478	76.935259	30.808294	1003.732795	179.521310	12.249322	
6/15/2019 11:53:44.608213849	82.125463	29.142346	1003.762600	41.010078	26.873861	518.439091	76.801999	30.899383	1004.202117	186.720806	12.241529	
6/15/2019 11:53:45.608213849	82.158317	29.145896	1003.767568	39.924260	26.770957	516.248332	76.716025	30.820845	1003.343740	190.571417	12.255394	
6/15/2019 11:53:46.608213849	82.342304	29.279790	1005.289163	40.279584	26.823450	516.354122	76.897594	30.936329	1004.127052	200.090137	12.239006	
6/15/2019 11:53:47.608213849	82.138605	29.162760	1004.723167	39.754053	26.754262	515.622118	76.581951	30.823438	1003.207486	190.016501	12.229754	
6/15/2019 11:53:48.608213849	82.151747	29.174501	1003.940725	41.107273	26.888025	519.832790	76.872467	30.874068	1003.956732	182.868885	12.246076	
6/15/2019 11:53:49.608213849	82.020328	29.089627	1004.484406	39.193583	26.710341	517.551355	76.376544	30.800822	1003.822371	178.816265	12.242554	
6/15/2019 11:53:50.608213849	82.335733	29.196787	1003.860613	40.369495	26.853207	517.341081	76.812277	30.986239	1004.290749	189.215829	12.217217	
6/15/2019 11:53:51.608213849	82.158317	29.087755	1003.371970	39.340356	26.749691	518.259045	76.402223	30.859135	1003.488039	174.484357	12.228900	
6/15/2019 11:53:52.608213849	82.302878	29.267974	1004.052222	40.927375	26.900761	520.271727	76.547441	30.914538	1003.772693	181.346402	12.237008	
6/15/2019 11:53:53.608213849	82.224027	29.146196	1003.571543	39.464794	26.741486	517.214261	76.376886	30.762013	1003.571149	186.670236	12.257825	
6/15/2019 11:53:54.608213849	82.302878	29.148441	1004.283965	40.417679	26.899618	520.245445	76.661040	31.019132	1003.932760	188.173332	12.234801	
6/15/2019 11:53:55.608213849	82.099179	29.093701	1003.441281	39.744673	26.747731	518.195304	76.188694	30.767199	1003.669713	180.121284	12.230950	
6/15/2019 11:53:56.608213849	82.250311	29.267824	1005.662051	40.819971	26.929170	520.991900	76.029387	30.983847	1003.113967	184.018533	12.195585	
6/15/2019 11:53:57.608213849	82.026899	29.093626	1004.711025	39.626946	26.769814	520.119941	76.062689	30.825312	1003.544813	176.709264	12.242462	
6/15/2019 11:53:58.608213849	82.013757	29.122156	1004.673887	40.105181	26.893087	524.037546	76.157785	31.004188	1003.996944	180.089061	12.210475	
6/15/2019 11:53:59.608213849	82.296307	29.066892	1004.220806	40.957336	26.689361	519.327480	76.001343	30.789096	1003.825522	173.409367	12.227770	
6/15/2019 11:54:00.608213849	82.585429	29.237914	1004.056794	40.630430	26.839900	521.158148	75.959158	30.903542	1004.166321	174.444271	12.236640	
6/15/2019 11:54:01.608213849	82.256882	29.151842	1003.377332	39.398201	26.696177	519.134951	75.525133	30.791064	1003.586132	174.328986	12.247561	
6/15/2019 11:54:02.608213849	82.348875	29.182276	1004.794529	39.954182	26.755365	518.769607	75.747127	30.807775	1003.201649	181.294521	12.252542	
6/15/2019 11:54:03.608213849	82.460581	29.198808	1004.163481	40.796088	26.936518	524.164366	76.064083	31.136795	1004.120743	203.210304	12.228677	
6/15/2019 11:54:04.608213849	82.171459	29.046254	1002.396026	39.713048	26.702423	519.664574	75.763528	30.841705	1003.632338	200.610481	12.215114	
6/15/2019 11:54:05.608213849	82.598571	29.479524	1004.593299	41.943102	26.956437	521.148285	75.637496	30.909035	1003.586603	230.433154	12.244276	
6/15/2019 11:54:06.608213849	82.224027	29.135577	1004.722695	39.954220	26.806919	519.211176	75.734142	30.852182	1003.269462	208.113895	12.237587	
6/15/2019 11:54:07.608213849	82.473723	29.151211	1003.027231	41.103581	26.995093	523.386366	75.887167	31.054099	1003.757867	186.685963	12.211881	
6/15/2019 11:54:08.608213849	82.191172	29.047302	1003.551279	40.304170	26.606050	518.659218	75.657946	30.740953	1004.128788	168.187712	12.208162	
6/15/2019 11:54:09.608213849	82.572287	29.447294	1003.495294	41.747075	26.845574	519.719106	75.503160	30.907066	1004.307147	180.540216	12.200185	
6/15/2019 11:54:10.608213849	82.026899	29.236791	1002.406041	38.453194	26.770141	517.562523	75.533807	30.802272	1003.474478	165.406578	12.223012	
6/15/2019 11:54:11.608213849	82.375159	29.211554	1005.127754	41.284649	27.046076	521.330310	75.738296	30.975963	1003.533138	167.025999	12.220936	
6/15/2019 11:54:12.608213849	82.132034	29.073811	1003.593779	39.537142	26.725077	519.832790	75.573180	30.823131	1003.899015	152.372077	12.237297	
6/15/2019 11:54:13.608213849	82.473723	29.342679	1005.513574	40.615167	26.858023	520.168558	75.436846	30.952828	1004.260784	165.676693	12.228479	
6/15/2019 11:54:14.608213849	82.125463	29.151093	1004.858635	39.935685	26.796714	520.193534	75.544137	30.838488	1003.383166	149.023191	12.247653	
6/15/2019 11:54:15.608213849	82.079466	29.263076	1004.390100	42.130454	27.046361	522.831114	75.657341	30.932794	1003.690369	154.603266	12.230963	
6/15/2019 11:54:16.608213849	82.158317	29.094075	1002.909586	39.216579	26.705525	519.665227	75.363567	30.795837	1003.706616	152.686209	12.244184	
