
Time stamp	Inside_humidity (in %rH)	Inside_temperature (in °C)	Inside_pressure (in mbar)	Soil_moisture (in %VWC)	Soil_temperature (in °C)	Inside_CO2_ratio (in ppm)	Outside_humidity (in %rH)	Outside_temperature (in °C)	Outside_pressure (in mbar)	Outside_PAR (in µmol m^-2 s^-1)	Power_box_charge (in V)	
6/15/2019 11:10:16.924031449	83.209668	28.158016	1004.210082	36.456707	26.546700	506.968839	76.753190	29.294691	1004.736257	88.283190	12.214457	
6/15/2019 11:10:17.924031449	83.301662	28.189497	1003.216238	35.265082	26.523188	502.808763	76.698310	29.285875	1003.812433	85.025999	12.180104	
6/15/2019 11:10:18.924031449	83.104533	28.086679	1004.815818	35.647592	26.479594	507.997193	76.697863	29.349480	1004.921717	86.875721	12.207873	
6/15/2019 11:10:19.924031449	83.203097	28.103650	1004.635170	35.240499	26.399344	506.380737	76.419176	29.262116	1004.545437	80.605016	12.190236	
6/15/2019 11:10:20.924031449	83.406797	28.248087	1004.828907	35.832165	26.490410	507.538532	76.506754	29.267714	1004.156068	86.726903	12.202340	
6/15/2019 11:10:21.924031449	83.479077	28.173532	1003.946954	35.660547	26.434203	508.527469	76.545023	29.235552	1004.282547	79.760327	12.207623	
6/15/2019 11:10:22.924031449	83.163672	28.196266	1004.799811	36.519336	26.563354	511.455484	76.585158	29.331013	1004.804856	81.903753	12.182588	
6/15/2019 11:10:23.924031449	83.229381	28.166987	1005.734122	35.463165	26.439591	508.457813	76.299848	29.241468	1003.985590	81.445774	12.221922	
6/15/2019 11:10:24.924031449	83.663063	28.270672	1005.121997	35.696867	26.488941	511.870108	76.668820	29.366498	1004.476046	87.963545	12.183705	
6/15/2019 11:10:25.924031449	83.373942	28.162389	1004.370701	35.651586	26.461389	511.609901	76.338169	29.248422	1004.352882	79.437021	12.195414	
6/15/2019 11:10:26.924031449	83.465935	28.267828	1005.207709	36.438931	26.523514	513.175099	76.371024	29.312746	1004.582813	80.229830	12.201644	
6/15/2019 11:10:27.924031449	83.446222	28.140703	1003.726801	35.659242	26.442408	512.849183	76.562923	29.268551	1004.420694	78.164225	12.210541	
6/15/2019 11:10:28.924031449	83.610496	28.147547	1004.314875	36.361469	26.602785	517.563185	76.432870	29.356221	1004.883078	83.197247	12.193101	
6/15/2019 11:10:29.924031449	83.097962	28.142499	1003.665612	34.219402	26.447551	514.786956	76.051361	29.263047	1004.435520	84.516411	12.203930	
6/15/2019 11:10:30.924031449	83.498790	28.149568	1004.550325	35.577483	26.422937	517.181411	76.614886	29.402502	1005.053084	88.024329	12.209358	
6/15/2019 11:10:31.924031449	83.603925	28.114717	1006.070581	35.612792	26.438163	516.243080	76.471192	29.256306	1004.473209	79.434400	12.210449	
6/15/2019 11:10:32.924031449	83.840479	28.336961	1004.507273	37.244704	26.583314	515.254143	76.373337	29.447840	1004.408234	79.548104	12.160365	
6/15/2019 11:10:33.924031449	83.387084	28.046557	1004.715992	35.112310	26.386894	515.666146	76.209458	29.193632	1004.239492	83.797220	12.222027	
6/15/2019 11:10:34.924031449	83.393655	28.184375	1004.321261	36.254298	26.613561	518.223565	76.609838	29.346051	1004.522252	81.890647	12.189540	
6/15/2019 11:10:35.924031449	83.525074	28.130309	1003.635098	35.517885	26.452327	517.734685	76.359486	29.247279	1004.690208	76.194246	12.212604	
6/15/2019 11:10:36.924031449	83.682776	28.212980	1006.412638	36.274888	26.439958	519.385306	76.343137	29.405613	1004.760385	79.323046	12.178264	
6/15/2019 11:10:37.924031449	83.715631	28.155845	1003.769696	35.813358	26.449755	517.567122	76.514666	29.290648	1004.029274	75.368944	12.201210	
6/15/2019 11:10:38.924031449	83.603925	28.205762	1004.720013	36.069325	26.463756	517.924583	76.422146	29.205559	1004.504276	86.047798	12.210252	
6/15/2019 11:10:39.924031449	83.400226	28.152369	1005.453174	35.135472	26.432530	517.125554	76.266546	29.227043	1004.322602	80.531127	12.206335	
6/15/2019 11:10:40.924031449	83.571070	28.106569	1004.551981	36.153656	26.569926	520.391979	76.287862	29.311815	1004.672231	85.388351	12.203444	
6/15/2019 11:10:41.924031449	83.564499	28.057774	1003.392944	34.922701	26.409018	516.998734	76.424434	29.198818	1004.035583	79.708446	12.221475	
6/15/2019 11:10:42.924031449	83.873334	28.127881	1003.079037	35.388790	26.442163	518.027089	76.490800	29.296046	1005.385995	83.863246	12.184270	
6/15/2019 11:10:43.924031449	83.669634	28.057999	1004.544253	34.888610	26.370485	517.041446	76.104980	29.174953	1004.099137	79.766609	12.226272	
6/15/2019 11:10:44.924031449	83.801053	28.295085	1005.894347	36.474121	26.562088	519.466783	76.470982	29.333912	1003.980860	73.801133	12.168000	
6/15/2019 11:10:45.924031449	83.439651	28.115840	1004.781202	35.025750	26.408447	518.312925	76.209011	29.212100	1004.142978	74.288713	12.223643	
6/15/2019 11:10:46.924031449	83.623638	28.206660	1004.251083	36.312310	26.568823	520.760607	76.252195	29.329033	1004.128153	77.902742	12.201315	
6/15/2019 11:10:47.924031449	83.774769	28.103350	1004.981642	35.210714	26.421468	520.595675	76.353100	29.243236	1004.559470	72.969549	12.213419	
6/15/2019 11:10:48.924031449	83.814195	28.110419	1005.782931	35.178445	26.407875	520.753376	76.224808	29.254644	1004.020443	73.203510	12.215548	
6/15/2019 11:10:49.924031449	83.551357	28.095426	1005.579888	35.359453	26.388323	521.009646	76.172687	29.247173	1004.092357	77.902742	12.201775	
6/15/2019 11:10:50.924031449	83.748486	28.141826	1003.334752	35.456980	26.428570	522.982247	76.398359	29.283695	1004.540865	71.355099	12.218833	
6/15/2019 11:10:51.924031449	83.840479	28.056951	1004.243356	35.029149	26.367342	521.969660	76.224860	29.230885	1004.473524	74.925111	12.211198	
6/15/2019 11:10:52.924031449	83.617067	28.088882	1005.660947	34.388685	26.411263	522.614272	76.270647	29.240325	1004.424638	73.821831	12.189054	
6/15/2019 11:10:53.924031449	83.525074	28.067570	1005.673642	34.782376	26.397670	522.938220	76.327840	29.233372	1004.168843	73.013295	12.219871	
6/15/2019 11:10:54.924031449	83.702489	28.179028	1006.283636	35.379021	26.461715	524.255694	76.299848	29.308597	1004.024544	66.692021	12.180222	
6/15/2019 11:10:55.924031449	83.814195	28.151546	1004.166792	35.549891	26.455715	525.179574	76.280582	29.294490	1004.427160	64.303110	12.219766	
6/15/2019 11:10:56.924031449	83.899617	28.025394	1004.581709	34.720216	26.381221	525.610627	76.422830	29.238770	1004.866680	69.059194	12.189895	
6/15/2019 11:10:57.924031449	83.636780	28.072841	1004.689971	35.083742	26.406446	524.297090	76.254955	29.250803	1004.012084	65.375207	12.217322	
6/15/2019 11:10:58.924031449	83.610496	28.100249	1004.591801	35.624236	26.422896	526.656064	76.400962	29.273112	1004.635013	63.076681	12.221567	
6/15/2019 11:10:59.924031449	83.702489	28.119540	1003.364795	35.228343	26.409263	526.483249	76.379251	29.227149	1004.492765	65.897901	12.220988	
6/15/2019 11:11:00.924031449	83.866763	28.156444	1004.544805	35.540190	26.427672	527.938058	76.357278	29.295527	1004.503961	59.786228	12.208372	
6/15/2019 11:11:01.924031449	83.965327	28.167137	1003.848075	35.742889	26.428815	528.271205	76.376334	29.300300	1004.596059	59.210614	12.201052	
6/15/2019 11:11:02.924031449	83.603925	27.999633	1005.636109	35.233905	26.343259	527.759328	76.381406	29.229118	1004.391993	66.529057	12.198345	
6/15/2019 11:11:03.924031449	83.820766	28.173607	1005.174592	35.645567	26.464532	528.480817	76.231930	29.311815	1004.353196	58.321907	12.199646	
6/15/2019 11:11:04.924031449	83.978469	28.141002	1005.973436	35.403703	26.442979	528.801481	76.360432	29.300406	1004.755813	58.593603	12.195677	
6/15/2019 11:11:05.924031449	83.636780	28.121561	1005.815733	34.847108	26.443591	526.482586	76.262078	29.250803	1003.604423	64.468423	12.200001	
6/15/2019 11:11:06.924031449	83.893046	28.156743	1005.000646	35.590487	26.452898	528.346114	76.029887	29.304555	1004.313771	56.459351	12.220896	
6/15/2019 11:11:07.924031449	83.899617	28.100024	1005.475962	35.076457	26.389466	527.108800	76.273906	29.270932	1004.053088	61.781876	12.219411	
6/15/2019 11:11:08.924031449	83.610496	28.121337	1003.608287	35.052107	26.434530	526.968182	76.138386	29.238039	1003.978810	59.853294	12.204666	
6/15/2019 11:11:09.924031449	83.755057	28.064393	1004.509481	34.893755	26.382935	527.249418	75.891950	29.179525	1004.329068	66.179811	12.202432	
6/15/2019 11:11:10.924031449	83.932472	28.163138	1004.223880	35.276098	26.460572	527.898630	76.360879	29.271556	1004.394830	55.918580	12.217138	
6/15/2019 11:11:11.924031449	83.919330	28.142275	1004.423374	35.080509	26.428284	526.771054	76.141645	29.235446	1004.081632	60.365504	12.212919	
6/15/2019 11:11:12.924031449	83.702489	28.131731	1005.048508	35.287630	26.431672	527.052290	75.969697	29.239182	1003.865263	59.876613	12.207649	
6/15/2019 11:11:13.924031449	83.722202	28.130309	1005.582885	35.271764	26.398773	528.055678	76.158836	29.257343	1004.799182	59.801684	12.213366	
6/15/2019 11:11:14.924031449	83.847050	27.999633	1005.451519	35.729954	26.261091	526.499016	76.225807	29.297602	1003.787833	61.149409	12.205166	
6/15/2019 11:11:15.924031449	84.011323	28.145750	1004.605837	35.767814	26.456001	529.224651	76.006311	29.308291	1004.565307	53.422247	12.218452	
6/15/2019 11:11:16.924031449	84.024465	28.077515	1005.426758	35.136183	26.388854	528.739055	76.083349	29.253089	1004.475732	59.348948	12.197701	
6/15/2019 11:11:17.924031449	83.715631	28.057550	1004.650939	35.036922	26.386078	528.968380	76.050257	29.205665	1004.236970	59.950232	12.220726	
6/15/2019 11:11:18.924031449	83.945614	28.167811	1003.915413	36.027152	26.456041	529.475658	76.025919	29.311921	1003.819528	51.317596	12.188475	
6/15/2019 11:11:19.924031449	84.011323	28.082936	1004.851222	35.517680	26.441265	529.938256	76.099855	29.256306	1004.630755	53.519184	12.221291	
6/15/2019 11:11:20.924031449	83.945614	28.088582	1004.935041	35.286978	26.415508	530.393623	75.930219	29.241987	1004.514686	55.856486	12.196085	
6/15/2019 11:11:21.924031449	83.709060	28.162614	1004.303284	35.623262	26.458286	529.686586	76.014380	29.309846	1004.281283	50.192307	12.218544	
6/15/2019 11:11:22.924031449	83.820766	28.172933	1005.634216	35.599321	26.468205	530.534894	76.090077	29.302893	1004.480147	45.877164	12.189106	
6/15/2019 11:11:23.924031449	83.952185	28.114418	1003.577063	35.245203	26.399630	531.228133	75.891897	29.247797	1004.650782	53.413073	12.212525	
6/15/2019 11:11:24.924031449	84.077033	28.119390	1004.867861	35.472214	26.429101	531.981166	75.943756	29.222482	1004.777890	49.967249	12.211211	
6/15/2019 11:11:25.924031449	83.794482	28.172484	1004.178620	35.571046	26.461960	532.242689	76.135417	29.248316	1004.475417	47.322098	12.194849	
6/15/2019 11:11:26.924031449	83.833908	28.151995	1003.935363	35.583893	26.479267	532.019931	76.074727	29.291685	1004.451760	44.976933	12.216481	
6/15/2019 11:11:27.924031449	84.083604	28.151471	1005.250289	35.437306	26.452613	532.378707	75.994168	29.269588	1004.657248	47.668723	12.218820	
6/15/2019 11:11:28.924031449	83.833908	28.163587	1005.784901	35.453016	26.472777	531.940423	76.115309	29.340347	1004.166950	40.623015	12.173533	
6/15/2019 11:11:29.924031449	83.939043	28.157566	1004.361870	35.454409	26.439020	532.551522	76.084610	29.266371	1004.534870	47.728196	12.216284	
6/15/2019 11:11:30.924031449	83.912759	28.131357	1004.564518	35.127699	26.434775	531.534335	75.932427	29.269376	1003.926137	46.593734	12.215587	
6/15/2019 11:11:31.924031449	83.985040	28.157716	1004.039132	34.901594	26.441020	531.278728	76.225097	29.283177	1003.799186	46.818791	12.200973	
6/15/2019 11:11:32.924031449	83.722202	28.073216	1004.292797	34.838605	26.392282	531.095398	76.049652	29.223826	1004.122951	51.022580	12.222631	
6/15/2019 11:11:33.924031449	83.755057	28.046108	1005.341678	34.752747	26.370444	532.322197	75.883118	29.219265	1004.311563	51.727626	12.194297	
6/15/2019 11:11:34.924031449	83.899617	28.146499	1004.257235	35.596623	26.478410	532.884669	76.131710	29.262635	1004.618137	43.788240	12.214207	
6/15/2019 11:11:35.924031449	83.945614	28.120588	1004.890648	35.377998	26.424039	532.635630	75.990409	29.256613	1004.281126	42.837439	12.192563	
6/15/2019 11:11:36.924031449	84.083604	28.183851	1005.071690	35.563429	26.460001	533.850598	76.273249	29.293347	1004.550167	40.992960	12.200513	
6/15/2019 11:11:37.924031449	84.077033	28.141751	1004.157724	35.263241	26.446408	532.440470	76.024972	29.264190	1004.241700	45.565382	12.215745	
6/15/2019 11:11:38.924031449	83.912759	28.078188	1004.536369	35.095986	26.395956	533.800003	75.955346	29.191039	1004.306361	51.232182	12.216718	
6/15/2019 11:11:39.924031449	83.801053	28.189797	1004.265671	35.944810	26.455755	534.549089	76.250987	29.302893	1004.125473	39.779636	12.192260	
6/15/2019 11:11:40.924031449	83.932472	28.124962	1005.174198	35.466156	26.418611	535.621471	76.014485	29.240950	1004.626339	45.224000	12.212512	
6/15/2019 11:11:41.924031449	84.070462	28.172783	1004.965793	35.680602	26.458286	535.774572	76.102510	29.295527	1004.478254	39.206643	12.189014	
6/15/2019 11:11:42.924031449	84.044178	28.046632	1003.441990	35.286248	26.372730	535.677981	76.143801	29.182531	1004.250059	49.978773	12.202958	
6/15/2019 11:11:43.924031449	84.004752	28.062896	1004.526039	34.948979	26.384935	535.667467	75.967489	29.190309	1004.324338	47.878054	12.221580	
6/15/2019 11:11:44.924031449	84.129600	28.259380	1005.485187	35.724127	26.439754	537.440960	76.350155	29.277673	1005.554736	53.890168	12.141638	
6/15/2019 11:11:45.924031449	83.879905	28.130758	1004.500964	35.475730	26.453755	537.783970	76.124588	29.244061	1004.565622	41.423688	12.216008	
6/15/2019 11:11:46.924031449	83.906188	28.309479	1005.138873	37.292225	26.591804	539.713206	76.269753	29.337648	1004.629805	42.682339	12.170852	
6/15/2019 11:11:47.924031449	83.807624	28.104772	1003.021160	35.195100	26.366526	537.409426	76.127452	29.202035	1004.302574	47.468024	12.219871	
6/15/2019 11:11:48.924031449	84.116458	28.133228	1006.493145	36.995222	26.511024	536.636679	76.456289	29.415466	1003.843499	44.719382	12.184191	
6/15/2019 11:11:49.924031449	84.096746	28.120588	1004.303836	35.135316	26.426284	537.779370	76.169927	29.246135	1004.567673	43.265546	12.219411	
6/15/2019 11:11:50.924031449	84.070462	28.156411	1005.127045	35.067387	26.430040	538.071121	76.322268	29.376669	1005.291217	50.942409	12.174506	
6/15/2019 11:11:51.924031449	83.781340	28.151845	1004.528247	35.502982	26.444979	536.144516	76.064398	29.295527	1004.040313	40.621705	12.216993	
6/15/2019 11:11:52.924031449	84.228164	28.358498	1006.154163	36.490318	26.540291	537.427162	76.497423	29.379049	1004.572245	44.702616	12.190342	
6/15/2019 11:11:53.924031449	84.123029	28.124812	1004.787983	35.287193	26.433346	537.015169	76.241761	29.243649	1004.550482	45.221379	12.217927	
6/15/2019 11:11:54.924031449	83.853621	28.248387	1005.086830	36.811808	26.565150	536.978373	76.402171	29.255364	1004.453968	49.160024	12.194074	
6/15/2019 11:11:55.924031449	83.952185	28.173307	1004.636746	35.456532	26.470491	535.530132	76.357330	29.278509	1004.236813	39.099221	12.213195	
6/15/2019 11:11:56.924031449	84.149313	28.165084	1005.872584	36.200582	26.612744	539.040997	76.576722	29.394406	1004.981799	39.223409	12.186084	
6/15/2019 11:11:57.924031449	83.768198	28.056502	1004.044809	34.882728	26.376118	534.400588	76.140542	29.185854	1004.160326	47.268907	12.222500	
6/15/2019 11:11:58.924031449	84.155884	28.201763	1003.360851	35.771719	26.461184	537.469221	76.557403	29.361206	1005.117110	41.503859	12.188002	
6/15/2019 11:11:59.924031449	83.879905	28.153342	1005.143840	35.656057	26.455510	536.099836	76.191401	29.254538	1004.453497	39.779636	12.192444	
6/15/2019 11:12:00.924031449	84.136171	28.226925	1004.866125	35.925962	26.465756	536.553887	76.414209	29.235340	1004.552218	53.355950	12.203142	
6/15/2019 11:12:01.924031449	84.070462	28.135730	1004.788377	35.579150	26.412406	537.025684	76.237949	29.236177	1004.746667	42.410643	12.195309	
6/15/2019 11:12:02.924031449	83.991611	28.173382	1005.210469	36.817049	26.552088	539.368229	76.584344	29.267714	1004.800126	42.371867	12.203444	
6/15/2019 11:12:03.924031449	84.182168	28.136179	1006.056465	35.169202	26.429958	537.629553	76.322872	29.266371	1004.453654	40.456120	12.188975	
6/15/2019 11:12:04.924031449	83.794482	28.089930	1003.274510	35.665290	26.507595	540.478723	76.392788	29.284320	1004.898375	50.952894	12.208162	
6/15/2019 11:12:05.924031449	83.952185	28.063720	1005.689334	36.447697	26.365954	536.248338	76.436786	29.196225	1004.171051	43.795832	12.186044	
6/15/2019 11:12:06.924031449	84.037607	28.217803	1004.878425	35.968360	26.515596	538.783411	76.417520	29.430103	1004.844917	41.479229	12.197241	
6/15/2019 11:12:07.924031449	83.847050	28.109745	1003.382457	35.043273	26.403344	536.802927	76.487935	29.216460	1004.079267	42.524347	12.216205	
6/15/2019 11:12:08.924031449	84.458147	28.285590	1004.899794	36.663428	26.530372	538.912199	76.450480	29.349268	1004.464535	44.433541	12.168066	
6/15/2019 11:12:09.924031449	83.728773	28.052128	1003.799581	34.965314	26.372730	537.873993	76.265784	29.190521	1004.212841	47.060615	12.222973	
6/15/2019 11:12:10.924031449	83.939043	28.310003	1004.153466	36.847993	26.532250	538.737415	76.472952	29.242294	1004.414385	48.568954	12.188699	
6/15/2019 11:12:11.924031449	84.050749	28.115616	1004.298316	35.178445	26.456327	537.829965	76.303659	29.247173	1004.250216	38.501598	12.216915	
6/15/2019 11:12:12.924031449	83.899617	28.227973	1005.086435	36.103270	26.610744	541.003083	76.657623	29.347819	1004.377482	44.528128	12.186649	
6/15/2019 11:12:13.924031449	83.899617	28.098827	1004.125159	35.082282	26.389425	538.972656	76.273012	29.177451	1004.324495	48.192457	12.225812	
6/15/2019 11:12:14.924031449	84.037607	28.308399	1005.963578	35.650903	26.491798	542.329756	76.324975	29.468393	1004.278446	45.113956	12.163769	
6/15/2019 11:12:15.924031449	83.728773	28.120438	1005.468392	35.127826	26.414365	540.539170	76.381958	29.205464	1004.605048	46.633819	12.206322	
6/15/2019 11:12:16.924031449	84.142742	28.279869	1005.552211	36.272092	26.542781	541.566208	76.339431	29.305486	1004.556476	43.327640	12.176477	
6/15/2019 11:12:17.924031449	84.011323	28.114568	1005.886857	35.236895	26.432489	541.737055	76.452426	29.186372	1004.711971	45.650796	12.215811	
6/15/2019 11:12:18.924031449	83.748486	28.204639	1005.414063	36.164253	26.510453	541.129239	76.400672	29.234303	1004.333641	46.633819	12.210317	
6/15/2019 11:12:19.924031449	83.919330	28.099426	1004.787905	35.318740	26.386609	540.683735	76.370315	29.182943	1004.650468	46.322037	12.213590	
6/15/2019 11:12:20.924031449	84.142742	28.136853	1004.278998	35.950254	26.587763	543.856189	76.545680	29.293760	1005.104335	48.528868	12.198936	
6/15/2019 11:12:21.924031449	83.801053	28.169158	1004.566726	35.467217	26.462001	541.200864	76.260422	29.280584	1004.059869	37.107234	12.197833	
6/15/2019 11:12:22.924031449	84.070462	28.127207	1005.630667	35.401150	26.412406	542.816004	76.712451	29.314101	1005.388517	49.282902	12.193285	
6/15/2019 11:12:23.924031449	84.063891	28.104922	1004.589593	35.446627	26.391425	541.442020	76.335462	29.195813	1004.483777	46.196538	12.224405	
6/15/2019 11:12:24.924031449	83.971898	28.359846	1003.870153	35.665348	26.585885	541.245544	76.540108	29.317625	1004.888601	38.958266	12.165162	
6/15/2019 11:12:25.924031449	83.853621	28.168634	1005.373534	35.554342	26.454898	542.252216	76.611389	29.212830	1004.615615	39.448467	12.220161	
6/15/2019 11:12:26.924031449	84.044178	28.249584	1004.887336	35.989546	26.505432	543.634084	76.363059	29.225794	1004.769216	48.535150	12.169380	
6/15/2019 11:12:27.924031449	83.985040	28.110269	1003.870862	35.252888	26.393140	541.144354	76.571806	29.159184	1003.974237	45.866680	12.204259	
6/15/2019 11:12:28.924031449	83.919330	28.184899	1004.821889	36.576567	26.573926	545.633630	76.629499	29.298839	1004.646838	39.898583	12.206835	
6/15/2019 11:12:29.924031449	83.695918	28.119840	1004.065231	34.940808	26.406732	541.534011	76.408742	29.178488	1004.033375	44.892830	12.190513	
6/15/2019 11:12:30.924031449	83.912759	28.132404	1004.112779	35.457798	26.484369	544.583593	76.678702	29.279134	1004.572088	49.470495	12.204771	
6/15/2019 11:12:31.924031449	84.044178	28.094678	1005.859574	34.781343	26.485227	543.523695	76.314698	29.309846	1004.674753	37.415084	12.193890	
6/15/2019 11:12:32.924031449	83.787911	28.121636	1005.533996	35.421487	26.410447	542.912595	76.755241	29.293972	1005.025012	53.282332	12.200027	
6/15/2019 11:12:33.924031449	83.794482	28.115840	1004.390020	35.171364	26.438489	542.137880	76.498132	29.224969	1004.114277	40.224510	12.216915	
6/15/2019 11:12:34.924031449	84.149313	28.184450	1006.038646	35.822591	26.445918	544.239269	76.747566	29.221127	1005.040152	46.483690	12.170037	
6/15/2019 11:12:35.924031449	83.794482	28.131431	1003.391998	35.113255	26.396813	542.880398	76.652471	29.213349	1004.530612	44.374068	12.215364	
6/15/2019 11:12:36.924031449	84.083604	28.306303	1006.317937	36.809636	26.572252	543.732654	76.635071	29.318556	1004.495602	39.676146	12.203917	
6/15/2019 11:12:37.924031449	83.847050	28.099201	1005.088328	35.154835	26.372444	541.622719	76.767227	29.153480	1004.015713	44.577117	12.220161	
6/15/2019 11:12:38.924031449	83.807624	28.179702	1004.350751	36.357728	26.582661	544.716981	76.813380	29.331319	1004.416593	38.944121	12.181642	
6/15/2019 11:12:39.924031449	84.379296	28.474930	1005.185394	36.841425	26.541025	545.167738	76.709007	29.285557	1005.175777	63.473605	12.173310	
6/15/2019 11:12:40.924031449	83.952185	28.103650	1003.675075	35.010293	26.351749	543.411990	76.698468	29.143415	1004.276081	47.678937	12.216954	
6/15/2019 11:12:41.924031449	84.004752	28.259230	1004.188713	37.410372	26.594661	545.420724	76.635832	29.273207	1004.255575	51.860717	12.181353	
6/15/2019 11:12:42.924031449	83.755057	28.151995	1005.073426	35.447328	26.408120	544.021773	76.885504	29.196437	1004.698882	44.174950	12.220726	
6/15/2019 11:12:43.924031449	83.952185	28.196191	1006.027921	36.999284	26.748426	548.675328	77.099138	29.394406	1004.890330	40.632189	12.195033	
6/15/2019 11:12:44.924031449	83.971898	28.178280	1004.832928	35.615801	26.450898	543.873924	76.685378	29.214492	1004.511056	37.638831	12.199265	
6/15/2019 11:12:45.924031449	84.096746	28.223300	1006.335837	36.089088	26.491513	545.692109	77.139615	29.443491	1004.553161	47.985476	12.164768	
6/15/2019 11:12:46.924031449	83.630209	28.072916	1003.750378	35.230837	26.378363	543.204346	76.707246	29.144040	1004.254475	49.836508	12.203536	
6/15/2019 11:12:47.924031449	83.985040	28.180451	1003.250696	35.557467	26.417590	544.396317	77.007040	29.242506	1005.053084	57.486121	12.193719	
6/15/2019 11:12:48.924031449	83.985040	28.146873	1003.923378	35.697578	26.460286	546.124478	76.893940	29.211275	1004.464850	40.537602	12.216205	
6/15/2019 11:12:49.924031449	84.077033	28.432754	1005.752731	36.495481	26.556741	547.115373	76.822868	29.218323	1004.385999	48.557159	12.188015	
6/15/2019 11:12:50.924031449	83.695918	28.137826	1003.855250	35.286890	26.428244	545.626399	76.916465	29.164582	1004.247380	43.143978	12.193798	
6/15/2019 11:12:51.924031449	83.853621	28.157866	1006.143676	36.371131	26.549516	548.729860	76.776372	29.255988	1004.143765	53.636820	12.183876	
6/15/2019 11:12:52.924031449	83.978469	28.092806	1004.401453	35.034876	26.364730	547.029296	76.979205	29.131901	1004.371173	49.854585	12.204719	
6/15/2019 11:12:53.924031449	83.748486	28.090379	1004.389310	35.809754	26.503350	548.158188	76.989692	29.241468	1004.992524	51.889278	12.212893	
6/15/2019 11:12:54.924031449	83.768198	28.141751	1004.659219	35.411475	26.405304	548.095763	76.891023	29.208163	1004.629019	42.489503	12.211395	
6/15/2019 11:12:55.924031449	83.945614	28.123882	1005.151173	35.102345	26.443918	550.532930	77.095983	29.360169	1004.861157	46.446226	12.176319	
6/15/2019 11:12:56.924031449	83.932472	28.158016	1005.362810	35.463448	26.442449	547.495178	76.736237	29.247691	1004.118378	40.639782	12.211618	
6/15/2019 11:12:57.924031449	83.939043	28.248312	1004.770872	35.601180	26.422651	547.787582	76.993056	29.240950	1004.617508	54.596524	12.193141	
6/15/2019 11:12:58.924031449	83.623638	28.109520	1005.187839	35.045649	26.365342	547.570087	76.995554	29.170498	1004.536764	49.735639	12.215824	
6/15/2019 11:12:59.924031449	83.958756	28.294187	1004.148893	36.187774	26.524657	549.387608	76.840426	29.238039	1004.898375	50.945030	12.205494	
6/15/2019 11:13:00.924031449	83.906188	28.061998	1004.481646	34.929957	26.385466	547.223141	76.853253	29.138748	1004.278446	49.879215	12.225325	
6/15/2019 11:13:01.924031449	83.998181	28.232272	1006.075469	36.586142	26.614173	549.090605	77.057819	29.266465	1004.147708	46.078903	12.206559	
6/15/2019 11:13:02.924031449	83.781340	28.141376	1004.496943	35.328850	26.383751	548.063566	76.774007	29.213455	1004.757863	48.649125	12.226731	
6/15/2019 11:13:03.924031449	83.761628	28.191369	1003.614201	36.577132	26.602825	550.429108	77.289695	29.401359	1004.743195	41.463773	12.201972	
6/15/2019 11:13:04.924031449	83.577641	28.109670	1005.527610	34.938061	26.398201	547.606883	76.731375	29.195400	1003.858325	45.877164	12.214036	
6/15/2019 11:13:05.924031449	83.906188	28.218926	1006.363434	35.583463	26.515881	550.885791	77.180539	29.358402	1005.007349	42.300599	12.197517	
6/15/2019 11:13:06.924031449	83.879905	28.125935	1004.534870	35.209019	26.390568	548.687148	76.887421	29.168318	1004.534870	49.507960	12.225246	
6/15/2019 11:13:07.924031449	84.116458	28.212382	1005.171201	35.897891	26.462939	549.105719	76.848495	29.364730	1005.004984	43.511301	12.173691	
6/15/2019 11:13:08.924031449	84.037607	28.205912	1006.153216	35.518040	26.462858	549.255536	76.932866	29.254126	1004.219465	39.405760	12.208504	
6/15/2019 11:13:09.924031449	83.952185	28.226775	1004.502068	35.570461	26.486451	550.139325	76.759419	29.229424	1004.801390	49.375908	12.198293	
6/15/2019 11:13:10.924031449	83.728773	28.189946	1004.202512	35.391177	26.462572	548.419711	77.031221	29.267820	1004.129732	39.118608	12.215640	
6/15/2019 11:13:11.924031449	83.866763	28.315799	1005.087776	36.495014	26.590906	549.586052	76.817401	29.300088	1004.176095	45.388274	12.197609	
6/15/2019 11:13:12.924031449	83.925901	28.174505	1003.853515	35.538339	26.461715	550.250378	76.858221	29.292204	1004.477782	39.713611	12.212551	
6/15/2019 11:13:13.924031449	84.050749	28.227748	1006.763605	36.592366	26.645889	552.986527	76.956890	29.351448	1004.718752	42.351169	12.198950	
6/15/2019 11:13:14.924031449	83.958756	28.169158	1005.853975	35.384787	26.439061	550.701145	76.822002	29.237521	1004.457912	39.980064	12.208228	
6/15/2019 11:13:15.924031449	83.787911	28.195593	1003.668372	35.574270	26.522331	551.171627	76.852202	29.374594	1004.442929	47.772213	12.202787	
6/15/2019 11:13:16.924031449	83.643351	28.104174	1003.889866	35.113177	26.379792	549.471063	76.504546	29.188447	1004.506012	49.096619	12.228611	
6/15/2019 11:13:17.924031449	83.952185	28.249884	1005.767396	36.103327	26.486696	550.216865	76.815641	29.406132	1004.724904	42.626526	12.198634	
6/15/2019 11:13:18.924031449	83.814195	28.114568	1003.916597	34.881296	26.361097	549.165513	76.291121	29.208057	1004.070750	48.011416	12.214602	
6/15/2019 11:13:19.924031449	84.188739	28.264652	1005.638869	36.077955	26.486165	551.418035	76.684721	29.327996	1004.667973	48.553227	12.178685	
6/15/2019 11:13:20.924031449	83.676205	28.136554	1002.787365	35.355450	26.355423	549.352127	76.337118	29.211275	1004.563571	48.749994	12.196006	
6/15/2019 11:13:21.924031449	83.774769	28.220680	1005.475724	36.003814	26.490084	552.103380	76.620563	29.260137	1004.585807	47.857356	12.187359	
6/15/2019 11:13:22.924031449	83.689347	28.146798	1003.278768	35.242379	26.403304	549.596567	76.379646	29.263778	1004.125159	43.865790	12.203891	
6/15/2019 11:13:23.924031449	83.807624	28.147322	1005.516729	36.401744	26.503350	551.723584	76.556719	29.244262	1004.443558	48.956975	12.207124	
6/15/2019 11:13:24.924031449	83.952185	28.077889	1004.078163	34.854696	26.395385	549.944828	76.219945	29.201210	1004.260784	47.126641	12.220712	
6/15/2019 11:13:25.924031449	83.702489	28.106344	1003.925585	35.859720	26.519514	554.553040	76.719574	29.338272	1004.979749	49.180722	12.207702	
6/15/2019 11:13:26.924031449	83.643351	28.072542	1004.395776	34.916945	26.364485	550.038135	76.320112	29.210238	1004.239178	46.103532	12.217545	
6/15/2019 11:13:27.924031449	83.965327	28.201463	1005.687283	35.553270	26.480981	551.037576	76.496162	29.358614	1004.451603	47.027083	12.189606	
6/15/2019 11:13:28.924031449	83.873334	28.088283	1003.990323	35.034643	26.373832	550.879876	76.361746	29.180562	1004.212999	48.090277	12.219596	
6/15/2019 11:13:29.924031449	83.774769	28.206211	1005.311398	35.585265	26.416406	551.308298	76.239106	29.317318	1004.528247	51.869891	12.195506	
6/15/2019 11:13:30.924031449	83.801053	28.094603	1004.096772	35.177588	26.417223	550.085446	76.244968	29.223413	1003.996157	41.581409	12.220226	
6/15/2019 11:13:31.924031449	84.044178	28.310901	1003.526361	36.154453	26.502860	552.688198	76.297088	29.252877	1004.677276	44.456860	12.187608	
6/15/2019 11:13:32.924031449	83.682776	28.178055	1004.766062	35.444278	26.418896	551.533687	75.997137	29.269270	1004.579976	41.352419	12.200553	
6/15/2019 11:13:33.924031449	83.932472	28.357825	1006.468464	36.536263	26.573354	552.110611	76.277165	29.301750	1004.298473	44.239666	12.202209	
6/15/2019 11:13:34.924031449	83.906188	28.141451	1005.057814	35.181153	26.464491	550.615722	76.172240	29.247385	1003.678544	42.389944	12.180577	
6/15/2019 11:13:35.924031449	83.873334	28.142499	1004.723167	35.261605	26.397099	551.207108	75.851420	29.215423	1004.048515	43.119349	12.214602	
6/15/2019 11:13:36.924031449	84.096746	28.433952	1004.674121	36.678222	26.564700	552.257797	75.950983	29.341384	1004.580919	42.092308	12.164873	
6/15/2019 11:13:37.924031449	83.557928	28.094079	1004.519573	34.810009	26.399630	551.713070	75.795488	29.156697	1004.215678	45.342946	12.192379	
6/15/2019 11:13:38.924031449	83.820766	28.422510	1005.592031	36.456609	26.595845	553.188245	75.816410	29.270307	1004.429840	42.300599	12.200329	
6/15/2019 11:13:39.924031449	83.544786	28.109969	1003.932289	34.893939	26.385751	552.966150	75.898206	29.129096	1004.412178	48.605108	12.204062	
6/15/2019 11:13:40.924031449	83.715631	28.279195	1004.842628	36.709129	26.560578	554.258658	75.939707	29.220503	1003.821578	49.369626	12.164728	
6/15/2019 11:13:41.924031449	83.669634	28.125710	1004.405002	35.069717	26.408977	553.545052	75.672848	29.196024	1004.050566	40.334553	12.217769	
6/15/2019 11:13:42.924031449	83.827337	28.217204	1004.781991	36.777718	26.642746	554.662114	76.140779	29.270413	1004.300838	43.353580	12.209319	
6/15/2019 11:13:43.924031449	83.873334	28.200490	1003.913994	35.563877	26.486084	554.530695	75.833863	29.209094	1004.300524	37.518575	12.215824	
6/15/2019 11:13:44.924031449	84.057320	28.192716	1003.811724	36.128223	26.508779	556.171464	76.168062	29.309222	1005.062072	42.797353	12.164768	
6/15/2019 11:13:45.924031449	83.735344	28.088657	1004.096220	35.100612	26.364771	553.554252	75.695925	29.106480	1004.436620	48.911647	12.225312	
6/15/2019 11:13:46.924031449	83.636780	28.191818	1003.111839	35.470265	26.428570	555.173991	75.856073	29.255481	1004.771267	54.169728	12.190631	
6/15/2019 11:13:47.924031449	83.571070	28.178205	1004.833560	35.421469	26.426815	553.681071	75.681023	29.175895	1003.797450	42.268377	12.185282	
6/15/2019 11:13:48.924031449	83.873334	28.239041	1003.713869	35.656094	26.437428	555.321177	75.754854	29.264190	1005.388517	46.461682	12.197031	
6/15/2019 11:13:49.924031449	83.728773	28.105671	1005.907436	36.393513	26.345259	554.029332	75.817357	29.113740	1004.919824	37.889829	12.190828	
6/15/2019 11:13:50.924031449	84.142742	28.343132	1004.103238	36.479234	26.570293	554.127891	75.508679	29.246241	1004.383634	46.679147	12.173822	
6/15/2019 11:13:51.924031449	83.571070	28.179552	1004.748400	35.660293	26.431672	554.324367	75.781085	29.150781	1004.591958	39.999452	12.219845	
6/15/2019 11:13:52.924031449	83.794482	28.226551	1004.065231	36.173496	26.501391	554.715993	75.635183	29.155967	1004.817631	48.416204	12.206270	
6/15/2019 11:13:53.924031449	83.755057	28.168559	1004.062394	35.293826	26.473593	553.570681	75.732329	29.172371	1003.996629	37.915770	12.198752	
6/15/2019 11:13:54.924031449	83.689347	28.168709	1005.080049	36.549276	26.518371	556.150435	75.671849	29.168624	1004.699511	49.307532	12.214930	
6/15/2019 11:13:55.924031449	83.663063	28.105147	1005.387570	35.056081	26.386609	554.909838	75.701078	29.109592	1004.423216	46.054273	12.213563	
6/15/2019 11:13:56.924031449	83.774769	28.143996	1003.212769	35.587857	26.536250	556.570321	75.728123	29.167174	1004.521623	50.265925	12.173507	
6/15/2019 11:13:57.924031449	83.505361	28.156893	1004.432442	35.218155	26.465062	554.038531	75.834205	29.156391	1004.048515	38.552168	12.219688	
6/15/2019 11:13:58.924031449	84.004752	28.197015	1004.712443	35.616823	26.511024	556.166865	75.819959	29.277684	1004.346573	39.804266	12.176188	
6/15/2019 11:13:59.924031449	83.610496	28.120289	1004.072092	35.060055	26.349464	554.539894	75.728675	29.064666	1004.328911	46.758008	12.225154	
6/15/2019 11:14:00.924031449	83.971898	28.213280	1004.653305	35.610307	26.481879	557.057885	75.619729	29.294490	1005.158114	45.992179	12.194021	
6/15/2019 11:14:01.924031449	83.577641	28.111242	1006.146830	35.895700	26.325993	556.596603	75.683283	29.092574	1004.792716	39.423837	12.197412	
6/15/2019 11:14:02.924031449	83.669634	28.269924	1005.045748	36.058961	26.468858	557.358172	75.760873	29.161989	1005.088566	47.570204	12.202288	
6/15/2019 11:14:03.924031449	83.695918	28.141900	1004.578317	35.095742	26.408977	556.054497	75.573784	29.084171	1004.228453	43.782998	12.208307	
6/15/2019 11:14:04.924031449	83.728773	28.280018	1004.584231	35.903988	26.476532	557.963356	75.753013	29.104501	1004.834664	50.254130	12.208911	
6/15/2019 11:14:05.924031449	83.728773	28.162464	1005.075633	35.328607	26.433060	556.656397	75.652426	29.116545	1004.041892	39.431701	12.218925	
6/15/2019 11:14:06.924031449	83.748486	28.352478	1004.973520	36.840746	26.584375	558.460119	75.712274	29.212724	1004.123266	41.123701	12.181997	
6/15/2019 11:14:07.924031449	83.709060	28.142050	1002.940338	35.059724	26.381506	557.753745	75.750990	29.075768	1004.270087	46.510941	12.218741	
6/15/2019 11:14:08.924031449	83.715631	28.263753	1004.825438	36.785335	26.612418	559.920190	75.741817	29.243024	1004.340264	39.950463	12.214181	
6/15/2019 11:14:09.924031449	83.774769	28.131806	1004.259994	35.244170	26.386609	558.664479	75.801403	29.107517	1004.547960	45.194128	12.225378	
6/15/2019 11:14:10.924031449	83.689347	28.148295	1004.199752	35.936949	26.512412	559.228267	75.764289	29.173091	1004.465479	47.559990	12.215311	
6/15/2019 11:14:11.924031449	83.741915	28.205089	1004.739174	35.500411	26.466491	558.286651	75.920127	29.163756	1004.011140	36.767162	12.200080	
6/15/2019 11:14:12.924031449	83.866763	28.238816	1005.330007	36.218553	26.551516	560.719219	75.878046	29.294702	1004.604890	40.791221	12.184625	
6/15/2019 11:14:13.924031449	83.643351	28.105072	1003.781524	34.825963	26.380363	557.880564	75.899415	29.023371	1004.226245	44.521576	12.224931	
6/15/2019 11:14:14.924031449	84.017894	28.223599	1004.994494	35.769927	26.500044	559.229582	75.957397	29.228292	1005.132564	41.603417	12.187451	
6/15/2019 11:14:15.924031449	83.571070	28.189048	1006.169460	35.285225	26.461389	558.230141	76.001081	29.110322	1004.147079	38.572866	12.196098	
6/15/2019 11:14:16.924031449	83.932472	28.239115	1005.220956	35.494118	26.435999	559.109331	75.861303	29.144971	1005.068696	46.500457	12.205034	
6/15/2019 11:14:17.924031449	83.525074	28.135955	1004.085576	35.141297	26.378078	556.561774	76.002894	29.070582	1004.079739	42.264445	12.207334	
6/15/2019 11:14:18.924031449	84.037607	28.311201	1004.842943	35.906326	26.467144	557.442280	75.767154	29.112184	1004.528561	48.928414	12.185164	
6/15/2019 11:14:19.924031449	83.603925	28.137751	1004.591249	35.294877	26.393425	557.834568	75.940102	29.082509	1004.587071	43.504749	12.219228	
6/15/2019 11:14:20.924031449	84.011323	28.327391	1004.688000	36.376146	26.508248	559.226951	75.975664	29.124111	1004.828041	45.333772	12.203720	
6/15/2019 11:14:21.924031449	83.617067	28.231523	1005.247767	35.753000	26.454613	558.306365	75.968541	29.156909	1004.149130	36.230322	12.204640	
6/15/2019 11:14:22.924031449	83.886475	28.320996	1005.076028	36.747144	26.578457	559.235498	76.031333	29.183980	1004.679326	38.102052	12.195020	
6/15/2019 11:14:23.924031449	83.584212	28.158390	1004.006645	35.135881	26.389466	558.664479	75.814202	29.092680	1004.617980	46.439673	12.226469	
6/15/2019 11:14:24.924031449	83.965327	28.237993	1004.464930	36.720058	26.575314	561.208098	76.167115	29.204840	1004.694623	37.774815	12.183994	
6/15/2019 11:14:25.924031449	83.663063	28.205388	1004.267959	35.524275	26.471022	559.625155	75.768153	29.129414	1004.503489	37.629928	12.191603	
6/15/2019 11:14:26.924031449	83.840479	28.227748	1003.645742	35.647768	26.537638	561.342801	76.064897	29.276023	1003.979438	42.058775	12.188226	
6/15/2019 11:14:27.924031449	83.538215	28.194470	1004.474233	35.425326	26.484655	560.351243	75.794227	29.119762	1004.322759	37.504429	12.208018	
6/15/2019 11:14:28.924031449	83.919330	28.275195	1005.809976	35.834961	26.546985	561.529415	76.157337	29.273017	1004.462799	41.800185	12.198069	
6/15/2019 11:14:29.924031449	83.557928	28.205163	1004.771424	35.812180	26.389997	562.658307	75.830446	29.100257	1004.831827	36.729697	12.182627	
6/15/2019 11:14:30.924031449	83.774769	28.197539	1004.551823	35.301782	26.425468	561.325056	75.983890	29.224250	1004.523988	45.280852	12.203116	
6/15/2019 11:14:31.924031449	83.538215	28.269175	1005.041175	37.066082	26.635399	564.191308	76.121775	29.148389	1004.629333	49.717562	12.214680	
6/15/2019 11:14:32.924031449	83.748486	28.121486	1002.975663	34.955281	26.407018	560.696874	75.860698	29.052421	1004.248323	46.898962	12.210659	
6/15/2019 11:14:33.924031449	83.531645	28.143697	1004.357612	36.799984	26.660298	564.565198	76.065397	29.158972	1004.874876	50.127592	12.204811	
6/15/2019 11:14:34.924031449	83.748486	28.173532	1004.169709	35.075853	26.403018	560.030579	75.911952	29.117169	1004.302732	41.386223	12.211487	
6/15/2019 11:14:35.924031449	83.597354	28.134276	1004.791532	35.003114	26.607642	565.804480	75.991565	29.295527	1004.791766	49.162645	12.187175	
6/15/2019 11:14:36.924031449	83.860192	28.214959	1005.220641	35.197000	26.456572	561.929587	76.073966	29.162201	1004.379061	39.517114	12.220147	
6/15/2019 11:14:37.924031449	83.689347	28.250033	1003.815745	35.803160	26.563721	563.393595	76.282685	29.285675	1004.547802	46.520115	12.162875	
6/15/2019 11:14:38.924031449	83.840479	28.231373	1004.589988	35.436244	26.471308	561.637836	75.986440	29.172265	1004.195022	37.650626	12.223341	
6/15/2019 11:14:39.924031449	83.702489	28.240687	1005.614818	35.086790	26.421549	562.599165	76.125139	29.255269	1005.508530	55.201740	12.186609	
6/15/2019 11:14:40.924031449	83.801053	28.190545	1003.754478	35.608603	26.432815	560.993224	76.084662	29.106787	1004.304782	43.014548	12.194324	
6/15/2019 11:14:41.924031449	83.827337	28.181124	1005.772206	35.953993	26.317584	561.722597	76.131658	29.154411	1005.499384	49.068058	12.176096	
6/15/2019 11:14:42.924031449	83.630209	28.100773	1004.051118	34.848667	26.364240	560.116003	75.752961	29.078879	1004.403661	45.214826	12.203536	
6/15/2019 11:14:43.924031449	83.847050	28.301929	1004.572640	35.898865	26.476818	562.885001	76.084215	29.173503	1005.048983	51.874862	12.206532	
6/15/2019 11:14:44.924031449	83.577641	28.216606	1004.263701	35.389745	26.431101	562.704303	75.889137	29.133351	1004.687528	40.267216	12.215548	
6/15/2019 11:14:45.924031449	83.748486	28.324514	1005.855710	35.885795	26.491880	563.470471	76.072782	29.159078	1004.810535	47.325759	12.173231	
6/15/2019 11:14:46.924031449	83.643351	28.200790	1004.632173	35.430176	26.408161	562.886317	76.024815	29.152961	1004.545437	41.741751	12.219687	
6/15/2019 11:14:47.924031449	83.774769	28.275719	1006.101805	36.182086	26.512208	565.885956	75.915631	29.192383	1004.878033	42.409332	12.185624	
6/15/2019 11:14:48.924031449	83.755057	28.138051	1003.893415	35.175941	26.383466	562.471030	76.042872	29.116026	1004.460592	47.837968	12.208951	
6/15/2019 11:14:49.924031449	83.695918	28.285590	1004.974467	36.527507	26.597152	565.952981	76.179363	29.205253	1004.639901	43.252711	12.202827	
6/15/2019 11:14:50.924031449	83.682776	28.141751	1003.254797	34.982096	26.398773	562.635962	76.012777	29.136155	1004.072801	43.189306	12.219661	
6/15/2019 11:14:51.924031449	83.472506	28.191219	1005.656846	35.582578	26.543026	566.124481	76.096253	29.231086	1004.559785	47.693082	12.190657	
6/15/2019 11:14:52.924031449	83.748486	28.126833	1004.244697	35.040448	26.363097	563.982349	76.161044	29.128059	1004.331276	47.986787	12.227231	
6/15/2019 11:14:53.924031449	83.577641	28.227524	1003.922116	36.263494	26.603928	566.428062	76.274511	29.292934	1004.703769	41.805427	12.188318	
6/15/2019 11:14:54.924031449	83.735344	28.153118	1004.744536	35.362239	26.406446	564.156479	76.226201	29.141341	1004.670652	45.912008	12.228335	
6/15/2019 11:14:55.924031449	83.446222	28.191968	1005.198721	35.801309	26.463429	566.017375	76.098803	29.273736	1004.745245	52.604537	12.193141	
6/15/2019 11:14:56.924031449	83.702489	28.190920	1004.199200	35.234469	26.393711	563.889042	76.145352	29.138536	1004.495130	46.851014	12.226942	
6/15/2019 11:14:57.924031449	83.564499	28.291460	1006.226943	35.657342	26.495146	564.987705	76.178654	29.328007	1004.812743	46.558890	12.193246	
6/15/2019 11:14:58.924031449	83.755057	28.221653	1005.104729	35.473685	26.441591	564.895714	76.122984	29.197368	1004.179253	39.982686	12.216547	
6/15/2019 11:14:59.924031449	83.577641	28.213280	1004.359583	35.501082	26.437387	566.131049	76.141988	29.281939	1004.989844	48.006174	12.187490	
6/15/2019 11:15:00.924031449	83.702489	28.231673	1003.756529	35.285926	26.442122	565.341882	76.101511	29.203909	1004.333169	39.456331	12.196926	
6/15/2019 11:15:01.924031449	83.682776	28.232721	1004.582575	35.445749	26.442775	564.373975	76.203938	29.253089	1004.591958	51.801244	12.204009	
6/15/2019 11:15:02.924031449	83.590783	28.153342	1005.672066	34.846261	26.478696	564.495542	75.968041	29.179525	1004.704719	41.461152	12.189579	
6/15/2019 11:15:03.924031449	83.827337	28.369865	1005.122786	36.078004	26.492941	566.460912	76.306918	29.226525	1004.882292	46.199160	12.201092	
6/15/2019 11:15:04.924031449	83.728773	28.211034	1003.686981	35.384963	26.467920	565.722340	75.981131	29.181081	1004.440250	40.537602	12.208675	
6/15/2019 11:15:05.924031449	83.774769	28.290562	1004.526986	35.774018	26.456408	565.264995	76.201940	29.185536	1004.447502	46.584560	12.179697	
6/15/2019 11:15:06.924031449	83.479077	28.216381	1004.556082	35.525823	26.473593	565.627718	76.199970	29.207020	1004.451132	38.091568	12.220437	
6/15/2019 11:15:07.924031449	83.584212	28.379062	1004.879609	36.500946	26.547271	565.617856	76.216081	29.251533	1004.322759	40.853315	12.209253	
6/15/2019 11:15:08.924031449	83.538215	28.178654	1005.663550	35.211357	26.428244	564.448231	76.158336	29.176414	1004.052931	40.417345	12.220607	
6/15/2019 11:15:09.924031449	83.755057	28.312323	1004.792084	36.872089	26.585273	567.563522	76.265442	29.258168	1004.661664	40.723885	12.207019	
6/15/2019 11:15:10.924031449	83.623638	28.206660	1005.760773	35.252927	26.413549	566.349207	76.053963	29.198924	1004.900111	42.316055	12.207649	
6/15/2019 11:15:11.924031449	83.551357	28.279494	1004.847753	36.761765	26.602213	569.660311	76.384508	29.286806	1004.521938	39.830206	12.203720	
6/15/2019 11:15:12.924031449	83.669634	28.185348	1003.910445	35.214746	26.447265	567.622000	76.092889	29.203284	1004.508220	40.430180	12.209437	
6/15/2019 11:15:13.924031449	83.656492	28.223075	1005.686417	36.295947	26.586947	570.582875	76.375125	29.322916	1004.692573	43.846402	12.193128	
6/15/2019 11:15:14.924031449	83.518503	28.148220	1006.126328	35.317347	26.494860	568.194988	76.215477	29.243024	1004.396566	38.462823	12.190144	
6/15/2019 11:15:15.924031449	83.623638	28.213729	1005.023828	36.115006	26.560904	570.739260	76.268544	29.342527	1004.937329	40.533670	12.200632	
6/15/2019 11:15:16.924031449	83.656492	28.143622	1004.410679	35.003650	26.361995	569.807497	76.093836	29.161258	1004.591644	45.988247	12.192536	
6/15/2019 11:15:17.924031449	83.406797	28.198063	1004.125788	35.124981	26.456082	572.340602	76.313489	29.270413	1004.696517	48.639951	12.186925	
6/15/2019 11:15:18.924031449	83.531645	28.136778	1004.483854	35.068197	26.380078	569.323217	76.015089	29.175789	1004.105918	44.542274	12.224839	
6/15/2019 11:15:19.924031449	83.617067	28.214552	1003.988036	35.940737	26.410773	572.893875	76.400305	29.304861	1004.839079	45.433331	12.184007	
6/15/2019 11:15:20.924031449	83.446222	28.248312	1005.779304	35.561345	26.458001	570.968586	76.208854	29.224663	1004.098980	38.634960	12.182943	
6/15/2019 11:15:21.924031449	83.689347	28.207933	1004.086837	35.404987	26.432285	569.589339	76.096596	29.299157	1004.338213	46.424217	12.177528	
