
Time stamp	Inside_humidity (in %rH)	Inside_temperature (in °C)	Inside_pressure (in mbar)	Soil_moisture (in %VWC)	Soil_temperature (in °C)	Inside_CO2_ratio (in ppm)	Outside_humidity (in %rH)	Outside_temperature (in °C)	Outside_pressure (in mbar)	Outside_PAR (in µmol m^-2 s^-1)	Power_box_charge (in V)	
6/15/2019 16:52:34.071194049	81.842912	24.398185	1002.420157	20.451120	24.983466	500.236240	82.314811	25.108015	1001.311110	0.232293	12.101463	
6/15/2019 16:52:35.071194049	82.237169	24.400281	1001.988602	20.631182	25.054899	506.761196	82.255725	25.290109	1002.221215	1.864550	12.087520	
6/15/2019 16:52:36.071194049	82.151747	24.303665	1002.446256	20.229785	25.030775	503.969852	82.209886	25.217795	1001.608696	5.809748	12.092579	
6/15/2019 16:52:37.071194049	82.026899	24.448402	1001.382077	20.614268	25.063920	517.042109	82.404754	25.242178	1001.904231	1.444306	12.086968	
6/15/2019 16:52:38.071194049	81.921764	24.366778	1001.973147	20.748174	24.975507	523.037442	82.342961	25.178986	1001.994121	8.933577	12.109375	
6/15/2019 16:52:39.071194049	82.276594	24.373622	1000.812060	21.498124	25.129965	526.550275	82.489125	25.219763	1001.944286	5.565303	12.103224	
6/15/2019 16:52:40.071194049	82.250311	24.366778	1003.457525	20.132698	24.993916	521.523492	82.639495	25.148168	1002.191250	6.676447	12.081304	
6/15/2019 16:52:41.071194049	82.302878	24.483958	1002.442077	21.379659	25.095922	536.726702	82.401048	25.176806	1001.570692	-0.559476	12.088637	
6/15/2019 16:52:42.071194049	82.118892	24.378220	1001.544590	20.854448	24.974650	544.600034	82.207126	25.244559	1002.044114	6.998442	12.108481	
6/15/2019 16:52:43.071194049	82.664280	24.367527	1000.584023	21.772728	25.124903	542.369174	82.435506	25.159270	1002.197401	4.104914	12.061157	
6/15/2019 16:52:44.071194049	82.519719	24.387791	1001.301570	20.633835	24.979181	542.733865	82.397893	25.197348	1001.855817	4.452849	12.096272	
6/15/2019 16:52:45.071194049	82.454010	24.548045	1002.435217	21.079402	24.981793	552.115210	82.408670	25.230865	1002.545609	14.041529	12.076178	
6/15/2019 16:52:46.071194049	82.283165	24.468442	1001.979219	20.442815	24.917993	551.774180	82.418448	25.182828	1001.888619	2.482871	12.109966	
6/15/2019 16:52:47.071194049	82.894263	24.458871	1001.735095	20.671260	25.047266	559.570613	82.472172	25.258466	1002.120758	1.956516	12.090753	
6/15/2019 16:52:48.071194049	82.618284	24.430790	1002.823954	20.298377	25.011795	566.940592	82.458321	25.144644	1001.630459	1.070430	12.111162	
6/15/2019 16:52:49.071194049	82.486865	24.465116	1001.891851	20.799825	25.000733	567.195547	82.654687	25.302566	1002.348795	8.625727	12.092987	
6/15/2019 16:52:50.071194049	82.828554	24.436960	1000.952021	20.405324	24.923381	565.152637	82.557227	25.104279	1002.265528	13.299019	12.085930	
6/15/2019 16:52:51.071194049	82.736560	24.517461	1001.714830	21.026582	25.064492	572.780854	82.481845	25.244147	1002.029132	4.580969	12.093368	
6/15/2019 16:52:52.071194049	82.605142	24.400506	1003.046315	20.543675	24.910932	578.820213	82.205523	25.178573	1001.681081	-0.370572	12.082250	
6/15/2019 16:52:53.071194049	83.012540	24.473265	1001.604675	21.357186	25.153476	580.221142	82.400995	25.225361	1001.871743	1.876345	12.102186	
6/15/2019 16:52:54.071194049	83.143959	24.700332	1002.973535	22.656111	25.267442	581.768594	82.489492	25.289061	1002.246444	4.789261	12.076428	
6/15/2019 16:52:55.071194049	82.815412	24.425668	1002.699605	19.961277	25.020571	581.245549	82.452958	25.144644	1001.616898	0.207664	12.081014	
6/15/2019 16:52:56.071194049	82.999398	24.610409	1004.183668	22.431564	24.990691	588.199578	82.551785	25.292702	1002.626668	9.908737	12.046504	
6/15/2019 16:52:57.071194049	82.854837	24.426716	1003.456578	20.446315	24.906931	585.903040	82.604537	25.226716	1002.120758	4.460713	12.083025	
6/15/2019 16:52:58.071194049	83.492219	24.833926	1003.469667	21.499972	24.912156	587.388066	82.630978	25.404143	1002.088585	1.878966	12.052037	
6/15/2019 16:52:59.071194049	83.209668	24.361881	1002.892318	20.452529	25.025959	587.613455	82.649220	25.206481	1002.149616	5.772284	12.077243	
6/15/2019 16:53:00.071194049	83.380513	24.539672	1001.667834	20.630669	25.063961	590.672236	82.653636	25.351746	1002.353211	3.400139	12.086298	
6/15/2019 16:53:01.071194049	83.097962	24.515739	1002.365039	20.297840	24.953424	592.706599	82.451697	25.193930	1001.693856	0.882837	12.093000	
6/15/2019 16:53:02.071194049	83.196526	24.417968	1001.975907	20.843458	25.054287	599.444459	82.577806	25.351640	1001.499879	4.120640	12.047135	
6/15/2019 16:53:03.071194049	83.078250	24.447279	1001.500748	20.437552	24.980038	595.799545	82.432142	25.164561	1001.770185	-0.321312	12.078833	
6/15/2019 16:53:04.071194049	83.032253	24.499924	1002.104751	21.360207	25.134496	597.466596	82.703653	25.289178	1002.132740	11.270878	12.055138	
6/15/2019 16:53:05.071194049	83.104533	24.425817	1003.312911	20.360464	24.790802	598.357616	82.699133	25.366277	1002.532363	2.709239	12.050144	
6/15/2019 16:53:06.071194049	83.078250	24.605512	1002.823402	21.502361	25.111841	603.064386	82.767602	25.251819	1001.808189	4.111466	12.084786	
6/15/2019 16:53:07.071194049	83.176814	24.494053	1001.941449	20.440147	24.951995	601.913159	82.556176	25.187389	1001.562804	0.171510	12.104092	
6/15/2019 16:53:08.071194049	83.669634	24.552718	1002.855967	20.828730	25.117270	607.062150	82.577649	25.186246	1001.543091	2.279822	12.062077	
6/15/2019 16:53:09.071194049	83.281949	24.451878	1001.835709	20.236753	25.014611	605.441758	82.313812	25.149205	1001.654902	0.726426	12.108783	
6/15/2019 16:53:10.071194049	83.380513	24.521760	1002.453983	21.296796	25.020611	607.990629	82.293757	25.306090	1002.359677	13.280942	12.092185	
6/15/2019 16:53:11.071194049	83.439651	24.484332	1000.857005	20.284577	24.997631	607.995229	82.347823	25.173695	1001.764191	0.824674	12.098467	
6/15/2019 16:53:12.071194049	83.498790	24.517611	1001.112326	20.703401	24.979507	610.603894	82.564664	25.357556	1002.532363	12.544985	12.082881	
6/15/2019 16:53:13.071194049	83.341087	24.452701	1001.298495	20.416128	25.016326	610.759627	82.440973	25.186458	1001.825537	4.375299	12.108060	
6/15/2019 16:53:14.071194049	83.314803	24.475361	1002.407934	21.072778	25.050899	612.977983	82.744078	25.345311	1002.305111	9.448408	12.096561	
6/15/2019 16:53:15.071194049	83.531645	24.442157	1001.104441	20.729432	24.968690	612.506186	82.447544	25.230452	1002.044586	7.678857	12.111937	
6/15/2019 16:53:16.071194049	83.564499	24.506468	1002.052551	20.795492	25.197397	618.788015	82.614263	25.274235	1001.948387	1.937128	12.093828	
6/15/2019 16:53:17.071194049	83.137388	24.526433	1002.964309	20.421742	24.917993	616.566375	82.279302	25.283886	1002.022351	6.245719	12.092658	
6/15/2019 16:53:18.071194049	83.505361	24.548569	1002.233830	21.659390	25.048613	618.837295	82.306295	25.289591	1002.158605	9.854506	12.095418	
6/15/2019 16:53:19.071194049	83.531645	24.511815	1001.840597	20.411634	24.903503	616.706994	82.255383	25.188426	1002.089377	1.828396	12.082237	
6/15/2019 16:53:20.071194049	83.590783	24.611083	1002.351555	21.502793	25.053470	621.224518	82.302036	25.242898	1002.088427	5.899094	12.099821	
6/15/2019 16:53:21.071194049	83.682776	24.341916	999.797794	19.309887	24.960486	621.538614	82.421208	25.143913	1002.552547	8.257093	12.075731	
6/15/2019 16:53:22.071194049	83.814195	24.527706	1001.767345	21.161985	24.993957	620.939998	82.455823	25.301317	1002.427961	12.459572	12.091475	
6/15/2019 16:53:23.071194049	83.426509	24.564235	1003.128558	20.342195	24.965057	620.689643	82.281062	25.196628	1001.696221	1.026413	12.088808	
6/15/2019 16:53:24.071194049	83.847050	24.497421	1001.905492	20.979255	24.998202	622.743067	82.457374	25.371462	1002.534885	11.620124	12.090674	
6/15/2019 16:53:25.071194049	83.505361	24.547596	1002.233673	20.418138	24.967017	622.428319	82.438161	25.202227	1001.665784	-0.133719	12.104289	
6/15/2019 16:53:26.071194049	83.741915	24.506992	1000.178490	20.831116	25.062247	626.894595	82.635684	25.254730	1002.134319	2.880066	12.086941	
6/15/2019 16:53:27.071194049	83.617067	24.447279	1002.476850	20.813329	24.975507	623.126809	82.477429	25.223393	1002.103882	0.009857	12.075022	
6/15/2019 16:53:28.071194049	83.630209	24.548793	1001.907543	21.386251	25.079227	625.191401	82.661363	25.286267	1002.031497	4.318447	12.098428	
6/15/2019 16:53:29.071194049	83.564499	24.553167	1002.103725	20.633177	24.929627	624.609215	82.597205	25.203370	1001.948072	3.266777	12.087467	
6/15/2019 16:53:30.071194049	83.847050	24.579077	1002.201737	21.331476	25.114944	627.748156	82.561695	25.214260	1001.972358	1.254092	12.063312	
6/15/2019 16:53:31.071194049	83.663063	24.537127	1001.360393	20.475684	24.962200	626.169160	82.471857	25.190606	1001.681238	-0.155728	12.105511	
6/15/2019 16:53:32.071194049	83.755057	24.618152	1002.800220	20.978510	24.976119	627.728442	82.467099	25.328187	1002.057990	14.430861	12.047923	
6/15/2019 16:53:33.071194049	83.801053	24.515964	1001.753152	20.424569	25.008652	627.403841	82.294651	25.213328	1001.799358	3.273330	12.115538	
6/15/2019 16:53:34.071194049	83.761628	24.639614	1001.946337	21.011796	24.972160	627.887458	82.370296	25.332135	1002.672246	6.323269	12.063588	
6/15/2019 16:53:35.071194049	83.853621	24.542473	1002.287449	20.468043	24.941505	628.440079	82.220268	25.164043	1001.622100	-0.072935	12.110873	
6/15/2019 16:53:36.071194049	83.827337	24.519332	1002.050972	21.179187	25.022081	630.703114	82.309949	25.391391	1002.629033	9.683950	12.075364	
6/15/2019 16:53:37.071194049	83.564499	24.638640	1001.077158	20.577185	24.901584	629.630733	82.367379	25.173800	1001.724922	3.058485	12.085154	
6/15/2019 16:53:38.071194049	83.774769	24.613703	1002.189594	20.766042	25.016326	631.468630	82.664518	25.286585	1002.164599	5.362254	12.088374	
6/15/2019 16:53:39.071194049	83.689347	24.480109	1002.244160	20.554071	24.915136	628.828420	82.475221	25.231489	1001.890827	6.609110	12.103855	
6/15/2019 16:53:40.071194049	84.031036	24.502693	1000.267828	20.569648	25.215480	631.604649	82.322144	25.315424	1002.274674	5.897783	12.074023	
6/15/2019 16:53:41.071194049	83.682776	24.527556	1002.694481	20.814706	24.989099	630.985666	82.166649	25.204407	1001.987498	3.722134	12.094156	
6/15/2019 16:53:42.071194049	84.011323	24.664102	1002.708279	21.349136	25.135067	633.400487	82.616970	25.227436	1002.059726	1.709450	12.073011	
6/15/2019 16:53:43.071194049	83.702489	24.531929	1001.867250	20.468043	24.953424	631.231421	82.463236	25.166423	1001.905332	0.734290	12.100898	
6/15/2019 16:53:44.071194049	84.162455	24.670796	1001.340286	20.741461	24.963384	631.637498	82.575651	25.173070	1002.359048	4.106224	12.062721	
6/15/2019 16:53:45.071194049	83.794482	24.496224	1001.506820	20.740941	24.983997	631.205792	82.474222	25.232008	1001.934826	5.482511	12.109848	
6/15/2019 16:53:46.071194049	84.188739	24.644361	1002.622173	20.802803	25.004202	632.225600	82.579253	25.290215	1002.018093	0.992880	12.073721	
6/15/2019 16:53:47.071194049	83.866763	24.533127	1002.049948	20.627563	25.008080	631.577051	82.464787	25.222980	1002.090163	2.671775	12.112700	
6/15/2019 16:53:48.071194049	84.123029	24.535223	1001.819466	21.105993	25.015183	634.436072	82.562404	25.393147	1002.210648	8.977594	12.091633	
6/15/2019 16:53:49.071194049	83.985040	24.501645	1002.177846	20.707359	24.946893	632.277511	82.397132	25.209804	1002.033390	6.748754	12.105616	
6/15/2019 16:53:50.071194049	83.853621	24.492898	1001.266797	20.575831	24.998447	634.178486	82.306295	25.227541	1001.446892	2.922773	12.088177	
6/15/2019 16:53:51.071194049	84.155884	24.528604	1001.002251	22.180124	25.225154	638.228824	82.533466	25.352465	1002.147880	4.998863	12.085115	
6/15/2019 16:53:52.071194049	83.998181	24.485680	1001.755360	20.905707	24.987140	635.263350	82.431984	25.255979	1001.930253	7.260964	12.109020	
6/15/2019 16:53:53.071194049	83.873334	24.768792	1002.922046	21.789732	25.081594	636.223364	82.603381	25.275166	1002.082433	7.390395	12.059804	
6/15/2019 16:53:54.071194049	84.050749	24.643837	1000.976229	20.688513	24.927626	635.783111	82.454405	25.204407	1001.980875	3.242147	12.081948	
6/15/2019 16:53:55.071194049	84.136171	24.770888	1002.371977	21.259785	25.000569	637.100585	82.571578	25.272679	1002.610899	11.097430	12.068030	
6/15/2019 16:53:56.071194049	83.886475	24.486279	1002.024479	20.918562	24.965016	637.465276	82.427017	25.280775	1001.903917	6.872943	12.093894	
6/15/2019 16:53:57.071194049	84.320158	24.624921	1002.777668	20.943710	25.044409	638.766983	82.528840	25.316779	1002.429854	8.357962	12.078360	
6/15/2019 16:53:58.071194049	83.886475	24.495849	1001.880812	20.716914	24.968690	637.269463	82.424310	25.259609	1001.998380	6.222399	12.113738	
6/15/2019 16:53:59.071194049	84.333300	24.534774	1001.187156	21.042415	25.035878	639.974067	82.359309	25.352158	1003.055621	9.141868	12.063772	
6/15/2019 16:54:00.071194049	84.017894	24.585248	1002.783424	20.572235	24.929055	637.028307	82.498246	25.209698	1001.930725	3.309483	12.100517	
6/15/2019 16:54:01.071194049	83.998181	24.579601	1001.686286	21.028151	25.157803	641.109526	82.603880	25.288765	1002.276096	4.163347	12.078136	
6/15/2019 16:54:02.071194049	84.195310	24.485755	1003.196133	20.791592	24.935015	637.294429	82.503056	25.262826	1002.059254	7.691692	12.108639	
6/15/2019 16:54:03.071194049	84.247877	24.576051	1002.053023	21.923020	25.143231	640.449147	82.534412	25.286267	1001.977245	3.171150	12.098690	
6/15/2019 16:54:04.071194049	83.939043	24.545542	1001.772707	20.291168	24.883134	637.850334	82.364067	25.152941	1002.532363	12.577207	12.071355	
6/15/2019 16:54:05.071194049	84.129600	24.686687	1003.714029	21.490756	25.046123	638.691411	82.347219	25.310863	1002.278461	10.195889	12.088072	
6/15/2019 16:54:06.071194049	84.300445	24.506768	1002.379942	20.821947	24.964200	638.209762	82.120048	25.247989	1002.065720	6.665962	12.112029	
6/15/2019 16:54:07.071194049	84.215023	24.703251	1002.416845	20.780291	25.007917	639.213140	82.175480	25.210535	1002.002324	5.871843	12.063247	
6/15/2019 16:54:08.071194049	83.945614	24.534100	1000.960617	20.761910	24.993426	639.460874	82.067928	25.227965	1002.084483	6.110006	12.099558	
6/15/2019 16:54:09.071194049	84.418722	24.634192	1002.278932	20.605137	25.020326	640.716585	82.557831	25.302036	1002.256540	4.062207	12.077795	
6/15/2019 16:54:10.071194049	84.109887	24.559786	1001.394220	20.591353	25.002121	640.898599	82.371795	25.221943	1001.894771	2.467415	12.112897	
6/15/2019 16:54:11.071194049	84.057320	24.605704	1002.650717	20.741333	25.024204	642.384288	82.460424	25.314811	1002.331605	3.287475	12.063483	
6/15/2019 16:54:12.071194049	84.366154	24.568309	1002.911164	20.531340	24.981793	642.101084	82.284769	25.185315	1001.959426	-0.854220	12.077440	
6/15/2019 16:54:13.071194049	84.254448	24.533876	1001.362444	21.468186	25.092044	643.272024	82.205418	25.383177	1002.204497	8.526168	12.075416	
6/15/2019 16:54:14.071194049	84.024465	24.632321	1001.704106	20.536530	24.928688	642.997356	82.232463	25.195686	1001.642920	0.061467	12.096456	
6/15/2019 16:54:15.071194049	84.405580	24.628246	1002.069109	21.465174	25.103596	645.064578	82.381387	25.225774	1001.860704	1.919051	12.093368	
6/15/2019 16:54:16.071194049	84.155884	24.601587	1001.783746	20.379846	24.934443	644.551385	82.318228	25.203370	1001.691963	1.770233	12.104460	
6/15/2019 16:54:17.071194049	84.221594	24.675993	1002.302194	21.476042	25.041878	645.812348	82.348533	25.299761	1002.201817	6.687971	12.093420	
6/15/2019 16:54:18.071194049	84.412151	24.559861	1001.542382	20.729505	24.966445	644.809624	82.391113	25.242697	1002.192986	8.532450	12.107982	
6/15/2019 16:54:19.071194049	84.359583	24.702951	1003.258188	20.787698	24.990038	645.737440	82.455666	25.290321	1002.479847	4.701226	12.068451	
6/15/2019 16:54:20.071194049	84.096746	24.569806	1001.605936	20.414774	24.994202	645.836009	82.400838	25.195898	1001.670042	0.789831	12.109204	
6/15/2019 16:54:21.071194049	84.431864	24.671619	1001.729575	20.739611	24.962812	646.148127	82.641493	25.354857	1002.239349	6.307813	12.088335	
6/15/2019 16:54:22.071194049	84.261019	24.581248	1001.750392	20.628340	25.003549	644.703834	82.278697	25.224123	1001.904231	2.524267	12.112792	
6/15/2019 16:54:23.071194049	84.228164	24.577324	1002.245658	20.914021	25.129720	647.186995	82.426912	25.254423	1001.911169	2.298170	12.079661	
6/15/2019 16:54:24.071194049	84.385867	24.554739	1002.192196	20.641090	25.012040	643.962631	82.231702	25.228272	1001.911012	3.044340	12.108547	
6/15/2019 16:54:25.071194049	84.221594	24.638266	1001.922840	21.377241	25.142700	646.207268	82.236117	25.250676	1001.978981	3.274640	12.099137	
6/15/2019 16:54:26.071194049	84.477860	24.528229	1001.645519	20.658327	24.977752	643.774702	82.080727	25.261164	1001.980875	6.139607	12.111937	
6/15/2019 16:54:27.071194049	84.385867	24.739481	1002.758981	21.063111	25.089718	645.242645	82.346063	25.187177	1002.257326	-1.860563	12.037594	
6/15/2019 16:54:28.071194049	84.057320	24.612131	1002.833180	19.912749	25.048899	644.119016	82.206127	25.317922	1002.538986	3.407732	12.061236	
6/15/2019 16:54:29.071194049	84.477860	24.719965	1002.107116	20.897272	24.947505	643.965252	82.343513	25.277452	1002.670510	11.468685	12.027343	
6/15/2019 16:54:30.071194049	84.182168	24.628920	1001.189444	20.334914	24.921667	645.517314	82.279407	25.266975	1001.243612	-1.349664	12.095471	
6/15/2019 16:54:31.071194049	84.221594	24.666946	1000.808117	20.601781	24.959138	645.886604	82.531205	25.327881	1003.024555	12.168488	12.022231	
6/15/2019 16:54:32.071194049	84.582995	24.591642	999.955025	19.448375	25.059104	649.620877	82.565611	25.215509	1001.000277	-6.130378	12.069515	
6/15/2019 16:54:33.071194049	84.254448	24.757467	1004.245724	21.720163	24.874970	646.451045	82.663019	25.288141	1002.685335	6.523697	12.066953	
6/15/2019 16:54:34.071194049	84.399009	24.823682	1003.074859	20.831493	24.819947	645.475918	82.494882	25.261683	1001.053736	2.861989	12.067544	
6/15/2019 16:54:35.071194049	84.445006	24.608281	1000.568094	21.608739	25.121434	649.579481	82.465339	25.273504	1002.281297	4.467265	12.088847	
6/15/2019 16:54:36.071194049	84.372725	24.565208	1003.170348	20.779105	24.958812	646.751995	82.367774	25.255873	1001.993650	7.383842	12.096496	
6/15/2019 16:54:37.071194049	84.280732	24.775636	1002.609715	21.174752	25.082942	648.655602	82.451145	25.227436	1001.797307	1.812940	12.085785	
6/15/2019 16:54:38.071194049	84.536999	24.564609	1002.281929	20.667713	24.921381	646.637659	82.418029	25.234188	1002.163020	8.094130	12.107298	
6/15/2019 16:54:39.071194049	84.517286	24.658873	1000.768928	21.121459	25.004161	648.415099	82.347062	25.340326	1001.825380	9.266057	12.045702	
6/15/2019 16:54:40.071194049	84.182168	24.645260	1001.706708	20.009036	24.966159	646.009477	82.362359	25.228272	1002.013677	5.558750	12.070961	
6/15/2019 16:54:41.071194049	84.681559	24.710170	1003.625872	21.110029	24.974976	647.711356	82.316520	25.358699	1002.757720	12.538432	12.072840	
6/15/2019 16:54:42.071194049	84.353012	24.591867	1003.165301	20.619658	24.928198	647.160051	82.139157	25.239480	1001.918899	7.404540	12.097836	
6/15/2019 16:54:43.071194049	84.451576	24.651205	1001.905335	20.737705	24.994528	648.955236	82.297858	25.351333	1002.405254	9.337054	12.087809	
6/15/2019 16:54:44.071194049	84.523857	24.539297	1002.326323	20.858325	24.972119	648.085899	82.338783	25.277145	1002.041907	5.495346	12.111661	
6/15/2019 16:54:45.071194049	84.471289	24.601962	1001.403997	21.049168	25.141598	650.390993	82.543034	25.300174	1002.132269	-0.911072	12.065231	
6/15/2019 16:54:46.071194049	84.372725	24.580949	1001.069983	20.587349	24.989099	648.407878	82.292339	25.236156	1001.934983	2.636931	12.099229	
6/15/2019 16:54:47.071194049	84.254448	24.643912	1002.019196	20.425579	24.954526	648.097729	82.417634	25.203782	1001.773022	-0.256597	12.101187	
6/15/2019 16:54:48.071194049	84.504144	24.866606	1002.518641	21.608162	25.099106	650.260879	82.458321	25.241130	1001.946494	3.846323	12.083459	
6/15/2019 16:54:49.071194049	84.129600	24.818260	1003.203308	20.167362	24.757371	645.861628	82.121047	25.326325	1002.761664	4.064828	12.038632	
6/15/2019 16:54:50.071194049	84.491002	24.719441	1002.055073	21.075829	25.075921	650.430410	82.116789	25.259915	1002.396895	5.068549	12.071697	
6/15/2019 16:54:51.071194049	84.339870	24.628471	1002.769783	20.456975	24.974650	649.905397	82.064773	25.191019	1001.709782	0.625557	12.102620	
6/15/2019 16:54:52.071194049	84.747269	24.658199	1003.009649	20.925777	25.057716	652.755218	82.182498	25.409022	1002.173588	7.003684	12.069266	
6/15/2019 16:54:53.071194049	84.484431	24.644586	1002.929931	20.752755	24.925953	649.929048	82.122204	25.275484	1001.943342	6.562472	12.093144	
6/15/2019 16:54:54.071194049	84.477860	24.595085	1002.575020	21.068429	25.100739	655.178586	82.236669	25.316155	1002.401782	-0.228036	12.069410	
6/15/2019 16:54:55.071194049	84.445006	24.603084	1001.838784	20.614003	25.006366	652.861008	82.051631	25.190712	1001.604437	1.107895	12.110873	
6/15/2019 16:54:56.071194049	84.530428	24.708223	1002.381598	21.586489	25.077799	654.121972	82.346115	25.298925	1002.081804	5.175971	12.094288	
6/15/2019 16:54:57.071194049	84.333300	24.634042	1001.948152	20.283359	24.952607	653.172473	82.152246	25.185621	1001.909590	-0.093634	12.086731	
6/15/2019 16:54:58.071194049	84.523857	24.786554	1002.188018	21.398705	25.075839	654.134455	82.246052	25.244760	1001.755517	2.595535	12.080686	
6/15/2019 16:54:59.071194049	84.622421	24.576051	1002.019591	20.688986	24.945219	652.595539	82.216405	25.290840	1002.009104	7.303671	12.109414	
6/15/2019 16:55:00.071194049	84.582995	24.766439	1002.533386	21.098656	24.998855	654.403860	82.280563	25.289697	1002.374660	8.452279	12.086652	
6/15/2019 16:55:01.071194049	84.438435	24.618676	1001.526218	20.529602	24.974935	654.870405	82.248208	25.194755	1001.689126	-0.670559	12.108415	
6/15/2019 16:55:02.071194049	84.530428	24.889041	1002.680759	20.000897	24.734472	653.896583	82.472067	25.513616	1003.208279	5.028464	12.015712	
6/15/2019 16:55:03.071194049	84.536999	24.602860	1000.828619	20.599731	24.998733	655.687832	82.295860	25.217583	1002.169329	3.024953	12.090306	
6/15/2019 16:55:04.071194049	84.491002	24.683436	1001.033869	21.007832	24.991712	656.953394	82.502005	25.366065	1002.217114	9.441855	12.079911	
6/15/2019 16:55:05.071194049	84.543570	24.665000	1000.764907	20.484702	24.926198	655.371767	82.237773	25.236050	1001.762297	1.343437	12.098559	
6/15/2019 16:55:06.071194049	84.379296	24.703326	1002.061382	21.285167	25.109841	657.366049	82.307294	25.302767	1002.436321	8.316566	12.085916	
6/15/2019 16:55:07.071194049	84.655276	24.675993	1002.497904	20.601813	24.946607	655.587294	82.226787	25.200046	1001.604595	2.348469	12.088965	
6/15/2019 16:55:08.071194049	84.425293	24.761017	1003.006889	21.604230	25.064532	658.132218	82.281167	25.337321	1002.350689	9.110686	12.082986	
6/15/2019 16:55:09.071194049	84.622421	24.666123	1001.252998	20.685918	24.916891	656.302867	82.293600	25.244253	1001.707260	5.662241	12.092448	
6/15/2019 16:55:10.071194049	84.812978	24.756793	1001.036866	21.812397	24.961955	658.437115	82.226392	25.334622	1002.617837	11.702917	12.060316	
6/15/2019 16:55:11.071194049	84.727556	24.605138	1001.221300	20.458929	24.985221	657.528350	82.203762	25.198396	1002.086219	4.322379	12.088111	
6/15/2019 16:55:12.071194049	84.451576	24.751821	1003.318983	20.379229	25.011509	655.451928	82.395923	25.517140	1002.729491	3.149141	12.021929	
6/15/2019 16:55:13.071194049	84.642134	24.574297	1003.444278	20.717844	24.925096	655.856700	82.318018	25.273303	1001.762140	8.328090	12.070501	
6/15/2019 16:55:14.071194049	84.385867	24.599309	1002.338703	21.142579	25.016897	657.731393	82.471200	25.373537	1002.613422	9.886728	12.086022	
6/15/2019 16:55:15.071194049	84.484431	24.641966	1002.324904	20.765193	24.926606	656.683978	82.374897	25.222261	1001.934039	6.034806	12.084458	
6/15/2019 16:55:16.071194049	84.569853	24.593588	1001.993175	21.532652	25.099596	660.739578	82.421497	25.371251	1002.257169	8.073431	12.097573	
6/15/2019 16:55:17.071194049	84.497573	24.635165	1001.184396	20.565107	24.983997	658.770262	82.289080	25.190712	1001.851716	1.867171	12.112424	
6/15/2019 16:55:18.071194049	84.720985	24.798445	1002.988675	21.331613	25.023714	658.865537	82.432536	25.255661	1002.005160	5.582070	12.097021	
6/15/2019 16:55:19.071194049	84.425293	24.618900	1001.714830	20.652504	24.992202	658.450914	82.305980	25.229415	1001.919528	2.790721	12.109020	
6/15/2019 16:55:20.071194049	84.701272	24.745726	1002.441840	21.106201	24.996283	658.901018	82.426465	25.292808	1002.326560	8.820913	12.085746	
6/15/2019 16:55:21.071194049	84.582995	24.635015	1001.271370	20.496388	24.993916	659.441155	82.306033	25.208143	1001.696221	1.498537	12.109690	
6/15/2019 16:55:22.071194049	84.615850	24.783902	1003.796507	20.841480	24.951179	659.392528	82.208230	25.351227	1002.945703	10.118339	12.068503	
6/15/2019 16:55:23.071194049	84.484431	24.577623	1003.383798	22.295393	25.065308	657.927206	81.877133	25.337014	1002.090478	1.995291	12.089885	
6/15/2019 16:55:24.071194049	84.464718	24.614976	1002.090715	21.060669	25.022571	661.187714	82.287529	25.411827	1002.344223	9.167538	12.085969	
6/15/2019 16:55:25.071194049	84.536999	24.655205	1001.962660	20.636245	24.934443	658.824141	82.191777	25.223499	1001.925994	4.804717	12.108731	
6/15/2019 16:55:26.071194049	84.602708	24.635240	1001.856289	20.998109	25.143231	663.063723	82.296964	25.259810	1001.924573	1.884208	12.094064	
6/15/2019 16:55:27.071194049	84.491002	24.644361	1003.562949	20.607908	24.909503	659.382014	82.213645	25.214990	1002.066192	6.179693	12.102409	
6/15/2019 16:55:28.071194049	84.648705	24.518509	1001.254022	21.805942	25.340753	665.913544	82.185310	25.079472	1001.315840	5.483821	12.071552	
6/15/2019 16:55:29.071194049	84.471289	24.697904	1001.704658	20.519871	24.927014	661.881605	82.157318	25.205243	1001.648121	0.938649	12.105248	
6/15/2019 16:55:30.071194049	84.707843	24.782554	1003.186907	21.084865	24.992895	660.965609	82.241637	25.266350	1002.234619	9.232253	12.087007	
6/15/2019 16:55:31.071194049	84.622421	24.576725	1001.484585	21.004276	24.994488	661.322417	81.964606	25.264382	1002.306533	4.472237	12.093328	
6/15/2019 16:55:32.071194049	84.727556	24.709720	1001.973305	20.752266	25.019468	662.815336	82.067533	25.283781	1002.406041	4.319758	12.078780	
6/15/2019 16:55:33.071194049	84.727556	24.655055	1003.121302	20.396601	25.023101	662.375084	82.063512	25.191019	1001.747000	-0.256597	12.101582	
6/15/2019 16:55:34.071194049	84.353012	24.456668	1001.057683	21.656177	25.123720	663.961310	82.463973	25.287516	1002.512807	2.062627	12.063838	
6/15/2019 16:55:35.071194049	84.655276	24.698802	1002.125093	20.537812	24.900319	662.160873	82.221557	25.247459	1001.820014	2.942160	12.084287	
6/15/2019 16:55:36.071194049	84.530428	24.671769	1001.872533	21.073956	25.120577	665.516656	82.232044	25.303804	1002.071237	2.704268	12.095234	
6/15/2019 16:55:37.071194049	84.826120	24.682537	1002.116971	20.518157	25.007509	663.854205	82.074946	25.198597	1001.641813	0.128803	12.088518	
6/15/2019 16:55:38.071194049	84.773553	24.667096	1002.063195	21.454738	25.127679	665.519940	82.077810	25.289485	1001.655688	3.376820	12.068740	
6/15/2019 16:55:39.071194049	84.576424	24.577997	1000.775552	21.345381	25.131312	663.618964	81.726396	25.072837	1001.449571	7.575367	12.107338	
6/15/2019 16:55:40.071194049	84.858975	24.703700	1002.056414	21.345340	25.005059	665.323464	81.886254	25.281706	1002.210334	9.640972	12.083183	
6/15/2019 16:55:41.071194049	84.517286	24.666572	1002.385619	20.469093	25.002692	665.417434	81.854503	25.178362	1001.773022	0.602238	12.101030	
6/15/2019 16:55:42.071194049	84.832691	24.748046	1001.054134	20.965423	24.905298	665.894483	81.775757	25.268012	1003.291389	15.494055	12.038632	
6/15/2019 16:55:43.071194049	84.701272	24.756269	1001.585671	20.872925	24.969262	664.589492	82.186652	25.509361	1002.978820	15.574226	12.077663	
6/15/2019 16:55:44.071194049	84.563283	24.697829	1001.953986	20.552180	24.916279	664.824733	81.827667	25.229309	1001.816706	2.614923	12.095681	
6/15/2019 16:55:45.071194049	84.701272	24.607608	1002.648352	20.297704	25.025632	664.617090	81.804143	25.230346	1001.943814	4.255042	12.079543	
6/15/2019 16:55:46.071194049	84.438435	24.618975	1000.972760	20.884507	24.957383	665.362892	81.816181	25.274552	1002.072501	6.624566	12.097074	
6/15/2019 16:55:47.071194049	84.747269	24.619200	1001.728471	20.753196	24.980609	665.424002	81.773496	25.253280	1002.063670	7.158784	12.111477	
6/15/2019 16:55:48.071194049	84.458147	24.681564	1001.904940	20.175539	24.978895	665.585649	81.835894	25.205444	1001.615791	-0.199745	12.089675	
6/15/2019 16:55:49.071194049	84.556712	24.776758	1003.772301	21.353486	24.855663	662.707568	81.677245	25.202333	1002.582355	6.854866	12.048804	
6/15/2019 16:55:50.071194049	84.471289	24.718168	1000.724220	20.601445	24.928484	663.767466	82.046454	25.247258	1001.911012	6.694524	12.089254	
6/15/2019 16:55:51.071194049	84.826120	24.624172	1001.398321	20.831365	24.938974	663.892970	82.063669	25.268012	1002.110033	8.064258	12.107876	
6/15/2019 16:55:52.071194049	84.589566	24.624771	1002.941679	20.297463	24.973792	665.070488	82.097628	25.237818	1002.005318	1.876345	12.086574	
6/15/2019 16:55:53.071194049	84.720985	24.640137	1001.729575	20.515234	25.001835	664.764939	82.039489	25.210217	1001.884518	3.431051	12.108560	
6/15/2019 16:55:54.071194049	84.694701	24.639838	1002.053103	20.637190	24.919136	663.714240	82.085380	25.203888	1002.144729	5.870532	12.106391	
6/15/2019 16:55:55.071194049	84.609279	24.634042	1002.279484	20.491951	24.995059	664.995579	82.090847	25.132187	1002.062091	4.009286	12.051406	
6/15/2019 16:55:56.071194049	84.517286	24.804016	1002.531258	19.865599	25.002161	664.360820	82.144414	25.268118	1001.932461	5.972712	12.079569	
6/15/2019 16:55:57.071194049	84.497573	24.745651	1003.482757	20.503452	24.938688	664.901610	82.176112	25.205031	1001.895557	6.731988	12.082946	
6/15/2019 16:55:58.071194049	84.918113	24.661525	1000.967398	20.603399	24.997018	668.154234	82.107800	25.204925	1001.803774	0.828606	12.095865	
6/15/2019 16:55:59.071194049	84.655276	24.624921	1000.267276	20.694096	25.017999	667.847369	81.858367	25.209804	1001.849508	0.781968	12.100832	
6/15/2019 16:56:00.071194049	84.806407	24.602411	1002.061619	20.979800	24.952567	668.202198	81.924024	25.272785	1002.169015	7.329611	12.110071	
6/15/2019 16:56:01.071194049	84.668418	24.693905	1002.530154	20.437624	24.960241	667.351259	82.022535	25.215720	1002.076445	6.665962	12.074378	
6/15/2019 16:56:02.071194049	84.543570	24.708448	1000.959985	20.383923	24.931341	668.379612	82.057046	25.201814	1001.987184	3.693573	12.099689	
6/15/2019 16:56:03.071194049	84.760411	24.676816	1002.223343	20.364028	24.994773	669.645838	82.003479	25.224430	1002.093000	1.999223	12.082421	
6/15/2019 16:56:04.071194049	84.609279	24.623199	1002.332000	20.891330	24.934688	669.496673	81.837393	25.259609	1002.277196	8.092819	12.101766	
6/15/2019 16:56:05.071194049	84.582995	24.634791	1001.264984	20.721896	24.925953	669.243035	81.844620	25.262308	1002.013520	8.779516	12.087296	
6/15/2019 16:56:06.071194049	84.806407	24.624621	1001.905887	20.898507	24.963629	669.507188	81.791553	25.242178	1002.024401	6.050262	12.113068	
6/15/2019 16:56:07.071194049	84.622421	24.624621	1003.039139	20.860343	24.964486	669.220037	81.801936	25.239998	1002.109719	8.144429	12.108915	
6/15/2019 16:56:08.071194049	84.839262	24.666946	1001.685339	20.546326	24.983711	669.904076	81.860575	25.181685	1001.641813	-0.528293	12.110255	
6/15/2019 16:56:09.071194049	84.780124	24.845668	1001.043489	19.818016	25.037021	667.556270	81.947495	25.206693	1002.297545	7.342446	12.071605	
6/15/2019 16:56:10.071194049	84.517286	24.645335	1002.142836	20.613972	24.929627	669.220037	81.836946	25.225161	1002.136055	7.799114	12.108350	
6/15/2019 16:56:11.071194049	84.826120	24.633967	1002.298331	20.700991	24.924810	669.210838	81.861022	25.218207	1002.144886	7.350309	12.106602	
6/15/2019 16:56:12.071194049	84.589566	24.665898	1002.009656	20.699814	24.903829	669.727314	81.879631	25.234082	1002.247866	6.817401	12.098046	
6/15/2019 16:56:13.071194049	84.734127	24.686462	1002.296595	20.370747	24.935790	670.689959	81.824303	25.188320	1001.433802	1.997912	12.061906	
6/15/2019 16:56:14.071194049	84.707843	24.588017	1001.637083	20.743769	24.904646	671.791253	81.721533	25.289284	1001.781696	6.940279	12.072025	
6/15/2019 16:56:15.071194049	84.445006	24.735182	1001.688257	20.404114	24.907258	670.496114	81.871456	25.241035	1002.131797	4.309273	12.094340	
6/15/2019 16:56:16.071194049	84.950968	24.686986	1003.103955	20.289486	25.010652	672.935911	81.828719	25.200046	1001.644020	1.446927	12.096798	
6/15/2019 16:56:17.071194049	84.694701	24.729161	1003.296353	20.516371	24.913462	671.929240	81.885098	25.184690	1002.018093	3.640653	12.097521	
6/15/2019 16:56:18.071194049	84.543570	24.729536	1001.292738	20.620459	24.906931	672.385922	81.893929	25.207000	1001.797150	3.189227	12.100451	
6/15/2019 16:56:19.071194049	84.937826	24.699177	1002.756693	20.529330	25.007509	673.386678	81.833739	25.191231	1001.829953	0.435343	12.106207	
6/15/2019 16:56:20.071194049	84.701272	24.630192	1001.592137	20.973481	24.953995	673.966233	81.791001	25.249544	1001.991756	5.170729	12.113435	
6/15/2019 16:56:21.071194049	84.911542	24.698952	1001.700085	20.563994	24.983711	673.985947	81.859418	25.181685	1001.621628	-1.229407	12.104749	
6/15/2019 16:56:22.071194049	84.688130	24.750548	1002.076522	20.710578	24.920524	674.468911	81.717118	25.298724	1002.164599	-0.956400	12.033362	
6/15/2019 16:56:23.071194049	84.727556	24.698802	1002.840512	20.631872	25.008652	674.991303	81.754887	25.181685	1001.823172	-0.798679	12.097547	
6/15/2019 16:56:24.071194049	84.878688	24.692108	1002.373238	20.518909	24.962404	675.021532	81.787243	25.158338	1001.838784	0.298319	12.078465	
6/15/2019 16:56:25.071194049	84.674989	24.714319	1001.795337	20.414406	24.987957	675.264656	81.800884	25.193305	1001.834525	0.501368	12.108481	
6/15/2019 16:56:26.071194049	84.858975	24.588616	1002.815517	20.385269	24.973792	675.095125	81.752680	25.248401	1001.947915	5.031085	12.089097	
6/15/2019 16:56:27.071194049	84.852404	24.645110	1001.779883	20.812415	24.951995	674.064140	81.799675	25.248920	1002.112241	7.781037	12.108258	
6/15/2019 16:56:28.071194049	84.563283	24.740379	1003.266548	20.602318	24.931014	675.080010	81.787138	25.186246	1001.620049	3.272019	12.084655	
6/15/2019 16:56:29.071194049	84.898401	24.650831	1001.389489	20.682450	24.989099	675.509095	81.765374	25.247470	1002.051367	4.622365	12.094314	
6/15/2019 16:56:30.071194049	84.628992	24.682013	1001.593793	20.823652	24.925912	674.928878	81.833686	25.256286	1002.138577	7.437033	12.103645	
6/15/2019 16:56:31.071194049	84.872117	24.663171	1000.389969	21.031796	24.917136	676.781889	81.670070	25.274446	1001.363625	4.438704	12.064206	
6/15/2019 16:56:32.071194049	84.872117	24.698203	1001.638186	20.353296	25.007794	676.780573	81.783379	25.227235	1001.814655	2.674396	12.110833	
6/15/2019 16:56:33.071194049	84.550141	24.697530	1001.133222	20.834857	24.927341	675.524862	81.858262	25.273197	1002.532363	7.577988	12.089438	
6/15/2019 16:56:34.071194049	84.832691	24.688034	1002.927723	20.800138	24.953710	676.220722	81.882890	25.260646	1001.814026	7.075992	12.084878	
6/15/2019 16:56:35.071194049	84.661847	24.729311	1001.751496	20.395424	24.979181	678.310289	81.890118	25.199634	1001.593870	0.071951	12.106681	
6/15/2019 16:56:36.071194049	84.799836	24.698578	1003.188248	20.895375	24.926524	677.907486	81.753731	25.266562	1001.836261	7.713701	12.094064	
6/15/2019 16:56:37.071194049	84.872117	24.699326	1001.280201	20.374096	25.001835	678.947670	81.695749	25.197041	1001.770657	0.062777	12.109414	
6/15/2019 16:56:38.071194049	84.602708	24.651430	1003.334989	20.489020	24.937260	678.063218	81.754835	25.293020	1002.378761	8.511752	12.089491	
6/15/2019 16:56:39.071194049	84.977252	24.693605	1001.543486	20.764433	24.949995	678.510702	81.657427	25.251618	1001.978510	4.348048	12.108179	
6/15/2019 16:56:40.071194049	84.872117	24.828173	1001.536231	20.993911	24.955220	679.422088	81.971624	25.395846	1003.129585	7.183414	12.052234	
6/15/2019 16:56:41.071194049	84.812978	24.682088	1002.278460	20.825807	24.939790	677.942314	81.829823	25.223393	1002.031182	8.872793	12.101319	
6/15/2019 16:56:42.071194049	84.865546	24.695477	1001.520461	21.150011	25.141884	684.284599	82.006029	25.392110	1002.145201	3.348259	12.065599	
6/15/2019 16:56:43.071194049	84.773553	24.630192	1001.812290	20.970381	24.963629	678.983151	81.921554	25.262202	1002.075023	7.982776	12.108757	
6/15/2019 16:56:44.071194049	84.661847	24.816506	1004.290983	22.412736	24.988814	681.785008	82.036177	25.311582	1001.999480	9.597226	12.052681	
6/15/2019 16:56:45.071194049	84.582995	24.735706	1003.306288	20.730033	24.934974	678.209752	81.862573	25.218207	1002.068557	5.300160	12.101582	
6/15/2019 16:56:46.071194049	84.996965	24.870049	1003.062716	21.455091	25.015999	679.440486	81.896189	25.255968	1001.982611	8.659260	12.054586	
6/15/2019 16:56:47.071194049	84.720985	24.672817	1002.874419	20.656508	24.994202	679.519341	81.928939	25.209286	1001.971886	1.642113	12.107430	
6/15/2019 16:56:48.071194049	85.325512	24.942134	1000.881134	19.689067	25.058573	684.367391	81.868197	25.129488	1002.460763	9.405701	12.024820	
6/15/2019 16:56:49.071194049	84.766982	24.725237	1001.600417	20.433220	25.002692	681.615477	82.025690	25.216027	1001.834211	0.479360	12.100938	
6/15/2019 16:56:50.071194049	84.990394	24.716714	1001.489472	21.030810	24.995671	683.061738	82.107039	25.428114	1002.526368	8.778206	12.077046	
6/15/2019 16:56:51.071194049	84.773553	24.751372	1003.218605	20.413901	24.978895	681.854001	81.922158	25.179399	1001.757882	-0.256597	12.092185	
6/15/2019 16:56:52.071194049	84.701272	24.741801	1000.823257	20.645223	25.069349	682.613602	82.210518	25.270605	1001.418820	4.155484	12.065481	
6/15/2019 16:56:53.071194049	84.839262	24.720040	1000.287541	20.564771	24.995345	681.805374	81.789241	25.183865	1001.783903	1.169989	12.107141	
6/15/2019 16:56:54.071194049	84.720985	24.734882	1003.574146	21.900281	25.100249	683.849599	81.723689	25.328600	1001.871272	7.412404	12.059436	
6/15/2019 16:56:55.071194049	84.878688	24.677864	1003.035433	20.757601	24.975507	682.095810	81.693489	25.263863	1001.945550	3.117959	12.101411	
6/15/2019 16:56:56.071194049	84.681559	24.919699	1000.958724	21.018300	24.991752	682.955285	82.059701	25.210418	1002.484263	3.163286	12.032192	
6/15/2019 16:56:57.071194049	84.911542	24.715217	1002.821352	20.399501	24.978323	683.163591	81.980245	25.165704	1001.711675	-0.979719	12.101306	
6/15/2019 16:56:58.071194049	84.819549	24.746175	1001.154511	21.203808	25.006978	682.672080	82.047611	25.293951	1002.764344	7.949243	12.069121	
6/15/2019 16:56:59.071194049	84.937826	24.714244	1000.783516	20.337782	25.007794	682.540009	82.012496	25.170996	1001.659318	0.152122	12.102909	
6/15/2019 16:57:00.071194049	84.773553	24.790147	1002.496168	20.602982	24.988895	683.602528	82.185838	25.300798	1002.358891	7.371007	12.072039	
6/15/2019 16:57:01.071194049	84.668418	24.761616	1000.858661	20.561094	24.913462	682.170718	81.979588	25.248814	1001.838784	5.200601	12.084931	
6/15/2019 16:57:02.071194049	84.898401	24.753393	1002.244869	21.115997	25.124250	687.357830	82.046454	25.258360	1002.066821	1.074362	12.091226	
6/15/2019 16:57:03.071194049	84.589566	24.658049	1001.172174	20.827608	24.905217	683.162275	81.918951	25.269673	1002.144572	5.949393	12.084865	
6/15/2019 16:57:04.071194049	84.950968	24.877599	1003.605844	21.548998	25.029102	686.269019	81.974831	25.265620	1002.331448	9.240116	12.081290	
6/15/2019 16:57:05.071194049	84.668418	24.771112	1003.695183	20.503893	24.920565	684.461350	81.808849	25.229722	1002.447517	0.624246	12.044809	
6/15/2019 16:57:06.071194049	85.187522	24.777582	1002.266080	21.604790	25.009876	686.912967	81.732914	25.303497	1002.199452	10.215276	12.083025	
6/15/2019 16:57:07.071194049	84.740698	24.735182	1003.460679	20.669996	24.943505	685.742027	81.766216	25.255248	1002.149616	7.268828	12.091975	
6/15/2019 16:57:08.071194049	84.924684	24.822302	1003.565000	20.732370	24.954607	687.021389	81.891616	25.391592	1002.595130	2.667843	12.026660	
6/15/2019 16:57:09.071194049	84.904972	24.709945	1001.483795	20.447997	25.022816	687.465588	81.830822	25.179092	1001.825223	1.251471	12.111201	
6/15/2019 16:57:10.071194049	84.707843	24.721237	1001.798097	21.166575	25.028816	689.387592	81.987316	25.403836	1002.226103	10.075632	12.091029	
6/15/2019 16:57:11.071194049	85.010107	24.709795	1002.364093	20.396369	24.997590	687.439306	81.736174	25.196417	1002.103725	-1.140062	12.078268	
6/15/2019 16:57:12.071194049	84.747269	24.744346	1003.667191	21.506791	25.041551	688.892798	81.805247	25.362742	1002.040799	7.760339	12.067978	
6/15/2019 16:57:13.071194049	84.720985	24.750998	1002.386250	19.538927	24.877787	688.681871	82.071687	25.255873	1001.586932	-2.028768	12.041470	
6/15/2019 16:57:14.071194049	84.937826	24.798894	1001.965183	21.638053	25.021469	687.894010	81.848537	25.285336	1002.223423	7.451179	12.089228	
6/15/2019 16:57:15.071194049	84.668418	24.710170	1002.099704	20.588630	24.983140	687.476103	81.813474	25.243110	1001.777123	2.484181	12.106970	
6/15/2019 16:57:16.071194049	85.194093	24.831723	1002.665857	20.969355	25.047511	688.056973	81.800937	25.274235	1001.983240	2.124722	12.061696	
6/15/2019 16:57:17.071194049	84.799836	24.695327	1002.103410	20.863834	24.959628	686.739500	81.846276	25.184278	1002.252596	0.806597	12.089149	
6/15/2019 16:57:18.071194049	84.865546	24.711592	1001.995777	21.024996	25.008692	688.706184	81.938217	25.387443	1002.378918	9.642283	12.091883	
6/15/2019 16:57:19.071194049	84.852404	24.772534	1002.200318	20.596095	24.921953	686.602166	81.896636	25.193199	1001.628880	2.574837	12.087283	
6/15/2019 16:57:20.071194049	84.681559	24.684259	1001.505716	21.346822	25.127393	690.515168	81.949204	25.288141	1002.274360	3.553929	12.096404	
6/15/2019 16:57:21.071194049	84.806407	24.761392	1001.710729	20.362178	24.917136	687.579924	81.892825	25.169546	1001.791313	1.558281	12.099334	
6/15/2019 16:57:22.071194049	84.734127	24.760985	1002.269549	21.593715	25.061839	688.547168	81.890932	25.278277	1002.193143	4.671625	12.073458	
6/15/2019 16:57:23.071194049	84.964110	24.689082	1000.349754	20.696218	24.922238	687.847362	81.626833	25.229722	1001.764820	1.549107	12.073510	
6/15/2019 16:57:24.071194049	84.911542	24.909904	1000.886496	20.947786	25.025999	688.393404	81.773549	25.281494	1002.011941	3.477689	12.072144	
6/15/2019 16:57:25.071194049	84.891830	24.682612	1000.534977	21.032941	24.944648	687.305256	81.677640	25.247883	1002.145044	7.696934	12.105616	
6/15/2019 16:57:26.071194049	84.937826	24.779827	1001.482297	20.917768	25.043837	689.996060	81.785534	25.277039	1002.278303	-0.261839	12.084221	
6/15/2019 16:57:27.071194049	84.865546	24.745726	1002.168383	20.893244	24.914034	688.520223	81.829271	25.248814	1002.306847	8.438134	12.084379	
6/15/2019 16:57:28.071194049	84.681559	24.768909	1002.219637	20.746683	24.984324	691.033613	82.066272	25.337427	1002.409984	8.663191	12.087178	
6/15/2019 16:57:29.071194049	84.950968	24.720564	1002.251887	20.379982	24.987671	689.846243	81.929543	25.165704	1001.558388	-0.816756	12.103211	
6/15/2019 16:57:30.071194049	84.694701	24.757692	1001.882310	21.650339	25.118332	692.738775	82.078862	25.277452	1002.051209	2.852815	12.096575	
6/15/2019 16:57:31.071194049	84.898401	24.736379	1001.643706	20.338423	24.978895	691.423270	81.907123	25.183241	1001.715619	-1.617428	12.096811	
6/15/2019 16:57:32.071194049	84.826120	24.836771	1003.469667	21.334536	25.041266	691.796498	81.898449	25.247046	1002.189357	4.996241	12.070409	
6/15/2019 16:57:33.071194049	84.898401	24.683361	1001.852111	20.865156	24.983181	690.670237	81.850140	25.246433	1002.004689	6.565093	12.111845	
6/15/2019 16:57:34.071194049	84.668418	24.815608	1004.241860	21.843320	24.833090	691.508031	81.884651	25.345936	1002.110033	15.425408	12.049579	
6/15/2019 16:57:35.071194049	84.806407	24.735182	1001.880103	20.480938	24.923667	690.430397	81.861574	25.232939	1002.055153	7.288215	12.099965	
