
Time stamp	Inside_humidity (in %rH)	Inside_temperature (in °C)	Inside_pressure (in mbar)	Soil_moisture (in %VWC)	Soil_temperature (in °C)	Inside_CO2_ratio (in ppm)	Outside_humidity (in %rH)	Outside_temperature (in °C)	Outside_pressure (in mbar)	Outside_PAR (in µmol m^-2 s^-1)	Power_box_charge (in V)	
6/15/2019 17:54:26.340269949	82.973114	24.700406	1003.869681	41.738474	25.107106	525.495628	80.880400	25.329225	1002.454455	14.701246	12.057924	
6/15/2019 17:54:27.340269949	82.670851	24.406601	1002.057518	40.084211	24.966078	524.948933	80.841212	25.222356	1002.445309	11.720994	12.062747	
6/15/2019 17:54:28.340269949	82.881121	24.449076	1002.288316	40.896411	25.134496	533.623904	80.999414	25.324452	1002.748097	14.993640	12.057872	
6/15/2019 17:54:29.340269949	83.249094	24.610185	1002.981105	41.058125	25.128781	533.424807	81.131228	25.608558	1002.989702	12.155653	12.032863	
6/15/2019 17:54:30.340269949	82.828554	24.194976	1002.206942	41.653532	24.980078	537.396280	80.670629	25.216958	1002.567844	9.437923	12.034624	
6/15/2019 17:54:31.340269949	83.295091	24.820987	1003.064529	41.136395	24.954648	538.746604	80.701591	25.268413	1002.358255	8.379971	12.029052	
6/15/2019 17:54:32.340269949	83.189956	24.405553	1002.323011	40.234537	24.965629	543.007218	80.747877	25.250369	1002.434270	8.800214	12.068017	
6/15/2019 17:54:33.340269949	83.288520	24.557658	1002.867163	41.207097	25.159477	545.851788	81.258441	25.508525	1002.830577	10.091359	12.051800	
6/15/2019 17:54:34.340269949	83.097962	24.458497	1002.383411	40.415634	24.999345	549.243053	80.880690	25.275272	1002.370716	3.819072	12.064771	
6/15/2019 17:54:35.340269949	83.354229	24.657408	1002.697950	41.540236	25.070573	549.461201	80.633516	25.270911	1002.848711	16.213246	12.042193	
6/15/2019 17:54:36.340269949	83.097962	24.421294	1001.813946	39.949622	24.934157	551.445632	80.592934	25.201190	1002.311892	10.305932	12.073918	
6/15/2019 17:54:37.340269949	83.143959	24.502544	1003.487015	41.098419	25.211561	556.093272	80.898957	25.377473	1003.043789	14.727186	12.042391	
6/15/2019 17:54:38.340269949	83.137388	24.503025	1003.017299	40.130555	25.012285	555.917162	80.835612	25.290628	1002.160026	6.452699	12.044888	
6/15/2019 17:54:39.340269949	83.518503	24.622825	1003.161989	41.200084	25.059511	558.088860	80.776973	25.392311	1003.141096	15.202971	12.049382	
6/15/2019 17:54:40.340269949	83.341087	24.499699	1001.898712	40.255625	25.009223	558.167716	80.780128	25.254317	1001.939556	6.516104	12.068819	
6/15/2019 17:54:41.340269949	83.492219	24.512189	1001.459824	41.991287	25.178702	561.538614	81.011819	25.372901	1002.997426	10.122270	12.055822	
6/15/2019 17:54:42.340269949	83.584212	24.510393	1002.409038	40.313043	25.009223	563.025619	80.898352	25.259609	1001.996486	5.818922	12.065612	
6/15/2019 17:54:43.340269949	83.787911	24.607907	1003.915888	40.698240	25.037347	564.254386	80.802548	25.451461	1002.828055	12.960257	12.048134	
6/15/2019 17:54:44.340269949	83.544786	24.499400	1002.803137	40.226814	24.989099	566.254584	80.639378	25.246327	1001.941763	7.254682	12.070041	
6/15/2019 17:54:45.340269949	83.761628	24.702053	1003.688007	42.174136	25.201969	569.689876	80.774266	25.377261	1002.506813	3.497077	12.052799	
6/15/2019 17:54:46.340269949	83.577641	24.442531	1001.953197	40.158458	24.934729	571.149284	80.872411	25.230240	1002.535199	11.081974	12.072380	
6/15/2019 17:54:47.340269949	83.722202	24.582670	1002.949169	41.047945	25.126618	574.172584	81.248558	25.458615	1003.090788	4.481411	12.051616	
6/15/2019 17:54:48.340269949	83.597354	24.594743	1001.722795	40.769850	24.990242	574.423592	81.050825	25.285548	1002.086062	3.071591	12.046570	
6/15/2019 17:54:49.340269949	83.971898	24.633668	1002.358888	41.549517	25.085309	575.296866	80.953627	25.326420	1003.224363	12.088317	12.038750	
6/15/2019 17:54:50.340269949	83.682776	24.468068	1001.914718	40.262005	24.936974	577.176160	80.720332	25.233045	1002.051524	9.470416	12.076257	
6/15/2019 17:54:51.340269949	83.833908	24.512938	1001.648279	41.834696	25.157191	580.765216	80.864998	25.418557	1003.019189	5.243308	12.028158	
6/15/2019 17:54:52.340269949	83.807624	24.505720	1002.976452	40.436722	25.029142	580.497116	80.713314	25.253386	1002.437428	4.483761	12.055940	
6/15/2019 17:54:53.340269949	84.037607	24.702577	1003.026207	41.315426	25.093758	579.549585	80.890730	25.404143	1002.880256	11.992690	12.052746	
6/15/2019 17:54:54.340269949	83.781340	24.517311	1002.084958	40.060561	24.966772	582.409922	80.802101	25.274129	1002.744788	8.678647	12.046846	
6/15/2019 17:54:55.340269949	83.932472	24.702502	1003.508621	42.147178	25.226501	583.833849	81.031689	25.380055	1002.256533	6.911989	12.033152	
6/15/2019 17:54:56.340269949	83.722202	24.448327	1003.101195	40.035315	24.963914	583.356137	80.909339	25.214884	1002.215378	11.244938	12.065547	
6/15/2019 17:54:57.340269949	83.781340	24.634940	1004.150391	41.510042	24.986895	582.612303	80.818554	25.227023	1001.581252	4.711711	11.997301	
6/15/2019 17:54:58.340269949	83.820766	24.579976	1001.707260	40.619444	25.045797	586.500341	80.900008	25.304016	1002.372609	2.100092	12.062235	
6/15/2019 17:54:59.340269949	84.077033	24.774887	1003.861007	41.760380	25.126618	586.606131	80.988794	25.375918	1002.541508	8.179543	12.054455	
6/15/2019 17:55:00.340269949	83.748486	24.547970	1002.732565	40.436051	25.010897	587.135091	81.020440	25.338559	1002.255747	3.983617	12.059357	
6/15/2019 17:55:01.340269949	83.807624	24.550440	1003.807783	41.630857	25.212704	591.391104	81.173465	25.400714	1003.125956	7.669954	12.039447	
6/15/2019 17:55:02.340269949	83.801053	24.501346	1003.786020	40.535455	24.993671	590.290462	80.910785	25.295401	1002.561221	5.131954	12.066861	
6/15/2019 17:55:03.340269949	83.965327	24.630043	1002.236352	40.921354	25.032857	591.272820	80.803652	25.461313	1003.112237	7.495196	12.049842	
6/15/2019 17:55:04.340269949	83.649922	24.485455	1001.548848	39.932879	24.955710	590.448163	80.591831	25.241966	1002.403833	12.375469	12.059160	
6/15/2019 17:55:05.340269949	83.985040	24.711998	1002.974087	42.401401	25.190907	592.042273	80.865155	25.325383	1002.089371	11.436463	12.042167	
6/15/2019 17:55:06.340269949	83.860192	24.553915	1003.016272	40.527838	25.051266	594.170606	80.809618	25.291264	1002.217586	1.558281	12.041129	
6/15/2019 17:55:07.340269949	83.952185	24.492524	1002.021324	40.526241	25.083227	596.455987	81.008350	25.376436	1003.049469	14.663782	12.054297	
6/15/2019 17:55:08.340269949	84.017894	24.522434	1001.787767	40.316509	24.983752	595.781147	80.869861	25.270605	1002.640072	8.497607	12.070908	
6/15/2019 17:55:09.340269949	84.366154	24.701380	1003.277349	41.140437	25.083268	595.303435	80.939881	25.331511	1002.537250	17.491284	12.052378	
6/15/2019 17:55:10.340269949	84.024465	24.474387	1002.016122	39.972698	24.974935	597.201126	80.926739	25.238431	1002.269151	10.748455	12.060934	
6/15/2019 17:55:11.340269949	84.142742	24.624022	1004.152994	41.929613	25.196826	601.258695	81.076662	25.412228	1002.828370	5.824165	12.037870	
6/15/2019 17:55:12.340269949	84.129600	24.533427	1002.151272	40.558335	25.008692	600.429438	80.774556	25.301211	1002.587243	4.760699	12.069134	
6/15/2019 17:55:13.340269949	84.063891	24.551188	1001.221534	40.401695	24.999386	601.277746	80.877483	25.381315	1002.811022	16.239186	12.038947	
6/15/2019 17:55:14.340269949	83.952185	24.532004	1003.767805	40.084522	25.086289	601.221236	80.810118	25.231489	1002.643859	1.798795	12.033428	
6/15/2019 17:55:15.340269949	84.096746	24.655354	1001.967705	41.641931	25.134332	600.936053	80.581606	25.295813	1002.913530	11.461093	12.038987	
6/15/2019 17:55:16.340269949	83.952185	24.473714	1002.059726	39.978716	24.950934	601.628629	80.775475	25.266963	1001.937820	8.880386	12.045387	
6/15/2019 17:55:17.340269949	84.241306	24.622900	1002.420629	41.631316	25.198500	602.999992	81.031979	25.359312	1002.476690	10.441915	12.062760	
6/15/2019 17:55:18.340269949	84.228164	24.501121	1002.551995	40.316675	24.968445	604.253072	80.901612	25.238749	1002.548132	11.023812	12.074378	
6/15/2019 17:55:19.340269949	84.280732	24.561882	1002.013440	40.418428	24.995426	605.561346	81.137351	25.395634	1003.270412	15.618243	12.057859	
6/15/2019 17:55:20.340269949	84.136171	24.507067	1002.255908	40.368443	24.980364	605.689481	80.805755	25.262614	1002.561221	8.064258	12.071973	
6/15/2019 17:55:21.340269949	84.254448	24.686013	1002.458398	41.358088	25.069961	606.069277	80.675702	25.263958	1002.539772	15.372488	12.060500	
6/15/2019 17:55:22.340269949	84.004752	24.390186	1004.248798	41.663692	24.943791	608.584646	80.719333	25.303603	1002.689751	1.797484	12.033835	
6/15/2019 17:55:23.340269949	84.096746	24.618526	1004.078243	41.773812	25.233359	608.168044	81.021492	25.400820	1002.455084	9.779577	12.042272	
6/15/2019 17:55:24.340269949	84.017894	24.600539	1001.965025	40.498843	25.018856	608.507106	80.887970	25.300386	1001.937191	4.133475	12.069581	
6/15/2019 17:55:25.340269949	84.346441	24.646832	1002.978660	40.869303	25.022081	610.582212	81.044569	25.440253	1003.180364	11.823174	12.050867	
6/15/2019 17:55:26.340269949	84.215023	24.674795	1001.616029	41.010282	24.981466	611.751184	80.963957	25.442021	1003.605215	20.422277	12.008603	
6/15/2019 17:55:27.340269949	84.333300	24.506019	1001.972201	40.065071	24.939260	610.574982	80.959489	25.203782	1002.342644	10.900934	12.072696	
6/15/2019 17:55:28.340269949	84.412151	24.756344	1003.670108	43.153847	25.331732	614.921670	81.083942	25.348824	1002.430798	12.076793	12.058279	
6/15/2019 17:55:29.340269949	84.287303	24.594562	1003.442779	40.606568	25.012530	612.531815	80.706848	25.290427	1002.103567	2.805137	12.035912	
6/15/2019 17:55:30.340269949	84.379296	24.641934	1003.433554	41.440653	25.202826	618.169032	81.130333	25.570574	1003.222784	5.429591	12.037660	
6/15/2019 17:55:31.340269949	84.129600	24.569507	1002.990488	40.591783	25.058532	613.797378	80.748324	25.286067	1002.276410	2.780507	12.068556	
6/15/2019 17:55:32.340269949	84.458147	24.787527	1003.559558	41.943082	25.164946	616.001924	80.797790	25.428209	1002.918103	10.811589	12.040945	
6/15/2019 17:55:33.340269949	84.031036	24.554140	1003.073755	39.525308	25.075553	616.182633	80.751084	25.133849	1001.298964	-0.460957	11.992530	
6/15/2019 17:55:34.340269949	84.267590	24.693680	1004.395619	43.059388	25.269402	620.322331	81.101105	25.424367	1002.695267	3.930426	12.042561	
6/15/2019 17:55:35.340269949	84.044178	24.516787	1001.470469	40.308659	24.947464	615.601100	80.716626	25.207518	1001.972830	11.704227	12.052838	
6/15/2019 17:55:36.340269949	84.280732	24.613703	1003.636201	40.301646	25.192581	619.366254	81.002279	25.408916	1002.837830	16.102163	12.014438	
6/15/2019 17:55:37.340269949	84.346441	24.538773	1002.850842	40.418215	24.983793	618.519262	80.803257	25.264794	1002.316307	5.456571	12.034821	
6/15/2019 17:55:38.340269949	84.694701	24.793023	1003.575407	41.614658	25.122699	621.157493	80.966926	25.409329	1002.957057	6.349209	12.042023	
6/15/2019 17:55:39.340269949	84.543570	24.596016	1002.918103	40.661560	25.025102	620.354528	80.982671	25.307858	1002.320094	1.611201	12.070251	
6/15/2019 17:55:40.340269949	84.530428	24.659728	1003.095518	41.823379	25.157436	623.296341	81.044621	25.308471	1002.610421	14.540904	12.063891	
6/15/2019 17:55:41.340269949	84.385867	24.521835	1000.893671	40.225333	24.946607	620.999792	80.935912	25.235744	1002.182890	11.069140	12.068727	
6/15/2019 17:55:42.340269949	84.504144	24.546366	1002.686831	41.065916	25.117515	626.236185	81.108308	25.413583	1003.295012	12.790741	12.054586	
6/15/2019 17:55:43.340269949	84.280732	24.585173	1002.727046	40.340217	25.008652	622.526225	80.675492	25.290321	1002.254804	5.327411	12.071079	
6/15/2019 17:55:44.340269949	84.596137	24.725312	1004.042996	41.363385	25.086411	625.440440	80.866654	25.436517	1003.127692	4.340456	12.046911	
6/15/2019 17:55:45.340269949	84.582995	24.611907	1002.906669	40.788385	25.029347	624.118367	80.743961	25.317404	1002.236984	3.313415	12.064692	
6/15/2019 17:55:46.340269949	84.484431	24.727964	1002.442944	41.829262	25.098249	626.943212	80.841079	25.277653	1002.828841	14.866831	12.061433	
6/15/2019 17:55:47.340269949	84.274161	24.606410	1003.936232	40.431559	25.014040	625.139490	80.844733	25.272266	1001.948544	6.333753	12.061394	
6/15/2019 17:55:48.340269949	84.313587	24.393854	1000.481909	39.770727	25.250952	633.721161	81.100396	25.320197	1003.565947	5.060957	12.034190	
6/15/2019 17:55:49.340269949	84.596137	24.623723	1001.551056	41.186294	24.963629	628.118762	80.974891	25.274965	1002.547660	0.835159	12.044125	
6/15/2019 17:55:50.340269949	84.438435	24.610527	1002.739346	40.359120	24.941341	628.740366	81.303281	25.580639	1003.701100	14.673995	11.997748	
6/15/2019 17:55:51.340269949	84.359583	24.548194	1004.084709	40.418868	25.000733	630.183354	80.887760	25.367727	1001.780117	6.844652	12.028013	
6/15/2019 17:55:52.340269949	84.799836	24.776983	1004.047254	41.749315	25.104290	632.449010	80.857428	25.343332	1002.843824	10.159735	12.042154	
6/15/2019 17:55:53.340269949	84.445006	24.632545	1002.201580	40.592601	25.038123	630.327256	80.760914	25.318441	1002.239349	3.973133	12.071566	
6/15/2019 17:55:54.340269949	84.313587	24.644736	1002.823007	42.058328	25.184335	635.195673	80.922481	25.336072	1002.564372	12.365255	12.063128	
6/15/2019 17:55:55.340269949	84.602708	24.532903	1002.089374	40.318068	24.944076	632.451641	80.796581	25.198491	1002.762922	12.500968	12.075613	
6/15/2019 17:55:56.340269949	84.602708	24.592915	1002.384909	40.602602	25.027673	634.014870	81.149599	25.375611	1002.973297	16.054214	12.051169	
6/15/2019 17:55:57.340269949	84.280732	24.664775	1003.570282	41.688733	25.202745	635.718065	81.219962	25.285030	1001.335867	3.706679	12.051090	
6/15/2019 17:55:58.340269949	84.602708	24.598860	1003.776636	41.064901	25.002284	636.887689	80.856219	25.420843	1002.972983	15.243057	12.014346	
6/15/2019 17:55:59.340269949	84.688130	24.653184	1001.869536	41.266893	24.977507	632.745361	80.844576	25.525236	1003.123591	6.206944	12.010167	
6/15/2019 17:56:00.340269949	84.753840	24.799300	1004.110731	42.494555	25.205724	636.237162	80.745617	25.351841	1002.426068	8.387834	12.022862	
6/15/2019 17:56:01.340269949	84.530428	24.616879	1002.925121	40.705059	25.046613	635.078052	80.746669	25.328399	1002.302904	2.274850	12.045545	
6/15/2019 17:56:02.340269949	84.412151	24.556086	1002.506261	41.085660	25.161477	639.905073	81.007141	25.356106	1003.112709	10.779367	12.051695	
6/15/2019 17:56:03.340269949	84.576424	24.543596	1002.383805	40.266300	24.970690	635.483477	80.891334	25.254211	1002.081961	9.819663	12.074194	
6/15/2019 17:56:04.340269949	84.898401	24.705721	1002.817251	41.103677	25.075063	639.786137	81.244352	25.514960	1003.116967	7.495196	12.049842	
6/15/2019 17:56:05.340269949	84.543570	24.586969	1003.767016	40.697354	24.999916	638.686159	81.045016	25.285336	1002.607113	6.668583	12.065836	
6/15/2019 17:56:06.340269949	84.648705	24.776384	1002.431510	41.608007	25.057226	639.854468	81.043360	25.277346	1002.981814	20.219228	12.055664	
6/15/2019 17:56:07.340269949	84.628992	24.682612	1004.298396	41.275453	25.075023	640.388690	80.993000	25.325489	1002.931507	8.766682	12.067229	
6/15/2019 17:56:08.340269949	85.042961	24.916972	1003.670265	43.824427	25.440595	644.407483	81.197961	25.516292	1002.886087	8.795243	12.057661	
6/15/2019 17:56:09.340269949	84.760411	24.757243	1002.875680	41.685518	25.141353	641.163405	80.889126	25.397497	1002.511071	8.994361	12.077295	
6/15/2019 17:56:10.340269949	84.786695	24.697348	1002.678551	42.546038	25.315037	650.104504	81.288036	25.588936	1003.966513	22.026513	12.063707	
6/15/2019 17:56:11.340269949	84.740698	24.719665	1002.874813	41.766428	25.124903	645.318217	80.969029	25.437967	1003.176420	11.706848	12.071999	
6/15/2019 17:56:12.340269949	84.773553	24.817629	1004.017606	41.231290	25.155844	644.473845	80.983327	25.533321	1003.579508	20.854315	12.017605	
6/15/2019 17:56:13.340269949	84.701272	24.714394	1004.376538	41.514172	25.090615	645.275505	80.933520	25.371663	1002.747625	3.388344	12.055848	
6/15/2019 17:56:14.340269949	85.036390	24.947107	1005.114350	43.081048	25.245441	646.849901	81.063387	25.441797	1003.043003	9.814420	12.052194	
6/15/2019 17:56:15.340269949	84.681559	24.682088	1003.569730	41.001428	25.081227	643.712276	80.994209	25.314493	1002.285398	7.333543	12.071368	
6/15/2019 17:56:16.340269949	84.786695	24.720713	1003.021792	43.055287	25.309363	649.280500	81.251685	25.426229	1003.327814	9.488493	12.063720	
6/15/2019 17:56:17.340269949	84.668418	24.596615	1002.650717	40.703705	24.996202	644.858250	81.066989	25.230452	1002.846818	13.268107	12.068780	
6/15/2019 17:56:18.340269949	84.904972	24.668743	1003.922668	41.871552	25.241359	651.254415	81.434647	25.499910	1003.564368	9.616613	12.051182	
6/15/2019 17:56:19.340269949	84.872117	24.693306	1002.775854	41.332705	25.089187	647.890086	81.137404	25.371663	1003.010044	3.839770	12.054074	
6/15/2019 17:56:20.340269949	85.042961	24.778747	1003.121065	42.008585	25.143720	648.323107	81.221170	25.549090	1003.044896	12.175041	12.021745	
6/15/2019 17:56:21.340269949	84.878688	24.677041	1003.197709	41.230600	25.059430	647.936081	81.103498	25.341988	1002.964152	6.672515	12.073931	
6/15/2019 17:56:22.340269949	85.062674	24.802893	1003.257242	42.178743	25.142251	649.030797	81.192888	25.340739	1003.343111	18.601117	12.062340	
6/15/2019 17:56:23.340269949	84.924684	24.503292	1003.881824	40.966442	24.922279	648.453874	80.968872	25.345724	1002.382227	14.697314	12.048541	
6/15/2019 17:56:24.340269949	84.885259	24.718842	1003.238476	41.084472	25.085187	648.594492	81.067331	25.362329	1002.302746	5.468366	12.070632	
6/15/2019 17:56:25.340269949	84.622421	24.324346	1000.606730	39.754802	25.171355	652.342563	81.098031	25.141521	1002.250703	17.729177	12.035951	
6/15/2019 17:56:26.340269949	84.937826	24.709047	1003.273643	41.400458	25.094820	651.190674	80.873068	25.374256	1002.571317	4.975543	12.058174	
6/15/2019 17:56:27.340269949	84.839262	24.623498	1002.385619	40.935254	25.007835	650.495467	81.082181	25.295507	1002.854863	13.286184	12.078715	
6/15/2019 17:56:28.340269949	84.819549	24.686911	1003.951135	40.719211	25.042409	650.338419	81.059656	25.303910	1002.051681	12.199671	12.052286	
6/15/2019 17:56:29.340269949	84.832691	24.618526	1003.908792	40.734755	24.855418	648.868497	81.199197	25.572342	1003.320876	11.401620	12.004174	
6/15/2019 17:56:30.340269949	84.799836	24.513836	1003.275141	39.755990	25.074737	651.280034	80.794373	25.276203	1003.104349	13.155443	12.043481	
6/15/2019 17:56:31.340269949	84.786695	24.677116	1001.800462	41.057491	25.055185	653.226352	80.888574	25.340432	1003.049784	8.603718	12.070422	
6/15/2019 17:56:32.340269949	84.858975	24.719516	1003.709219	41.336115	25.076982	652.489749	80.907735	25.333691	1001.955010	8.298489	12.056886	
6/15/2019 17:56:33.340269949	85.207235	24.830975	1002.759373	39.980829	24.797088	652.502232	81.225743	25.354645	1002.799668	10.158424	12.031509	
6/15/2019 17:56:34.340269949	84.898401	24.675993	1002.878519	40.860159	25.055430	654.095690	80.961354	25.319996	1002.456505	7.211976	12.065875	
6/15/2019 17:56:35.340269949	84.924684	24.629668	1003.676731	40.922845	25.029673	655.112213	80.905580	25.286892	1003.069339	12.379401	12.071184	
6/15/2019 17:56:36.340269949	84.806407	24.577099	1002.390349	39.974118	25.054042	655.162808	80.920930	25.302248	1003.152292	12.358702	12.041944	
6/15/2019 17:56:37.340269949	84.977252	24.681382	1003.234137	41.081168	25.021101	655.855394	81.010558	25.327976	1002.868739	7.574056	12.045611	
6/15/2019 17:56:38.340269949	85.010107	24.714992	1001.737460	41.376457	25.110739	656.811461	81.007403	25.376436	1002.583142	3.676807	12.067045	
6/15/2019 17:56:39.340269949	84.872117	24.591792	1002.580934	40.659991	25.007264	655.737111	80.841973	25.231277	1002.625404	13.635431	12.069240	
6/15/2019 17:56:40.340269949	84.826120	24.600657	1003.170583	40.944700	24.998243	655.988782	80.818345	25.303073	1002.839566	11.497247	12.053180	
6/15/2019 17:56:41.340269949	84.766982	24.687211	1002.042064	40.931213	25.035347	655.466390	80.899009	25.289909	1002.557277	7.134425	12.038895	
6/15/2019 17:56:42.340269949	84.839262	24.703999	1001.934903	41.886845	25.018652	658.728866	80.899561	25.380797	1002.497667	3.581180	12.044414	
6/15/2019 17:56:43.340269949	84.891830	24.581847	1003.121302	41.141022	25.010121	656.837742	80.962511	25.293221	1002.780427	13.119289	12.046465	
6/15/2019 17:56:44.340269949	84.720985	24.688034	1003.460442	41.318641	25.105882	659.222345	81.120660	25.344793	1002.733907	3.701436	12.055020	
6/15/2019 17:56:45.340269949	84.681559	24.693755	1002.266080	40.745148	25.047552	658.839255	81.085755	25.319679	1003.285866	9.665602	12.050604	
6/15/2019 17:56:46.340269949	84.878688	24.592540	1002.798722	40.325284	24.953424	660.376855	81.000885	25.312937	1002.535828	16.995841	12.024281	
6/15/2019 17:56:47.340269949	84.990394	24.725237	1003.373863	41.293794	25.127148	660.530619	81.224087	25.349460	1002.456033	3.473758	12.068464	
6/15/2019 17:56:48.340269949	84.812978	24.721045	1003.239817	40.992128	25.077839	662.094500	81.223745	25.369896	1002.077388	3.985967	12.042443	
6/15/2019 17:56:49.340269949	84.464718	24.673116	1003.547020	42.303902	25.331732	666.962927	81.481301	25.329330	1001.828374	0.767822	12.062958	
6/15/2019 17:56:50.340269949	84.780124	24.640212	1001.278465	40.900882	24.915217	663.938965	81.096032	25.246528	1002.758978	12.028844	12.049803	
6/15/2019 17:56:51.340269949	84.977252	24.676742	1001.468893	41.546012	24.915462	661.185735	81.233865	25.530834	1003.675865	14.718013	12.011165	
6/15/2019 17:56:52.340269949	84.904972	24.736005	1002.880885	41.161038	25.075839	664.760992	81.198093	25.348529	1002.544502	7.854926	12.068136	
6/15/2019 17:56:53.340269949	84.701272	24.645484	1003.607657	40.989720	25.020326	665.668441	81.142923	25.265726	1002.955792	13.139987	12.072591	
6/15/2019 17:56:54.340269949	84.819549	24.575078	1001.314027	40.622044	24.969588	666.270994	81.105206	25.227023	1003.485360	10.183054	12.001532	
6/15/2019 17:56:55.340269949	84.977252	24.709122	1002.876074	41.309543	25.050083	668.260024	81.136300	25.347174	1003.079271	6.909368	12.069358	
6/15/2019 17:56:56.340269949	84.688130	24.704149	1003.498449	40.992203	24.783781	664.827354	80.759521	25.229510	1002.857071	10.157114	12.067899	
6/15/2019 17:56:57.340269949	84.747269	24.629444	1001.488368	40.598191	25.011550	667.563501	81.281465	25.283262	1003.032279	13.425829	12.061499	
6/15/2019 17:56:58.340269949	84.904972	24.618451	1002.681706	40.812929	25.017468	668.001785	81.168655	25.277452	1002.703626	14.621075	12.076625	
6/15/2019 17:56:59.340269949	84.786695	24.718692	1003.978890	40.848412	25.046940	667.155446	81.138560	25.267906	1002.548446	12.017320	12.052825	
6/15/2019 17:57:00.340269949	84.681559	24.687435	1002.986624	40.939423	25.049715	667.750115	80.979254	25.320928	1002.312049	6.554879	12.048804	
6/15/2019 17:57:01.340269949	84.983823	24.713645	1003.057906	41.042599	25.065063	667.635126	80.900560	25.310344	1002.331290	7.746194	12.070054	
6/15/2019 17:57:02.340269949	84.720985	24.702877	1001.347067	40.929400	25.002733	668.944716	80.886367	25.274859	1002.615944	13.225401	12.061131	
6/15/2019 17:57:03.340269949	84.826120	24.606528	1002.528891	40.730771	24.976283	668.248193	80.836164	25.278701	1002.353997	17.180813	12.023913	
6/15/2019 17:57:04.340269949	84.878688	24.660701	1002.276567	41.183547	25.006978	669.965186	80.938382	25.297168	1002.688329	13.654818	12.076205	
6/15/2019 17:57:05.340269949	84.596137	24.676816	1002.086062	40.826107	25.002733	669.189156	80.980568	25.262614	1002.458398	13.533251	12.068819	
6/15/2019 17:57:06.340269949	85.437218	24.973391	1004.143216	42.110661	24.993140	668.468320	80.634226	25.242898	1003.624771	10.181743	12.009181	
6/15/2019 17:57:07.340269949	84.812978	24.681864	1002.554203	40.596438	25.051185	669.436879	81.132489	25.262614	1002.425753	10.171530	12.074930	
6/15/2019 17:57:08.340269949	84.852404	24.683436	1003.841846	41.252535	25.075308	671.704514	81.173333	25.339914	1003.014616	6.178382	12.062524	
6/15/2019 17:57:09.340269949	84.970681	24.666048	1003.945930	40.518021	25.024285	669.890930	81.085203	25.257323	1002.493723	12.180283	12.064206	
6/15/2019 17:57:10.340269949	84.885259	24.694129	1004.003413	40.943961	25.060573	672.182878	81.190838	25.283675	1003.040638	9.461242	12.063194	
6/15/2019 17:57:11.340269949	84.753840	24.766589	1004.171682	41.411503	25.104167	672.072489	81.202719	25.333278	1002.740844	5.473608	12.051419	
6/15/2019 17:57:12.340269949	84.931255	24.708972	1001.678636	41.138197	25.039592	671.021790	80.987743	25.262508	1002.441365	13.795773	12.048804	
6/15/2019 17:57:13.340269949	85.062674	24.718543	1002.144412	41.338823	25.123434	671.131527	81.113038	25.314080	1002.728227	8.897423	12.045032	
6/15/2019 17:57:14.340269949	84.747269	24.661150	1004.000653	40.799546	25.032204	672.153965	81.086807	25.242485	1002.694953	12.837379	12.066466	
6/15/2019 17:57:15.340269949	84.964110	24.682537	1002.670981	41.063588	25.054328	673.816416	81.151360	25.285855	1003.056250	10.225761	12.076835	
6/15/2019 17:57:16.340269949	85.023248	24.662049	1002.695267	40.994795	25.048980	673.957034	81.097241	25.315943	1003.042846	9.216797	12.040170	
6/15/2019 17:57:17.340269949	84.931255	24.751372	1004.453339	41.345368	25.124862	673.672514	81.228398	25.349672	1002.655212	6.208254	12.059238	
6/15/2019 17:57:18.340269949	84.661847	24.639389	1002.552547	40.528423	25.018326	673.934036	80.955388	25.253174	1002.219637	10.987658	12.068057	
6/15/2019 17:57:19.340269949	85.128384	24.732380	1004.304547	40.989137	25.028000	676.234531	80.856824	25.398545	1002.101517	8.590883	12.035741	
6/15/2019 17:57:20.340269949	85.023248	24.699251	1002.113817	41.168352	25.080697	677.120288	80.946609	25.309614	1003.044896	6.261174	12.060934	
6/15/2019 17:57:21.340269949	84.786695	24.637411	1002.000036	40.613386	25.018121	675.848810	80.906237	25.239786	1002.900912	8.740741	12.064062	
6/15/2019 17:57:22.340269949	85.312370	25.007194	1003.529515	42.073685	25.127025	677.705095	81.113143	25.537057	1004.032432	24.338914	12.047674	
6/15/2019 17:57:23.340269949	85.056103	24.776983	1002.687620	41.412769	25.085472	676.501305	80.967373	25.305053	1002.333655	9.103093	12.049448	
6/15/2019 17:57:24.340269949	85.200664	24.990180	1003.454685	42.576786	25.161640	678.128265	81.091984	25.351110	1003.430479	19.783258	12.056242	
6/15/2019 17:57:25.340269949	84.970681	24.693755	1001.373008	41.049222	25.024571	677.265506	80.961459	25.293327	1003.268676	12.543675	12.067321	
6/15/2019 17:57:26.340269949	85.391221	25.080701	1004.680115	44.342495	25.311241	680.272374	81.203875	25.390755	1003.019661	9.743423	12.050604	
6/15/2019 17:57:27.340269949	84.970681	24.683286	1003.271593	40.819795	25.054328	677.598652	81.080236	25.279526	1002.990645	10.916390	12.074956	
6/15/2019 17:57:28.340269949	85.194093	25.016839	1002.820405	42.076687	25.356101	683.855514	81.205740	25.510069	1003.033222	9.654078	12.028184	
6/15/2019 17:57:29.340269949	85.207235	24.677490	1002.935056	41.090072	25.059144	678.370084	81.136719	25.266975	1003.136680	9.817041	12.072407	
6/15/2019 17:57:30.340269949	85.010107	24.684933	1003.890103	42.297639	25.309322	683.477687	81.434410	25.408080	1003.210166	17.588493	12.058529	
6/15/2019 17:57:31.340269949	84.904972	24.730883	1002.989304	41.224669	25.078696	680.112042	81.280466	25.298618	1003.022819	6.077513	12.065494	
6/15/2019 17:57:32.340269949	85.213806	24.812582	1002.174612	42.160889	25.232297	685.493651	81.538626	25.583750	1003.429058	8.449929	12.049579	
6/15/2019 17:57:33.340269949	84.944397	24.730434	1001.893744	41.408181	24.948934	680.587776	81.025960	25.197348	1002.585978	13.936728	12.054100	
6/15/2019 17:57:34.340269949	85.233519	24.845486	1003.467617	41.661059	25.141394	685.767656	81.288693	25.592778	1003.885139	8.892181	12.049842	
6/15/2019 17:57:35.340269949	84.872117	24.773433	1003.931737	41.476439	25.124046	683.556532	81.027616	25.348423	1002.712143	3.306862	12.068740	
6/15/2019 17:57:36.340269949	85.391221	24.806486	1004.210239	41.754320	25.139720	684.770837	81.182112	25.440041	1004.231768	17.793892	12.022205	
6/15/2019 17:57:37.340269949	84.996965	24.768236	1003.329075	41.497350	25.093718	685.228182	81.151964	25.310757	1002.885143	4.762010	12.067860	
6/15/2019 17:57:38.340269949	85.286086	24.894537	1003.750615	42.082228	25.123842	686.336696	81.296078	25.347174	1003.612468	20.565853	12.051997	
6/15/2019 17:57:39.340269949	85.029819	24.613104	1002.345404	39.872880	25.081554	682.377698	81.322599	25.215403	1002.530941	16.398218	12.025989	
6/15/2019 17:57:40.340269949	85.207235	25.042750	1004.763540	43.173179	25.260421	687.409077	81.434962	25.384109	1003.012566	8.418746	12.051550	
6/15/2019 17:57:41.340269949	85.023248	24.672368	1002.584403	40.865720	25.005304	684.686076	81.106862	25.222874	1002.846189	13.464604	12.073708	
6/15/2019 17:57:42.340269949	84.872117	24.784800	1005.330876	45.609242	25.553337	689.453302	81.085308	25.232409	1003.465647	11.361534	12.004726	
6/15/2019 17:57:43.340269949	84.491002	24.424887	1002.762213	42.597827	25.195438	684.115058	80.970186	25.355894	1002.826634	9.584120	12.039407	
6/15/2019 17:57:44.340269949	85.187522	24.763562	1002.205601	42.885732	25.250707	689.001219	81.240146	25.396660	1003.641326	9.613992	12.044520	
6/15/2019 17:57:45.340269949	84.990394	24.951031	1001.878762	38.877001	24.840111	684.938399	81.191233	25.483835	1002.642437	3.955056	12.021521	
6/15/2019 17:57:46.340269949	84.944397	24.769807	1003.001684	42.214557	25.291199	690.572994	81.408416	25.403931	1002.931664	14.158125	12.062485	
6/15/2019 17:57:47.340269949	85.049532	24.752569	1004.669471	41.669885	25.084370	688.700269	81.207029	25.356931	1002.681863	4.147620	12.058397	
6/15/2019 17:57:48.340269949	85.246661	24.762215	1003.879142	42.195558	25.208173	692.159873	81.435804	25.427172	1004.194393	6.310434	12.013321	
6/15/2019 17:57:49.340269949	84.904972	24.725536	1002.715217	40.981168	25.010692	688.399319	81.055950	25.284924	1002.291865	9.156013	12.071027	
6/15/2019 17:57:50.340269949	84.977252	24.770781	1001.671303	41.152942	25.071390	692.783455	81.187973	25.496386	1003.914469	18.310033	12.041195	
6/15/2019 17:57:51.340269949	85.042961	24.667844	1001.353927	40.571016	25.026244	688.516276	81.068093	25.071694	1002.039221	16.010196	12.074036	
6/15/2019 17:57:52.340269949	85.259802	24.895884	1003.065790	41.611717	25.120413	691.573740	81.173832	25.405805	1003.218211	19.483271	12.055651	
6/15/2019 17:57:53.340269949	84.786695	24.640587	1002.594181	40.699643	24.996447	690.873934	81.096137	25.189474	1002.599861	13.116668	12.068871	
6/15/2019 17:57:54.340269949	85.437218	24.879395	1004.203301	42.113113	25.158129	693.897885	81.215571	25.417732	1003.548914	16.192547	12.046267	
6/15/2019 17:57:55.340269949	85.036390	24.525877	1002.837910	42.275228	25.360876	695.196970	81.084599	25.054782	1002.097416	7.828986	12.063247	
6/15/2019 17:57:56.340269949	85.213806	24.888367	1002.121782	42.143298	25.113351	693.299269	81.217726	25.264064	1003.251485	21.943450	12.063864	
6/15/2019 17:57:57.340269949	84.852404	24.835947	1001.509342	40.089002	25.119189	689.850180	81.231762	25.149205	1002.909429	11.295508	12.046097	
6/15/2019 17:57:58.340269949	85.095529	24.975594	1003.772773	43.001346	25.248869	695.099706	81.360289	25.350062	1003.054671	7.491264	12.033743	
6/15/2019 17:57:59.340269949	85.286086	24.773807	1002.903672	41.456627	25.098820	693.501660	81.256390	25.321965	1002.839251	3.513843	12.070632	
6/15/2019 17:58:00.340269949	85.128384	24.841593	1002.189199	42.557231	25.215847	694.917039	81.356610	25.283463	1003.345948	16.593674	12.051840	
6/15/2019 17:58:01.340269949	84.826120	24.788200	1004.606626	42.343856	24.931912	690.030225	80.855063	25.060179	1002.159076	4.938079	12.063273	
6/15/2019 17:58:02.340269949	85.253231	24.820580	1003.625557	42.910015	25.245278	694.838847	81.259045	25.342295	1002.698104	13.662681	12.065665	
6/15/2019 17:58:03.340269949	85.088958	24.742100	1002.357232	41.026956	25.070492	695.200907	81.090408	25.263651	1003.143618	9.419846	12.060093	
6/15/2019 17:58:04.340269949	85.016678	24.763231	1002.404779	42.449790	25.298056	696.453986	81.354193	25.451968	1003.446091	4.309544	12.038461	
6/15/2019 17:58:05.340269949	85.180951	24.714094	1003.050178	40.904193	25.033347	693.633079	81.099082	25.237818	1002.294072	9.264746	12.071947	
6/15/2019 17:58:06.340269949	85.299228	24.796167	1002.860777	42.349612	25.290342	699.448372	81.259440	25.429151	1003.194554	14.860549	12.036043	
6/15/2019 17:58:07.340269949	84.911542	24.761242	1002.989936	41.238266	25.093677	697.341722	80.849044	25.304228	1002.473696	5.244618	12.066821	
6/15/2019 17:58:08.340269949	85.384650	24.781998	1002.360858	42.495653	25.226950	701.616784	81.219120	25.501159	1003.202914	8.693063	12.031995	
6/15/2019 17:58:09.340269949	85.148096	24.762589	1003.495767	41.488467	25.094575	697.936391	80.940038	25.282331	1002.690537	4.423248	12.062577	
6/15/2019 17:58:10.340269949	85.069245	24.802637	1002.859831	41.298312	25.150415	701.111475	81.146892	25.411827	1003.712611	17.129203	12.053495	
6/15/2019 17:58:11.340269949	85.220377	24.645709	1002.158053	42.300971	25.089432	698.504778	80.955887	25.302566	1002.209384	7.544455	12.047752	
6/15/2019 17:58:12.340269949	85.397792	24.796990	1002.789653	41.184801	25.070533	701.396648	80.988742	25.383177	1003.280979	15.231533	12.034453	
6/15/2019 17:58:13.340269949	85.141525	24.698578	1002.958158	40.811283	25.012693	701.168638	80.889179	25.237087	1003.185251	10.034236	12.052904	
6/15/2019 17:58:14.340269949	85.384650	24.938135	1003.714816	42.147876	25.135516	702.581397	81.189839	25.390967	1004.012562	11.188086	12.033349	
6/15/2019 17:58:15.340269949	84.983823	24.701272	1003.690610	40.973376	25.038449	702.199623	80.916067	25.204925	1003.941755	14.962458	12.037462	
6/15/2019 17:58:16.340269949	85.148096	24.951256	1004.258733	42.051139	25.081064	702.426317	80.880058	25.310757	1004.330647	30.678266	12.042588	
6/15/2019 17:58:17.340269949	86.357150	25.536813	1006.638784	44.871524	25.089718	705.502842	81.262252	25.474395	1003.657573	33.160454	11.998628	
6/15/2019 17:58:18.340269949	85.253231	24.772909	1003.650947	41.293258	25.092575	704.108481	81.193283	25.247777	1003.080221	5.668794	12.062340	
6/15/2019 17:58:19.340269949	85.831474	25.349494	1004.517840	44.373446	25.359773	705.251824	81.278653	25.349672	1003.119175	17.270158	12.040892	
6/15/2019 17:58:20.340269949	85.102100	24.814785	1003.510354	41.268714	25.114086	703.889671	81.005538	25.291464	1002.359834	5.243308	12.055572	
6/15/2019 17:58:21.340269949	85.292657	25.125454	1004.711262	42.694155	25.086737	708.832984	81.358870	25.570150	1003.814169	5.477539	11.979112	
6/15/2019 17:58:22.340269949	84.885259	24.709271	1002.101517	40.797374	24.999059	705.216343	80.797133	25.197560	1002.999319	13.306882	12.074102	
6/15/2019 17:58:23.340269949	85.121813	24.997099	1003.808335	43.778310	25.289770	708.493270	81.121737	25.340516	1003.230036	10.496146	12.035018	
6/15/2019 17:58:24.340269949	85.161238	24.783003	1004.438594	41.300184	25.088860	704.973219	80.949264	25.274552	1002.458398	5.983196	12.064692	
6/15/2019 17:58:25.340269949	85.187522	25.095843	1002.403124	43.836310	25.258625	708.629951	81.095690	25.293940	1003.031014	16.698475	12.041812	
6/15/2019 17:58:26.340269949	85.062674	24.676742	1002.375841	40.623242	24.991385	705.352361	80.963562	25.158338	1002.802662	12.626467	12.072919	
6/15/2019 17:58:27.340269949	85.056103	24.896034	1002.499875	43.601439	25.333120	709.778556	81.189182	25.331605	1002.936708	17.174531	12.054967	
6/15/2019 17:58:28.340269949	84.806407	24.688109	1002.609478	40.545527	24.997916	705.407556	80.944454	25.161037	1002.423388	10.805307	12.068030	
6/15/2019 17:58:29.340269949	85.220377	24.838866	1004.469898	43.265184	25.379898	710.348912	81.418508	25.477907	1003.521628	5.776216	12.046780	
6/15/2019 17:58:30.340269949	85.180951	24.753468	1002.027476	41.790944	25.007264	708.974928	80.986035	25.355588	1002.191564	8.733149	12.021534	
6/15/2019 17:58:31.340269949	85.194093	24.829071	1003.462650	42.894351	25.378224	712.651374	81.364285	25.470129	1002.951691	9.658010	12.055559	
6/15/2019 17:58:32.340269949	84.950968	24.709720	1004.088178	41.013047	25.019183	709.045890	81.056055	25.202333	1003.148348	11.294197	12.068543	
6/15/2019 17:58:33.340269949	85.082387	24.640255	1003.699204	40.891023	25.258380	714.969604	81.385391	25.525437	1003.238395	15.911948	12.014359	
6/15/2019 17:58:34.340269949	85.194093	24.693755	1002.689590	40.637725	25.001059	709.608362	80.947556	25.176806	1002.918417	13.837169	12.075705	
6/15/2019 17:58:35.340269949	85.456931	24.855506	1002.498533	41.430017	25.196295	713.301238	81.242487	25.461007	1003.363139	18.892201	12.041668	
6/15/2019 17:58:36.340269949	85.233519	24.741726	1003.167666	40.967825	25.068492	711.139394	80.791666	25.238749	1003.075648	8.209144	12.065573	
6/15/2019 17:58:37.340269949	85.253231	24.768128	1002.465968	41.106093	25.147680	714.002360	81.081287	25.469410	1003.953423	13.468535	12.015791	
6/15/2019 17:58:38.340269949	84.937826	24.712822	1001.612639	40.389103	25.011590	710.275309	80.790457	25.201190	1002.338700	8.215697	12.049067	
6/15/2019 17:58:39.340269949	85.088958	24.889864	1002.279405	41.451385	25.114372	712.455551	81.091013	25.432263	1003.597170	13.165928	12.037305	
6/15/2019 17:58:40.340269949	84.839262	24.710544	1002.343985	41.444560	24.905870	712.232141	80.823522	25.255248	1002.642437	15.576847	12.036700	
6/15/2019 17:58:41.340269949	85.575208	24.887736	1002.089531	41.769095	25.129230	715.017568	81.270688	25.482586	1003.603008	8.379971	12.034229	
6/15/2019 17:58:42.340269949	85.246661	24.688932	1002.572969	40.682617	25.005304	712.320849	80.866706	25.179399	1002.710407	14.101002	12.074010	
6/15/2019 17:58:43.340269949	85.456931	24.927441	1003.525889	41.644872	25.149598	713.840050	81.014921	25.459239	1003.250699	15.935267	12.034019	
6/15/2019 17:58:44.340269949	85.279515	24.746100	1001.302988	38.394821	24.961098	714.694936	80.797081	25.087262	1003.004049	9.553209	12.049277	
6/15/2019 17:58:45.340269949	85.312370	24.880742	1005.201718	43.065610	24.937708	711.442965	80.962958	25.272160	1003.281765	17.533991	12.051616	
6/15/2019 17:58:46.340269949	84.950968	24.732155	1003.265758	41.360250	25.090330	714.702819	81.155014	25.261471	1003.200549	6.446147	12.045439	
6/15/2019 17:58:47.340269949	85.318941	25.043723	1004.902713	42.499247	25.179355	714.625279	81.061075	25.356000	1003.436631	15.196689	12.035360	
6/15/2019 17:58:48.340269949	85.154667	24.799942	1003.495452	41.409690	25.110739	714.876950	80.871569	25.286479	1002.933243	3.124511	12.064692	
6/15/2019 17:58:49.340269949	85.437218	24.957800	1003.338458	41.814416	25.099432	715.782420	80.927448	25.262709	1003.140146	17.245528	12.046609	
6/15/2019 17:58:50.340269949	85.312370	24.725536	1003.590942	41.076767	25.024285	716.194423	80.945505	25.210217	1002.719395	11.766322	12.057911	
6/15/2019 17:58:51.340269949	85.542353	25.016091	1004.371333	42.027780	25.143925	716.674093	80.925950	25.278277	1003.347999	16.997151	11.992281	
6/15/2019 17:58:52.340269949	85.200664	24.715441	1002.970932	41.024833	25.038163	716.931026	81.020545	25.236675	1002.946804	12.008146	12.074864	
6/15/2019 17:58:53.340269949	85.502927	25.064361	1003.775847	43.095736	25.227562	718.920708	81.192047	25.346136	1003.058458	9.959307	12.057583	
6/15/2019 17:58:54.340269949	85.003536	24.698578	1002.268997	40.699808	24.983466	716.653073	81.028667	25.174732	1002.666723	12.958947	12.072775	
6/15/2019 17:58:55.340269949	85.358367	25.048171	1004.698724	42.873157	25.235195	719.420754	81.252079	25.326526	1002.902805	9.820973	12.055966	
6/15/2019 17:58:56.340269949	85.023248	24.809962	1003.196842	41.248493	25.086044	718.289242	81.186160	25.290321	1002.768917	3.272019	12.067557	
6/15/2019 17:58:57.340269949	85.167809	25.006595	1004.047569	42.813324	25.204050	722.368481	81.241040	25.321022	1003.038745	9.694163	12.025871	
6/15/2019 17:58:58.340269949	85.266373	24.769508	1004.446164	41.151199	25.165436	722.509762	81.078975	25.310238	1003.195819	6.428070	12.050420	
6/15/2019 17:58:59.340269949	85.220377	25.042226	1004.416673	43.376171	25.290423	724.337796	81.042019	25.347586	1003.634546	16.801966	12.070830	
6/15/2019 17:59:00.340269949	85.082387	24.705571	1002.797853	40.982627	25.028285	720.842712	80.839056	25.176510	1002.586771	13.670274	12.062984	
6/15/2019 17:59:01.340269949	85.509498	25.132597	1003.192189	43.544012	25.332915	723.620244	81.083652	25.308259	1003.348156	15.142459	12.045926	
6/15/2019 17:59:02.340269949	85.299228	24.737353	1002.757088	41.231136	25.021795	721.706134	81.002646	25.221425	1003.350364	14.181173	12.058555	
6/15/2019 17:59:03.340269949	85.588349	25.069858	1004.318976	44.137334	25.355325	726.349160	81.269794	25.402576	1003.374649	8.893491	12.062563	
6/15/2019 17:59:04.340269949	85.259802	24.741427	1003.128478	41.113311	25.037592	722.652348	81.051744	25.196417	1003.063030	14.291216	12.076073	
6/15/2019 17:59:05.340269949	85.364937	25.049519	1005.166865	43.593608	25.305444	725.481139	81.204137	25.348517	1002.625561	11.234724	12.059462	
6/15/2019 17:59:06.340269949	85.207235	24.789922	1003.456735	41.356276	25.100249	725.196619	80.970186	25.302354	1003.231143	9.071911	12.058870	
6/15/2019 17:59:07.340269949	85.226948	24.942583	1002.237694	43.195494	25.258095	728.106233	81.157588	25.344369	1003.549700	13.782938	12.052589	
6/15/2019 17:59:08.340269949	85.161238	24.837070	1004.644553	41.614357	25.152374	724.540840	81.099896	25.294470	1002.753934	4.808648	12.065915	
6/15/2019 17:59:09.340269949	85.167809	24.911326	1003.863767	43.377779	25.274790	727.627869	81.234180	25.330050	1003.560582	13.949833	12.066046	
6/15/2019 17:59:10.340269949	85.108671	24.851987	1003.723489	41.769613	25.141762	725.070462	81.139374	25.309190	1002.962887	4.605599	12.043416	
6/15/2019 17:59:11.340269949	85.148096	24.980909	1004.176807	43.672931	25.365162	728.431497	81.274105	25.343850	1003.264889	17.257323	12.056360	
6/15/2019 17:59:12.340269949	85.036390	24.741951	1002.472197	41.347646	25.038163	726.243371	81.092169	25.231383	1003.087159	15.133285	12.079477	
6/15/2019 17:59:13.340269949	85.397792	24.955522	1003.181702	44.704103	25.442840	730.451407	81.421820	25.432251	1002.932136	10.461303	12.042929	
6/15/2019 17:59:14.340269949	85.378079	24.992126	1004.042601	47.345219	25.628647	734.016800	81.510474	25.484426	1003.676808	11.210095	12.044467	
6/15/2019 17:59:15.340269949	85.417505	24.842716	1004.753447	41.888178	25.164579	727.754688	81.181507	25.311276	1002.878834	4.846113	12.063943	
6/15/2019 17:59:16.340269949	85.194093	25.229063	1004.245329	44.287132	25.624157	731.086157	81.468526	25.491591	1003.121534	12.248930	12.030734	
6/15/2019 17:59:17.340269949	85.266373	24.810561	1003.013118	41.173602	25.079227	726.931346	81.080578	25.256698	1002.755034	10.105504	12.060277	
6/15/2019 17:59:18.340269949	85.332083	24.982406	1003.593227	44.923150	25.415655	730.616991	81.407574	25.398311	1003.304786	15.725666	12.058647	
6/15/2019 17:59:19.340269949	85.588349	24.990554	1002.909429	40.046057	24.789700	724.587488	80.936070	25.301941	1003.897914	13.407752	12.015147	
6/15/2019 17:59:20.340269949	85.141525	24.913721	1003.668609	43.934508	25.389572	732.690128	81.429338	25.389495	1003.251485	17.372338	12.060881	
6/15/2019 17:59:21.340269949	85.023248	24.746923	1003.242339	40.973678	25.032490	728.495890	80.840318	25.219350	1002.460763	12.325170	12.071171	
6/15/2019 17:59:22.340269949	85.207235	24.961019	1003.098041	44.589592	25.455576	732.782119	81.253788	25.425192	1003.363768	11.354981	12.051669	
6/15/2019 17:59:23.340269949	84.937826	24.741427	1002.639126	41.127181	25.021918	729.695743	80.978018	25.174944	1002.374188	11.451919	12.061880	
6/15/2019 17:59:24.340269949	85.233519	24.866199	1005.316131	44.420693	25.460392	734.980107	81.439929	25.459746	1003.358723	9.193749	12.030077	
6/15/2019 17:59:25.340269949	85.062674	24.757916	1003.763862	40.842957	25.034776	731.231374	81.135353	25.195273	1002.664830	14.146330	12.063181	
6/15/2019 17:59:26.340269949	85.233519	24.848811	1003.388214	43.257334	25.358631	735.681882	81.393723	25.397909	1003.849808	16.949473	12.061801	
6/15/2019 17:59:27.340269949	85.016678	25.052844	1003.532670	39.938469	24.968200	733.810473	81.044412	25.259503	1003.251170	13.450458	12.047214	
6/15/2019 17:59:28.340269949	85.332083	24.939482	1004.435282	43.832442	25.440554	737.431724	81.397587	25.452899	1003.357144	7.587162	12.048751	
6/15/2019 17:59:29.340269949	85.305799	24.816207	1003.233113	41.577891	25.080411	734.185016	80.988637	25.285030	1003.218525	11.909898	12.067505	
