
Time stamp	Inside_humidity (in %rH)	Inside_temperature (in °C)	Inside_pressure (in mbar)	Soil_moisture (in %VWC)	Soil_temperature (in °C)	Inside_CO2_ratio (in ppm)	Outside_humidity (in %rH)	Outside_temperature (in °C)	Outside_pressure (in mbar)	Outside_PAR (in µmol m^-2 s^-1)	Power_box_charge (in V)	
6/15/2019 17:31:55.663326449	82.506577	24.169247	1002.694243	38.605218	24.857296	509.584074	81.880183	25.246433	1001.796993	0.317707	12.071539	
6/15/2019 17:31:56.663326449	82.335733	24.206525	1002.973929	38.714890	24.835213	516.417863	81.859418	25.191231	1002.136527	7.863830	12.074457	
6/15/2019 17:31:57.663326449	82.506577	24.185063	1001.934826	38.836115	24.838030	515.564955	81.880682	25.247364	1001.698272	0.352550	12.075876	
6/15/2019 17:31:58.663326449	82.414584	24.238007	1002.384043	39.146286	24.906319	524.262272	82.037780	25.274541	1002.151667	-0.944876	12.055138	
6/15/2019 17:31:59.663326449	82.460581	24.107032	1002.551206	37.634263	24.863868	523.363358	81.982453	25.173589	1001.843356	6.788840	12.055388	
6/15/2019 17:32:00.663326449	82.447439	24.207273	1001.371747	38.589370	24.836927	528.902671	82.113767	25.204925	1002.084012	8.127662	12.075968	
6/15/2019 17:32:01.663326449	82.697135	24.212096	1000.456283	38.397035	24.848520	528.292887	82.179976	25.235744	1001.663576	0.647566	12.071723	
6/15/2019 17:32:02.663326449	82.585429	24.217742	1001.897213	38.598010	24.827294	534.807328	82.071739	25.208143	1001.788634	7.330922	12.078123	
6/15/2019 17:32:03.663326449	82.861408	24.229109	1001.903285	38.610984	24.863582	535.183187	82.006239	25.215921	1002.186677	7.528729	12.079411	
6/15/2019 17:32:04.663326449	83.025682	24.175193	1000.545069	37.726395	25.027020	540.562830	81.887410	25.157301	1002.906749	0.748435	12.040235	
6/15/2019 17:32:05.663326449	82.795699	24.213069	1002.028580	38.486448	24.852234	537.693947	81.919161	25.191125	1002.156240	9.192167	12.079411	
6/15/2019 17:32:06.663326449	82.867979	24.295998	1003.357147	38.377720	24.872032	541.935499	81.904311	25.229309	1001.952173	3.736280	12.058227	
6/15/2019 17:32:07.663326449	82.769415	24.291325	1002.563823	38.842952	24.894441	542.085316	81.926783	25.264170	1002.219637	2.930365	12.075311	
6/15/2019 17:32:08.663326449	82.973114	24.248925	1000.596323	38.519321	24.881950	543.059129	81.966104	25.265419	1001.768449	-1.118053	12.071723	
6/15/2019 17:32:09.663326449	82.867979	24.075026	1000.249771	37.199157	24.920483	546.928769	81.931646	25.134367	1002.527475	3.204683	12.038159	
6/15/2019 17:32:10.663326449	83.196526	24.274910	1002.276567	38.797369	24.900074	547.346677	81.878527	25.277039	1001.967313	-0.669248	12.073997	
6/15/2019 17:32:11.663326449	83.032253	24.260966	1001.995777	38.835209	24.882277	547.631197	81.856159	25.257323	1002.219637	5.372468	12.076888	
6/15/2019 17:32:12.663326449	83.104533	24.270911	1002.370164	38.753734	24.876032	549.153030	81.877475	25.245078	1002.317729	5.413864	12.080975	
6/15/2019 17:32:13.663326449	83.295091	24.291175	1002.689276	38.977930	24.911422	549.229254	82.032208	25.308895	1002.129432	-0.548991	12.068911	
6/15/2019 17:32:14.663326449	83.091391	24.306916	1002.470779	38.887854	24.929545	551.082919	81.978589	25.303497	1002.111927	-0.591698	12.074759	
6/15/2019 17:32:15.663326449	83.393655	24.291624	1002.275149	38.884698	24.898686	551.364156	82.175113	25.265207	1002.264899	3.632789	12.066519	
6/15/2019 17:32:16.663326449	83.334516	24.255918	1002.140785	38.618922	24.838927	552.220348	81.934511	25.209074	1002.256854	7.774484	12.077177	
6/15/2019 17:32:17.663326449	83.124246	24.322806	1000.992078	38.891370	24.906319	552.058047	81.943737	25.304640	1001.890827	-1.776460	12.072104	
6/15/2019 17:32:18.663326449	83.446222	24.254795	1002.075575	38.638528	24.815089	553.872284	81.713806	25.245290	1001.433960	6.532871	12.068911	
6/15/2019 17:32:19.663326449	83.387084	24.318508	1001.015655	39.210745	24.895298	555.349438	81.779463	25.275272	1001.917478	0.820743	12.055953	
6/15/2019 17:32:20.663326449	83.728773	24.372724	1001.669805	41.026997	25.188866	559.387946	82.005687	25.419488	1001.957375	0.029244	12.038842	
6/15/2019 17:32:21.663326449	83.367371	24.307365	1003.185803	38.738393	24.906034	555.882997	82.085223	25.326950	1002.046479	-1.365119	12.070317	
6/15/2019 17:32:22.663326449	83.544786	24.460400	1002.744393	39.830231	25.016571	558.374043	82.041354	25.304216	1001.685811	4.096010	12.048922	
6/15/2019 17:32:23.663326449	83.538215	24.255170	1001.977011	38.202516	24.823580	556.561774	81.745005	25.251100	1001.700951	2.288996	12.076809	
6/15/2019 17:32:24.663326449	83.518503	24.382070	1001.586618	39.064089	24.961955	558.138140	81.853452	25.407561	1002.911637	7.755097	11.979861	
6/15/2019 17:32:25.663326449	83.643351	24.282353	1002.417869	38.469831	24.856765	557.903562	82.058492	25.227023	1002.162706	8.185825	12.078426	
6/15/2019 17:32:26.663326449	83.820766	24.382519	1002.265134	38.844032	24.880889	560.010866	82.138999	25.313562	1002.552390	17.383862	12.051130	
6/15/2019 17:32:27.663326449	83.525074	24.307889	1003.282949	38.779321	24.860684	560.502376	82.053078	25.321965	1002.277989	1.217938	12.037252	
6/15/2019 17:32:28.663326449	83.801053	24.337243	1002.472197	38.707263	24.872399	561.169323	82.103095	25.382352	1002.841145	13.048021	12.053522	
6/15/2019 17:32:29.663326449	83.663063	24.301270	1001.887593	38.341701	24.828151	560.412353	81.980507	25.263133	1001.989077	7.056605	12.046767	
6/15/2019 17:32:30.663326449	83.866763	24.347487	1002.166569	39.053209	24.961343	565.437820	81.960690	25.423129	1002.676976	4.474858	12.052523	
6/15/2019 17:32:31.663326449	83.544786	24.335147	1001.127703	38.667544	24.918769	561.183122	82.249444	25.236675	1001.193147	1.937128	12.070895	
6/15/2019 17:32:32.663326449	83.768198	24.293495	1001.943499	39.003127	24.939505	564.084855	82.192671	25.304841	1002.316465	8.972352	12.051393	
6/15/2019 17:32:33.663326449	83.722202	24.340568	1002.740844	38.692342	24.866113	564.527739	82.019329	25.286998	1002.237142	4.472237	12.079648	
6/15/2019 17:32:34.663326449	83.893046	24.366404	1002.249285	39.609278	24.981140	566.685638	82.061514	25.327044	1002.016356	2.454580	12.061696	
6/15/2019 17:32:35.663326449	83.498790	24.329800	1000.705769	38.663044	24.837499	564.890451	81.890670	25.250369	1002.209069	7.205423	12.051629	
6/15/2019 17:32:36.663326449	84.109887	24.467319	1002.835545	39.687509	24.968731	569.890289	81.812475	25.322790	1002.436635	4.044130	12.060211	
6/15/2019 17:32:37.663326449	83.663063	24.328902	1003.620195	39.481967	24.742269	568.482139	82.065011	25.355482	1001.457302	-5.636245	12.036319	
6/15/2019 17:32:38.663326449	84.142742	24.393138	1002.366458	39.135220	24.884318	569.565025	81.854451	25.287410	1002.547974	11.779156	12.055940	
6/15/2019 17:32:39.663326449	83.787911	24.335222	1002.967149	38.293770	24.967833	568.517620	82.049214	25.300692	1002.059569	0.655158	12.034795	
6/15/2019 17:32:40.663326449	84.182168	24.430940	1002.964072	39.380279	24.908319	569.756901	82.229389	25.378087	1002.574625	5.376399	12.036043	
6/15/2019 17:32:41.663326449	83.676205	24.239354	1001.560991	38.266362	24.829539	568.060937	82.023482	25.288247	1001.724765	1.999223	12.073668	
6/15/2019 17:32:42.663326449	84.090175	24.389064	1003.750852	38.729539	24.938362	570.788540	82.245738	25.382564	1002.213170	1.738011	12.046924	
6/15/2019 17:32:43.663326449	83.814195	24.287400	1000.590014	38.375957	24.801211	569.647165	81.954171	25.248920	1001.782010	8.297179	12.064482	
6/15/2019 17:32:44.663326449	84.215023	24.367602	1001.880812	39.279987	25.010325	573.784242	82.092056	25.419393	1002.331133	0.994191	12.049119	
6/15/2019 17:32:45.663326449	83.853621	24.339146	1002.106170	38.628633	24.905748	570.649237	81.984214	25.320928	1001.801251	-1.987372	12.072485	
6/15/2019 17:32:46.663326449	84.195310	24.314882	1002.068557	39.322347	24.923341	574.507699	81.966761	25.284712	1002.253068	9.281512	12.065731	
6/15/2019 17:32:47.663326449	83.853621	24.271060	1001.619972	38.415414	24.872032	571.404239	81.891721	25.331617	1001.827430	-0.836143	12.068990	
6/15/2019 17:32:48.663326449	84.195310	24.487509	1002.340753	39.753090	25.017387	574.200834	81.953619	25.382034	1002.017935	-1.596730	12.052720	
6/15/2019 17:32:49.663326449	83.919330	24.294094	1002.883092	37.876420	24.841172	572.320225	81.877528	25.202639	1002.532205	4.922352	12.052838	
6/15/2019 17:32:50.663326449	84.234735	24.519589	1000.794713	39.440980	24.953995	575.219326	81.849693	25.314905	1002.077860	5.791671	12.038566	
6/15/2019 17:32:51.663326449	84.037607	24.403382	1001.087883	38.808541	24.904891	575.183193	81.818284	25.330061	1001.934511	-1.551402	12.054534	
6/15/2019 17:32:52.663326449	84.293874	24.416022	1002.387037	39.078854	24.856275	576.705679	81.781171	25.333998	1002.342172	6.029564	12.042062	
6/15/2019 17:32:53.663326449	84.037607	24.309236	1003.047104	38.530034	24.845418	575.805459	81.805694	25.252031	1002.405726	7.678857	12.066848	
6/15/2019 17:32:54.663326449	84.293874	24.395683	1000.972917	38.779661	24.892522	578.511379	82.007081	25.384426	1002.926305	7.447247	12.043744	
6/15/2019 17:32:55.663326449	83.886475	24.281754	1003.057591	38.370064	24.838315	576.082096	81.926574	25.296131	1001.722872	2.391176	12.068622	
6/15/2019 17:32:56.663326449	84.339870	24.310958	1002.166807	38.882759	24.932443	580.025329	82.157503	25.403413	1002.729491	8.370797	12.043586	
6/15/2019 17:32:57.663326449	84.116458	24.266761	1003.363928	37.876956	24.932402	577.149878	82.002061	25.315011	1002.339178	1.620104	12.045899	
6/15/2019 17:32:58.663326449	84.280732	24.357432	1002.782478	39.348781	24.972935	579.388601	82.209624	25.330156	1002.320566	2.418156	12.060632	
6/15/2019 17:32:59.663326449	83.952185	24.397287	1000.690157	38.791477	24.894686	577.726149	82.088640	25.325288	1002.236513	-1.384507	12.045768	
6/15/2019 17:33:00.663326449	84.228164	24.382220	1001.698666	39.302916	24.911993	578.887891	82.003427	25.303698	1001.864963	-0.416939	12.045124	
6/15/2019 17:33:01.663326449	83.952185	24.345167	1001.139057	38.429206	24.874562	579.865650	81.840757	25.278076	1001.974094	-0.503663	12.056597	
6/15/2019 17:33:02.663326449	84.353012	24.440585	1002.451775	39.127702	24.883991	581.505756	81.748921	25.276827	1002.322931	8.782137	12.057819	
6/15/2019 17:33:03.663326449	84.116458	24.341018	1002.845875	38.501184	24.845989	581.279062	81.763114	25.235532	1002.081804	3.180053	12.075797	
6/15/2019 17:33:04.663326449	84.359583	24.350588	1002.108929	38.638236	24.833254	580.167253	81.832083	25.273822	1001.828059	9.075842	12.046701	
6/15/2019 17:33:05.663326449	84.024465	24.229783	1003.229959	38.641032	24.640834	579.097502	81.967760	25.430188	1001.624779	-3.852550	12.024373	
6/15/2019 17:33:06.663326449	84.438435	24.388390	1002.116894	38.638490	24.836070	582.120802	81.945288	25.327881	1002.405412	7.550737	12.051248	
6/15/2019 17:33:07.663326449	83.985040	24.265639	1001.934274	38.054702	24.822723	580.259907	81.832031	25.286067	1001.740062	-0.216511	12.076165	
6/15/2019 17:33:08.663326449	84.379296	24.357133	1003.522735	38.566949	24.895584	583.460621	81.981454	25.330474	1002.374660	3.632789	12.049132	
6/15/2019 17:33:09.663326449	84.267590	24.335820	1000.660192	38.163839	24.807456	581.112815	81.793761	25.235013	1002.009419	6.954425	12.061026	
6/15/2019 17:33:10.663326449	84.057320	24.395084	1000.380506	39.019130	24.848561	582.677359	81.830480	25.328706	1002.027081	4.980515	12.033375	
6/15/2019 17:33:11.663326449	84.438435	24.333318	1002.045453	38.327187	24.824437	582.033410	81.772840	25.254825	1002.521638	5.365915	12.055730	
6/15/2019 17:33:12.663326449	84.109887	24.431464	1000.882552	39.784511	24.828437	584.580967	81.791054	25.257005	1002.140785	8.347478	12.038724	
6/15/2019 17:33:13.663326449	84.392438	24.362255	1002.468728	38.549846	24.846561	583.082131	81.730260	25.291146	1002.180054	2.583740	12.078163	
6/15/2019 17:33:14.663326449	84.668418	24.615307	1002.566346	37.875183	24.736105	585.675683	81.666206	25.180742	1002.521795	6.951804	12.036174	
6/15/2019 17:33:15.663326449	84.274161	24.387567	1003.002079	38.584764	24.868072	585.514698	81.692937	25.298618	1002.363621	-0.391270	12.057635	
6/15/2019 17:33:16.663326449	84.425293	24.340419	1002.437976	38.354957	24.814844	585.293909	82.015203	25.212810	1002.261113	6.820023	12.073918	
6/15/2019 17:33:17.663326449	84.727556	24.474762	1002.472986	39.090337	24.900727	586.096885	82.086432	25.445639	1003.145197	3.634100	12.008958	
6/15/2019 17:33:18.663326449	84.313587	24.408055	1002.711434	38.742777	24.886196	586.908396	82.060096	25.285442	1002.197087	-1.455775	12.053798	
6/15/2019 17:33:19.663326449	84.550141	24.413145	1002.373790	38.562468	24.890522	588.245584	82.238563	25.524400	1002.425282	5.662241	12.032876	
6/15/2019 17:33:20.663326449	84.280732	24.413402	1002.361333	38.667554	24.891869	587.626601	82.006529	25.316155	1002.109719	-1.642058	12.071947	
6/15/2019 17:33:21.663326449	84.379296	24.411574	1002.249285	39.193544	25.035837	591.021813	82.190963	25.414102	1002.254489	-1.487997	12.045847	
6/15/2019 17:33:22.663326449	84.530428	24.366404	1001.602072	38.647295	24.887339	587.493867	81.992888	25.304428	1001.960847	-3.138601	12.067794	
6/15/2019 17:33:23.663326449	84.339870	24.356684	1002.135108	39.468574	24.940036	588.867851	81.924628	25.323827	1002.191564	6.058125	12.047109	
6/15/2019 17:33:24.663326449	84.550141	24.398634	1002.904146	38.801168	24.883338	588.202872	81.866331	25.287622	1002.122808	-2.248584	12.046333	
6/15/2019 17:33:25.663326449	84.300445	24.466645	1002.640467	39.453642	24.958485	589.279190	82.025138	25.345618	1001.989549	-0.548991	12.056466	
6/15/2019 17:33:26.663326449	84.569853	24.355710	1002.321670	38.369441	24.809987	589.204282	81.909621	25.211254	1002.471488	2.954995	12.053995	
6/15/2019 17:33:27.663326449	84.431864	24.535779	1002.553494	39.383446	24.957955	589.988196	82.028397	25.337733	1002.145044	0.001993	12.045137	
6/15/2019 17:33:28.663326449	84.477860	24.346215	1000.747797	38.684774	24.821294	589.619568	81.812213	25.340644	1001.329087	2.101402	12.024925	
6/15/2019 17:33:29.663326449	84.550141	24.489155	1000.860317	38.968208	24.895910	590.302945	81.814421	25.356931	1002.313314	0.434032	12.038067	
6/15/2019 17:33:30.663326449	84.412151	24.309012	1002.786893	38.111340	24.768638	590.159043	81.624415	25.281812	1002.629033	8.213076	12.035360	
6/15/2019 17:33:31.663326449	84.806407	24.473714	1002.462105	38.829647	24.928157	592.507502	82.120233	25.398957	1002.459820	-0.647239	12.047608	
6/15/2019 17:33:32.663326449	84.339870	24.334922	1001.371590	37.984106	24.781332	590.379169	81.911277	25.253799	1001.593241	3.872263	12.072078	
6/15/2019 17:33:33.663326449	84.734127	24.395683	1000.080949	36.815545	24.939790	597.375267	82.089796	25.175451	1002.140628	12.352150	12.012598	
6/15/2019 17:33:34.663326449	84.379296	24.355561	1002.331685	38.158326	24.860112	591.745270	81.930490	25.317404	1001.849351	-1.182768	12.072407	
6/15/2019 17:33:35.663326449	84.530428	24.424395	1001.325146	39.929161	24.929259	594.529382	82.023639	25.403000	1001.830424	-1.384507	12.035163	
6/15/2019 17:33:36.663326449	84.681559	24.356983	1003.156075	38.346328	24.790476	593.346611	81.806955	25.349566	1003.022347	6.294707	12.015699	
6/15/2019 17:33:37.663326449	84.261019	24.515066	1000.655856	39.365242	24.843458	594.427529	81.991494	25.260741	1002.005318	6.691902	12.028355	
6/15/2019 17:33:38.663326449	84.609279	24.313835	1001.046801	38.072137	24.803742	592.960238	81.913642	25.232526	1001.700794	1.875034	12.064390	
6/15/2019 17:33:39.663326449	84.773553	24.429817	1001.494914	40.141385	24.925626	594.102265	82.052131	25.348529	1001.587404	2.369167	12.020220	
6/15/2019 17:33:40.663326449	84.530428	24.313760	1001.618711	38.030722	24.801742	593.453717	81.712150	25.269049	1001.641341	1.199861	12.066795	
6/15/2019 17:33:41.663326449	84.799836	24.367901	1001.705052	38.537514	24.813987	594.250114	81.777860	25.283262	1002.287606	10.489594	12.051813	
6/15/2019 17:33:42.663326449	84.497573	24.408879	1003.114679	38.760084	24.887339	594.229748	81.783274	25.318229	1001.805667	-3.119214	12.060750	
6/15/2019 17:33:43.663326449	84.812978	24.417519	1002.931664	38.633278	24.917708	594.817849	81.756438	25.386088	1002.227839	5.003834	12.020641	
6/15/2019 17:33:44.663326449	84.431864	24.340119	1001.376163	38.747890	24.754188	594.491270	81.524405	25.338982	1001.775072	4.985757	12.043797	
6/15/2019 17:33:45.663326449	84.727556	24.444253	1001.947206	38.950931	24.934688	596.032164	81.911829	25.343343	1002.521166	-2.509796	12.034151	
6/15/2019 17:33:46.663326449	84.359583	24.297719	1001.837760	38.092114	24.813906	592.701999	81.621104	25.276827	1001.826009	-0.157038	12.063983	
6/15/2019 17:33:47.663326449	84.596137	24.325726	1001.776728	38.805755	24.886196	594.494554	81.958981	25.286892	1001.915742	3.967890	12.061578	
6/15/2019 17:33:48.663326449	84.353012	24.331746	1002.006422	38.288227	24.794680	593.447149	81.822543	25.291771	1002.047108	-0.466199	12.050670	
6/15/2019 17:33:49.663326449	84.793265	24.484856	1001.492312	39.107162	24.934117	597.186675	81.850639	25.335553	1002.105303	0.996812	12.022270	
6/15/2019 17:33:50.663326449	84.412151	24.351786	1000.839263	38.089357	24.781945	595.310665	81.741746	25.252550	1002.125331	7.017829	12.059160	
6/15/2019 17:33:51.663326449	84.806407	24.430940	1000.912043	38.607866	24.847173	597.831940	81.768082	25.268318	1002.038277	9.723765	12.044861	
6/15/2019 17:33:52.663326449	84.589566	24.430715	1002.208755	38.550995	24.855622	598.163118	81.803092	25.272573	1002.289342	3.156734	12.075048	
6/15/2019 17:33:53.663326449	84.858975	24.441558	1001.398793	38.909408	24.852846	600.796098	81.823357	25.352783	1002.932928	3.283543	12.022835	
6/15/2019 17:33:54.663326449	84.379296	24.604164	1002.028265	36.972682	24.736595	600.411040	82.032813	25.255354	1000.963688	1.445617	12.049014	
6/15/2019 17:33:55.663326449	84.858975	24.427614	1003.216792	38.564728	24.851051	601.725230	81.800727	25.333172	1002.733907	0.236225	11.997984	
6/15/2019 17:33:56.663326449	84.464718	24.356085	1001.775782	38.169089	24.807701	599.306461	81.638766	25.283368	1001.579680	1.057595	12.067360	
6/15/2019 17:33:57.663326449	84.747269	24.367527	1001.789266	38.605754	24.957588	601.932873	81.762405	25.368139	1002.002795	0.100512	12.055953	
6/15/2019 17:33:58.663326449	84.471289	24.451204	1002.489940	38.595079	24.886767	600.716589	81.761354	25.310344	1001.954538	-2.133569	12.068530	
6/15/2019 17:33:59.663326449	84.793265	24.373996	1001.788319	38.921691	24.881134	602.164167	81.864833	25.277758	1002.110348	7.589512	12.064706	
6/15/2019 17:34:00.663326449	84.550141	24.467693	1001.976459	38.699677	24.870644	601.965070	81.851639	25.292183	1002.158133	-0.411968	12.072223	
6/15/2019 17:34:01.663326449	84.911542	24.462421	1001.917478	39.040003	24.870644	603.209603	81.801331	25.247046	1002.173902	8.679958	12.063510	
6/15/2019 17:34:02.663326449	84.727556	24.336045	1001.686838	38.096272	24.792966	601.304028	81.715252	25.223806	1001.527794	5.652027	12.047976	
6/15/2019 17:34:03.663326449	84.694701	24.474313	1002.089059	38.815369	24.865868	603.053218	81.868040	25.288035	1002.028660	7.881907	12.017106	
6/15/2019 17:34:04.663326449	84.543570	24.329725	1003.618934	39.994350	24.760107	601.522186	81.985056	25.279113	1001.989234	-2.720708	12.037055	
6/15/2019 17:34:05.663326449	84.464718	24.510842	1001.837285	38.682884	24.863010	602.879740	81.976881	25.343755	1002.215378	7.557290	12.028500	
6/15/2019 17:34:06.663326449	84.780124	24.404131	1002.089611	37.914854	24.780230	602.685243	81.888200	25.246327	1001.876002	7.887149	12.059133	
6/15/2019 17:34:07.663326449	84.655276	24.405029	1000.862525	38.406891	24.857867	604.324696	82.035415	25.351746	1001.956746	5.755518	12.046005	
6/15/2019 17:34:08.663326449	84.793265	24.410076	1001.733991	38.305439	24.816232	604.225474	81.845620	25.255142	1002.138577	5.930005	12.067137	
6/15/2019 17:34:09.663326449	84.714414	24.383193	1001.865595	38.685193	24.933219	604.005348	82.034863	25.362848	1002.073444	0.291767	12.054849	
6/15/2019 17:34:10.663326449	84.609279	24.457898	1001.004536	38.959180	24.775169	605.288657	81.847223	25.273610	1002.538671	2.070220	12.044888	
6/15/2019 17:34:11.663326449	84.826120	24.421519	1000.643791	39.143179	24.880563	605.153291	81.830322	25.307434	1002.270258	7.634840	12.042036	
6/15/2019 17:34:12.663326449	84.694701	24.420246	1003.075016	38.525584	24.856194	604.734068	81.789188	25.283156	1002.042064	1.700276	12.056045	
6/15/2019 17:34:13.663326449	85.003536	24.399907	1002.437819	38.315754	24.894727	606.109367	81.823095	25.329330	1002.370087	-2.566918	12.032731	
6/15/2019 17:34:14.663326449	84.773553	24.632096	1002.271757	39.312431	24.954077	605.813670	82.059149	25.367503	1002.131640	-3.168473	12.026765	
6/15/2019 17:34:15.663326449	84.793265	24.377472	1001.343046	38.013492	24.808844	605.784104	81.880525	25.291771	1001.645756	0.536212	12.073340	
6/15/2019 17:34:16.663326449	84.668418	24.442082	1000.764907	38.532069	24.850561	607.124575	81.999301	25.355376	1002.902334	7.947932	12.029222	
6/15/2019 17:34:17.663326449	84.793265	24.340419	1001.417324	38.076510	24.764597	607.448523	81.930228	25.235119	1001.554287	4.643064	12.050341	
6/15/2019 17:34:18.663326449	84.556712	24.438457	1001.538676	38.409793	24.900400	609.089292	82.105435	25.373431	1002.188728	2.079394	12.046688	
6/15/2019 17:34:19.663326449	84.832691	24.415723	1002.816936	38.411888	24.834927	610.153127	81.972018	25.249957	1002.193300	5.316926	12.075981	
6/15/2019 17:34:20.663326449	84.766982	24.480333	1002.383963	39.245936	25.000121	613.258566	82.201450	25.374986	1002.368980	-0.141582	12.038212	
6/15/2019 17:34:21.663326449	84.799836	24.488407	1002.922755	38.522233	24.907993	610.793139	81.944736	25.356519	1001.842570	-1.388439	12.046175	
6/15/2019 17:34:22.663326449	85.010107	24.404505	1001.833107	39.093583	24.945424	612.999665	81.912590	25.295813	1002.252596	8.383903	12.060132	
6/15/2019 17:34:23.663326449	84.589566	24.394111	1001.742113	38.560531	24.893869	610.313459	81.836446	25.325076	1001.840834	-2.791976	12.065060	
6/15/2019 17:34:24.663326449	84.924684	24.503474	1003.517372	39.061458	24.912279	612.207204	81.833239	25.254931	1002.571945	5.210815	12.037949	
6/15/2019 17:34:25.663326449	84.904972	24.452851	1003.220576	38.312686	24.850520	611.270189	81.682607	25.262614	1002.552390	4.414074	12.058686	
6/15/2019 17:34:26.663326449	84.878688	24.563860	1001.991914	39.178602	24.907258	612.208520	81.736830	25.343025	1002.412035	-0.533535	12.043337	
6/15/2019 17:34:27.663326449	84.990394	24.455620	1002.119811	38.568937	24.876930	611.006698	81.796968	25.350084	1001.792577	0.675856	12.026949	
6/15/2019 17:34:28.663326449	84.812978	24.501795	1003.000423	39.040479	24.889665	611.669045	81.967603	25.401963	1002.532520	4.225170	12.045623	
6/15/2019 17:34:29.663326449	84.918113	24.383417	1000.935147	38.335322	24.806844	609.923802	81.945630	25.211254	1002.037963	7.169269	12.066926	
6/15/2019 17:34:30.663326449	84.727556	24.496897	1002.500979	39.052352	24.940076	612.513417	82.205708	25.420430	1002.455562	1.784378	12.044677	
6/15/2019 17:34:31.663326449	84.826120	24.378445	1001.350458	38.405879	24.841417	609.580140	81.929938	25.304122	1002.083540	0.481981	12.043915	
6/15/2019 17:34:32.663326449	84.596137	24.399607	1001.631563	38.496568	24.927831	611.793896	81.936614	25.291146	1001.937348	6.703697	12.059620	
6/15/2019 17:34:33.663326449	84.832691	24.356609	1002.147251	37.962990	24.797497	609.955999	81.787138	25.219244	1001.669885	2.058696	12.070895	
6/15/2019 17:34:34.663326449	84.786695	24.490203	1002.099466	39.488628	24.958771	612.270945	81.889618	25.318017	1002.138735	0.305912	12.043389	
6/15/2019 17:34:35.663326449	84.740698	24.514841	1000.833114	38.796883	24.869746	610.603894	81.794208	25.306714	1001.536625	-1.675591	12.042956	
6/15/2019 17:34:36.663326449	84.996965	24.537127	1001.372851	39.296604	24.913462	612.964837	81.782827	25.326526	1002.597967	0.452109	12.028789	
6/15/2019 17:34:37.663326449	84.839262	24.494577	1002.595284	38.710439	24.885665	613.820376	81.767977	25.305465	1002.193300	-2.198285	12.059422	
6/15/2019 17:34:38.663326449	85.016678	24.490652	1002.617205	38.701331	24.866725	614.418329	81.684815	25.340951	1002.606956	4.513633	12.050683	
6/15/2019 17:34:39.663326449	84.799836	24.399158	1002.021404	38.268573	24.853908	614.002390	81.721928	25.312937	1001.897765	-2.605694	12.071211	
6/15/2019 17:34:40.663326449	84.773553	24.365099	1002.796986	37.563541	24.917136	614.206086	81.982953	25.343650	1002.418973	9.845332	12.021350	
6/15/2019 17:34:41.663326449	84.957539	24.420845	1003.064372	38.211808	24.819335	615.339577	81.857553	25.259397	1002.173902	8.786069	12.071079	
6/15/2019 17:34:42.663326449	84.819549	24.406376	1002.093790	38.464756	24.875746	617.642041	82.031656	25.328187	1002.475904	9.422467	12.061762	
6/15/2019 17:34:43.663326449	84.950968	24.394410	1002.046085	38.196176	24.815089	615.869853	81.959928	25.257841	1002.059883	7.659470	12.078991	
6/15/2019 17:34:44.663326449	84.885259	24.516039	1002.594575	39.594795	24.984242	618.042213	82.058649	25.388056	1002.226103	-0.673180	12.057096	
6/15/2019 17:34:45.663326449	84.806407	24.551969	1002.152928	37.336219	24.905176	619.884710	81.816628	25.189876	1001.302436	-0.386028	12.061092	
6/15/2019 17:34:46.663326449	85.200664	24.484707	1003.188720	39.264277	24.915707	618.216996	81.690834	25.334516	1002.401153	2.092229	12.034637	
6/15/2019 17:34:47.663326449	84.845833	24.399158	1003.167589	38.007473	24.903748	616.856811	81.811057	25.315223	1001.436010	-2.045535	12.040432	
6/15/2019 17:34:48.663326449	84.937826	24.664252	1003.161595	38.268017	24.776066	619.500305	81.802383	25.351428	1002.132426	9.659049	12.019760	
6/15/2019 17:34:49.663326449	84.878688	24.374221	1002.705282	37.427434	24.762107	620.275020	82.068270	25.140590	1001.385546	6.750065	12.070974	
6/15/2019 17:34:50.663326449	84.773553	24.674870	1002.701104	38.132320	24.974364	617.440965	81.954618	25.422717	1002.103410	1.237325	12.024084	
6/15/2019 17:34:51.663326449	84.977252	24.346514	1002.760400	40.228686	24.943138	618.019868	81.673724	25.440772	1002.298173	-5.741046	12.050723	
6/15/2019 17:34:52.663326449	84.661847	24.396731	1001.046801	38.018049	24.821620	620.344013	81.907361	25.378098	1002.830420	4.910828	11.982937	
6/15/2019 17:34:53.663326449	84.832691	24.388315	1001.917083	37.637839	24.837744	618.696013	81.950150	25.402587	1001.832475	-0.386028	12.013360	
6/15/2019 17:34:54.663326449	85.023248	24.380691	1002.714351	38.369596	24.891869	622.009748	81.936114	25.315424	1002.517223	3.616023	12.003451	
6/15/2019 17:34:55.663326449	84.793265	24.500672	1002.052945	38.559303	24.845989	622.024863	81.904915	25.297475	1002.285084	1.635560	12.068333	
6/15/2019 17:34:56.663326449	85.042961	24.507067	1003.361800	39.390400	24.903788	623.321970	82.066324	25.238537	1001.545928	1.276100	12.054468	
6/15/2019 17:34:57.663326449	84.661847	24.421144	1001.324752	36.877123	24.899217	623.067015	81.619657	25.064328	1001.742427	12.008146	12.058332	
6/15/2019 17:34:58.663326449	85.036390	24.542698	1001.513049	39.090505	24.870684	623.521066	81.786191	25.287410	1002.419130	5.103393	12.043915	
6/15/2019 17:34:59.663326449	84.832691	24.373023	1000.470239	38.481306	24.703164	623.365334	81.692989	25.114026	1001.285402	9.828566	12.073327	
6/15/2019 17:35:00.663326449	85.194093	24.569507	1002.813467	38.738052	24.899013	623.647886	81.764613	25.361704	1002.715930	4.410142	12.029249	
6/15/2019 17:35:01.663326449	84.707843	24.399308	1000.749610	37.957916	24.796639	621.699599	81.844910	25.253693	1001.707103	2.693783	12.069292	
6/15/2019 17:35:02.663326449	85.088958	24.427464	1001.182189	38.259846	24.809987	622.952679	82.023982	25.289697	1002.282876	9.386313	12.051353	
6/15/2019 17:35:03.663326449	84.793265	24.388839	1001.524877	38.009070	24.788149	621.525468	81.874663	25.256804	1001.733439	6.654438	12.071421	
6/15/2019 17:35:04.663326449	85.167809	24.475136	1003.103325	38.752001	24.929912	624.636159	81.891564	25.393348	1002.247394	0.998122	12.020746	
6/15/2019 17:35:05.663326449	84.799836	24.399084	1001.586066	38.163644	24.790149	622.277186	81.725792	25.261059	1001.711361	4.699916	12.072788	
6/15/2019 17:35:06.663326449	85.148096	24.511366	1003.031017	39.504631	24.971507	625.209147	81.887305	25.363567	1002.042378	-1.230717	12.044244	
6/15/2019 17:35:07.663326449	84.635563	24.453225	1002.744865	37.575375	24.908319	623.096581	81.759198	25.285855	1002.009419	3.403800	12.050157	
6/15/2019 17:35:08.663326449	85.141525	24.526882	1002.179107	38.884162	24.877175	624.954845	81.706736	25.270393	1002.252911	7.740952	12.063036	
6/15/2019 17:35:09.663326449	84.970681	24.610859	1003.309600	39.073528	24.889053	624.672956	81.687470	25.302767	1002.328611	9.044660	12.030721	
6/15/2019 17:35:10.663326449	84.996965	24.394785	1000.575663	37.953630	24.820477	622.388891	81.540701	25.280151	1001.845564	2.307073	12.052260	
6/15/2019 17:35:11.663326449	84.970681	24.527256	1002.158842	38.858243	24.842642	625.176287	81.791344	25.347491	1002.820960	13.707738	12.038159	
6/15/2019 17:35:12.663326449	84.977252	24.399757	1001.688494	38.232516	24.800640	623.530266	81.782565	25.276827	1001.803459	1.701586	12.070448	
6/15/2019 17:35:13.663326449	84.812978	24.475959	1001.481273	38.302293	24.842683	626.042993	81.895165	25.366901	1001.878524	6.228952	12.019866	
6/15/2019 17:35:14.663326449	85.240090	24.526358	1000.520231	36.374557	24.828968	627.446553	81.807193	25.191643	1002.274674	5.957256	12.051945	
6/15/2019 17:35:15.663326449	84.740698	24.400506	1002.653399	38.550177	24.929259	628.861280	82.088035	25.349047	1001.900444	8.509402	12.040222	
6/15/2019 17:35:16.663326449	84.983823	24.426042	1001.732887	38.171008	24.821049	625.721676	81.879735	25.349460	1001.794785	-1.376914	12.064784	
6/15/2019 17:35:17.663326449	84.747269	24.441933	1002.155136	39.465555	24.897788	627.870376	81.806299	25.274541	1001.821279	6.124151	12.042588	
6/15/2019 17:35:18.663326449	85.042961	24.420695	1000.561785	38.086074	24.770556	627.384780	81.699455	25.299031	1001.948072	7.099311	12.045755	
6/15/2019 17:35:19.663326449	84.964110	24.664326	1004.044889	39.438447	24.946893	630.210951	81.725344	25.314905	1002.266000	1.806387	12.043652	
6/15/2019 17:35:20.663326449	85.259802	24.331971	1003.227831	39.227528	24.797823	629.873204	81.786429	25.257735	1002.269629	1.105274	12.036858	
6/15/2019 17:35:21.663326449	85.016678	24.526882	1002.551206	38.668158	24.857418	630.705083	81.909621	25.331923	1002.732013	9.311114	12.019261	
6/15/2019 17:35:22.663326449	84.924684	24.478986	1002.047740	38.421843	24.853051	628.371738	81.863072	25.307752	1001.869064	2.696404	12.038658	
6/15/2019 17:35:23.663326449	84.773553	24.654681	1003.901537	38.519310	24.870929	631.670358	81.992783	25.429670	1002.709621	-0.995175	12.012033	
6/15/2019 17:35:24.663326449	85.128384	24.485530	1003.274195	38.500366	24.832111	631.147966	81.901394	25.271017	1002.186520	2.625136	12.057767	
6/15/2019 17:35:25.663326449	84.904972	24.511890	1001.866461	38.693862	24.942321	632.473986	82.069926	25.422092	1002.230361	-0.279916	12.051419	
6/15/2019 17:35:26.663326449	85.141525	24.411349	1000.827752	37.849820	24.773985	631.334580	81.816077	25.168710	1002.639758	12.534501	12.031746	
6/15/2019 17:35:27.663326449	84.799836	24.531780	1003.040480	39.291130	24.996692	632.880726	81.973175	25.379135	1002.139206	2.783128	12.035215	
6/15/2019 17:35:28.663326449	85.161238	24.510692	1001.246847	38.504545	24.843703	632.213117	81.772892	25.262096	1002.272309	3.349569	12.070133	
6/15/2019 17:35:29.663326449	84.937826	24.532304	1002.438448	38.929882	24.886277	633.305865	81.744058	25.292596	1002.353683	7.484711	12.038382	
6/15/2019 17:35:30.663326449	84.983823	24.505944	1003.329707	38.545473	24.878848	632.307739	81.746608	25.330368	1001.652537	-3.508546	12.055769	
6/15/2019 17:35:31.663326449	85.115242	24.500073	1001.754493	38.627893	24.832111	633.133702	81.587802	25.287929	1001.972830	7.760339	12.038790	
6/15/2019 17:35:32.663326449	85.141525	24.527631	1003.214742	39.054613	24.868929	633.808543	81.687969	25.312937	1002.357469	-2.009381	12.052089	
6/15/2019 17:35:33.663326449	84.964110	24.559038	1002.320803	38.912155	24.901829	634.700878	81.724031	25.387750	1002.216957	2.034066	12.034453	
6/15/2019 17:35:34.663326449	85.062674	24.404805	1002.159552	38.436121	24.822723	634.386129	81.725582	25.227647	1001.644178	9.035757	12.054179	
6/15/2019 17:35:35.663326449	85.187522	24.529427	1003.585579	39.065735	24.920810	635.807425	82.044956	25.426865	1002.392479	-1.171244	12.045558	
6/15/2019 17:35:36.663326449	84.858975	24.426566	1001.395009	38.026914	24.794680	634.934803	81.661186	25.227129	1001.987341	6.162926	12.073405	
6/15/2019 17:35:37.663326449	85.148096	24.432586	1001.536073	38.869348	24.911993	638.734786	81.713754	25.325076	1002.043007	9.013748	12.046530	
6/15/2019 17:35:38.663326449	84.839262	24.548569	1002.536146	38.709699	24.883951	637.000710	81.657375	25.336284	1001.992228	-1.415689	12.069686	
6/15/2019 17:35:39.663326449	85.226948	24.632470	1002.768916	39.207804	24.938648	637.061820	81.685262	25.381209	1002.171380	-1.186700	12.037370	
6/15/2019 17:35:40.663326449	84.819549	24.489754	1001.896898	38.476679	24.902646	636.218111	81.890959	25.359006	1001.960847	-2.894156	12.066848	
6/15/2019 17:35:41.663326449	85.108671	24.536977	1002.059174	38.616925	24.848846	636.663616	81.930333	25.298618	1002.000588	6.266417	12.048094	
6/15/2019 17:35:42.663326449	85.016678	24.484707	1001.999484	38.442667	24.833213	637.184040	81.852295	25.260540	1002.127538	6.962288	12.075797	
6/15/2019 17:35:43.663326449	85.062674	24.500672	1000.691181	38.341204	24.818518	636.547311	81.766321	25.317298	1002.153717	5.057025	12.041168	
6/15/2019 17:35:44.663326449	85.029819	24.438083	1002.838305	38.177426	24.813130	636.802266	81.604860	25.275272	1001.991756	4.163076	12.053732	
6/15/2019 17:35:45.663326449	85.056103	24.476259	1003.031175	38.273775	24.860765	636.821980	81.726843	25.337321	1002.318044	7.103243	12.035268	
6/15/2019 17:35:46.663326449	85.108671	24.492748	1001.448628	38.311645	24.805538	636.808181	81.870695	25.290215	1002.042535	5.166797	12.042325	
6/15/2019 17:35:47.663326449	85.049532	24.510468	1002.916919	39.312226	24.964690	639.843963	81.969259	25.422092	1001.978981	1.709450	12.027015	
6/15/2019 17:35:48.663326449	85.095529	24.417070	1002.100098	37.796084	24.812273	636.802266	81.865280	25.199009	1002.508077	5.235444	12.054521	
6/15/2019 17:35:49.663326449	84.918113	24.541201	1002.794226	39.221576	24.950730	640.338095	81.912485	25.333479	1001.624150	2.045861	12.032823	
6/15/2019 17:35:50.663326449	85.148096	24.532903	1001.763876	38.607020	24.895870	639.497670	81.717617	25.354445	1002.050109	-3.265411	12.066059	
6/15/2019 17:35:51.663326449	85.049532	24.622525	1002.530941	39.233167	24.919136	641.791587	81.814920	25.356201	1002.267736	2.728627	12.039053	
6/15/2019 17:35:52.663326449	85.154667	24.451952	1002.145281	38.190936	24.815049	640.697524	81.701953	25.223817	1002.092528	8.734459	12.075403	
6/15/2019 17:35:53.663326449	84.977252	24.526957	1001.817573	38.607944	24.829866	642.523590	81.800175	25.286173	1002.477482	7.417646	12.055099	
6/15/2019 17:35:54.663326449	85.115242	24.495625	1002.056729	38.669998	24.864970	641.823784	81.935800	25.343237	1002.117128	-3.511167	12.059751	
6/15/2019 17:35:55.663326449	84.977252	24.507067	1002.084169	38.802550	24.813130	645.501547	81.890013	25.431638	1002.239507	8.184514	12.005252	
6/15/2019 17:35:56.663326449	85.154667	24.539746	1001.073058	38.892139	24.877134	643.978398	81.873612	25.314905	1002.348638	-6.054138	12.047555	
6/15/2019 17:35:57.663326449	85.036390	24.533352	1002.446808	38.937119	25.000692	645.790014	81.912485	25.402375	1002.191093	-1.964053	12.053009	
6/15/2019 17:35:58.663326449	84.891830	24.527032	1002.154427	38.559956	24.852194	645.069178	81.696249	25.280151	1002.318201	2.773955	12.072249	
6/15/2019 17:35:59.663326449	85.207235	24.596465	1003.655048	39.689487	24.977466	645.793298	81.729103	25.359418	1002.292022	-1.272113	12.056190	
6/15/2019 17:36:00.663326449	84.799836	24.442007	1000.801021	38.028920	24.807130	642.905364	81.632038	25.280151	1001.558388	2.691162	12.061486	
6/15/2019 17:36:01.663326449	85.272944	24.796574	1004.309435	39.702987	24.722227	644.686088	82.046402	25.259079	1002.690537	2.561732	12.032390	
6/15/2019 17:36:02.663326449	84.832691	24.462571	1002.314494	38.395165	24.805456	644.230069	81.792395	25.412239	1002.472752	-1.367741	12.002229	
6/15/2019 17:36:03.663326449	85.272944	24.527855	1003.295958	38.594600	24.837825	645.207164	81.855555	25.315530	1002.617995	7.694313	12.047687	
6/15/2019 17:36:04.663326449	84.852404	24.493155	1003.281293	38.305273	24.864358	644.150560	81.846224	25.354963	1001.466133	-0.708023	12.030878	
6/15/2019 17:36:05.663326449	85.483214	24.423689	1000.179041	38.444487	25.042939	647.935429	81.607172	25.293739	1003.208751	3.383102	11.994370	
6/15/2019 17:36:06.663326449	84.904972	24.442082	1002.134004	38.017544	24.818192	644.167643	81.531423	25.288141	1001.768449	2.812730	12.061775	
6/15/2019 17:36:07.663326449	85.226948	24.516413	1002.156082	38.387869	24.827253	646.435278	81.924813	25.263757	1002.158290	5.075102	12.068609	
6/15/2019 17:36:08.663326449	84.957539	24.538773	1002.469517	38.600348	24.865786	646.557498	81.855450	25.347798	1002.488679	-4.617068	12.024478	
6/15/2019 17:36:09.663326449	85.266373	24.553391	1002.391453	38.787034	24.853541	648.060932	81.900999	25.315625	1002.142836	-1.279977	12.048502	
6/15/2019 17:36:10.663326449	84.950968	24.494801	1002.140628	38.511996	24.847663	647.946596	81.853242	25.288141	1002.243293	6.285804	12.073208	
6/15/2019 17:36:11.663326449	85.102100	24.538324	1002.204182	38.627893	24.883093	649.354093	81.944736	25.329330	1002.076288	-2.872147	12.066598	
6/15/2019 17:36:12.663326449	85.233519	24.532977	1002.221687	38.815407	24.873460	649.696439	81.909621	25.338877	1002.259377	-0.468820	12.065389	
6/15/2019 17:36:13.663326449	84.911542	24.479135	1001.946731	38.267385	24.849336	649.403372	81.911486	25.313562	1001.839576	-2.546220	12.057188	
6/15/2019 17:36:14.663326449	85.108671	24.643837	1001.132196	39.225190	24.894441	649.667526	81.827720	25.351015	1001.987655	-3.549942	12.040078	
6/15/2019 17:36:15.663326449	84.957539	24.532528	1002.824111	38.729958	24.852765	651.316178	81.790949	25.308164	1002.368508	3.288785	12.067794	
6/15/2019 17:36:16.663326449	85.075816	24.417070	1001.919766	38.177086	24.801537	649.932332	81.704028	25.261683	1001.478751	2.825564	12.052983	
6/15/2019 17:36:17.663326449	84.799836	24.453300	1001.996015	38.422612	24.780802	651.232070	81.654667	25.236569	1001.796836	5.907997	12.063575	
6/15/2019 17:36:18.663326449	85.115242	24.500672	1002.447359	38.254616	24.810273	651.935160	81.640921	25.270605	1002.261270	7.554669	12.073721	
6/15/2019 17:36:19.663326449	84.964110	24.436661	1001.500748	38.016560	24.789292	651.316178	81.538598	25.258878	1001.739905	2.563042	12.069726	
6/15/2019 17:36:20.663326449	84.674989	24.531555	1003.435684	38.245577	24.714757	652.772301	81.425289	25.331617	1001.304644	5.527839	12.039302	
6/15/2019 17:36:21.663326449	85.213806	24.564534	1002.649850	38.610292	24.890481	653.469476	81.768372	25.333998	1002.188885	-3.077818	12.063851	
6/15/2019 17:36:22.663326449	84.806407	24.454348	1000.491924	38.437465	24.809375	652.271591	81.780357	25.271123	1001.750944	6.285804	12.022967	
6/15/2019 17:36:23.663326449	85.141525	24.457898	1001.416930	38.273609	24.809416	654.095690	81.864571	25.279008	1002.092371	6.832857	12.072788	
6/15/2019 17:36:24.663326449	84.983823	24.485380	1001.901471	38.480809	24.828111	654.398608	81.804695	25.299655	1002.574153	5.461813	12.047095	
6/15/2019 17:36:25.663326449	85.023248	24.548194	1003.491036	38.764506	24.856479	654.583253	81.711099	25.473040	1002.394058	-6.422772	11.991045	
6/15/2019 17:36:26.663326449	85.305799	24.501046	1002.134871	38.289320	24.819906	654.187681	81.548429	25.252550	1002.322616	7.391705	12.075653	
6/15/2019 17:36:27.663326449	84.931255	24.570330	1001.816706	38.652282	24.885379	654.399924	81.925917	25.331923	1001.965420	-1.930520	12.066112	
6/15/2019 17:36:28.663326449	85.115242	24.516488	1001.591585	38.286378	24.837458	653.235551	81.956616	25.353196	1001.895400	-2.257758	12.070908	
6/15/2019 17:36:29.663326449	84.918113	24.484108	1001.436642	37.972116	24.784190	653.432680	81.804590	25.297168	1001.759618	2.815351	12.070711	
6/15/2019 17:36:30.663326449	85.095529	24.473789	1001.749997	38.073978	24.789006	653.662005	81.732415	25.228790	1001.827588	6.572956	12.073563	
6/15/2019 17:36:31.663326449	85.088958	24.490128	1003.014459	38.287235	24.817620	653.507588	81.755939	25.249438	1002.051052	7.927234	12.074746	
6/15/2019 17:36:32.663326449	85.134954	24.474462	1002.232883	38.190283	24.813946	653.765827	81.694593	25.285442	1001.957061	8.091508	12.063457	
6/15/2019 17:36:33.663326449	85.115242	24.538249	1003.712845	38.641967	24.865541	654.788265	81.634955	25.274753	1002.455876	0.637081	12.053601	
6/15/2019 17:36:34.663326449	85.102100	24.500747	1001.665784	38.387869	24.819049	654.855291	81.563726	25.288660	1002.261270	6.737230	12.066006	
6/15/2019 17:36:35.663326449	85.075816	24.569282	1000.621161	38.630026	24.891584	656.212192	81.610774	25.367515	1001.820964	-2.647090	12.053127	
6/15/2019 17:36:36.663326449	85.102100	24.506468	1000.882632	38.475403	24.835784	656.942880	81.674723	25.315011	1001.996329	2.953684	12.048620	
6/15/2019 17:36:37.663326449	85.088958	24.510842	1001.134878	38.179072	24.807987	657.196518	81.756728	25.298724	1001.720192	0.392636	12.062537	
6/15/2019 17:36:38.663326449	85.115242	24.544195	1001.525272	38.525944	24.864970	659.008786	81.885992	25.298100	1002.344694	-0.265771	12.049671	
6/15/2019 17:36:39.663326449	85.226948	24.422117	1002.591973	37.682886	24.870358	658.133534	81.802383	25.261577	1002.022665	7.532660	12.031719	
6/15/2019 17:36:40.663326449	85.102100	24.526283	1000.925290	38.438390	24.824968	659.330103	81.699508	25.300068	1002.412035	1.722284	12.036148	
6/15/2019 17:36:41.663326449	85.187522	24.485904	1001.624860	38.253174	24.758025	659.743421	81.714962	25.239680	1002.146622	8.196309	12.046990	
6/15/2019 17:36:42.663326449	85.029819	24.453674	1001.358343	38.129466	24.831825	659.491750	81.695197	25.300692	1001.797150	-1.314820	12.070159	
6/15/2019 17:36:43.663326449	84.806407	24.580350	1001.283670	38.344360	24.791578	661.750186	81.656271	25.302248	1002.083854	2.790721	12.041011	
6/15/2019 17:36:44.663326449	85.325512	24.500597	1001.955248	38.479951	24.821580	660.995185	81.524300	25.256286	1002.410299	7.743573	12.068911	
6/15/2019 17:36:45.663326449	85.029819	24.499250	1002.611291	37.558000	24.834356	658.471280	81.529715	25.213953	1002.302589	2.819282	12.047437	
6/15/2019 17:36:46.663326449	85.108671	24.637817	1000.328937	37.532822	24.857010	659.297906	81.566381	25.279008	1002.049159	6.942901	12.052089	
6/15/2019 17:36:47.663326449	85.259802	24.548569	1001.286272	38.619789	24.890196	660.093650	81.807141	25.348941	1001.963370	-2.176276	12.065639	
6/15/2019 17:36:48.663326449	85.042961	24.480183	1001.830110	38.203958	24.817987	658.897081	81.798861	25.272255	1001.896186	1.783068	12.053851	
6/15/2019 17:36:49.663326449	84.904972	24.468816	1000.582444	37.928569	24.803742	660.595013	81.732258	25.255248	1001.935140	7.210665	12.059712	
6/15/2019 17:36:50.663326449	85.180951	24.542997	1002.174139	38.361104	24.865256	660.008227	81.799176	25.361080	1001.961162	-3.591338	12.066532	
6/15/2019 17:36:51.663326449	85.213806	24.426865	1002.456823	37.355611	24.866358	659.672449	81.697800	25.202227	1002.416293	6.225021	12.048948	
6/15/2019 17:36:52.663326449	85.069245	24.538025	1003.336882	38.438576	24.818763	662.130644	81.596029	25.294470	1002.263321	4.685770	12.070225	
6/15/2019 17:36:53.663326449	84.990394	24.349433	1000.915749	38.904256	25.072941	665.024492	81.580127	25.165386	1001.521485	1.066499	12.052733	
6/15/2019 17:36:54.663326449	85.246661	24.580724	1002.346587	38.649252	24.889339	662.092532	81.852533	25.354233	1002.217429	-2.319852	12.067649	
6/15/2019 17:36:55.663326449	85.167809	24.564983	1000.925527	38.539249	24.859296	663.547340	81.815867	25.319372	1002.298488	2.629068	12.067702	
6/15/2019 17:36:56.663326449	84.970681	24.574928	1001.052083	38.358649	24.843703	662.795623	81.790792	25.280669	1002.490886	8.601097	12.054928	
