
Time stamp	Inside_humidity (in %rH)	Inside_temperature (in °C)	Inside_pressure (in mbar)	Soil_moisture (in %VWC)	Soil_temperature (in °C)	Inside_CO2_ratio (in ppm)	Outside_humidity (in %rH)	Outside_temperature (in °C)	Outside_pressure (in mbar)	Outside_PAR (in µmol m^-2 s^-1)	Power_box_charge (in V)	
6/30/2021 10:15:55.685157249	87.139092	16.442856	1005.863595	6.551220	18.352715	8.704301	79.069160	16.769216	1002.418816	10.271089	11.879011	
6/30/2021 10:15:56.685157249	86.948534	16.405728	1006.541796	6.565865	18.379369	8.829805	79.197239	16.787259	1002.283505	2.823214	11.893875	
6/30/2021 10:15:57.685157249	86.849970	16.395708	1005.899866	6.638979	18.360634	514.725846	79.432375	16.859278	1002.697160	9.321598	11.874779	
6/30/2021 10:15:58.685157249	86.961676	16.400381	1004.659771	6.428121	18.404514	513.227010	79.812491	16.829603	1001.806139	2.594225	11.862728	
6/30/2021 10:15:59.685157249	86.744835	16.422218	1004.982509	6.756055	18.470559	493.574612	79.967329	16.876190	1002.309841	7.195209	11.871914	
6/30/2021 10:16:00.685157249	86.646271	16.437434	1005.571766	6.564155	18.393207	492.111257	80.239103	16.815178	1002.302904	0.122250	11.887566	
6/30/2021 10:16:01.685157249	86.560849	16.452951	1007.221179	6.859330	18.470559	496.279870	80.298293	16.862178	1002.254961	1.153223	11.839375	
6/30/2021 10:16:02.685157249	86.613416	16.405728	1004.401296	6.626874	18.376186	494.719924	80.632150	16.806257	1002.173902	5.649406	11.835301	
6/30/2021 10:16:03.685157249	86.797403	16.501596	1006.129560	6.620873	18.382186	489.158928	80.598901	16.821919	1002.527947	9.748394	11.853161	
6/30/2021 10:16:04.685157249	86.685697	16.421469	1006.641779	6.375054	18.333693	489.858735	80.985430	16.809887	1002.473696	0.458662	11.851163	
6/30/2021 10:16:05.685157249	86.869683	16.417470	1005.142105	6.457902	18.353001	490.877890	81.002988	16.852219	1002.758192	6.407372	11.838731	
6/30/2021 10:16:06.685157249	86.961676	16.432537	1005.114822	6.550016	18.354674	490.728073	81.417247	16.816734	1002.353211	1.317497	11.871691	
6/30/2021 10:16:07.685157249	87.060240	16.380716	1007.279213	6.870441	18.390676	482.126041	81.448760	16.810193	1002.893503	5.200601	11.820700	
6/30/2021 10:16:08.685157249	87.237656	16.385314	1005.171358	6.621088	18.366308	481.560937	81.534473	16.816734	1002.465022	0.472807	11.869260	
6/30/2021 10:16:09.685157249	87.434784	16.426591	1005.532261	6.710525	18.354103	486.831497	81.618606	16.817877	1002.721289	4.948292	11.809123	
6/30/2021 10:16:10.685157249	87.369075	16.506119	1004.827014	6.189760	18.379329	485.951644	81.696696	16.791207	1002.289971	3.570695	11.837864	
6/30/2021 10:16:11.685157249	87.178517	16.453999	1004.905471	6.828737	18.377941	480.019389	81.767530	16.644387	1002.193929	0.309844	11.786886	
6/30/2021 10:16:12.685157249	87.171946	16.389688	1006.026817	6.494788	18.395452	480.430076	81.731811	16.791525	1002.397209	1.690062	11.864476	
6/30/2021 10:16:13.685157249	87.303365	16.464617	1007.101878	6.667594	18.440271	485.013313	82.131035	16.832703	1002.791938	2.066559	11.841990	
6/30/2021 10:16:14.685157249	87.336220	16.421394	1006.365799	6.425590	18.337367	482.760791	82.082278	16.773258	1002.429540	6.016729	11.858917	
6/30/2021 10:16:15.685157249	87.677909	16.422816	1006.275120	6.498787	18.340796	478.500186	82.394609	16.834164	1002.781056	11.585281	11.838587	
6/30/2021 10:16:16.685157249	87.671338	16.416197	1006.030286	6.423962	18.344184	479.091572	82.304087	16.791313	1002.506655	2.977004	11.856000	
6/30/2021 10:16:17.685157249	87.474210	16.401804	1005.296101	6.795380	18.453578	483.741181	82.290288	16.844747	1002.773804	3.083115	11.843659	
6/30/2021 10:16:18.685157249	87.447926	16.413695	1005.352085	6.603699	18.338755	482.375733	82.413480	16.828354	1002.291707	2.444096	11.807966	
6/30/2021 10:16:19.685157249	87.579345	16.453400	1006.292467	6.663331	18.373369	475.508430	82.432194	16.797123	1002.471331	4.697294	11.860376	
6/30/2021 10:16:20.685157249	87.750189	16.459346	1005.458062	6.526143	18.354715	476.484873	82.922203	16.937509	1003.522420	8.605029	11.812053	
6/30/2021 10:16:21.685157249	87.901321	16.457998	1005.861307	6.666436	18.396024	478.223550	82.576098	16.853468	1002.171694	1.749535	11.836471	
6/30/2021 10:16:22.685157249	88.170730	16.507766	1006.896390	6.745322	18.431209	477.924568	82.894263	16.917486	1002.841459	3.019710	11.813525	
6/30/2021 10:16:23.685157249	88.157588	16.458148	1004.532268	6.739828	18.379859	474.497821	82.646223	16.824830	1002.079911	1.339505	11.832055	
6/30/2021 10:16:24.685157249	88.072165	16.496324	1006.047082	6.882282	18.500030	475.576770	83.085820	16.822851	1002.579041	5.930005	11.839848	
6/30/2021 10:16:25.685157249	88.045882	16.421694	1005.045906	6.548083	18.369124	475.876405	82.885037	16.802521	1002.624618	0.289145	11.834210	
6/30/2021 10:16:26.685157249	88.203584	16.533302	1006.244053	6.849687	18.369165	475.164768	83.085872	16.814766	1002.715773	12.674145	11.808032	
6/30/2021 10:16:27.685157249	88.216726	16.427789	1004.799179	6.425417	18.305937	473.066010	82.991276	16.754378	1002.364250	3.781608	11.835800	
6/30/2021 10:16:28.685157249	88.308719	16.432387	1006.177265	6.699883	18.477865	475.254138	83.432476	16.805632	1002.546238	-0.118263	11.809110	
6/30/2021 10:16:29.685157249	88.197013	16.421619	1004.752973	6.371165	18.319815	474.346688	83.101326	16.706235	1002.475589	5.772284	11.855198	
6/30/2021 10:16:30.685157249	88.229868	16.492923	1007.185145	6.728689	18.320713	475.424322	83.415918	16.662653	1002.637865	8.951654	11.790343	
6/30/2021 10:16:31.685157249	88.367858	16.432612	1005.302015	6.512278	18.362022	472.460825	83.071783	16.745456	1002.550339	1.280032	11.851045	
6/30/2021 10:16:32.685157249	88.578128	16.480733	1005.325354	6.591990	18.478763	474.194902	83.692240	16.829497	1002.086691	1.774165	11.802263	
6/30/2021 10:16:33.685157249	88.578128	16.469440	1007.086186	6.648390	18.378186	473.368928	83.229434	16.750123	1002.432062	3.693573	11.848430	
6/30/2021 10:16:34.685157249	88.643837	16.562581	1005.970516	6.880307	18.404105	474.254686	83.196684	16.825761	1002.440579	6.641332	11.791210	
6/30/2021 10:16:35.685157249	88.440138	16.500698	1006.154083	6.642239	18.344184	472.002827	83.187905	16.715157	1002.453983	6.237855	11.837706	
6/30/2021 10:16:36.685157249	88.512418	16.421843	1006.225839	6.800614	18.392309	472.527187	83.052018	16.770771	1002.756771	2.164807	11.824091	
6/30/2021 10:16:37.685157249	88.538702	16.480433	1004.584151	6.527333	18.355246	473.205312	83.185645	16.716606	1002.484577	7.575367	11.839020	
6/30/2021 10:16:38.685157249	88.591270	16.507092	1005.985499	6.664557	18.401167	474.175841	83.093599	16.788932	1002.786736	4.496866	11.823053	
6/30/2021 10:16:39.685157249	88.722689	16.458447	1004.876927	6.533926	18.387533	473.590370	83.313595	16.804182	1002.344537	1.089818	11.834697	
6/30/2021 10:16:40.685157249	88.913246	16.516888	1006.368322	6.754792	18.451864	474.406482	83.085477	16.809781	1002.590079	1.454520	11.834486	
6/30/2021 10:16:41.685157249	88.926388	16.469216	1007.306733	6.554252	18.362307	475.740386	83.279137	16.799928	1002.322774	1.828396	11.844671	
6/30/2021 10:16:42.685157249	88.972384	16.507766	1005.173803	6.565609	18.355817	476.453992	83.179074	16.787683	1002.903120	2.341916	11.795652	
6/30/2021 10:16:43.685157249	89.162942	16.456469	1006.313204	6.532685	18.375165	475.525512	83.412658	16.818501	1002.223423	-0.124816	11.819334	
6/30/2021 10:16:44.685157249	89.162942	16.548893	1006.564189	6.561606	18.374553	475.795581	83.181282	16.774920	1002.694953	2.839980	11.826917	
6/30/2021 10:16:45.685157249	89.044665	16.506868	1007.185222	6.421163	18.346470	475.043863	83.374836	16.782286	1002.519745	6.073581	11.829913	
6/30/2021 10:16:46.685157249	89.110374	16.454148	1006.535093	6.904409	18.467701	477.841123	83.381065	16.818914	1002.626983	8.257093	11.827364	
6/30/2021 10:16:47.685157249	89.031523	16.427265	1005.871480	6.502585	18.338796	475.361244	83.299297	16.756452	1002.600647	0.479360	11.844553	
6/30/2021 10:16:48.685157249	89.024952	16.549567	1007.067025	6.499817	18.448231	474.099617	83.420543	16.818395	1002.257326	5.998652	11.794101	
6/30/2021 10:16:49.685157249	89.274648	16.469216	1006.409641	6.568103	18.389493	474.875648	83.478078	16.783947	1002.491672	4.782708	11.847103	
6/30/2021 10:16:50.685157249	89.268077	16.417694	1006.398602	7.192978	18.443373	474.070704	83.646662	16.749912	1003.016981	5.814991	11.797781	
6/30/2021 10:16:51.685157249	89.458634	16.469141	1006.935658	6.582817	18.362593	475.060293	83.350970	16.768178	1002.600804	0.784589	11.850125	
6/30/2021 10:16:52.685157249	89.386354	16.487127	1007.208169	6.510545	18.373410	476.611040	83.739050	16.845478	1002.924412	6.451389	11.800239	
6/30/2021 10:16:53.685157249	89.327215	16.438258	1005.804062	6.570378	18.364307	476.374484	83.394364	16.770665	1002.648746	0.391325	11.846656	
6/30/2021 10:16:54.685157249	89.373212	16.517711	1005.145259	6.790205	18.386472	476.819336	83.635518	16.784984	1002.596546	3.332803	11.795087	
6/30/2021 10:16:55.685157249	89.208938	16.489854	1006.440550	6.762602	18.367083	476.749027	83.695523	16.812173	1002.626668	2.855436	11.825287	
6/30/2021 10:16:56.685157249	89.557198	16.554839	1005.185946	6.953988	18.451578	478.049419	83.577746	16.772009	1002.596703	7.063157	11.823579	
6/30/2021 10:16:57.685157249	89.714901	16.417844	1005.981478	6.438101	18.346143	478.429877	83.776977	16.765162	1002.704570	1.655219	11.835314	
6/30/2021 10:16:58.685157249	89.622907	16.434782	1005.252417	6.455910	18.328632	477.818778	83.720099	16.804076	1002.968410	6.936348	11.822133	
6/30/2021 10:16:59.685157249	89.688617	16.469740	1005.622783	6.634023	18.397738	478.057302	83.805259	16.798785	1002.819696	4.247179	11.819570	
6/30/2021 10:17:00.685157249	89.583482	16.539996	1005.622940	6.573410	18.343408	478.966721	83.524022	16.788614	1003.198026	4.746554	11.793037	
6/30/2021 10:17:01.685157249	89.544056	16.454373	1006.765733	6.314897	18.422107	478.344454	83.776530	16.820470	1002.274360	3.922562	11.814984	
6/30/2021 10:17:02.685157249	89.662333	16.491351	1007.429269	6.805694	18.468559	480.980066	83.896753	16.868718	1002.671139	1.891801	11.807861	
6/30/2021 10:17:03.685157249	89.846319	16.448502	1005.594553	6.452313	18.345612	478.451560	83.772719	16.774814	1002.462500	6.730677	11.852662	
6/30/2021 10:17:04.685157249	89.905458	16.468734	1007.035247	6.765059	18.404065	479.064627	83.839822	16.842578	1003.123905	4.684460	11.794561	
6/30/2021 10:17:05.685157249	89.695188	16.463944	1005.886540	6.496771	18.320917	478.002108	83.888736	16.753235	1002.863223	9.074532	11.798083	
6/30/2021 10:17:06.685157249	89.958025	16.465141	1006.564346	7.061457	18.343122	479.394491	83.788016	16.853256	1002.752041	7.369697	11.779422	
6/30/2021 10:17:07.685157249	89.898887	16.502269	1006.997951	6.734731	18.382717	479.768381	84.101399	16.816946	1002.570209	1.854336	11.835814	
6/30/2021 10:17:08.685157249	90.023735	16.548893	1005.429123	6.741725	18.422964	480.470157	83.899170	16.793906	1002.938130	6.133054	11.836655	
6/30/2021 10:17:09.685157249	89.925171	16.454448	1006.219925	6.499042	18.369941	480.133725	83.996264	16.779386	1002.773961	1.118379	11.840834	
6/30/2021 10:17:10.685157249	89.760897	16.513562	1004.891752	6.872087	18.446190	482.747655	84.124633	16.913856	1003.220419	4.280983	11.799398	
6/30/2021 10:17:11.685157249	90.135441	16.496474	1005.576654	6.571340	18.377043	479.877455	83.894150	16.755309	1002.702048	4.512322	11.835262	
6/30/2021 10:17:12.685157249	90.148583	16.569051	1005.762506	6.624730	18.376634	480.527320	84.207505	16.810511	1003.182257	4.477479	11.789896	
6/30/2021 10:17:13.685157249	89.872603	16.495725	1005.997721	6.497738	18.342184	481.284300	83.983988	16.799928	1002.605220	0.745814	11.826785	
6/30/2021 10:17:14.685157249	90.155154	16.564260	1006.149825	6.672313	18.399412	481.920366	84.280180	16.800859	1002.633606	0.602238	11.793260	
6/30/2021 10:17:15.685157249	90.148583	16.481182	1005.518699	6.307789	18.297161	481.645044	84.033848	16.770771	1002.476061	4.705158	11.813078	
6/30/2021 10:17:16.685157249	90.089444	16.496024	1004.888203	6.924967	18.459211	482.118810	84.419616	16.826174	1002.855020	4.601667	11.823671	
6/30/2021 10:17:17.685157249	89.964596	16.517037	1005.594791	6.652452	18.372512	480.850615	84.062892	16.801378	1002.607113	4.269188	11.839296	
6/30/2021 10:17:18.685157249	89.997451	16.524031	1006.070501	6.887662	18.456680	482.358650	84.465717	16.875672	1002.872368	7.677547	11.800567	
6/30/2021 10:17:19.685157249	90.385137	16.454598	1006.141783	6.563826	18.355817	481.706154	84.376879	16.816840	1002.806292	1.543865	11.836944	
6/30/2021 10:17:20.685157249	90.424562	16.523731	1005.355792	6.516007	18.336306	481.760034	84.243619	16.807188	1003.204964	3.693573	11.822015	
6/30/2021 10:17:21.685157249	90.437704	16.617279	1007.467038	6.903470	18.416474	481.200845	84.310275	16.845478	1003.288546	6.099522	11.770604	
6/30/2021 10:17:22.685157249	90.266860	16.523133	1006.102909	6.609808	18.341327	480.592376	84.207005	16.687968	1001.983869	0.293077	11.789856	
6/30/2021 10:17:23.685157249	90.398278	16.628945	1005.963735	7.131535	18.461538	484.023070	84.346441	16.832090	1002.964466	7.475808	11.794417	
6/30/2021 10:17:24.685157249	90.102586	16.464692	1006.814227	6.626796	18.350429	482.780505	84.392543	16.774920	1002.578883	1.559321	11.829992	
6/30/2021 10:17:25.685157249	90.516555	16.501820	1006.601959	6.940985	18.560360	485.292581	84.433310	16.819327	1002.910687	4.185085	11.809911	
6/30/2021 10:17:26.685157249	90.595407	16.533377	1005.711806	6.517891	18.358348	483.122851	84.478465	16.791419	1002.530784	1.191998	11.822304	
6/30/2021 10:17:27.685157249	90.503414	16.455346	1006.271888	6.694462	18.385900	487.708719	84.479017	16.851383	1003.019189	4.974233	11.809031	
6/30/2021 10:17:28.685157249	90.306285	16.464992	1006.586347	6.656624	18.364022	485.596815	84.559524	16.772845	1002.313942	1.295488	11.831017	
6/30/2021 10:17:29.685157249	90.424562	16.349982	1004.735230	6.306421	18.272261	485.273520	84.325178	16.773364	1003.089367	7.347688	11.738866	
6/30/2021 10:17:30.685157249	90.555981	16.496024	1006.989277	6.585210	18.352103	486.122491	84.585151	16.802627	1002.504762	1.113137	11.825681	
6/30/2021 10:17:31.685157249	90.536268	16.607708	1007.048573	6.973292	18.413371	487.456396	84.372882	16.793493	1002.949012	7.885838	11.807125	
6/30/2021 10:17:32.685157249	90.470559	16.527731	1005.886382	6.592223	18.381574	487.351258	84.632646	16.786127	1002.694795	4.311894	11.841833	
6/30/2021 10:17:33.685157249	90.772822	16.590769	1005.678372	7.161427	18.462068	486.154025	84.406394	16.855849	1002.770017	5.029774	11.798793	
6/30/2021 10:17:34.685157249	90.483701	16.459944	1005.326696	6.645225	18.325203	488.177885	84.358479	16.773883	1002.968410	0.903535	11.826969	
6/30/2021 10:17:35.685157249	90.339140	16.492250	1005.644861	6.808734	18.401167	489.902762	84.508112	16.812998	1002.986072	4.544815	11.828100	
6/30/2021 10:17:36.685157249	90.693971	16.528405	1005.996223	6.455244	18.372798	488.146340	84.565885	16.733730	1002.738008	5.060686	11.836405	
6/30/2021 10:17:37.685157249	90.739967	16.461441	1005.306983	6.404157	18.351572	491.242582	84.428999	16.725528	1002.675240	-0.286469	11.783115	
6/30/2021 10:17:38.685157249	90.667687	16.607558	1004.532662	6.325912	18.423821	486.889976	84.442850	16.718162	1003.071075	5.994721	11.809149	
6/30/2021 10:17:39.685157249	90.851673	16.614776	1005.807374	6.253472	18.203114	491.149927	84.627626	16.811030	1003.723964	4.524117	11.785664	
6/30/2021 10:17:40.685157249	90.661116	16.512065	1006.200921	6.634675	18.382145	490.350898	84.445058	16.789345	1002.717030	2.220349	11.842424	
6/30/2021 10:17:41.685157249	90.976521	16.507691	1005.874397	6.605508	18.355286	490.898257	84.354616	16.837794	1003.248491	7.833958	11.808426	
6/30/2021 10:17:42.685157249	90.707113	16.524705	1005.548742	6.330924	18.322101	489.561069	84.372725	16.746800	1002.660100	6.201701	11.805706	
6/30/2021 10:17:43.685157249	90.687400	16.628646	1006.548892	6.922815	18.422719	492.307070	84.421981	16.824100	1003.019189	5.580759	11.811804	
6/30/2021 10:17:44.685157249	90.983092	16.522758	1005.840333	6.589387	18.381002	492.500914	84.391938	16.830122	1002.787365	0.737950	11.840124	
6/30/2021 10:17:45.685157249	90.858244	16.582696	1006.246181	6.579150	18.380431	492.666499	84.399456	16.780105	1003.031964	1.853026	11.790067	
6/30/2021 10:17:46.685157249	90.713684	16.464243	1005.521853	6.463274	18.327489	492.286703	84.400717	16.782804	1002.681706	1.809008	11.794759	
6/30/2021 10:17:47.685157249	90.897670	16.538649	1007.042187	6.937474	18.491254	494.639100	84.419826	16.809675	1003.095676	5.519975	11.796519	
6/30/2021 10:17:48.685157249	91.048802	16.522609	1005.219143	6.547700	18.376757	493.705368	84.552953	16.769110	1002.809129	4.452849	11.827758	
6/30/2021 10:17:49.685157249	90.969950	16.539847	1004.813058	6.677488	18.463211	494.962395	84.275370	16.823581	1002.940338	5.790361	11.811449	
6/30/2021 10:17:50.685157249	90.753109	16.533751	1005.298152	6.199686	18.329163	493.327541	84.599739	16.747943	1002.824111	4.869432	11.814760	
6/30/2021 10:17:51.685157249	90.687400	16.487427	1004.150469	6.678500	18.389819	497.150523	84.652069	16.816734	1003.150556	2.960237	11.812106	
6/30/2021 10:17:52.685157249	91.042231	16.471087	1006.660231	6.463232	18.350429	495.022190	84.352565	16.769110	1002.996954	1.154533	11.840334	
6/30/2021 10:17:53.685157249	91.048802	16.534799	1004.964295	6.478114	18.361491	493.378136	84.764512	16.815178	1003.299113	8.912879	11.821778	
6/30/2021 10:17:54.685157249	90.917383	16.476359	1005.450492	6.616911	18.379043	494.487314	84.606677	16.796086	1002.887508	-0.303235	11.842043	
6/30/2021 10:17:55.685157249	90.831961	16.498794	1005.489366	6.478401	18.342796	497.373934	84.512975	16.844441	1003.266311	2.264366	11.821174	
6/30/2021 10:17:56.685157249	90.950237	16.470862	1005.251708	6.399515	18.316713	496.452685	84.777706	16.769110	1003.108765	3.612091	11.843554	
6/30/2021 10:17:57.685157249	91.285355	16.517561	1006.144305	6.638026	18.382472	496.381060	84.685923	16.827836	1003.038902	3.690952	11.795876	
6/30/2021 10:17:58.685157249	91.061943	16.503467	1004.858398	6.345449	18.333693	494.668013	84.503093	16.724597	1002.857228	9.321598	11.801842	
6/30/2021 10:17:59.685157249	91.101369	16.581348	1006.477690	6.667639	18.386431	498.968045	84.600605	16.799409	1003.419440	4.187706	11.792301	
6/30/2021 10:18:00.685157249	90.923954	16.470638	1005.035971	6.435379	18.329163	498.556705	84.585308	16.735804	1002.953270	3.516464	11.838547	
6/30/2021 10:18:01.685157249	91.344494	16.597538	1005.159215	6.623805	18.347082	499.341272	84.784092	16.744620	1003.051992	7.282973	11.816705	
6/30/2021 10:18:02.685157249	91.239359	16.502569	1004.381189	6.537724	18.381615	499.495037	84.878031	16.767035	1003.334595	3.590083	11.799411	
6/30/2021 10:18:03.685157249	91.134224	16.581273	1006.533989	6.714957	18.383900	502.471679	84.855611	16.761532	1003.229093	5.545916	11.812802	
6/30/2021 10:18:04.685157249	90.897670	16.495244	1005.454119	6.496109	18.331815	502.379025	84.499833	16.741826	1002.733749	4.027363	11.816403	
6/30/2021 10:18:05.685157249	91.429916	16.623898	1006.297120	6.929043	18.430066	503.332470	84.817998	16.810924	1002.763237	3.023642	11.814879	
6/30/2021 10:18:06.685157249	91.134224	16.486828	1005.534154	6.547599	18.341082	502.371141	84.471394	16.762156	1002.990960	2.729937	11.838547	
6/30/2021 10:18:07.685157249	91.121082	16.591443	1006.006158	6.880171	18.428393	504.801730	84.882157	16.853976	1002.939073	3.574627	11.805574	
6/30/2021 10:18:08.685157249	91.324781	16.428687	1004.090778	5.849542	18.215850	501.916427	84.316057	16.727190	1003.030071	10.648625	11.820359	
6/30/2021 10:18:09.685157249	91.259072	16.597688	1006.748545	6.571550	18.392636	505.732841	84.739751	16.793906	1002.721603	3.412974	11.799319	
6/30/2021 10:18:10.685157249	91.199933	16.565233	1005.633112	6.607528	18.382145	503.810835	84.854954	16.800341	1002.787051	4.410142	11.830294	
6/30/2021 10:18:11.685157249	91.134224	16.539173	1005.176011	6.821077	18.405657	506.357739	84.714861	16.816734	1002.885772	3.006876	11.821962	
6/30/2021 10:18:12.685157249	91.475913	16.565757	1004.855086	6.497406	18.332183	505.500232	84.544017	16.806056	1002.786107	2.088297	11.826877	
6/30/2021 10:18:13.685157249	91.541622	16.640163	1005.276231	6.769483	18.449864	507.006951	85.076001	16.990637	1003.417390	-2.270593	11.773442	
6/30/2021 10:18:14.685157249	91.285355	16.554989	1006.925486	6.595017	18.400840	504.745883	84.707396	16.819433	1002.981814	0.779347	11.827758	
6/30/2021 10:18:15.685157249	91.199933	16.555363	1006.354208	6.936384	18.498887	507.623303	84.945291	16.866951	1002.922990	6.157684	11.820950	
6/30/2021 10:18:16.685157249	91.462771	16.539023	1006.468622	6.581321	18.367695	506.106069	84.788955	16.792456	1002.874576	2.648456	11.844408	
6/30/2021 10:18:17.685157249	91.495626	16.575927	1005.539121	6.872170	18.464313	505.204534	84.887861	16.841117	1002.962573	5.586001	11.833658	
6/30/2021 10:18:18.685157249	91.272214	16.481032	1004.685555	6.528961	18.340224	505.899741	84.830588	16.765892	1003.110973	5.169419	11.842713	
6/30/2021 10:18:19.685157249	91.403632	16.596940	1006.560011	6.848433	18.482437	509.082711	84.879135	16.839456	1002.999634	6.981676	11.828389	
6/30/2021 10:18:20.685157249	91.581048	16.538948	1004.473839	6.533256	18.347858	508.857985	84.777364	16.813622	1002.885615	0.743193	11.831792	
6/30/2021 10:18:21.685157249	91.587619	16.745302	1007.348210	7.406107	18.578769	509.850859	84.630857	16.809262	1003.662775	-1.226786	11.788805	
6/30/2021 10:18:22.685157249	91.331352	16.515433	1005.483609	6.532398	18.366920	507.987331	85.066433	16.782497	1002.735957	-0.044645	11.816022	
6/30/2021 10:18:23.685157249	91.528480	16.543996	1005.335527	6.615767	18.389778	509.486167	84.809167	16.827941	1002.927563	2.916220	11.835196	
6/30/2021 10:18:24.685157249	91.337923	16.513113	1005.776779	6.584002	18.348429	510.286512	85.053686	16.779799	1003.026127	1.052353	11.828888	
6/30/2021 10:18:25.685157249	91.357636	16.486678	1005.268109	6.467810	18.340510	508.257400	84.867858	16.767448	1002.935765	4.086837	11.840361	
6/30/2021 10:18:26.685157249	91.666470	16.497297	1005.234597	6.548885	18.324346	508.666772	84.982509	16.788720	1002.865430	3.024953	11.828572	
6/30/2021 10:18:27.685157249	91.561335	16.544669	1004.532425	6.485054	18.380472	509.739806	84.937432	16.824206	1002.664358	5.481200	11.822304	
6/30/2021 10:18:28.685157249	91.357636	16.517636	1005.905386	6.643566	18.305365	511.103939	84.861630	16.665659	1001.966521	-5.019235	11.763152	
6/30/2021 10:18:29.685157249	91.548193	16.477332	1006.098179	6.178840	18.379859	508.665456	84.920426	16.859797	1002.343273	1.627968	11.810502	
6/30/2021 10:18:30.685157249	91.548193	16.392008	1003.647398	6.063970	18.267118	507.625271	84.978303	16.863945	1003.268361	12.246038	11.813026	
6/30/2021 10:18:31.685157249	91.475913	16.502494	1005.527688	6.417848	18.311039	511.298436	85.098945	16.769004	1002.861644	2.894211	11.835275	
6/30/2021 10:18:32.685157249	91.364207	16.502344	1005.451991	6.423598	18.304222	510.985003	84.813083	16.771290	1003.156865	5.075102	11.843541	
6/30/2021 10:18:33.685157249	91.397061	16.360601	1003.607340	5.881608	18.247852	509.362632	85.234675	16.917486	1003.183358	2.485492	11.800317	
6/30/2021 10:18:34.685157249	91.673041	16.474413	1005.944892	6.337020	18.342469	510.615712	84.800441	16.808849	1002.596703	4.681839	11.805666	
6/30/2021 10:18:35.685157249	91.594190	16.534350	1005.493781	6.398443	18.309039	513.090992	85.140369	16.747213	1002.937501	6.550948	11.836852	
6/30/2021 10:18:36.685157249	91.528480	16.549193	1005.353426	6.469215	18.376186	513.913018	84.895194	16.836450	1002.953427	1.298109	11.840716	
6/30/2021 10:18:37.685157249	91.475913	16.544071	1005.826377	6.518333	18.375900	514.073350	85.154063	16.820576	1002.982129	0.705728	11.840637	
6/30/2021 10:18:38.685157249	91.719037	16.565009	1006.471619	6.494136	18.378472	513.978728	85.247003	16.841223	1003.084951	1.970661	11.817704	
6/30/2021 10:18:39.685157249	91.765034	16.576226	1005.105439	6.797975	18.313570	518.335270	84.849801	16.811030	1003.172005	-1.125916	11.796033	
6/30/2021 10:18:40.685157249	91.397061	16.486379	1005.369276	6.698370	18.449006	519.242720	85.289793	16.994479	1003.509488	0.743193	11.773377	
6/30/2021 10:18:41.685157249	91.475913	16.579220	1005.215909	6.715540	18.351082	515.394761	85.126728	16.798679	1002.863223	3.871992	11.818164	
6/30/2021 10:18:42.685157249	91.719037	16.554614	1005.057654	6.586486	18.316958	514.932826	85.071505	16.747319	1002.949012	4.680528	11.818611	
6/30/2021 10:18:43.685157249	91.883311	16.539547	1005.899157	6.569749	18.375900	518.514000	85.014969	16.788826	1002.920625	1.034276	11.840663	
6/30/2021 10:18:44.685157249	91.745321	16.528854	1003.917463	6.594730	18.352103	518.471288	85.120814	16.794118	1003.078328	1.423608	11.824249	
6/30/2021 10:18:45.685157249	91.653328	16.592266	1005.729626	6.533461	18.320672	517.525726	85.224583	16.754272	1002.828684	3.283543	11.817770	
6/30/2021 10:18:46.685157249	91.403632	16.571927	1005.228841	6.311464	18.407086	517.245805	85.083543	16.737879	1003.355886	0.890700	11.807453	
6/30/2021 10:18:47.685157249	91.830743	16.449625	1004.467373	6.383712	18.428311	520.734325	85.440058	16.988150	1003.657731	9.950133	11.819636	
6/30/2021 10:18:48.685157249	91.903024	16.544669	1005.163079	6.603352	18.337571	519.343258	85.025299	16.780741	1002.720503	-0.823309	11.830386	
6/30/2021 10:18:49.685157249	91.811031	16.554914	1005.365964	6.587490	18.347858	517.415336	85.228893	16.803664	1002.848554	1.074362	11.838074	
6/30/2021 10:18:50.685157249	91.673041	16.549343	1005.892691	6.494980	18.347286	517.748484	85.003588	16.814766	1002.892238	1.670674	11.834683	
6/30/2021 10:18:51.685157249	91.627044	16.550390	1005.675535	6.582123	18.366553	520.165937	85.214595	16.838631	1003.307944	1.278722	11.813748	
6/30/2021 10:18:52.685157249	91.738750	16.366098	1003.663010	5.783485	18.187236	517.194547	84.785905	16.625400	1001.928831	3.083115	11.811146	
6/30/2021 10:18:53.685157249	91.817602	16.595036	1005.601729	6.589760	18.369410	517.939697	85.188311	16.765173	1002.583456	4.110156	11.818230	
6/30/2021 10:18:54.685157249	91.712467	16.570505	1005.257465	6.589997	18.380145	518.228817	85.263851	16.834789	1002.890502	2.009436	11.824578	
6/30/2021 10:18:55.685157249	91.797889	16.546840	1005.559543	6.554356	18.389288	519.686909	85.011972	16.819009	1002.893024	2.305762	11.834592	
6/30/2021 10:18:56.685157249	92.008159	16.529452	1004.827251	6.438425	18.319529	519.733568	85.181241	16.785609	1003.030071	3.575937	11.840072	
6/30/2021 10:18:57.685157249	91.968733	16.544969	1005.949070	6.497487	18.339082	518.431861	85.043566	16.818395	1003.089052	4.451539	11.817126	
6/30/2021 10:18:58.685157249	91.692754	16.549268	1005.630116	6.494405	18.367043	518.619137	85.166548	16.813210	1003.025026	-0.924178	11.832147	
6/30/2021 10:18:59.685157249	91.876740	16.597389	1005.183186	6.737644	18.386390	520.464256	84.918166	16.807812	1002.933872	4.742622	11.842332	
6/30/2021 10:19:00.685157249	91.922737	16.392607	1004.395382	6.525477	18.386962	519.515410	84.971785	16.733106	1003.478422	4.377920	11.807808	
6/30/2021 10:19:01.685157249	91.935879	16.555138	1005.217407	6.499676	18.357817	519.653397	85.123521	16.788826	1002.808657	4.263945	11.838574	
6/30/2021 10:19:02.685157249	91.797889	16.577349	1006.215429	6.468923	18.321244	519.713854	84.817499	16.745869	1002.821904	6.530249	11.834986	
6/30/2021 10:19:03.685157249	91.784747	16.708249	1005.912641	6.241755	18.323489	524.038199	85.095082	16.787165	1002.969039	-0.427424	11.809622	
6/30/2021 10:19:04.685157249	92.034443	16.531773	1005.229550	6.348622	18.333775	522.827167	84.872326	16.716712	1003.014302	3.568074	11.812710	
6/30/2021 10:19:05.685157249	92.159290	16.597538	1005.327090	6.681723	18.358348	522.580759	85.158479	16.768697	1002.815595	3.549997	11.842385	
6/30/2021 10:19:06.685157249	92.054155	16.619375	1005.847746	6.593043	18.388391	522.528848	84.970786	16.723041	1003.038745	4.821483	11.827179	
6/30/2021 10:19:07.685157249	91.870169	16.570655	1004.978093	6.023096	18.381002	526.073878	85.084043	16.717855	1003.517847	3.410353	11.794325	
6/30/2021 10:19:08.685157249	91.784747	16.565533	1005.305721	6.488524	18.342184	526.365629	84.993758	16.728439	1003.062716	1.627968	11.838258	
6/30/2021 10:19:09.685157249	91.968733	16.555363	1005.158663	6.506665	18.337081	525.436497	85.273839	16.733730	1002.852970	2.244978	11.827823	
6/30/2021 10:19:10.685157249	92.106723	16.550016	1004.738385	6.502872	18.352103	525.675021	85.015127	16.758526	1003.327500	0.741882	11.812999	
6/30/2021 10:19:11.685157249	92.034443	16.572002	1005.073898	6.565938	18.352715	526.219096	85.279910	16.726152	1002.891767	4.786640	11.834276	
6/30/2021 10:19:12.685157249	91.903024	16.524480	1005.229473	6.655954	18.365736	527.267164	84.957092	16.737360	1002.712772	1.873724	11.816640	
6/30/2021 10:19:13.685157249	91.837314	16.607259	1005.965234	6.557334	18.368471	525.855067	85.214805	16.768803	1002.876155	1.327710	11.832069	
6/30/2021 10:19:14.685157249	92.093581	16.586845	1005.327799	6.541148	18.343898	526.688261	84.936775	16.756452	1003.071704	-0.058790	11.842148	
6/30/2021 10:19:15.685157249	92.211858	16.560410	1004.769217	6.443618	18.332836	528.327715	85.196853	16.749192	1003.119961	3.578559	11.838363	
6/30/2021 10:19:16.685157249	92.067297	16.545044	1004.672466	6.584344	18.316427	527.869717	84.982167	16.693366	1002.839723	5.907997	11.842897	
6/30/2021 10:19:17.685157249	92.159290	16.729262	1005.781827	6.454251	18.164826	526.786168	85.136953	16.703430	1003.301321	1.052353	11.805653	
6/30/2021 10:19:18.685157249	91.962162	16.551064	1005.653220	6.393861	18.316753	527.482691	84.926183	16.684244	1002.991910	5.292296	11.831977	
6/30/2021 10:19:19.685157249	92.192145	16.592117	1004.605600	6.609288	18.339367	529.249617	84.851957	16.723041	1002.977556	7.960767	11.843291	
6/30/2021 10:19:20.685157249	92.218429	16.577424	1005.932117	6.353460	18.391779	530.067044	85.084542	16.783947	1003.023448	2.422087	11.815260	
6/30/2021 10:19:21.685157249	92.139578	16.574130	1004.662216	6.493471	18.355286	529.989504	84.842127	16.765067	1003.268990	3.595325	11.794759	
6/30/2021 10:19:22.685157249	91.995017	16.554764	1005.517201	6.323583	18.306222	529.553198	85.055052	16.745763	1003.156393	8.251851	11.831214	
6/30/2021 10:19:23.685157249	91.903024	16.602735	1005.675298	6.557836	18.371083	530.504013	84.840366	16.757595	1002.865902	5.279462	11.843935	
6/30/2021 10:19:24.685157249	92.218429	16.582247	1004.246353	6.520075	18.377900	530.785249	85.047981	16.771184	1002.922833	3.592704	11.834145	
6/30/2021 10:19:25.685157249	92.376131	16.574323	1006.809969	6.611586	18.456395	532.793994	84.997464	16.922365	1003.540240	9.099161	11.788753	
6/30/2021 10:19:26.685157249	92.159290	16.608906	1004.242252	6.476719	18.349572	529.706299	84.686632	16.754791	1003.156865	9.710930	11.819294	
6/30/2021 10:19:27.685157249	92.080439	16.609355	1006.218032	7.221310	18.541665	531.749209	84.855216	16.842155	1003.233980	10.377200	11.803012	
6/30/2021 10:19:28.685157249	91.929308	16.614103	1006.673872	6.528213	18.361491	531.297126	85.004692	16.764337	1002.953270	4.044130	11.811396	
6/30/2021 10:19:29.685157249	92.382702	16.671345	1006.094472	6.918794	18.404840	530.730054	84.830141	16.761214	1003.174527	5.826515	11.816929	
6/30/2021 10:19:30.685157249	92.192145	16.534724	1005.443317	6.654919	18.339939	530.936382	85.145731	16.761119	1003.246912	5.134575	11.840768	
6/30/2021 10:19:31.685157249	92.185574	16.688658	1006.285449	6.818099	18.415086	533.502337	84.919322	16.825349	1003.437260	0.994191	11.797176	
6/30/2021 10:19:32.685157249	92.573260	16.787926	1005.133194	6.149432	18.364593	532.198661	85.001485	16.764337	1003.211273	5.439804	11.814498	
6/30/2021 10:19:33.685157249	92.323564	16.599260	1004.207951	6.695651	18.315692	531.816887	85.036733	16.832090	1003.487410	6.403440	11.781472	
6/30/2021 10:19:34.685157249	92.073868	16.618701	1005.481087	6.584595	18.340224	531.220902	84.964767	16.760601	1003.014774	5.065928	11.844040	
6/30/2021 10:19:35.685157249	92.454983	16.578696	1004.590145	6.615489	18.396064	535.008403	85.153906	16.847034	1003.211902	3.023642	11.797334	
6/30/2021 10:19:36.685157249	92.251284	16.600532	1005.882124	6.579601	18.363532	533.337405	85.030424	16.814459	1003.219947	4.048062	11.802709	
6/30/2021 10:19:37.685157249	92.073868	16.629993	1004.396328	6.833661	18.508806	534.781046	84.951520	16.844747	1003.314725	5.783808	11.813249	
6/30/2021 10:19:38.685157249	92.441841	16.613354	1005.850111	6.571532	18.369124	532.690825	85.027165	16.803039	1003.023762	2.052143	11.845368	
6/30/2021 10:19:39.685157249	92.251284	16.682787	1004.843810	6.759657	18.418147	535.925705	85.190072	16.832090	1003.446091	0.972182	11.806994	
6/30/2021 10:19:40.685157249	92.093581	16.592192	1004.305806	6.742952	18.362022	534.493895	84.960351	16.777618	1002.713244	-0.058790	11.809438	
6/30/2021 10:19:41.685157249	92.514121	16.556860	1004.132964	6.049845	18.333775	535.116162	85.347223	16.740366	1003.126270	12.253902	11.768501	
6/30/2021 10:19:42.685157249	92.290709	16.568152	1005.076895	6.363606	18.278384	533.942589	84.968026	16.766517	1003.321191	1.583950	11.799161	
6/30/2021 10:19:43.685157249	92.225000	16.673067	1005.437245	6.674670	18.356960	536.665592	85.130092	16.901611	1003.098041	5.272909	11.819229	
6/30/2021 10:19:44.685157249	92.612685	16.645884	1003.911392	6.323633	18.417576	535.951987	85.285429	16.805114	1002.951220	2.771333	11.804615	
6/30/2021 10:19:45.685157249	92.408986	16.578547	1005.615922	6.598314	18.394350	538.935207	85.021540	16.871936	1003.450821	4.653548	11.818177	
6/30/2021 10:19:46.685157249	92.218429	16.560710	1005.558677	6.441799	18.341898	536.954059	85.208234	16.762781	1003.159544	2.530820	11.835538	
6/30/2021 10:19:47.685157249	92.270996	16.593464	1005.523115	7.028374	18.439700	539.076478	85.066091	16.826692	1003.054042	2.119479	11.820688	
6/30/2021 10:19:48.685157249	92.533834	16.566356	1005.357290	6.368962	18.303365	537.207698	85.195749	16.752198	1003.008465	4.931526	11.845236	
6/30/2021 10:19:49.685157249	92.395844	16.761866	1004.838605	6.869461	18.423005	537.585526	84.987239	16.755828	1002.960051	5.178592	11.787307	
6/30/2021 10:19:50.685157249	92.080439	16.660951	1004.770478	6.283879	18.415004	536.891634	85.337445	16.756971	1003.284444	-0.508906	11.804930	
6/30/2021 10:19:51.685157249	92.573260	16.598661	1005.077289	6.662560	18.370838	538.454863	85.061675	16.819433	1003.296433	5.747654	11.810542	
6/30/2021 10:19:52.685157249	92.441841	16.593015	1004.825201	6.374438	18.331448	537.163671	85.298177	16.722417	1003.095676	6.709979	11.841964	
6/30/2021 10:19:53.685157249	92.277567	16.615974	1004.119797	6.530570	18.377900	538.611912	85.298466	16.790382	1003.268990	6.019350	11.796966	
6/30/2021 10:19:54.685157249	92.225000	16.591742	1005.080521	6.642453	18.347327	538.038924	85.085094	16.780211	1003.682016	6.112356	11.825787	
6/30/2021 10:19:55.685157249	92.487837	16.619300	1005.926045	7.080543	18.444190	538.069806	85.232520	16.799197	1003.177206	6.838100	11.827442	
6/30/2021 10:19:56.685157249	92.560118	16.608456	1004.210554	6.595382	18.342184	538.286648	85.439164	16.780836	1003.100091	1.296799	11.825300	
