
Time stamp	Inside_humidity (in %rH)	Inside_temperature (in °C)	Inside_pressure (in mbar)	Soil_moisture (in %VWC)	Soil_temperature (in °C)	Inside_CO2_ratio (in ppm)	Outside_humidity (in %rH)	Outside_temperature (in °C)	Outside_pressure (in mbar)	Outside_PAR (in µmol m^-2 s^-1)	Power_box_charge (in V)	
7/11/2019 17:37:23.440703849	80.784990	25.927513	993.972965	13.359706	25.750776	518.586277	79.702992	26.612898	993.552923	77.585989	12.261557	
7/11/2019 17:37:24.440703849	80.535295	26.033699	994.815178	14.095834	25.857884	520.060800	79.627453	26.662184	994.181212	84.074159	12.227822	
7/11/2019 17:37:25.440703849	80.890125	25.968490	993.899713	13.262011	25.759552	518.847147	79.739106	26.644341	993.688391	82.330549	12.234485	
7/11/2019 17:37:26.440703849	81.304095	25.935554	995.014356	13.433725	25.787635	521.800791	79.724913	26.757337	994.296653	90.162512	12.240228	
7/11/2019 17:37:27.440703849	81.100396	25.981579	992.473922	13.839047	25.646239	520.041086	79.733430	26.610718	993.982033	83.475225	12.235891	
7/11/2019 17:37:28.440703849	81.330379	26.060957	994.029581	13.959121	25.750286	520.226384	79.699286	26.645166	993.972888	82.669311	12.239006	
7/11/2019 17:37:29.440703849	81.336950	25.996497	994.035810	13.249787	25.771716	520.746808	79.519610	26.657623	994.034077	84.093546	12.245551	
7/11/2019 17:37:30.440703849	81.126679	25.940302	995.927061	14.623111	25.738898	521.721936	79.534356	26.789806	993.476437	86.816248	12.227323	
7/11/2019 17:37:31.440703849	81.461798	25.885711	994.025875	13.317374	25.708814	522.179934	79.725255	26.676090	993.777338	87.640239	12.256695	
7/11/2019 17:37:32.440703849	81.764061	25.914317	993.245483	13.477214	25.730407	524.611186	79.762683	26.777879	994.196038	88.641339	12.241069	
7/11/2019 17:37:33.440703849	81.790345	26.050937	994.691066	14.965185	26.124227	529.296275	79.435554	26.797679	994.787580	90.989125	12.187004	
7/11/2019 17:37:34.440703849	81.455227	25.912445	994.671116	13.188332	25.700610	525.300478	79.469093	26.693108	993.931411	86.675293	12.256090	
7/11/2019 17:37:35.440703849	81.961189	25.943670	994.196824	13.596641	25.753388	526.928102	79.944095	26.765010	994.568531	86.495563	12.232619	
7/11/2019 17:37:36.440703849	82.066324	25.885711	993.564909	13.423859	25.685589	526.226327	79.584321	26.648595	993.740277	87.496663	12.251622	
7/11/2019 17:37:37.440703849	82.493436	26.139362	994.295626	14.047892	25.762205	528.015587	79.512040	26.685837	993.932990	83.266934	12.231962	
7/11/2019 17:37:38.440703849	82.053182	25.992048	993.662055	13.319707	25.729836	527.051637	79.559983	26.685424	993.464769	78.318014	12.253331	
7/11/2019 17:37:39.440703849	81.934905	26.042340	994.261405	14.106582	25.963605	531.044803	79.687091	26.801733	994.205655	86.703854	12.211947	
7/11/2019 17:37:40.440703849	82.118892	25.976083	993.840969	13.139051	25.720407	528.742339	79.536853	26.682937	993.870379	79.435710	12.222211	
7/11/2019 17:37:41.440703849	82.506577	26.047687	992.918249	13.727927	25.747143	530.869357	79.741866	26.824360	993.913906	83.616180	12.212985	
7/11/2019 17:37:42.440703849	82.440868	26.013061	995.307684	13.129625	25.753021	530.461301	79.432033	26.690928	993.944344	80.276468	12.236351	
7/11/2019 17:37:43.440703849	82.572287	26.156226	993.370226	14.176946	25.794493	531.661155	79.414028	26.737716	994.198717	83.924030	12.230372	
7/11/2019 17:37:44.440703849	82.256882	25.971784	994.805242	13.522409	25.659260	530.390992	79.658942	26.654818	993.778124	82.318754	12.254211	
7/11/2019 17:37:45.440703849	82.513148	25.946098	993.768346	14.102330	25.841435	535.078712	79.716739	26.735747	993.780804	83.763688	12.252792	
7/11/2019 17:37:46.440703849	82.683993	25.944750	992.377014	13.422846	25.669424	533.321638	79.338489	26.714274	993.425344	87.774641	12.217650	
7/11/2019 17:37:47.440703849	82.986256	26.020953	994.913979	13.519326	25.697834	535.221299	79.567658	26.802781	994.454198	84.804873	12.223564	
7/11/2019 17:37:48.440703849	82.611713	25.987225	992.552536	13.488037	25.713386	533.911708	79.465439	26.721640	993.530846	79.466622	12.256563	
7/11/2019 17:37:49.440703849	82.841696	26.144859	993.612457	13.809448	25.807473	535.721346	79.459920	26.790949	994.067351	90.203909	12.221409	
7/11/2019 17:37:50.440703849	82.881121	26.039421	995.564503	13.204399	25.750205	536.567686	79.590577	26.737928	993.784905	83.229469	12.247916	
7/11/2019 17:37:51.440703849	83.084820	25.940377	994.509155	13.975508	25.806861	538.737415	79.570470	26.795098	994.109299	88.094286	12.252503	
7/11/2019 17:37:52.440703849	82.605142	26.002592	995.039983	13.072132	25.766369	536.593968	79.501344	26.727863	993.544250	80.625714	12.223709	
7/11/2019 17:37:53.440703849	83.012540	26.104255	994.892925	13.419721	25.788207	540.045690	79.694608	26.857253	994.318888	84.217735	12.231265	
7/11/2019 17:37:54.440703849	83.301662	25.940003	992.783413	13.848109	25.689017	537.171555	79.578749	26.684906	993.296971	81.417213	12.228637	
7/11/2019 17:37:55.440703849	83.176814	26.150505	994.091874	13.855239	25.849966	540.866401	79.421151	26.797066	993.988657	88.279258	12.233920	
7/11/2019 17:37:56.440703849	82.920547	26.019530	994.239247	13.304590	25.722448	538.971340	79.452140	26.743738	993.655589	78.422815	12.261689	
7/11/2019 17:37:57.440703849	83.189956	25.971484	994.271260	13.557987	25.809065	544.366098	79.763182	26.826741	994.033919	88.086423	12.231673	
7/11/2019 17:37:58.440703849	83.275378	25.982926	994.511758	13.392518	25.673996	540.527339	79.562348	26.676397	993.731918	80.126339	12.232474	
7/11/2019 17:37:59.440703849	83.255665	26.093787	994.817385	13.391002	25.768655	544.443628	79.439156	26.834944	994.614109	88.768149	12.232855	
7/11/2019 17:38:00.440703849	83.446222	26.093113	992.796660	12.615667	25.735183	544.079599	79.279850	26.737928	993.502144	80.841598	12.230911	
7/11/2019 17:38:01.440703849	83.498790	26.171892	994.778512	13.774259	25.836373	547.408439	79.688642	26.826741	994.008369	85.469833	12.240018	
7/11/2019 17:38:02.440703849	83.216239	25.961315	995.000952	13.186138	25.690977	545.726937	79.547050	26.719460	993.624680	86.813627	12.249138	
7/11/2019 17:38:03.440703849	83.426509	26.020129	993.924708	13.371377	25.834087	549.748363	79.573781	26.833388	994.581621	84.707936	12.217453	
7/11/2019 17:38:04.440703849	83.623638	25.987525	994.768025	13.237928	25.718203	547.560888	79.492118	26.791880	994.062935	85.136043	12.252910	
7/11/2019 17:38:05.440703849	83.485648	26.094086	993.380870	13.639759	25.688772	550.279291	79.743470	26.816889	994.574368	92.574743	12.200080	
7/11/2019 17:38:06.440703849	83.544786	26.024503	993.417616	13.455961	25.702896	547.958429	79.634024	26.719873	993.524537	79.363132	12.256077	
7/11/2019 17:38:07.440703849	83.833908	26.125193	995.524288	14.136048	25.797840	550.243147	79.732483	26.763136	993.660319	80.928322	12.240806	
7/11/2019 17:38:08.440703849	83.380513	26.046040	993.602522	13.386840	25.715345	548.911874	79.737346	26.716761	993.545986	79.610198	12.267103	
7/11/2019 17:38:09.440703849	83.656492	26.077522	993.995675	13.435730	25.839434	552.775600	79.814094	26.832139	994.180740	83.261962	12.221343	
7/11/2019 17:38:10.440703849	83.741915	26.004164	993.250450	13.521088	25.726407	549.779897	79.654341	26.710327	993.406102	79.775783	12.249533	
7/11/2019 17:38:11.440703849	83.695918	26.099582	994.061279	13.882102	25.732408	551.008663	79.645562	26.762311	993.874638	87.428016	12.244184	
7/11/2019 17:38:12.440703849	83.728773	26.062230	994.364227	13.289240	25.734081	551.404236	79.367927	26.787732	993.671043	80.641170	12.239361	
7/11/2019 17:38:13.440703849	84.063891	26.024353	994.619310	14.178959	25.794452	553.453714	79.757558	26.711470	993.967050	87.112573	12.246931	
7/11/2019 17:38:14.440703849	83.610496	26.035646	995.064112	13.391097	25.722734	552.379364	79.747833	26.739483	993.640449	80.783435	12.257799	
7/11/2019 17:38:15.440703849	83.847050	26.063577	993.252421	13.640797	25.771757	555.997334	79.702441	26.834319	994.167651	87.698402	12.227467	
7/11/2019 17:38:16.440703849	84.070462	26.001769	993.805327	13.399504	25.666036	554.412422	79.337884	26.727757	993.902238	87.435879	12.227783	
7/11/2019 17:38:17.440703849	83.840479	26.161872	994.414455	13.456608	25.775186	556.936318	79.573677	26.812634	994.362414	86.287272	12.235550	
7/11/2019 17:38:18.440703849	83.912759	26.044692	992.903898	13.802450	25.671996	555.669439	79.724151	26.718835	993.758726	83.580026	12.256853	
7/11/2019 17:38:19.440703849	84.077033	26.145607	993.545906	13.890724	25.851068	559.165188	79.629765	26.849157	993.671043	88.975130	12.227257	
7/11/2019 17:38:20.440703849	83.991611	25.961839	991.908321	13.497463	25.860701	556.787816	79.374550	26.833906	993.299179	80.535059	12.221120	
7/11/2019 17:38:21.440703849	83.840479	26.069149	993.716146	13.516542	25.784819	560.980741	79.568157	26.872916	993.929046	81.405688	12.245078	
7/11/2019 17:38:22.440703849	84.037607	26.025252	995.205965	13.496752	25.709141	559.857764	79.591629	26.792505	993.894351	87.165494	12.254973	
7/11/2019 17:38:23.440703849	84.339870	26.173913	994.983447	13.913305	25.726203	560.726439	79.638991	26.787107	993.903025	82.691319	12.224037	
7/11/2019 17:38:24.440703849	83.873334	26.052958	993.551900	13.434172	25.693017	560.217193	79.427512	26.755877	993.555288	79.711067	12.242620	
7/11/2019 17:38:25.440703849	83.958756	26.126241	994.781114	14.027727	25.815964	564.480427	79.788153	26.803289	993.835527	80.910245	12.250045	
7/11/2019 17:38:26.440703849	84.044178	26.050713	994.421158	13.066479	25.757266	563.030219	79.589079	26.758575	993.984241	80.523534	12.253107	
7/11/2019 17:38:27.440703849	84.261019	26.036993	994.959871	13.606023	25.732938	565.849160	79.631816	26.824360	994.029818	86.670051	12.224445	
7/11/2019 17:38:28.440703849	84.221594	26.056958	994.396240	13.382872	25.710815	563.598607	79.396918	26.752871	993.594085	78.977731	12.264173	
7/11/2019 17:38:29.440703849	84.136171	26.094310	994.907828	13.295132	25.753919	565.968748	79.561534	26.799352	994.189729	83.083272	12.242581	
7/11/2019 17:38:30.440703849	84.182168	26.017402	993.893641	13.758393	25.753348	568.182505	79.890685	26.837642	994.030447	85.015786	12.215811	
7/11/2019 17:38:31.440703849	84.169026	26.108854	992.886393	13.459148	25.724979	566.514138	79.449538	26.734298	993.758411	79.186023	12.256366	
7/11/2019 17:38:32.440703849	84.720985	26.173389	995.566316	14.104750	25.731305	566.566702	79.423306	26.775381	994.119866	91.519411	12.221672	
7/11/2019 17:38:33.440703849	84.208452	26.035421	993.205111	13.512737	25.692120	568.043855	79.704439	26.715618	993.705739	82.154480	12.260493	
7/11/2019 17:38:34.440703849	84.287303	26.130765	993.479040	14.571082	25.841149	570.617040	79.793934	26.761475	993.791843	84.649773	12.234419	
7/11/2019 17:38:35.440703849	84.326729	26.008687	995.241370	13.371591	25.672853	570.675519	79.437500	26.737409	994.009948	85.711657	12.231384	
7/11/2019 17:38:36.440703849	84.589566	26.080141	993.914064	13.737523	25.746245	571.132201	79.582955	26.813259	994.084227	83.944728	12.242383	
7/11/2019 17:38:37.440703849	84.254448	26.141758	994.049294	13.263188	25.742857	572.920157	79.611893	26.766978	993.948916	80.555757	12.248192	
7/11/2019 17:38:38.440703849	84.359583	26.166321	993.340655	13.671993	25.745469	573.585135	79.604034	26.816264	994.268266	88.416281	12.202826	
7/11/2019 17:38:39.440703849	84.333300	26.083168	993.394354	13.534136	25.676241	573.393922	79.551361	26.742806	993.695014	82.591761	12.262017	
7/11/2019 17:38:40.440703849	84.477860	26.151927	994.183657	14.369141	25.711386	575.229188	79.877938	26.836393	993.093219	85.525374	12.230516	
7/11/2019 17:38:41.440703849	84.622421	26.050937	993.385129	13.414634	25.671139	576.547978	79.607188	26.732117	993.723558	87.148727	12.260046	
7/11/2019 17:38:42.440703849	84.510715	26.075244	994.291999	13.787037	25.747960	575.527507	79.681072	26.833800	993.861391	82.830964	12.233959	
7/11/2019 17:38:43.440703849	84.326729	26.061556	994.443945	13.251272	25.697508	577.791859	79.430220	26.816370	994.097945	86.244565	12.257904	
7/11/2019 17:38:44.440703849	84.602708	26.168492	993.472022	13.771297	25.737551	576.860095	79.647113	26.779424	994.233727	86.038895	12.219793	
7/11/2019 17:38:45.440703849	84.569853	26.072998	994.857758	13.541191	25.700610	577.814857	79.484048	26.744362	993.572322	80.456198	12.259941	
7/11/2019 17:38:46.440703849	84.740698	26.109378	994.557569	14.153410	25.786411	580.693591	79.395419	26.766566	993.842622	88.543091	12.227008	
7/11/2019 17:38:47.440703849	84.399009	26.082719	993.280098	13.139058	25.709100	580.547058	79.643040	26.803194	994.093372	87.065935	12.251675	
7/11/2019 17:38:48.440703849	84.471289	26.163444	994.154167	13.405120	25.770900	581.772541	79.813437	26.871466	994.290973	83.745611	12.219648	
7/11/2019 17:38:49.440703849	84.517286	26.094535	992.715601	13.437517	25.717346	581.968354	79.490619	26.793542	993.962163	78.297316	12.242199	
7/11/2019 17:38:50.440703849	84.799836	26.188906	994.325668	13.915468	25.717386	582.214762	79.423858	26.767497	993.964056	83.493302	12.242633	
7/11/2019 17:38:51.440703849	84.760411	26.055910	994.935505	13.560628	25.653546	582.850175	79.547288	26.714475	993.526273	82.194566	12.236588	
7/11/2019 17:38:52.440703849	84.569853	26.137160	995.556224	14.144191	25.821352	585.258428	79.778979	26.822899	993.973517	80.849461	12.240544	
7/11/2019 17:38:53.440703849	84.385867	26.136261	994.107723	13.703133	25.622156	584.711723	79.546289	26.872503	993.601180	77.588610	12.223617	
7/11/2019 17:38:54.440703849	84.734127	26.106351	994.199821	13.807593	25.699222	586.729666	79.575832	26.849781	993.900660	84.216424	12.244946	
7/11/2019 17:38:55.440703849	84.806407	26.126241	994.267082	13.276607	25.736612	587.160720	79.593941	26.785033	993.895772	81.045958	12.252069	
7/11/2019 17:38:56.440703849	84.865546	26.195001	994.378183	14.037428	25.727591	586.847939	79.623694	26.778186	993.837263	85.582226	12.236995	
7/11/2019 17:38:57.440703849	84.385867	26.173314	994.248710	12.970985	25.724693	588.099051	79.420547	26.727863	993.692335	80.884305	12.238257	
7/11/2019 17:38:58.440703849	84.760411	26.151179	992.697939	14.219719	25.774573	589.572257	79.564950	26.804950	994.014678	79.699543	12.221435	
7/11/2019 17:38:59.440703849	84.858975	26.072774	994.063093	13.232614	25.690405	590.345004	79.555068	26.797797	994.071137	86.631276	12.239611	
7/11/2019 17:39:00.440703849	84.957539	26.079019	994.096604	13.652260	25.707427	591.289250	79.675552	26.869392	994.146045	86.362201	12.238244	
7/11/2019 17:39:01.440703849	84.911542	26.082943	994.013180	13.327234	25.672567	591.722272	79.300561	26.794579	993.870694	87.085323	12.255644	
7/11/2019 17:39:02.440703849	85.042961	26.194851	994.730569	13.550064	25.784247	592.100099	79.578487	26.863994	994.262271	89.894748	12.231607	
7/11/2019 17:39:03.440703849	84.957539	26.073223	993.620973	13.510146	25.680772	591.755785	79.592338	26.746436	993.574372	84.969147	12.257825	
7/11/2019 17:39:04.440703849	84.648705	26.189205	994.438583	13.789270	25.832373	593.617333	79.537720	26.862639	994.121602	86.001430	12.243777	
7/11/2019 17:39:05.440703849	84.727556	26.073073	993.847435	13.727694	25.663179	593.447802	79.445122	26.773000	993.636190	79.880583	12.241227	
7/11/2019 17:39:06.440703849	84.950968	26.078869	993.770002	13.904960	25.728652	596.017703	79.585058	26.837324	993.992915	85.399875	12.240912	
7/11/2019 17:39:07.440703849	84.937826	26.163070	993.686893	13.329082	25.724979	595.180562	79.528941	26.802570	993.986292	77.253509	12.230516	
7/11/2019 17:39:08.440703849	84.996965	26.212389	993.895140	13.866281	25.733305	594.916408	79.436895	26.838362	993.701795	86.582016	12.222487	
7/11/2019 17:39:09.440703849	84.642134	26.152227	993.218595	13.678219	25.740857	595.463767	79.427512	26.853930	993.448365	83.414441	12.221133	
7/11/2019 17:39:10.440703849	84.852404	26.156750	992.968871	14.358557	25.764614	597.885166	79.771804	26.785858	994.029504	81.584108	12.219057	
7/11/2019 17:39:11.440703849	84.964110	26.063502	994.219534	13.614487	25.670037	599.471393	79.603824	26.762724	993.992915	85.953481	12.259192	
7/11/2019 17:39:12.440703849	85.167809	26.085114	993.486452	13.806882	25.741143	599.034424	79.618070	26.801014	993.962320	85.198137	12.245577	
7/11/2019 17:39:13.440703849	84.832691	26.109977	993.397903	13.595409	25.679384	600.799382	79.371738	26.781297	993.598344	80.412181	12.244552	
7/11/2019 17:39:14.440703849	84.957539	26.137683	995.154712	13.392976	25.713141	602.281787	79.504760	26.798834	994.440951	83.446664	12.207676	
7/11/2019 17:39:15.440703849	85.036390	26.058156	994.419265	13.396901	25.657260	602.244990	79.697868	26.758575	993.885048	79.140695	12.239177	
7/11/2019 17:39:16.440703849	85.088958	26.285372	994.560804	14.049836	25.880008	603.900211	79.614416	26.863676	993.887885	80.566241	12.220463	
7/11/2019 17:39:17.440703849	84.734127	26.130391	993.380870	13.811461	25.660648	604.196561	79.318066	26.721428	993.495993	79.431779	12.228952	
7/11/2019 17:39:18.440703849	85.016678	26.095882	993.956801	13.721306	25.768940	607.678512	79.732378	26.897818	994.078390	89.447254	12.244972	
7/11/2019 17:39:19.440703849	85.115242	26.142881	992.885999	13.546637	25.730938	605.882010	79.536064	26.761687	993.292398	78.913016	12.251793	
7/11/2019 17:39:20.440703849	84.904972	26.195600	993.726318	13.498274	25.725019	607.214598	79.409061	26.882155	994.701634	91.534867	12.218294	
7/11/2019 17:39:21.440703849	84.937826	26.148377	994.400261	13.259780	25.732938	608.078021	79.485994	26.792399	994.069244	79.942678	12.235734	
7/11/2019 17:39:22.440703849	85.049532	26.201096	994.972328	14.041089	25.818821	610.344340	79.621539	26.855273	994.187678	87.500595	12.234656	
7/11/2019 17:39:23.440703849	84.918113	26.104405	994.265978	13.677502	25.649627	609.471719	79.435792	26.765835	993.900974	83.762377	12.262228	
7/11/2019 17:39:24.440703849	85.272944	26.132486	993.201641	13.992600	25.808290	612.249263	79.525472	26.824667	993.916743	86.661147	12.217808	
7/11/2019 17:39:25.440703849	85.049532	26.447829	994.640127	14.360733	25.913194	613.711291	79.681124	26.844478	994.030290	83.008343	12.230438	
7/11/2019 17:39:26.440703849	85.010107	26.125942	994.995748	13.788314	25.682486	610.546069	79.547498	26.766978	993.526744	83.291564	12.254513	
7/11/2019 17:39:27.440703849	85.154667	26.201321	994.438031	13.983828	25.941726	616.189864	79.583060	26.921059	994.389380	83.999230	12.238139	
7/11/2019 17:39:28.440703849	84.911542	26.125942	993.905470	13.445440	25.704855	611.082259	79.448829	26.746849	993.495364	78.796691	12.260020	
7/11/2019 17:39:29.440703849	85.042961	26.254789	993.009401	13.512674	25.752858	614.114095	79.754798	26.915873	994.767396	77.993398	12.205139	
7/11/2019 17:39:30.440703849	85.154667	26.157499	994.660629	13.755074	25.666322	612.630374	79.583664	26.729937	993.743114	81.055132	12.261465	
7/11/2019 17:39:31.440703849	85.345225	26.295766	996.019317	14.301473	25.696732	616.363984	79.556276	26.772471	994.032812	90.657956	12.193588	
7/11/2019 17:39:32.440703849	84.819549	26.147030	993.667337	13.581694	25.702284	613.964278	79.542925	26.788663	993.624365	77.723012	12.256958	
7/11/2019 17:39:33.440703849	85.049532	26.169989	994.309267	13.843826	25.902377	617.542819	79.736846	26.894601	994.205655	85.852612	12.242738	
7/11/2019 17:39:34.440703849	85.233519	26.211266	994.746656	13.192533	25.722448	615.076739	79.514143	26.777561	993.646758	78.070948	12.232869	
7/11/2019 17:39:35.440703849	85.049532	26.249591	994.186022	13.570664	25.753062	616.452039	79.477925	26.904877	994.149674	84.473704	12.229780	
7/11/2019 17:39:36.440703849	85.010107	26.152751	994.546768	13.413075	25.686446	617.090736	79.630502	26.780260	993.783011	86.060903	12.229031	
7/11/2019 17:39:37.440703849	85.318941	26.322500	995.549758	13.946205	25.820249	619.761827	79.455110	26.875509	994.159292	90.075788	12.236654	
7/11/2019 17:39:38.440703849	85.279515	26.116072	995.085718	14.176418	25.657832	616.713561	79.330761	26.978134	993.885205	79.445924	12.222184	
7/11/2019 17:39:39.440703849	85.174380	26.232877	994.246817	14.161722	25.859558	621.443992	79.544633	26.897818	994.244452	82.301988	12.246747	
7/11/2019 17:39:40.440703849	85.029819	26.115174	994.379524	13.452760	25.655546	619.784825	79.511831	26.751728	993.664420	84.910985	12.245498	
7/11/2019 17:39:41.440703849	85.154667	26.196872	993.585726	13.794381	25.746817	622.112254	79.631212	26.881012	994.334342	79.733076	12.207098	
7/11/2019 17:39:42.440703849	85.226948	26.152302	993.396168	13.496884	25.669710	621.210720	79.297854	26.740002	993.867857	84.521653	12.256747	
7/11/2019 17:39:43.440703849	85.516069	26.248244	995.451745	13.712577	25.733550	623.983001	79.754299	26.815640	994.078075	85.520132	12.220016	
7/11/2019 17:39:44.440703849	85.378079	26.105753	994.111035	13.511945	25.674567	624.155163	79.516798	26.813047	994.109141	85.952171	12.258535	
7/11/2019 17:39:45.440703849	85.226948	26.243796	994.072318	14.076970	25.844577	629.182597	79.421099	26.884843	993.866278	86.121687	12.239059	
7/11/2019 17:39:46.440703849	85.010107	26.179335	993.907283	13.202626	25.746776	626.922845	79.227125	26.793024	994.260378	80.126339	12.244355	
7/11/2019 17:39:47.440703849	85.161238	26.255387	992.871805	13.361309	25.778574	630.046019	79.656234	26.896781	994.262271	81.734236	12.233578	
7/11/2019 17:39:48.440703849	85.200664	26.126840	992.430553	13.579449	25.714203	626.997754	79.490619	26.703892	994.054104	80.064245	12.205494	
7/11/2019 17:39:49.440703849	85.542353	26.238599	993.930465	13.874148	25.706365	631.000117	79.282005	26.862745	994.130905	86.222556	12.238257	
7/11/2019 17:39:50.440703849	84.996965	26.183559	993.920687	13.612324	25.713917	629.629417	79.512673	26.772482	993.712991	78.980353	12.241477	
7/11/2019 17:39:51.440703849	85.180951	26.286121	994.771336	14.070153	25.855068	633.317695	79.618622	26.870111	994.065300	85.874621	12.243842	
7/11/2019 17:39:52.440703849	85.410934	26.312031	993.628701	12.698685	25.789880	632.355050	79.422754	26.839505	993.813449	86.673982	12.230635	
7/11/2019 17:39:53.440703849	85.279515	26.169839	992.509247	13.989613	25.736612	633.514823	79.730565	26.857147	994.019251	84.115555	12.241017	
7/11/2019 17:39:54.440703849	85.121813	26.217361	992.718046	13.716784	25.696079	631.809661	79.543686	26.758057	994.081705	78.092956	12.225365	
7/11/2019 17:39:55.440703849	85.397792	26.291018	994.267476	13.725575	25.765552	632.752591	79.343798	26.899998	994.351847	87.426705	12.231213	
7/11/2019 17:39:56.440703849	85.450360	26.121643	993.858631	13.272620	25.717917	632.776905	79.503157	26.816783	994.069401	86.117755	12.254224	
7/11/2019 17:39:57.440703849	85.272944	26.227680	993.073429	14.341661	25.802085	634.392045	79.564950	26.799140	993.955854	81.951431	12.230687	
7/11/2019 17:39:58.440703849	85.200664	26.200572	993.691151	13.571337	25.690120	633.119251	79.563347	26.761793	993.627045	79.451166	12.264843	
7/11/2019 17:39:59.440703849	85.410934	26.192573	992.696755	13.845964	25.786778	637.472507	79.585267	26.907364	993.881576	80.400656	12.225812	
7/11/2019 17:40:00.440703849	85.397792	26.148527	994.502532	13.315154	25.717305	635.821223	79.260137	26.786282	993.935198	84.726013	12.247666	
7/11/2019 17:40:01.440703849	85.378079	26.207117	994.499929	13.636672	25.722203	637.407450	79.499136	26.888378	994.395531	91.228328	12.241358	
7/11/2019 17:40:02.440703849	85.318941	26.205844	994.081781	13.810108	25.725264	635.666806	79.563794	26.757020	993.364626	77.769651	12.231278	
7/11/2019 17:40:03.440703849	85.568637	26.269407	994.818332	14.050967	25.744857	637.884499	79.541583	26.777455	993.841835	80.267294	12.246339	
7/11/2019 17:40:04.440703849	85.213806	26.207266	994.512547	13.159382	25.732122	637.724830	79.256273	26.793542	994.196667	81.503936	12.226534	
7/11/2019 17:40:05.440703849	85.220377	26.239122	993.800597	13.821257	25.888213	642.833087	79.568367	26.874471	994.395846	85.383109	12.231896	
7/11/2019 17:40:06.440703849	85.410934	26.159220	994.503084	13.586083	25.672567	640.765864	79.313204	26.771233	993.846094	85.354548	12.260059	
7/11/2019 17:40:07.440703849	85.562066	26.197247	993.688943	13.624435	25.679098	642.856737	79.486546	26.845008	994.093687	87.930012	12.198910	
7/11/2019 17:40:08.440703849	85.141525	26.201246	995.051022	13.404592	25.725836	641.145007	79.485652	26.755358	993.600709	76.780075	12.251767	
7/11/2019 17:40:09.440703849	85.496356	26.280774	994.539198	13.914393	25.757633	644.720916	79.562138	26.844172	994.325983	90.467741	12.234945	
7/11/2019 17:40:10.440703849	85.463502	26.222408	995.399625	13.405145	25.736041	643.713592	79.470959	26.829133	994.215593	81.681045	12.244999	
7/11/2019 17:40:11.440703849	85.167809	26.286645	994.022800	13.998285	25.855354	647.183711	79.451194	26.874260	993.835212	81.871260	12.218137	
7/11/2019 17:40:12.440703849	85.404363	26.169914	994.444497	13.621568	25.660403	644.931843	79.541926	26.767497	993.949074	84.537109	12.255736	
7/11/2019 17:40:13.440703849	85.581779	26.219008	992.914543	13.633452	25.826740	647.112739	79.565555	26.926456	994.223160	88.726753	12.196071	
7/11/2019 17:40:14.440703849	85.161238	26.248618	993.498675	13.491803	25.721305	646.788139	79.326398	26.798834	993.926524	78.769440	12.224734	
7/11/2019 17:40:15.440703849	85.555495	26.264359	994.104806	13.921988	25.712284	647.234307	79.442914	26.782228	993.799416	88.104500	12.225509	
7/11/2019 17:40:16.440703849	85.502927	26.201171	994.209442	13.386016	25.719591	647.891401	79.504760	26.787213	994.132798	81.661658	12.254855	
7/11/2019 17:40:17.440703849	85.588349	26.312256	994.687517	13.952500	25.843435	651.078969	79.492827	26.859634	994.043380	83.860625	12.245708	
7/11/2019 17:40:18.440703849	85.233519	26.200572	994.085250	13.641828	25.714488	648.237031	79.377757	26.730043	993.799888	78.814768	12.264002	
7/11/2019 17:40:19.440703849	85.430647	26.175785	993.328198	13.965805	25.758124	651.680869	79.771147	26.837642	994.038649	81.771701	12.241661	
7/11/2019 17:40:20.440703849	85.364937	26.275203	993.371724	13.562094	25.696936	649.424402	79.332312	26.771751	993.661898	79.714999	12.221816	
7/11/2019 17:40:21.440703849	85.516069	26.247720	994.110720	13.436190	25.722121	650.772104	79.504551	26.776736	993.602916	78.404738	12.257865	
7/11/2019 17:40:22.440703849	85.378079	26.163968	993.806668	13.597622	25.691262	651.815572	79.360357	26.795204	994.060256	85.025999	12.257129	
7/11/2019 17:40:23.440703849	85.325512	26.222109	993.719538	13.588611	25.715060	652.688193	79.223418	26.816476	993.915800	83.057332	12.253922	
7/11/2019 17:40:24.440703849	85.483214	26.169016	994.798224	13.761180	25.678241	651.684806	79.529179	26.733049	993.679874	81.647512	12.257615	
7/11/2019 17:40:25.440703849	85.516069	26.253366	993.406497	13.520446	25.713631	653.832852	79.378913	26.790431	993.710154	79.164014	12.255998	
7/11/2019 17:40:26.440703849	85.614633	26.296215	995.038248	13.170210	25.765512	653.967555	79.187804	26.818444	994.272996	82.136403	12.240491	
7/11/2019 17:40:27.440703849	85.272944	26.227381	992.734999	13.550749	25.737714	654.743585	79.323981	26.813259	993.670729	80.454887	12.244131	
7/11/2019 17:40:28.440703849	85.470073	26.158921	994.679001	13.715735	25.684486	654.158768	79.436239	26.770608	993.752102	83.944728	12.247837	
7/11/2019 17:40:29.440703849	85.575208	26.190103	994.117658	13.762129	25.686732	655.645773	79.272017	26.742076	993.714885	80.890858	12.258732	
7/11/2019 17:40:30.440703849	85.476643	26.216238	993.692255	13.674012	25.713631	655.796905	79.583901	26.776630	993.675144	78.614340	12.259481	
7/11/2019 17:40:31.440703849	85.325512	26.242373	993.745322	13.663862	25.722407	657.117010	79.322982	26.755464	993.832847	78.203000	12.263437	
7/11/2019 17:40:32.440703849	85.502927	26.222109	994.094791	13.445647	25.749919	658.062572	79.498532	26.803607	993.858397	83.327717	12.255407	
7/11/2019 17:40:33.440703849	85.601491	26.227980	994.093215	13.447578	25.712529	660.568731	79.457213	26.826329	994.379762	82.851662	12.228138	
7/11/2019 17:40:34.440703849	85.391221	26.227830	994.587535	13.524219	25.733224	660.415630	79.311600	26.842203	994.037706	83.202218	12.228177	
7/11/2019 17:40:35.440703849	85.594920	26.200872	993.313058	13.493294	25.664363	660.856535	79.396813	26.742182	993.762670	79.179470	12.210790	
7/11/2019 17:40:36.440703849	85.542353	26.156226	994.351295	13.311211	25.671465	662.648437	79.445070	26.781816	993.506717	85.816458	12.223209	
7/11/2019 17:40:37.440703849	85.476643	26.164567	994.180108	13.279412	25.693834	664.571094	79.314255	26.816264	994.126332	84.393533	12.253423	
7/11/2019 17:40:38.440703849	85.450360	26.232503	994.304299	13.368390	25.720162	663.806894	79.172454	26.795828	993.970680	79.038515	12.258837	
7/11/2019 17:40:39.440703849	85.443789	26.243870	993.825277	13.285668	25.739714	664.833932	79.380359	26.770714	993.848144	77.743710	12.261176	
7/11/2019 17:40:40.440703849	85.483214	26.275352	993.027695	13.451911	25.710243	664.980465	79.417183	26.792505	993.745165	79.918048	12.239426	
7/11/2019 17:40:41.440703849	85.430647	26.207641	994.428253	13.364592	25.659832	667.532620	79.298958	26.768534	994.235778	84.579816	12.230319	
7/11/2019 17:40:42.440703849	85.601491	26.185206	994.123967	13.528954	25.695222	667.060171	79.155554	26.820106	993.790742	82.728784	12.251609	
7/11/2019 17:40:43.440703849	85.496356	26.196872	994.009316	13.778353	25.645668	666.878809	79.501239	26.744150	993.660004	81.991516	12.253475	
7/11/2019 17:40:44.440703849	85.483214	26.268733	992.940879	13.496425	25.717591	667.410400	79.255774	26.782440	993.741378	81.578865	12.227599	
7/11/2019 17:40:45.440703849	85.542353	26.217062	994.153772	13.164557	25.721019	669.268664	79.150034	26.784515	993.968786	81.049889	12.254934	
7/11/2019 17:40:46.440703849	85.312370	26.227231	993.799098	13.752565	25.686446	668.125974	79.518140	26.753178	993.553238	78.737218	12.257523	
7/11/2019 17:40:47.440703849	85.640917	26.227156	993.469499	13.751137	25.679915	669.655690	79.470302	26.744150	993.653538	79.619372	12.262214	
7/11/2019 17:40:48.440703849	85.351796	26.291467	994.553786	13.304112	25.711957	670.559855	79.282005	26.769677	993.926839	76.922340	12.248284	
7/11/2019 17:40:49.440703849	85.726339	26.173614	993.567117	13.475944	25.679915	673.700111	79.181181	26.805162	993.962478	84.726013	12.229886	
7/11/2019 17:40:50.440703849	85.371508	26.264434	993.592035	13.522031	25.722979	673.085728	79.522712	26.773000	993.791214	77.768340	12.259376	
7/11/2019 17:40:51.440703849	85.680343	26.228803	994.914136	13.156520	25.717631	674.572733	79.358097	26.811491	994.189414	79.964686	12.224839	
7/11/2019 17:40:52.440703849	85.404363	26.306684	992.903346	13.559000	25.637137	674.439998	79.195479	26.718835	993.725766	81.895889	12.240031	
7/11/2019 17:40:53.440703849	85.424076	26.249068	993.776783	13.587932	25.691262	675.173317	79.415921	26.762830	993.624680	77.721702	12.241700	
7/11/2019 17:40:54.440703849	85.601491	26.280025	993.582652	13.471461	25.717591	675.652997	79.440102	26.757126	993.861077	78.733286	12.258154	
7/11/2019 17:40:55.440703849	85.424076	26.216762	994.382362	13.543964	25.653260	677.176798	79.330761	26.755051	993.859655	84.455627	12.236246	
7/11/2019 17:40:56.440703849	85.680343	26.264359	995.349475	13.610412	25.713060	676.209554	79.268206	26.758681	993.847987	77.585989	12.249598	
7/11/2019 17:40:57.440703849	85.456931	26.248693	993.117033	13.746170	25.676527	676.777942	79.454138	26.724646	993.771658	77.871830	12.235300	
7/11/2019 17:40:58.440703849	85.752623	26.206817	994.462554	13.259937	25.697793	678.257063	79.433084	26.811491	994.159292	83.881323	12.244631	
7/11/2019 17:40:59.440703849	85.568637	26.265033	993.365573	13.426368	25.707672	679.167796	79.287972	26.770714	994.124124	85.177439	12.218965	
7/11/2019 17:41:00.440703849	85.765765	26.232578	993.710864	13.711452	25.690120	677.757669	79.191563	26.743219	993.478488	79.453787	12.264291	
7/11/2019 17:41:01.440703849	85.522640	26.212089	994.478955	13.522409	25.669179	680.306539	79.424096	26.735641	993.841993	83.638189	12.257720	
7/11/2019 17:41:02.440703849	85.601491	26.296814	995.250753	13.435134	25.744245	680.495784	79.253513	26.809523	994.115136	79.095367	12.242383	
7/11/2019 17:41:03.440703849	85.844616	26.180907	994.801536	13.549831	25.650199	682.438156	79.128009	26.781297	993.590141	81.752313	12.241871	
7/11/2019 17:41:04.440703849	85.489785	26.207491	993.615454	13.711113	25.672853	681.729150	79.378256	26.747992	993.767871	83.043187	12.254632	
7/11/2019 17:41:05.440703849	85.614633	26.228055	994.141629	13.536588	25.733469	684.763616	79.226678	26.818550	994.005533	82.585208	12.256655	
7/11/2019 17:41:06.440703849	85.765765	26.196573	994.880230	13.754093	25.653587	684.232025	79.058593	26.717798	993.909491	83.649713	12.255052	
7/11/2019 17:41:07.440703849	85.575208	26.228803	992.758101	13.493237	25.707427	686.443149	79.288261	26.802570	993.922737	84.985914	12.245774	
7/11/2019 17:41:08.440703849	85.509498	26.286345	995.028550	13.201519	25.756736	686.052176	79.290626	26.813671	993.782697	81.995448	12.229123	
7/11/2019 17:41:09.440703849	85.844616	26.285447	994.876681	13.736523	25.700038	687.207349	79.246390	26.739589	993.810769	77.173338	12.242278	
7/11/2019 17:41:10.440703849	85.594920	26.355030	992.309044	13.101718	25.827270	687.037818	79.252804	26.771339	994.265901	81.537469	12.218189	
7/11/2019 17:41:11.440703849	85.516069	26.243945	994.535571	13.700322	25.680772	687.775737	79.442862	26.783583	993.535104	78.257230	12.220936	
7/11/2019 17:41:12.440703849	85.660630	26.275277	993.930465	13.514447	25.719019	688.380921	79.261136	26.750172	993.907440	75.855214	12.249099	
7/11/2019 17:41:13.440703849	85.700056	26.202444	994.052054	13.565156	25.683629	690.827285	79.045399	26.771539	993.900502	84.634047	12.253383	
7/11/2019 17:41:14.440703849	85.470073	26.281448	994.141235	13.384513	25.734326	690.379802	79.213326	26.783477	994.104726	79.955512	12.235379	
7/11/2019 17:41:15.440703849	85.614633	26.259686	993.887018	13.202739	25.724979	691.952230	79.268154	26.799246	994.251390	82.356218	12.246865	
7/11/2019 17:41:16.440703849	85.673772	26.290943	993.751079	13.522213	25.709100	691.047412	79.194927	26.767190	994.121916	76.901642	12.241398	
7/11/2019 17:41:17.440703849	85.805191	26.528854	994.481872	14.163860	25.841842	694.805987	79.116680	26.844584	994.341123	84.420784	12.227428	
7/11/2019 17:41:18.440703849	85.522640	26.275502	994.028872	13.456218	25.725550	693.525973	79.268206	26.801014	994.027453	81.290403	12.256945	
7/11/2019 17:41:19.440703849	85.719768	26.333942	994.638866	14.526215	25.955319	697.119627	79.314860	26.904041	994.249182	84.587679	12.241687	
7/11/2019 17:41:20.440703849	85.568637	26.244095	994.449307	13.470643	25.730367	694.019452	79.047659	26.823323	994.047481	82.746861	12.252306	
7/11/2019 17:41:21.440703849	85.752623	26.220655	994.108275	13.757255	25.720203	696.036732	79.528574	26.869804	994.347746	86.029721	12.229386	
7/11/2019 17:41:22.440703849	85.772336	26.238224	993.846883	13.814095	25.662363	694.412393	78.993435	26.763973	994.138793	76.393364	12.196676	
7/11/2019 17:41:23.440703849	85.680343	26.413171	994.884409	13.812654	25.794778	696.760188	79.249203	26.891489	994.467288	85.025999	12.202196	
7/11/2019 17:41:24.440703849	85.732910	26.221585	994.037860	13.760098	25.688691	695.202875	79.140703	26.745918	993.524379	80.581697	12.212012	
7/11/2019 17:41:25.440703849	85.581779	26.401579	994.594158	14.373152	25.827270	699.407628	79.086085	26.844902	994.131377	81.052510	12.233579	
7/11/2019 17:41:26.440703849	85.568637	26.311807	993.681768	13.588825	25.732326	697.684068	79.376943	26.769264	993.915957	77.646773	12.259205	
7/11/2019 17:41:27.440703849	85.897184	26.193097	994.188782	14.099789	25.766083	700.914346	79.377757	26.839611	994.150618	84.246025	12.247430	
7/11/2019 17:41:28.440703849	85.522640	26.218409	994.265426	13.510278	25.682772	700.139632	79.049262	26.813153	993.872116	83.731195	12.254185	
7/11/2019 17:41:29.440703849	85.851187	26.377016	994.250680	13.628604	25.747102	703.678744	79.341433	26.919821	994.386386	84.001580	12.231397	
7/11/2019 17:41:30.440703849	85.542353	26.202069	993.915010	13.521295	25.705712	702.904029	79.301665	26.796241	993.924631	82.458398	12.259494	
7/11/2019 17:41:31.440703849	85.962893	26.392083	994.765265	14.001208	25.779716	705.278769	79.181338	26.818338	994.305641	86.068496	12.237955	
7/11/2019 17:41:32.440703849	85.568637	26.222408	994.210151	13.387657	25.646199	704.427829	79.030049	26.763867	993.927153	85.300317	12.259021	
7/11/2019 17:41:33.440703849	85.831474	26.303583	995.625455	14.181996	25.821066	708.489333	79.373684	26.862639	994.015150	85.258921	12.229452	
7/11/2019 17:41:34.440703849	85.463502	26.270230	994.946149	13.521503	25.713917	705.399673	79.263896	26.777149	993.924631	76.495544	12.227625	
7/11/2019 17:41:35.440703849	85.765765	26.309679	995.401281	13.399064	25.700651	710.857505	79.201945	26.844796	994.649276	84.506197	12.215022	
7/11/2019 17:41:36.440703849	85.568637	26.307433	993.870302	13.653355	25.697834	706.318290	79.113106	26.750797	993.623415	77.108623	12.234879	
7/11/2019 17:41:37.440703849	85.844616	26.371070	994.344277	13.867004	25.753633	708.474219	79.356179	26.845527	994.204712	84.595272	12.235208	
7/11/2019 17:41:38.440703849	85.667201	26.228728	992.487878	13.882216	25.660403	707.449149	79.291783	26.711776	993.715042	79.692990	12.252450	
7/11/2019 17:41:39.440703849	85.792049	26.407974	994.754778	14.355394	25.792452	709.513740	79.244787	26.801321	993.927153	79.096678	12.219280	
7/11/2019 17:41:40.440703849	85.654059	26.292141	995.115918	13.453067	25.721019	708.357914	79.132924	26.767603	994.176639	74.071518	12.227467	
7/11/2019 17:41:41.440703849	85.726339	26.255462	994.388118	14.185611	25.786166	710.077528	79.549391	26.832657	993.813763	80.355329	12.243553	
7/11/2019 17:41:42.440703849	85.890613	26.249217	993.561440	13.782396	25.668037	709.781177	79.341039	26.746225	993.692964	77.852443	12.262070	
7/11/2019 17:41:43.440703849	85.693485	26.297638	994.136582	13.903351	25.715672	711.723548	79.312994	26.799871	994.176954	79.179470	12.226626	
7/11/2019 17:41:44.440703849	85.851187	26.296889	992.818976	13.850247	25.659260	711.935791	79.088688	26.742595	993.962163	82.590450	12.238178	
7/11/2019 17:41:45.440703849	85.732910	26.333568	993.322521	14.165973	25.711427	713.835450	79.409351	26.786070	994.023195	81.008493	12.234288	
7/11/2019 17:41:46.440703849	85.811762	26.244394	994.143837	13.477485	25.729795	714.623311	79.338936	26.833282	994.209127	82.008283	12.256655	
7/11/2019 17:41:47.440703849	85.686914	26.471536	992.852093	14.128414	25.848823	717.716255	79.221263	26.907258	994.122231	81.807855	12.215653	
7/11/2019 17:41:48.440703849	85.877471	26.244844	993.829535	13.520692	25.670037	715.842878	79.113211	26.787520	993.891986	83.837306	12.255998	
7/11/2019 17:41:49.440703849	85.555495	26.340711	994.402864	13.784364	25.812535	720.747437	79.615705	26.870429	994.281670	80.742039	12.241398	
7/11/2019 17:41:50.440703849	85.778907	26.328521	994.586983	13.624334	25.733183	718.331954	79.346663	26.814814	994.093215	81.274947	12.233789	
7/11/2019 17:41:51.440703849	85.713197	26.267353	993.845385	13.773661	25.693834	719.422070	79.308736	26.860258	993.982190	87.288372	12.216034	
7/11/2019 17:41:52.440703849	85.831474	26.296515	993.338842	13.521874	25.707712	720.022001	79.193771	26.769158	994.016729	77.412541	12.231252	
7/11/2019 17:41:53.440703849	85.759194	26.371594	994.365646	13.994901	25.739224	721.006980	79.508467	26.792706	994.108984	85.191584	12.238651	
7/11/2019 17:41:54.440703849	85.838045	26.307358	994.988415	13.424720	25.748205	720.382746	79.391556	26.806824	993.894036	79.136763	12.248008	
7/11/2019 17:41:55.440703849	85.614633	26.319249	994.256595	13.982036	25.819066	723.214168	79.352078	26.846246	994.234042	84.370214	12.237547	
7/11/2019 17:41:56.440703849	85.778907	26.249966	992.730661	13.564603	25.683629	721.287564	79.160416	26.797691	994.277411	85.192895	12.241818	
7/11/2019 17:41:57.440703849	85.870900	26.346283	993.252973	13.572544	25.772328	722.343515	79.658285	26.931854	994.108984	81.681045	12.221724	
7/11/2019 17:41:58.440703849	85.535782	26.239796	992.985747	13.781233	25.660403	721.501775	79.463626	26.758988	993.982033	81.233551	12.244092	
7/11/2019 17:41:59.440703849	85.811762	26.461516	995.491014	13.778333	25.770940	722.426307	79.382277	26.902178	994.178690	80.676013	12.218649	
7/11/2019 17:42:00.440703849	85.857758	26.239871	992.772532	13.770373	25.664934	720.937987	79.211276	26.713438	993.756675	80.536369	12.257523	
7/11/2019 17:42:01.440703849	85.686914	26.360601	994.432354	14.110756	25.815964	724.261572	79.393606	26.852162	994.109141	84.058432	12.238914	
7/11/2019 17:42:02.440703849	85.870900	26.259836	993.559784	13.714439	25.653872	724.200462	79.462522	26.729313	993.938192	81.277568	12.261295	
7/11/2019 17:42:03.440703849	85.555495	26.339439	993.987395	14.176072	25.806290	725.578393	79.567710	26.840129	993.879211	77.338923	12.241004	
7/11/2019 17:42:04.440703849	85.647488	26.333718	993.776468	13.321442	25.716203	724.667659	79.222314	26.805787	993.823702	75.547364	12.260519	
7/11/2019 17:42:05.440703849	85.995748	26.330317	993.712125	13.901653	25.675710	727.368315	79.426856	26.834319	993.909648	78.821321	12.242594	
7/11/2019 17:42:06.440703849	85.601491	26.250415	993.476517	13.639848	25.686732	729.623466	79.411663	26.782440	993.948916	83.259070	12.251491	
7/11/2019 17:42:07.440703849	85.995748	26.387036	995.600774	14.103197	25.719672	730.070286	79.393711	26.783784	994.312422	85.853923	12.222355	
7/11/2019 17:42:08.440703849	85.713197	26.292515	993.906731	13.665875	25.656158	729.533443	79.246890	26.750998	993.984084	81.152069	12.231778	
7/11/2019 17:42:09.440703849	85.949751	26.377240	992.968399	13.617732	25.926746	733.824272	79.330052	26.877583	993.748316	84.885045	12.208215	
7/11/2019 17:42:10.440703849	85.962893	26.323174	993.229319	13.801544	25.708814	731.519841	79.432323	26.807967	994.226947	79.897350	12.231844	
7/11/2019 17:42:11.440703849	85.680343	26.356677	995.021926	13.879348	25.806861	735.532065	79.425409	26.897405	994.478326	82.686077	12.231029	
7/11/2019 17:42:12.440703849	85.936609	26.276475	993.040470	13.558314	25.689303	733.978688	79.134684	26.798209	993.857290	84.905743	12.246457	
7/11/2019 17:42:13.440703849	85.680343	26.270529	994.839306	13.728965	25.680772	733.984604	79.485390	26.795722	993.839313	83.546222	12.244066	
7/11/2019 17:42:14.440703849	85.903755	26.410968	992.938199	14.577684	26.096184	738.959471	79.639990	26.945018	994.355313	85.340402	12.221449	
7/11/2019 17:42:15.440703849	85.614633	26.312555	992.833326	13.508580	25.741388	734.163334	79.355941	26.833388	994.102046	82.420934	12.235392	
7/11/2019 17:42:16.440703849	85.956322	26.364643	992.967452	13.544530	25.801228	738.318144	79.590682	26.981870	994.828742	87.223656	12.208950	
7/11/2019 17:42:17.440703849	85.732910	26.249741	994.983447	13.763714	25.688446	734.628552	79.325741	26.744150	993.482903	77.402327	12.230635	
7/11/2019 17:42:18.440703849	86.068028	26.492399	994.264322	14.326977	25.758776	735.877032	79.398626	26.836393	994.327562	85.830603	12.201736	
7/11/2019 17:42:19.440703849	85.844616	26.280924	993.058289	13.748125	25.661220	736.248291	79.287972	26.722465	993.848459	77.791659	12.247180	
7/11/2019 17:42:20.440703849	85.811762	26.413246	994.764870	14.614697	25.816249	741.021430	79.367532	26.783678	993.717407	83.878702	12.229925	
7/11/2019 17:42:21.440703849	86.002319	26.266231	995.252172	13.625901	25.654158	739.235445	79.274278	26.723503	993.647072	82.459709	12.243224	
7/11/2019 17:42:22.440703849	85.634346	26.330616	993.859341	14.100714	25.875437	745.803769	79.454848	26.915979	994.612215	83.286321	12.215837	
7/11/2019 17:42:23.440703849	85.726339	26.397729	994.249025	12.874938	25.755021	743.096536	79.222762	26.797278	994.307534	78.499055	12.230372	
7/11/2019 17:42:24.440703849	85.746052	26.341460	993.542989	13.944607	25.696691	744.972534	79.623380	26.873540	994.745632	86.830393	12.205573	
7/11/2019 17:42:25.440703849	85.706626	26.312106	993.908701	13.853812	25.721264	742.622108	79.463127	26.783065	993.001278	75.019698	12.246786	
7/11/2019 17:42:26.440703849	86.048315	26.444727	994.870847	13.952405	25.788778	746.629732	79.327055	26.844490	994.331977	85.129490	12.223722	
7/11/2019 17:42:27.440703849	85.700056	26.281223	994.629483	13.719036	25.662077	745.001447	79.212931	26.725058	993.760934	79.492562	12.258377	
7/11/2019 17:42:28.440703849	85.785478	26.356677	994.842775	14.132960	25.839761	746.790716	79.075598	26.898749	994.802878	82.530977	12.177712	
7/11/2019 17:42:29.440703849	85.864329	26.344187	995.232696	13.532123	25.737143	747.867697	79.280691	26.789500	994.049531	79.612819	12.242554	
7/11/2019 17:42:30.440703849	85.798620	26.251687	993.734992	14.054740	25.742857	750.488191	79.606926	26.822074	994.196352	80.695401	12.242357	
7/11/2019 17:42:31.440703849	85.713197	26.281223	993.015315	13.612953	25.676853	749.027469	79.360199	26.752659	993.730496	82.974540	12.214667	
7/11/2019 17:42:32.440703849	86.035174	26.425137	995.329367	13.898074	25.764124	750.111017	79.430929	26.898136	994.552920	80.056382	12.223183	
7/11/2019 17:42:33.440703849	85.621204	26.333793	994.199821	13.446572	25.719019	749.351417	79.196031	26.790431	993.979196	69.015177	12.249493	
7/11/2019 17:42:34.440703849	85.818332	26.535024	993.940005	13.950242	25.812576	751.217563	79.146880	26.806612	994.191937	66.852363	12.217742	
7/11/2019 17:42:35.440703849	85.910326	26.265856	993.926444	13.730474	25.647627	750.111017	79.243526	26.724646	993.508768	58.311423	12.251254	
7/11/2019 17:42:36.440703849	85.772336	26.334840	994.649748	14.484221	25.806861	752.270230	79.533647	26.838986	994.047795	34.900403	12.234998	
7/11/2019 17:42:37.440703849	85.746052	26.276625	994.097393	14.536640	25.643668	750.982323	79.342195	26.737822	993.861548	18.087597	12.253988	
7/11/2019 17:42:38.440703849	85.995748	26.271652	993.650779	14.434701	25.706284	752.687484	79.451641	26.788250	993.572951	9.982626	12.195796	
7/11/2019 17:42:39.440703849	85.647488	26.322650	993.156616	14.400305	25.641668	751.752438	79.119887	26.730456	993.994808	10.599637	12.218531	
7/11/2019 17:42:40.440703849	85.844616	26.222932	994.208652	14.665568	25.691303	752.450928	79.184440	26.773413	994.209127	13.282253	12.223853	
7/11/2019 17:42:41.440703849	85.732910	26.239122	995.173872	13.047400	25.750490	752.475242	79.386930	26.753284	994.227104	31.789680	12.213918	
7/11/2019 17:42:42.440703849	85.982606	26.289970	994.058520	13.773196	25.771471	754.585175	79.577093	26.790949	994.187678	35.027213	12.222736	
7/11/2019 17:46:33.440703849	80.187034	25.703322	993.918322	14.469393	25.673670	504.747198	79.155791	26.724858	994.053947	66.263914	12.251504	
7/11/2019 17:46:34.440703849	80.555007	25.763933	994.891032	14.947760	25.772900	506.696139	79.475060	26.730868	994.240822	61.880395	12.207190	
7/11/2019 17:46:35.440703849	80.219889	25.772905	993.835607	14.445957	25.700038	505.957567	79.359148	26.688642	994.005690	65.298968	12.246681	
7/11/2019 17:46:36.440703849	80.476156	25.783898	992.874013	14.596322	25.843394	511.273470	79.320774	26.840754	994.382599	76.847411	12.227086	
7/11/2019 17:46:37.440703849	80.377592	25.683806	993.016893	14.563264	25.667465	507.965649	79.118231	26.658966	993.504667	79.335881	12.228690	
7/11/2019 17:46:38.440703849	80.686426	25.827571	994.115056	14.479561	25.719631	510.832555	79.033308	26.825397	994.375818	78.669881	12.233302	
7/11/2019 17:46:39.440703849	80.660142	25.773130	992.769063	14.541023	25.627504	509.425057	79.027342	26.695076	993.605124	72.547724	12.250571	
7/11/2019 17:46:40.440703849	80.896696	25.853855	994.362254	14.773606	25.683956	512.990454	79.041535	26.772788	993.736962	79.037205	12.215797	
7/11/2019 17:46:41.440703849	80.968977	25.741199	993.136746	14.638912	25.664894	515.190412	79.134475	26.713544	994.126175	77.797941	12.234787	
7/11/2019 17:46:42.440703849	81.179247	25.952600	994.910193	14.874596	25.794697	516.648504	79.184335	26.810972	994.026189	81.005872	12.234577	
7/11/2019 17:46:43.440703849	81.080683	25.773055	993.706448	14.699921	25.654117	514.574713	79.113815	26.694558	993.738698	73.266915	12.254763	
7/11/2019 17:46:44.440703849	81.409230	25.837366	993.835764	14.995582	25.822740	520.410377	78.935900	26.830477	994.262271	81.688909	12.241201	
7/11/2019 17:46:45.440703849	81.225244	25.779225	992.714182	14.631781	25.660934	519.891269	78.803430	26.731080	993.508768	72.013506	12.246142	
7/11/2019 17:46:46.440703849	81.264669	25.922241	993.136904	14.728557	25.790983	522.358664	78.916030	26.861507	994.285771	81.001940	12.217322	
7/11/2019 17:46:47.440703849	81.626071	25.841740	995.269125	14.296228	25.640811	521.808675	78.835471	26.724646	994.596604	82.586518	12.199212	
7/11/2019 17:46:48.440703849	81.612929	25.897153	994.182868	14.672120	25.712284	524.810283	79.068713	26.841685	994.233727	75.938006	12.230083	
7/11/2019 17:46:49.440703849	81.678639	25.821326	993.739565	14.621846	25.660648	523.459296	78.945730	26.746955	993.666470	72.670602	12.243592	
7/11/2019 17:46:50.440703849	81.908622	25.973313	993.840889	14.613677	25.801514	526.292689	78.813365	26.845008	993.767085	80.774262	12.192103	
7/11/2019 17:46:51.440703849	81.678639	25.768082	993.931017	14.571653	25.636565	527.348640	78.715695	26.683869	993.784905	74.225308	12.243198	
7/11/2019 17:46:52.440703849	81.994044	25.783748	994.291999	14.506620	25.621830	528.402624	78.665493	26.782228	993.767400	78.684027	12.249717	
7/11/2019 17:46:53.440703849	82.460581	26.014708	995.034936	14.736888	25.748898	529.722066	78.969649	27.039559	995.209438	81.419834	12.206256	
7/11/2019 17:46:54.440703849	81.908622	25.837141	992.430633	14.666813	25.664894	529.124113	78.986655	26.738965	993.506717	71.030483	12.242659	
7/11/2019 17:46:55.440703849	82.440868	26.100962	996.025468	14.890247	25.790819	534.859891	79.003975	26.817195	994.146359	80.242664	12.196991	
7/11/2019 17:46:56.440703849	82.276594	25.800837	992.886631	14.761301	25.579337	531.239300	79.040878	26.718317	992.953179	70.188414	12.242922	
7/11/2019 17:46:57.440703849	82.243740	25.959593	994.556308	15.558129	25.905765	535.756837	78.793600	26.867200	994.400104	76.844790	12.205889	
7/11/2019 17:46:58.440703849	82.276594	25.847386	993.574844	14.138550	25.679058	534.459066	78.576706	26.760755	993.863599	76.064816	12.218728	
7/11/2019 17:46:59.440703849	82.631425	25.839312	994.779301	15.038373	25.766328	539.609385	78.822486	26.882568	994.412879	71.695442	12.212998	
7/11/2019 17:47:00.440703849	82.408013	25.869447	993.051586	14.703600	25.758695	534.823095	78.578809	26.918053	994.248553	71.551866	12.211947	
7/11/2019 17:47:01.440703849	82.572287	25.908446	993.705187	14.788282	25.689874	538.140115	79.023768	26.915048	994.520274	76.651954	12.201223	
7/11/2019 17:47:02.440703849	82.743131	25.794517	993.720404	14.596668	25.638810	536.943545	78.936690	26.708252	993.727345	74.788088	12.248849	
7/11/2019 17:47:03.440703849	82.848267	25.937158	994.634450	14.947722	25.696405	537.356200	78.908513	26.746849	994.080283	81.023949	12.232974	
7/11/2019 17:47:04.440703849	82.585429	25.853780	995.087531	14.667737	25.664894	538.826123	78.915635	26.738446	993.710312	71.337022	12.248862	
7/11/2019 17:47:05.440703849	82.907405	25.948001	993.919740	15.081398	25.748490	542.093200	78.948543	26.793955	993.680189	79.527406	12.226245	
7/11/2019 17:47:06.440703849	82.664280	25.816802	993.809428	14.384395	25.638810	540.164626	78.709781	26.757020	993.911698	74.230550	12.231620	
7/11/2019 17:47:07.440703849	82.775986	25.869821	995.847263	14.489522	25.859272	543.364026	78.758432	26.893151	994.015307	81.029191	12.213800	
7/11/2019 17:47:08.440703849	82.900834	25.826972	995.215034	14.364920	25.636565	542.379036	78.620495	26.786176	993.653695	79.690369	12.216914	
7/11/2019 17:47:09.440703849	83.032253	25.839462	995.009546	14.788207	25.648770	543.927151	78.768315	26.800389	994.193987	73.468653	12.210054	
7/11/2019 17:47:10.440703849	83.157101	25.789844	993.896873	14.562321	25.606809	543.977746	78.520827	26.745706	993.869751	77.768340	12.252056	
7/11/2019 17:47:11.440703849	83.045395	25.933308	993.192730	14.934453	25.677425	546.210554	78.712935	26.812010	994.108670	75.787877	12.210304	
7/11/2019 17:47:12.440703849	83.045395	25.937607	993.125313	14.621425	25.596604	546.932706	78.610008	26.714062	993.679560	77.270276	12.234012	
7/11/2019 17:47:13.440703849	83.150530	26.165348	995.177027	14.423049	25.787635	549.371841	78.657608	26.894601	993.966893	80.905003	12.206230	
7/11/2019 17:47:14.440703849	83.111104	25.800762	994.022958	14.458351	25.611625	546.471423	78.792443	26.718835	993.646286	76.673963	12.249099	
7/11/2019 17:47:15.440703849	83.400226	25.897228	993.908939	15.069035	25.768042	549.469747	78.867379	26.811798	994.008369	70.559669	12.241818	
7/11/2019 17:47:16.440703849	83.143959	25.891058	993.626650	14.342547	25.706855	549.874519	78.682341	26.833282	994.130748	79.361821	12.248692	
7/11/2019 17:47:17.440703849	83.281949	25.956492	994.095895	14.493037	25.777716	551.995622	78.779749	26.917016	994.384492	82.256660	12.233881	
7/11/2019 17:47:18.440703849	83.538215	25.837516	993.444819	14.558674	25.649872	550.981066	78.555337	26.743113	993.957905	78.094267	12.255736	
7/11/2019 17:47:19.440703849	83.597354	25.939329	994.156532	14.819045	25.676853	552.882042	78.617236	26.814190	994.056312	78.206660	12.236470	
7/11/2019 17:47:20.440703849	83.295091	25.906724	993.854768	14.396047	25.666322	553.207306	78.539988	26.783996	994.102046	71.437891	12.254789	
7/11/2019 17:47:21.440703849	83.748486	26.001095	994.011367	15.148556	25.709427	555.762746	78.634741	26.754109	993.631775	73.062555	12.246628	
7/11/2019 17:47:22.440703849	83.617067	25.847910	994.345144	14.488736	25.630034	556.065011	78.643362	26.753178	993.859183	78.506918	12.244591	
7/11/2019 17:47:23.440703849	83.459364	25.960716	995.928954	14.897579	25.810535	559.820968	78.765950	26.842097	994.765974	77.068537	12.196479	
7/11/2019 17:47:24.440703849	83.695918	25.917642	994.027768	14.673919	25.651301	557.351604	78.737511	26.782440	993.878267	71.849232	12.219950	
7/11/2019 17:47:25.440703849	83.715631	25.845782	994.380154	14.596297	25.671465	560.848007	79.020851	26.824148	994.014836	71.814388	12.223236	
7/11/2019 17:47:26.440703849	83.518503	25.897827	994.740979	14.363153	25.658975	559.533816	78.850111	26.835250	993.577209	72.717240	12.199278	
7/11/2019 17:47:27.440703849	83.978469	25.918241	993.350276	14.585373	25.710284	559.840019	78.884175	26.879869	993.456567	68.858766	12.214615	
7/11/2019 17:47:28.440703849	83.584212	25.869222	995.191535	14.331266	25.580725	561.816566	78.548767	26.733673	994.397267	78.010164	12.196663	
7/11/2019 17:47:29.440703849	83.899617	26.016911	995.430771	14.615444	25.590971	562.672106	78.794651	26.706485	993.555131	82.741619	12.208556	
7/11/2019 17:47:30.440703849	83.768198	25.938505	993.728054	14.599466	25.643953	559.952387	78.703157	26.757432	993.639820	71.255540	12.233289	
7/11/2019 17:47:31.440703849	83.801053	25.896854	994.057653	15.158359	25.714203	563.055848	78.783165	26.780461	994.196667	70.969699	12.214772	
7/11/2019 17:47:32.440703849	83.899617	26.001993	992.857455	14.496873	25.715631	561.099014	78.687203	26.871360	993.413197	81.458609	12.222000	
7/11/2019 17:47:33.440703849	83.965327	25.903623	993.748476	14.502520	25.828985	564.110484	78.589796	26.950840	994.868482	70.506749	12.171457	
7/11/2019 17:47:34.440703849	83.774769	25.944227	994.305955	14.317155	25.698610	563.293057	78.553682	26.820000	993.938664	76.262623	12.230227	
7/11/2019 17:47:35.440703849	84.188739	25.902875	994.357287	14.723086	25.651342	565.067213	78.531709	26.842828	994.227261	81.762527	12.185453	
7/11/2019 17:47:36.440703849	83.919330	25.885412	993.931806	14.539489	25.598849	563.832532	78.523534	26.752247	993.957905	72.216555	12.233710	
7/11/2019 17:47:37.440703849	84.050749	26.091616	995.851679	14.570848	25.694120	567.785616	78.624306	26.793955	994.804299	80.382309	12.174308	
7/11/2019 17:47:38.440703849	84.149313	25.955219	994.291999	14.306741	25.718448	566.048256	78.733043	26.858184	993.905704	76.983124	12.229031	
7/11/2019 17:47:39.440703849	83.827337	25.992572	994.670879	14.981635	25.805473	569.075493	78.898920	26.879138	994.231520	76.433449	12.226101	
7/11/2019 17:47:40.440703849	83.998181	25.982253	993.996464	14.174449	25.706855	567.249426	78.820121	26.849569	993.517913	75.014456	12.200658	
7/11/2019 17:47:41.440703849	84.004752	26.040244	994.973590	14.099801	25.646484	573.148177	79.082906	26.783477	994.196667	82.479096	12.193049	
7/11/2019 17:47:42.440703849	84.037607	25.955219	993.111908	14.605490	25.679629	568.390801	78.770523	26.806199	993.799730	71.436581	12.229123	
7/11/2019 17:47:43.440703849	84.339870	25.977580	993.267641	14.549229	25.626116	570.473791	78.885488	26.837536	993.994808	73.427257	12.210987	
7/11/2019 17:47:44.440703849	84.116458	25.954097	992.360770	14.649640	25.649872	569.775300	78.689516	26.795204	993.491420	68.753965	12.248205	
7/11/2019 17:47:45.440703849	84.326729	26.017509	995.197292	15.004926	25.676568	571.626333	78.672563	26.766978	993.902867	75.731025	12.233618	
7/11/2019 17:47:46.440703849	84.261019	25.997095	993.991654	14.275011	25.685017	571.836608	78.631481	26.816889	993.944501	73.057313	12.248481	
7/11/2019 17:47:47.440703849	84.096746	25.991599	994.331188	15.146978	25.724979	574.494553	78.934639	26.783784	993.947023	76.553706	12.247128	
7/11/2019 17:47:48.440703849	84.438435	26.017959	994.048822	14.787089	25.688405	573.869003	78.909012	26.846976	994.552448	74.266704	12.220765	
7/11/2019 17:47:49.440703849	84.425293	25.950397	994.198954	14.328147	25.672853	576.158320	78.656661	26.842203	993.885991	77.268965	12.217598	
7/11/2019 17:47:50.440703849	84.300445	26.234556	996.057324	15.081284	25.828454	577.596046	78.709334	26.863264	994.152825	80.177949	12.217861	
7/11/2019 17:47:51.440703849	84.451576	25.907024	993.372039	14.433834	25.645627	578.086894	78.690463	26.741452	993.762984	76.390743	12.253764	
7/11/2019 17:47:52.440703849	84.300445	25.930058	994.258960	15.610548	25.818209	579.938590	79.053311	26.837525	993.938664	75.434970	12.244447	
7/11/2019 17:47:53.440703849	84.261019	25.949424	993.750132	14.591643	25.659505	578.299137	78.885988	26.788769	993.648965	68.012766	12.254816	
7/11/2019 17:47:54.440703849	84.563283	26.010933	994.322199	14.503997	25.785635	581.953902	78.933088	26.972525	994.496146	79.517192	12.201788	
7/11/2019 17:47:55.440703849	84.307016	25.986701	992.327730	14.944163	25.612768	578.959515	78.918842	26.748511	993.427709	73.468653	12.212104	
7/11/2019 17:47:56.440703849	84.596137	26.077596	994.029896	14.884304	25.691589	580.901887	78.807189	26.873022	994.008055	69.720222	12.207768	
7/11/2019 17:47:57.440703849	84.392438	25.934132	994.113242	14.548682	25.655832	582.139200	78.961974	26.815851	994.049531	77.240404	12.253685	
7/11/2019 17:47:58.440703849	84.563283	26.076848	994.547714	14.767796	25.761021	583.130095	78.882334	26.856311	994.404205	71.630727	12.197307	
7/11/2019 17:47:59.440703849	84.550141	25.992572	992.671051	14.307037	25.696936	582.978310	78.769419	26.826847	994.185313	71.910015	12.238441	
7/11/2019 17:48:00.440703849	84.392438	26.039944	994.246817	15.288646	25.816209	585.224263	78.823195	26.877995	994.213857	73.636859	12.238204	
7/11/2019 17:48:01.440703849	84.642134	25.902725	994.047638	14.391136	25.653015	584.419319	78.646174	26.815640	993.949231	78.336091	12.252555	
7/11/2019 17:48:02.440703849	84.392438	25.983900	994.924309	14.877859	25.708814	585.862960	79.076388	26.882980	994.432277	68.751344	12.215048	
7/11/2019 17:48:03.440703849	84.674989	25.954845	994.170410	14.597378	25.644484	585.056700	78.830213	26.775593	993.371092	68.751344	12.231738	
7/11/2019 17:48:04.440703849	84.353012	26.109153	993.171914	14.897887	25.621585	587.150205	79.069764	26.886304	994.417452	75.158032	12.207216	
7/11/2019 17:48:05.440703849	84.576424	25.940302	993.528638	14.427174	25.644239	588.400001	79.016802	26.787626	994.097631	77.080061	12.251517	
7/11/2019 17:48:06.440703849	84.720985	26.113003	994.125937	15.143142	25.722448	587.804669	79.007629	26.802876	994.093687	70.963146	12.225615	
7/11/2019 17:48:07.440703849	84.602708	25.997021	992.622242	14.828887	25.610768	588.196957	78.845011	26.779848	993.648965	71.666881	12.223223	
7/11/2019 17:48:08.440703849	84.760411	26.039944	995.118125	15.331500	25.796371	590.878564	79.014095	26.888166	994.135006	73.186743	12.227297	
7/11/2019 17:48:09.440703849	84.523857	25.955818	994.501980	14.512280	25.644239	590.787225	79.009627	26.762618	993.970837	75.915998	12.252279	
7/11/2019 17:48:10.440703849	84.753840	26.020504	994.394742	14.490478	25.766655	593.019379	79.055176	26.902485	994.308320	76.800773	12.234459	
7/11/2019 17:48:11.440703849	84.635563	25.996721	993.971784	14.710837	25.647586	592.228234	78.919999	26.769783	993.544407	70.576435	12.241963	
7/11/2019 17:48:12.440703849	84.826120	26.067427	994.665359	14.663952	25.645096	593.091657	79.047002	26.855073	993.730025	72.837497	12.213879	
7/11/2019 17:48:13.440703849	84.826120	25.950546	993.606385	14.571597	25.619870	593.861773	78.830765	26.772682	993.778439	75.220126	12.256419	
7/11/2019 17:48:14.440703849	84.773553	26.076698	993.952385	15.160654	25.727836	593.627848	78.892164	26.834319	993.800202	74.559098	12.228834	
7/11/2019 17:48:15.440703849	84.760411	26.036394	992.976916	14.396343	25.694405	594.897357	78.933141	26.822180	994.064986	72.298037	12.211526	
7/11/2019 17:48:16.440703849	84.543570	26.109453	993.731128	14.963109	25.794983	596.180003	79.163965	26.913068	994.141944	75.298987	12.214877	
7/11/2019 17:48:17.440703849	84.799836	25.976457	992.853986	14.664304	25.649587	595.918481	78.896974	26.768121	993.756204	69.964667	12.251872	
7/11/2019 17:48:18.440703849	84.839262	25.941425	994.617103	14.870471	25.753593	598.797215	79.044689	26.885573	993.990707	76.684447	12.236233	
7/11/2019 17:48:19.440703849	84.760411	25.887059	992.870781	14.885745	25.742816	597.456081	79.109190	26.833800	994.189257	72.133763	12.219464	
7/11/2019 17:48:20.440703849	85.049532	26.005062	994.950960	14.642635	25.657015	599.135615	79.107140	26.877170	994.098102	79.814558	12.234406	
7/11/2019 17:48:21.440703849	84.615850	26.007714	993.457908	14.608081	25.649301	599.644208	78.967047	26.790949	993.808876	68.284462	12.252319	
7/11/2019 17:48:22.440703849	84.990394	26.089188	994.634136	15.124767	25.702651	599.219722	78.825403	26.855379	993.844043	72.771471	12.206322	
7/11/2019 17:48:23.440703849	84.931255	26.008463	994.928092	14.547311	25.699467	601.728514	78.768867	26.793436	993.745322	68.134333	12.225667	
7/11/2019 17:48:24.440703849	84.904972	26.039421	993.934328	15.218104	25.710243	602.801548	79.057279	26.803913	993.872745	74.337972	12.241385	
7/11/2019 17:48:25.440703849	84.865546	25.982178	994.006004	14.524724	25.617585	603.666286	79.061590	26.782228	993.957905	75.915998	12.256787	
7/11/2019 17:48:26.440703849	84.806407	26.003864	994.148962	14.689168	25.765471	605.019903	79.073838	26.882980	994.266687	78.645252	12.242252	
7/11/2019 17:48:27.440703849	84.977252	25.961315	994.713459	14.249776	25.732612	604.868771	78.825403	26.920233	993.734126	65.098540	12.228874	
7/11/2019 17:48:28.440703849	84.819549	26.052285	993.410124	14.363172	25.726693	607.206715	78.900233	26.895850	994.321253	77.829124	12.219188	
7/11/2019 17:48:29.440703849	84.937826	25.987375	994.240193	14.482945	25.669710	607.663397	78.983843	26.849675	994.036284	76.174588	12.251872	
7/11/2019 17:48:30.440703849	84.944397	26.168716	994.892058	14.668969	25.736367	607.892060	78.991123	26.934340	994.202976	78.585779	12.196531	
7/11/2019 17:48:31.440703849	84.740698	25.997994	993.805407	14.504293	25.679629	608.661523	78.968255	26.820624	993.824016	69.037185	12.246326	
7/11/2019 17:48:32.440703849	84.977252	26.076698	994.988335	14.881865	25.745102	610.255633	79.018958	26.841579	994.262586	77.021899	12.233355	
7/11/2019 17:48:33.440703849	85.088958	25.924112	995.699181	14.548028	25.632320	611.140085	79.046450	26.795510	993.914064	77.865278	12.224261	
7/11/2019 17:48:34.440703849	84.793265	26.088664	994.050240	14.930077	25.836618	612.970099	79.032861	26.922720	994.205498	75.481338	12.234617	
7/11/2019 17:48:35.440703849	85.056103	26.040543	993.241776	14.782360	25.681588	610.176125	78.882728	26.776006	993.460983	69.738299	12.218597	
7/11/2019 17:48:36.440703849	85.141525	26.041666	993.381422	14.757961	25.681343	612.111929	79.013990	26.849263	994.075710	71.547934	12.238743	
7/11/2019 17:48:37.440703849	84.747269	25.998892	995.518848	14.380780	25.651872	613.403121	78.933036	26.880388	994.053947	76.592481	12.225036	
7/11/2019 17:48:38.440703849	85.194093	26.061706	995.011754	14.972346	25.667792	611.501482	79.032309	26.812528	994.071609	74.071518	12.234196	
7/11/2019 17:48:39.440703849	84.891830	26.041666	992.613962	14.379182	25.692079	613.148166	78.756382	26.868767	994.366673	74.269325	12.219766	
7/11/2019 17:48:40.440703849	85.016678	26.150879	992.973681	15.316968	25.758695	613.160649	79.207911	26.831514	993.763141	70.762718	12.227454	
7/11/2019 17:48:41.440703849	85.036390	26.024877	994.311475	14.386433	25.652730	614.069415	79.039380	26.857560	994.029976	75.746481	12.254251	
7/11/2019 17:48:42.440703849	85.134954	26.030898	994.309976	14.953174	25.768614	614.477470	79.155896	26.801109	993.991493	75.874601	12.197175	
7/11/2019 17:48:43.440703849	85.233519	25.998518	993.890487	14.431086	25.663506	615.481511	78.771075	26.812528	993.966579	76.135813	12.247653	
7/11/2019 17:48:44.440703849	85.042961	26.010708	994.256357	14.249223	25.652444	615.544589	78.819122	26.864407	994.270788	77.327128	12.224839	
7/11/2019 17:48:45.440703849	84.964110	26.151553	995.620015	15.696778	25.823025	619.145475	79.222709	26.866788	994.227261	74.313343	12.223183	
7/11/2019 17:48:46.440703849	84.964110	26.045815	994.184367	14.350577	25.691262	617.429798	78.931590	26.855485	994.056312	76.482438	12.249178	
7/11/2019 17:48:47.440703849	85.141525	26.136486	992.440173	15.161315	25.883927	623.251008	79.129664	26.979996	994.115765	78.050250	12.204035	
7/11/2019 17:48:48.440703849	85.108671	26.092813	994.280566	14.415622	25.680486	619.115247	78.867431	26.845527	994.097631	71.806525	12.235878	
7/11/2019 17:48:49.440703849	85.272944	26.154173	995.698629	14.371195	25.759021	621.893444	79.060539	27.007703	994.491730	76.116426	12.217204	
7/11/2019 17:48:50.440703849	84.878688	26.072175	994.015625	14.211147	25.688691	619.940557	79.019010	26.841272	994.020673	72.215244	12.249270	
7/11/2019 17:48:51.440703849	85.240090	26.109677	995.106534	14.929435	25.677425	623.020357	78.942024	26.830890	994.171752	81.431358	12.225641	
7/11/2019 17:48:52.440703849	85.200664	26.004538	994.096921	14.373988	25.674894	622.654360	78.750705	26.841579	994.074446	75.395924	12.227586	
7/11/2019 17:48:53.440703849	85.338654	26.099508	994.114032	15.368576	25.735224	623.562462	78.839044	26.797997	993.657954	71.095198	12.213485	
7/11/2019 17:48:54.440703849	84.924684	25.982477	995.448986	14.181612	25.670853	623.327222	79.001900	26.776006	994.170173	75.076550	12.221159	
7/11/2019 17:48:55.440703849	85.102100	26.073073	995.009546	15.014673	25.826128	626.242100	79.105693	26.913587	994.391273	71.136594	12.208307	
7/11/2019 17:48:56.440703849	85.286086	26.003116	993.903339	14.610080	25.628606	623.348251	78.822091	26.792081	993.642028	71.977352	12.237915	
7/11/2019 17:48:57.440703849	85.240090	26.068325	993.642499	14.839633	25.706569	624.862854	79.022716	26.920233	994.196352	72.267125	12.233867	
7/11/2019 17:48:58.440703849	84.898401	26.103657	992.600478	14.451899	25.684160	624.634844	79.032547	26.855591	993.845937	71.970799	12.236167	
7/11/2019 17:48:59.440703849	85.279515	26.072325	994.725130	14.594906	25.738326	625.287992	79.022978	26.944617	993.565856	72.607197	12.214220	
7/11/2019 17:49:00.440703849	85.358367	26.040244	993.912960	14.669725	25.619299	625.978599	78.870138	26.773825	993.747844	72.326598	12.257352	
7/11/2019 17:49:01.440703849	85.200664	26.204422	995.475164	15.230196	25.775716	629.335698	78.791996	26.861190	994.209442	71.498675	12.217664	
7/11/2019 17:49:02.440703849	85.023248	26.078345	993.747215	14.570037	25.689589	627.582572	78.899025	26.816677	994.057576	68.813438	12.232120	
7/11/2019 17:49:03.440703849	85.259802	26.088889	994.346485	15.164252	25.828373	631.061890	79.241108	26.873953	994.139579	71.752294	12.231791	
7/11/2019 17:49:04.440703849	85.384650	26.025401	995.338436	14.511669	25.575664	630.145241	78.993830	26.774344	994.484635	70.472945	12.216560	
7/11/2019 17:49:05.440703849	85.082387	26.090161	994.132561	14.561787	25.715958	633.135681	79.072129	26.935484	994.336707	80.905003	12.236443	
7/11/2019 17:49:06.440703849	85.240090	26.003490	994.319359	14.492648	25.618973	630.264830	78.789736	26.799352	993.732232	72.982384	12.237022	
7/11/2019 17:49:07.440703849	85.562066	26.137085	994.761164	14.546273	25.689058	634.863178	79.082354	26.909438	994.325668	77.023209	12.228414	
7/11/2019 17:49:08.440703849	84.996965	26.051761	994.683102	14.053652	25.681343	633.079823	78.953353	26.800802	993.695643	73.167356	12.229899	
7/11/2019 17:49:09.440703849	85.476643	26.193579	993.713072	15.181293	25.750205	635.421051	78.952958	26.848014	994.067193	69.941348	12.236286	
7/11/2019 17:49:10.440703849	85.134954	26.099882	995.300823	14.117566	25.678527	635.649724	78.748050	26.889415	994.402312	75.932764	12.221816	
7/11/2019 17:49:11.440703849	85.318941	26.062829	993.761328	15.132421	25.756450	638.067176	79.016145	26.849876	994.043537	75.327548	12.242909	
7/11/2019 17:49:12.440703849	85.450360	25.915215	994.765422	15.265587	25.509374	636.074862	78.966837	26.768428	993.839628	73.168666	12.213261	
7/11/2019 17:49:13.440703849	85.207235	26.068550	994.337654	14.869225	25.694936	638.632280	79.111003	26.880906	993.933776	71.218076	12.235090	
7/11/2019 17:49:14.440703849	85.299228	26.098310	994.145256	14.403813	25.673098	637.263548	78.807531	26.835356	993.922737	71.084713	12.239913	
7/11/2019 17:49:15.440703849	85.279515	26.078420	994.808002	14.926398	25.653015	638.093458	79.061538	26.854448	994.261800	74.601805	12.220463	
7/11/2019 17:49:16.440703849	85.450360	26.114949	993.828589	13.960642	25.640239	639.504901	78.977376	26.677328	993.767085	71.027861	12.202130	
7/11/2019 17:49:17.440703849	85.417505	26.236652	994.156689	14.801036	25.761021	639.311709	78.659421	26.859940	994.355948	74.766079	12.205810	
7/11/2019 17:49:18.440703849	85.266373	26.078570	994.179004	14.384477	25.668322	638.874088	78.796702	26.863994	994.060570	75.928832	12.249769	
7/11/2019 17:49:19.440703849	85.502927	26.062155	994.813522	15.135829	25.738571	639.589662	79.004160	26.823005	994.080755	74.398756	12.244788	
7/11/2019 17:49:20.440703849	85.220377	26.093861	994.867930	14.636246	25.648444	638.548825	79.073576	26.778704	993.738698	68.651785	12.245380	
7/11/2019 17:49:21.440703849	85.391221	26.052210	995.110004	14.789987	25.736857	642.350123	79.216980	26.896368	993.717092	69.887117	12.207176	
7/11/2019 17:49:22.440703849	85.358367	26.092364	994.470439	14.671070	25.655260	639.619890	78.975773	26.809935	994.184999	67.212094	12.218820	
7/11/2019 17:49:23.440703849	85.200664	26.179335	994.399867	14.604288	25.716488	643.362047	78.974274	26.947210	994.357684	77.712528	12.227888	
7/11/2019 17:49:24.440703849	85.443789	26.109153	993.593139	14.431978	25.702569	642.352091	78.872898	26.801014	993.712520	69.821091	12.250466	
7/11/2019 17:49:25.440703849	85.384650	26.200647	994.504740	14.718968	25.706079	644.826706	79.004659	26.847389	994.227104	77.964836	12.228663	
7/11/2019 17:49:26.440703849	85.535782	26.120221	994.192094	14.546915	25.682731	643.500034	79.024030	26.791880	993.999381	68.818680	12.249046	
7/11/2019 17:49:27.440703849	85.345225	26.205470	993.102525	14.961072	25.813392	647.405806	78.984499	26.882874	994.220638	77.180930	12.229163	
7/11/2019 17:49:28.440703849	85.312370	26.162771	993.711021	13.808133	25.764614	646.173756	78.902494	26.904359	993.824330	69.302329	12.223880	
7/11/2019 17:49:29.440703849	85.443789	26.110501	993.777020	14.844840	25.783064	649.301529	79.079909	26.917947	994.207548	72.323977	12.235247	
7/11/2019 17:49:30.440703849	85.246661	26.063128	993.187054	14.454786	25.635177	647.369009	78.844959	26.802876	993.962163	76.425586	12.248705	
7/11/2019 17:49:31.440703849	85.686914	26.106052	993.358792	14.719810	25.643096	649.824574	78.884332	26.876758	993.776074	73.763668	12.212078	
7/11/2019 17:49:32.440703849	85.312370	26.083018	993.985977	14.566654	25.663465	647.723839	78.965786	26.815227	993.790742	67.794261	12.250847	
7/11/2019 17:49:33.440703849	85.575208	26.178661	994.783479	14.991211	25.686487	649.093223	79.128403	26.844384	994.095580	68.673794	12.231554	
7/11/2019 17:49:34.440703849	85.424076	26.109527	994.729151	14.530138	25.662893	648.785705	79.058988	26.816370	993.826381	68.303850	12.247075	
7/11/2019 17:49:35.440703849	85.384650	26.210368	995.914129	15.106023	25.698079	651.021796	78.995643	26.806612	993.677981	71.135284	12.221067	
7/11/2019 17:49:36.440703849	85.463502	26.184008	994.200058	13.605035	25.704569	652.886637	78.656162	26.726614	994.340808	74.860396	12.195191	
7/11/2019 17:49:37.440703849	85.430647	26.072998	994.924071	15.297179	25.753838	651.588215	79.184730	26.798622	994.027925	65.482629	12.185098	
7/11/2019 17:49:38.440703849	85.279515	26.073298	993.550559	14.776707	25.642525	651.046109	79.022611	26.782228	993.675773	64.403979	12.246576	
7/11/2019 17:49:39.440703849	85.535782	26.158472	994.048584	14.599271	25.726122	655.961184	79.168433	26.961635	994.487315	70.264654	12.230595	
7/11/2019 17:49:40.440703849	85.305799	26.062604	993.891039	14.452962	25.639137	654.493231	78.929881	26.833070	994.069401	70.823502	12.252647	
7/11/2019 17:49:41.440703849	85.614633	26.042340	993.700534	14.679553	25.624116	655.436161	78.688412	26.778080	993.848459	65.692231	12.252582	
7/11/2019 17:49:42.440703849	85.318941	26.125493	994.397581	14.542840	25.698896	655.781138	79.029839	26.866693	993.959641	67.841939	12.237863	
7/11/2019 17:49:43.440703849	85.410934	26.035945	994.174904	14.563560	25.610727	657.407445	79.078148	26.804019	993.705424	71.154671	12.233526	
7/11/2019 17:49:44.440703849	85.450360	26.083841	993.073192	14.575633	25.645913	658.033659	78.954457	26.827366	993.697222	72.028962	12.245590	
7/11/2019 17:49:45.440703849	85.305799	26.110351	994.167965	14.352080	25.669424	658.704552	78.912981	26.830065	993.918165	73.402627	12.249270	
7/11/2019 17:49:46.440703849	85.706626	26.130765	992.479047	14.766715	25.686977	658.206474	78.978033	26.827472	993.966579	66.514912	12.221606	
7/11/2019 17:49:47.440703849	85.397792	26.130690	994.445444	14.379031	25.668282	659.525263	78.749706	26.825397	993.858869	67.786398	12.249046	
7/11/2019 17:49:48.440703849	85.496356	26.062230	992.847757	15.064093	25.747919	657.823384	78.734304	26.932372	993.878424	64.090887	12.227757	
7/11/2019 17:49:49.440703849	85.581779	26.062754	994.401208	14.545809	25.630075	660.509590	78.940054	26.800177	993.848459	72.406769	12.246260	
7/11/2019 17:49:50.440703849	85.292657	26.084515	995.371001	14.232760	25.658403	661.765300	78.910064	26.800802	994.297281	74.822931	12.214207	
7/11/2019 17:49:51.440703849	85.700056	26.063278	993.939691	14.508261	25.612768	661.689076	78.879522	26.769052	994.015150	72.889107	12.249638	
7/11/2019 17:49:52.440703849	85.371508	26.140934	994.214015	14.471003	25.701426	662.126045	78.796307	26.866174	994.036284	73.062555	12.248862	
7/11/2019 17:49:53.440703849	85.680343	26.084590	995.342851	14.580469	25.623830	663.097888	78.743188	26.791362	993.662369	73.998940	12.243803	
7/11/2019 17:49:54.440703849	85.410934	26.130765	992.974470	14.489264	25.643913	662.133928	78.920893	26.834319	994.205183	66.204441	12.214628	
7/11/2019 17:49:55.440703849	85.483214	26.152376	993.981167	14.338868	25.707100	664.463988	78.916582	26.827990	993.937563	70.963146	12.245064	
7/11/2019 17:49:56.440703849	85.404363	26.130391	993.357294	14.577193	25.663751	664.157123	78.891560	26.847082	993.913906	69.883185	12.244158	
7/11/2019 17:49:57.440703849	85.450360	26.147030	994.228917	14.440908	25.698896	665.660558	78.818175	26.837536	993.826067	68.708637	12.233723	
7/11/2019 17:49:58.440703849	85.476643	26.161798	993.903971	14.512041	25.672527	665.278784	78.676374	26.802982	993.896244	68.078792	12.242449	
7/11/2019 17:49:59.440703849	85.568637	26.130465	992.588808	14.842494	25.658648	666.761189	78.803273	26.823217	994.148253	67.113846	12.226574	
7/11/2019 17:50:00.440703849	85.647488	26.162995	994.020750	14.353928	25.699467	667.758661	78.993725	26.845939	994.049531	72.089745	12.248034	
7/11/2019 17:50:01.440703849	85.489785	26.168267	992.549934	14.958431	25.624075	667.277666	79.011440	26.806305	993.590299	66.434741	12.227467	
7/11/2019 17:50:02.440703849	85.778907	26.084141	994.741688	14.673504	25.643668	667.835538	78.871794	26.780673	993.929518	70.683858	12.245130	
7/11/2019 17:50:03.440703849	85.410934	26.126167	992.853591	14.740034	25.623544	669.609694	78.743687	26.791774	993.642814	69.208012	12.251425	
7/11/2019 17:50:04.440703849	85.601491	26.104630	994.392929	14.454276	25.659505	670.739901	78.918238	26.869910	993.961849	74.142516	12.250374	
7/11/2019 17:50:05.440703849	85.640917	26.067801	994.274809	14.604729	25.595175	670.965280	79.055019	26.791880	993.868014	68.922171	12.224287	
7/11/2019 17:50:06.440703849	85.443789	26.147479	993.482431	14.439241	25.711917	671.612523	78.841252	26.883086	994.137214	72.951201	12.242843	
7/11/2019 17:50:07.440703849	85.654059	26.100032	994.108590	14.416497	25.635994	673.574608	78.871742	26.838986	994.022880	73.979552	12.243317	
7/11/2019 17:50:08.440703849	85.502927	26.146880	992.793506	14.530427	25.696895	672.952994	79.099807	26.803088	994.040857	69.001031	12.234840	
7/11/2019 17:50:09.440703849	85.456931	26.095358	992.989530	14.630467	25.594930	676.433628	78.877156	26.776937	994.642653	77.699693	12.193588	
7/11/2019 17:50:10.440703849	85.680343	26.110501	994.051896	14.417396	25.646770	675.193031	79.016802	26.846976	994.093372	75.044057	12.251609	
7/11/2019 17:50:11.440703849	85.489785	26.152526	992.443485	14.382490	25.704284	677.291135	79.003161	26.853411	994.268266	70.121078	12.231489	
7/11/2019 17:50:12.440703849	85.456931	26.173913	993.352326	14.788937	25.658363	675.853410	79.026790	26.811597	993.412726	67.147378	12.221724	
7/11/2019 17:50:13.440703849	85.700056	26.115997	994.926437	14.274565	25.581297	678.706514	78.870138	26.753696	994.110720	70.438102	12.221356	
7/11/2019 17:50:14.440703849	85.410934	26.089263	994.529025	14.473330	25.677915	678.011308	78.850478	26.826953	994.114979	66.701195	12.215311	
7/11/2019 17:50:15.440703849	85.535782	26.136411	994.199112	14.483366	25.677629	680.911071	78.781010	26.856628	994.068930	74.531848	12.251123	
7/11/2019 17:50:16.440703849	85.640917	26.200647	993.922423	14.456000	25.728938	680.176436	78.728942	26.876652	994.410514	73.341844	12.224524	
7/11/2019 17:50:17.440703849	85.496356	26.147554	993.756046	14.252335	25.682731	680.880842	78.654558	26.900517	993.778281	73.217655	12.197202	
7/11/2019 17:50:18.440703849	85.535782	26.115847	993.564200	14.747246	25.619299	680.338736	78.836127	26.772682	993.723558	69.350278	12.252634	
7/11/2019 17:50:19.440703849	85.778907	26.121044	993.668678	14.633555	25.630606	682.352732	78.831712	26.789594	993.743429	70.068157	12.253975	
7/11/2019 17:50:20.440703849	85.437218	26.135887	993.843886	14.652734	25.669424	682.526863	79.044033	26.793024	993.758569	67.073760	12.253777	
7/11/2019 17:50:21.440703849	85.555495	26.163519	993.849091	14.565748	25.717876	684.933147	79.123436	26.863476	993.789163	73.586289	12.227717	
7/11/2019 17:50:22.440703849	85.732910	26.100630	992.708189	14.649917	25.633749	683.647208	79.163965	26.778599	993.476909	67.750244	12.229018	
7/11/2019 17:50:23.440703849	85.562066	26.159819	995.159050	14.239401	25.694977	686.444465	79.055833	26.872503	994.032341	73.876062	12.202222	
7/11/2019 17:50:24.440703849	85.838045	26.110725	993.843097	14.603145	25.634320	686.018664	79.055229	26.815534	993.480538	71.692821	12.250453	
7/11/2019 17:50:25.440703849	85.555495	26.090086	993.812188	14.644704	25.642811	687.172521	79.010888	26.782228	993.863756	69.099280	12.255854	
7/11/2019 17:50:26.440703849	85.798620	26.121868	993.559232	14.619551	25.619013	687.751423	78.968203	26.793955	993.896716	69.899952	12.252371	
7/11/2019 17:50:27.440703849	85.476643	26.189055	994.438978	14.496263	25.682446	689.892239	78.974774	26.874165	994.064828	71.646183	12.243868	
7/11/2019 17:50:28.440703849	85.634346	26.157574	993.072483	14.709957	25.653832	690.199104	78.979190	26.837018	993.830482	73.387171	12.247732	
7/11/2019 17:50:29.440703849	85.719768	26.305038	993.459170	13.733919	25.668567	690.231301	78.929934	26.882568	993.134853	68.197738	12.214352	
7/11/2019 17:50:30.440703849	85.608062	26.115698	993.696118	14.606314	25.637708	689.402044	78.970358	26.783266	993.776231	69.493854	12.250913	
7/11/2019 17:50:31.440703849	85.838045	26.111399	993.446160	14.625732	25.623544	690.572331	78.870743	26.800802	993.990707	71.254230	12.242883	
7/11/2019 17:50:32.440703849	85.502927	26.194178	993.997725	14.483397	25.658077	690.239184	78.918343	26.826953	993.774023	67.626055	12.249401	
7/11/2019 17:50:33.440703849	85.811762	26.095583	993.007667	14.739135	25.624116	689.956632	78.911220	26.789076	993.640606	67.378989	12.237429	
7/11/2019 17:50:34.440703849	85.496356	26.153200	993.383787	14.792138	25.624973	689.617570	78.893715	26.766354	993.773866	67.751554	12.245354	
7/11/2019 17:50:35.440703849	85.627775	26.215864	993.387336	14.418370	25.701426	691.155833	78.803430	26.844490	994.044958	68.195117	12.240018	
7/11/2019 17:50:36.440703849	85.673772	26.137234	993.761723	14.801093	25.632606	690.393601	78.867983	26.777455	993.837734	67.354359	12.250203	
7/11/2019 17:50:37.440703849	85.640917	26.305262	995.591548	15.627029	25.791554	693.176396	79.130821	26.830265	994.187993	72.014816	12.230871	
7/11/2019 17:50:38.440703849	85.778907	26.185580	992.846653	14.354664	25.688691	691.414071	79.068266	26.853305	993.834898	71.821981	12.207439	
7/11/2019 17:50:39.440703849	85.594920	26.139255	995.200840	15.299242	25.771471	693.758582	79.408037	26.899680	994.000010	66.681807	12.224537	
7/11/2019 17:50:40.440703849	85.752623	26.147404	994.242953	14.379346	25.664608	693.991855	79.159655	26.853930	994.119551	73.238353	12.249809	
7/11/2019 17:50:41.440703849	85.798620	26.193397	995.058592	14.697455	25.692732	696.486183	79.340934	26.960386	994.038807	71.300868	12.209634	
7/11/2019 17:50:42.440703849	85.575208	26.189804	994.133902	14.346980	25.701998	695.620793	79.085981	26.875096	994.066879	70.507788	12.242738	
7/11/2019 17:50:43.440703849	85.851187	26.305861	994.191147	14.977175	25.714243	696.743106	79.117731	26.907883	994.345067	74.229240	12.220555	
7/11/2019 17:50:44.440703849	85.614633	26.169016	994.938422	14.503633	25.667996	696.243059	79.005973	26.837536	993.957590	66.962406	12.234774	
7/11/2019 17:50:45.440703849	86.061457	26.263536	993.833871	15.275780	25.742286	698.152570	78.995696	26.800177	993.500408	68.243066	12.206506	
7/11/2019 17:50:46.440703849	85.562066	26.177464	993.359502	14.509330	25.643301	697.201104	79.008233	26.805268	993.927310	65.051901	12.229833	
7/11/2019 17:50:47.440703849	85.851187	26.200273	994.114504	15.130823	25.803106	703.178697	78.944889	26.921990	994.110563	73.656246	12.229334	
7/11/2019 17:50:48.440703849	85.489785	26.194477	993.913512	14.436921	25.692650	700.630479	78.845510	26.832657	993.977303	68.570303	12.241897	
7/11/2019 17:50:49.440703849	85.752623	26.185879	994.095737	14.778096	25.746490	704.022405	79.232277	26.948247	994.137528	70.236363	12.227796	
7/11/2019 17:50:50.440703849	85.746052	26.158098	993.574530	14.679553	25.659220	701.098329	79.104432	26.805575	993.658111	66.089426	12.251924	
7/11/2019 17:50:51.440703849	85.719768	26.237925	993.956249	14.760759	25.671710	703.677428	79.118178	26.929779	994.228997	71.047249	12.224550	
7/11/2019 17:50:52.440703849	85.877471	26.163295	992.704719	14.798477	25.643382	702.365207	78.871794	26.815121	993.798151	64.610960	12.247088	
7/11/2019 17:50:53.440703849	85.654059	26.343663	993.410913	14.846028	25.719386	706.180955	78.911772	26.831927	993.914221	72.917668	12.219648	
7/11/2019 17:50:54.440703849	85.601491	26.216912	994.837256	13.859477	25.734326	704.953505	79.210961	26.801839	993.992600	72.770161	12.215127	
7/11/2019 17:50:55.440703849	85.686914	26.259162	994.940867	15.373669	25.782207	707.953143	79.119992	26.841991	994.671197	68.624534	12.171128	
7/11/2019 17:50:56.440703849	85.581779	26.194552	993.791923	14.394513	25.677629	706.794686	78.912376	26.819481	993.826381	66.473516	12.248889	
7/11/2019 17:50:57.440703849	85.903755	26.186254	992.984168	14.790258	25.768042	709.959255	78.945126	26.878101	994.094001	73.806375	12.227599	
7/11/2019 17:50:58.440703849	85.562066	26.158771	994.262429	14.695802	25.629504	706.876162	79.101463	26.780048	993.855082	66.006634	12.236207	
7/11/2019 17:50:59.440703849	85.851187	26.181580	994.387566	14.804016	25.670608	710.101841	79.199185	26.928012	994.386857	71.670812	12.219858	
7/11/2019 17:51:00.440703849	85.824903	26.127289	995.175214	14.435625	25.648199	708.392079	78.856997	26.827260	993.649594	68.691871	12.228992	
7/11/2019 17:51:01.440703849	85.654059	26.310235	993.894508	14.763173	25.731183	711.162392	79.034122	26.888484	994.592660	69.667031	12.198831	
7/11/2019 17:51:02.440703849	85.785478	26.100780	993.754942	14.645439	25.617299	710.074244	78.929881	26.771127	993.878582	68.972470	12.245012	
7/11/2019 17:51:03.440703849	86.002319	26.284923	994.293418	15.341386	25.713672	712.200597	78.908565	26.840436	993.931883	67.258732	12.235077	
7/11/2019 17:51:04.440703849	85.555495	26.173838	994.927935	14.507991	25.653832	712.723652	79.018905	26.830689	993.756204	72.397595	12.241989	
7/11/2019 17:51:05.440703849	85.667201	26.227381	992.942063	15.101023	25.818454	715.802797	79.152137	26.941706	993.936141	71.515441	12.217690	
7/11/2019 17:51:06.440703849	85.943180	26.275203	992.742647	13.711671	25.797228	715.802797	78.770680	26.856004	994.131219	70.657917	12.225141	
7/11/2019 17:51:07.440703849	85.667201	26.133834	995.574753	14.672366	25.658975	718.264929	78.999849	26.879244	993.929518	72.347296	12.205061	
7/11/2019 17:51:08.440703849	85.686914	26.179559	993.776863	14.673133	25.660648	716.362638	78.959819	26.838573	993.905547	65.000291	12.238441	
7/11/2019 17:51:09.440703849	86.002319	26.222783	993.590142	14.905314	25.665220	718.145993	79.200684	26.900623	994.222531	65.306831	12.227651	
7/11/2019 17:51:10.440703849	85.772336	26.168342	994.429752	14.749384	25.640525	718.051370	79.016907	26.805162	993.839628	64.384591	12.251701	
7/11/2019 17:51:11.440703849	85.726339	26.337717	993.829141	14.974138	25.739469	719.577802	78.853343	26.883499	994.154562	68.642611	12.208517	
7/11/2019 17:51:12.440703849	85.785478	26.195899	992.966901	14.482341	25.711917	718.269528	78.960923	26.914942	993.806511	71.944859	12.220147	
7/11/2019 17:51:13.440703849	85.798620	26.316854	994.771888	14.852662	25.802902	721.175859	79.190564	26.899786	994.067351	71.166195	12.233460	
7/11/2019 17:51:14.440703849	85.732910	26.163819	994.339310	14.409309	25.671425	719.734850	79.003318	26.834838	993.992600	71.389942	12.250295	
7/11/2019 17:51:15.440703849	85.969464	26.160418	994.691381	15.158284	25.717917	720.895275	79.142202	26.862121	993.973517	66.742591	12.237850	
7/11/2019 17:51:16.440703849	85.693485	26.153275	993.910200	14.487045	25.623258	721.771843	78.872346	26.853305	994.032183	70.507788	12.239847	
7/11/2019 17:51:17.440703849	85.989177	26.108148	993.073744	14.759420	25.809718	722.421707	79.165017	26.956650	993.561755	71.772992	12.194560	
7/11/2019 17:51:18.440703849	85.969464	26.148227	993.454991	14.713478	25.634035	721.393354	79.158446	26.781710	993.899238	66.902933	12.239085	
7/11/2019 17:51:19.440703849	85.680343	26.322350	994.078784	14.719986	25.726693	724.018448	79.140703	26.931854	994.487000	70.161163	12.224984	
7/11/2019 17:51:20.440703849	85.824903	26.152526	993.933224	14.716887	25.649015	723.824604	79.085876	26.820519	993.583518	65.326218	12.240990	
7/11/2019 17:51:21.440703849	85.995748	26.355180	992.971316	14.861548	25.750000	726.029812	78.938712	26.884324	993.876846	72.467553	12.210212	
7/11/2019 17:51:22.440703849	85.713197	26.143255	993.863047	14.736833	25.613339	724.046045	78.960476	26.810348	993.697222	65.853884	12.253409	
7/11/2019 17:51:23.440703849	86.048315	26.164417	994.674585	15.310183	25.718733	727.326919	79.393344	26.895119	994.242716	64.980904	12.216205	
7/11/2019 17:51:24.440703849	85.640917	26.127738	993.808876	14.578545	25.613625	726.524607	79.126405	26.782747	993.780804	69.201459	12.251215	
7/11/2019 17:51:25.440703849	85.831474	26.213661	995.391423	14.861938	25.731510	729.329747	79.202497	26.890240	994.148567	71.406980	12.223761	
7/11/2019 17:51:26.440703849	85.844616	26.221510	994.040068	14.316620	25.668282	727.005602	78.876814	26.846458	994.279462	64.641871	12.217125	
7/11/2019 17:51:27.440703849	85.686914	26.283019	994.066484	14.500256	25.713141	728.447264	78.881572	26.964746	994.478798	72.513920	12.204377	
7/11/2019 17:51:28.440703849	85.831474	26.201620	993.768504	14.754277	25.636320	727.157388	79.153426	26.808474	993.714570	64.176300	12.245170	
7/11/2019 17:51:29.440703849	86.002319	26.297039	994.068535	14.777310	25.710325	729.321200	79.081460	26.926975	994.119866	70.955283	12.196531	
7/11/2019 17:51:30.440703849	85.614633	26.222034	993.949783	14.635957	25.674813	730.673502	78.981345	26.821968	993.999224	66.045409	12.240439	
7/11/2019 17:51:31.440703849	85.890613	26.290045	994.796097	15.095552	25.719876	732.308355	78.935453	26.867518	994.124124	73.528126	12.230464	
7/11/2019 17:51:32.440703849	86.166592	26.232621	994.401917	14.966938	25.662158	732.429259	79.105484	27.087183	994.900970	73.876062	12.208346	
7/11/2019 17:51:33.440703849	85.667201	26.184532	994.815572	14.629379	25.667996	731.517210	79.100411	26.833282	993.927153	63.768891	12.241726	
7/11/2019 17:51:34.440703849	86.140309	26.407525	994.228208	15.323343	25.774981	735.260018	79.071183	26.961317	994.754621	71.704345	12.185584	
7/11/2019 17:51:35.440703849	85.686914	26.154173	994.053315	14.585783	25.657546	734.152819	78.992831	26.804538	993.856976	69.586859	12.230372	
7/11/2019 17:51:36.440703849	86.035174	26.317528	995.876754	15.855526	25.729550	736.955980	78.924571	26.883700	994.233885	70.993018	12.192799	
