
Time stamp	Inside_humidity (in %rH)	Inside_temperature (in °C)	Inside_pressure (in mbar)	Soil_moisture (in %VWC)	Soil_temperature (in °C)	Inside_CO2_ratio (in ppm)	Outside_humidity (in %rH)	Outside_temperature (in °C)	Outside_pressure (in mbar)	Outside_PAR (in µmol m^-2 s^-1)	Power_box_charge (in V)	
7/11/2019 18:27:52.152715649	80.193605	25.104708	994.353266	6.855345	25.485781	526.336716	79.229937	26.200885	993.988971	4.539573	12.208031	
7/11/2019 18:27:53.152715649	80.075328	25.114845	993.226322	7.183672	25.623789	530.130132	79.576174	26.366279	995.343327	5.419377	12.159616	
7/11/2019 18:27:54.152715649	80.298741	25.173168	993.840732	7.084715	25.486924	526.350515	79.213588	26.235334	994.362729	2.881377	12.212170	
7/11/2019 18:27:55.152715649	80.344737	25.217140	995.035331	7.062915	25.614768	526.464188	79.522922	26.260024	994.752570	9.991529	12.174979	
7/11/2019 18:27:56.152715649	80.410447	25.116974	993.426447	6.735068	25.527131	525.291279	79.507520	26.184905	994.049688	8.767992	12.184507	
7/11/2019 18:27:57.152715649	80.371021	25.321456	994.931404	7.608170	25.637096	526.976066	79.482445	26.217479	994.507657	9.829876	12.181734	
7/11/2019 18:27:58.152715649	80.430159	25.157652	994.271655	6.877873	25.494557	525.985171	79.352315	26.234709	994.141944	3.741522	12.213327	
7/11/2019 18:27:59.152715649	80.325024	25.207045	993.888989	7.218661	25.596849	525.569884	79.284607	26.358701	994.689331	5.195359	12.191170	
7/11/2019 18:28:00.152715649	80.791561	25.148081	993.937483	6.724787	25.556030	525.215055	79.300561	26.185011	994.242559	9.487183	12.200435	
7/11/2019 18:28:01.152715649	80.850700	25.218338	995.417759	6.928915	25.572480	525.635594	79.357782	26.278809	994.858072	13.528008	12.172784	
7/11/2019 18:28:02.152715649	80.791561	25.270009	994.773149	6.491177	25.577542	523.916631	78.971410	26.216654	994.115608	6.012798	12.183771	
7/11/2019 18:28:03.152715649	80.857271	25.289525	995.022241	7.311098	25.603421	526.540412	79.097019	26.243006	994.273625	4.235655	12.203838	
7/11/2019 18:28:04.152715649	80.949264	25.211644	994.234831	6.873656	25.486883	524.659150	78.983238	26.278185	994.645175	4.103603	12.214234	
7/11/2019 18:28:05.152715649	81.067541	25.212916	993.325910	7.158486	25.618075	526.839394	78.908960	26.327777	994.956636	4.168318	12.179329	
7/11/2019 18:28:06.152715649	81.244956	25.127667	995.677418	6.676266	25.528273	524.614470	78.926018	26.173803	994.424861	9.857127	12.173034	
7/11/2019 18:28:07.152715649	81.310666	25.197849	994.530681	6.830200	25.532274	526.096876	79.144200	26.263866	994.835680	9.919221	12.187753	
7/11/2019 18:28:08.152715649	81.363233	25.147632	994.578229	6.413074	25.639913	524.264893	78.845958	26.266670	994.986130	10.575007	12.143412	
7/11/2019 18:28:09.152715649	81.350091	25.321680	995.282766	7.176268	25.591787	527.085802	78.953248	26.245705	994.306113	5.551158	12.200461	
7/11/2019 18:28:10.152715649	81.639213	25.138585	995.956315	6.533324	25.536192	525.450295	78.664836	26.207214	994.063250	9.197410	12.181918	
7/11/2019 18:28:11.152715649	81.527507	25.117947	995.661806	7.437918	25.541009	529.551230	78.745395	26.391901	994.433378	2.595535	12.179053	
7/11/2019 18:28:12.152715649	81.783774	25.169842	993.820704	6.621298	25.542723	525.717733	78.886487	26.232635	994.325983	9.774335	12.189146	
7/11/2019 18:28:13.152715649	81.672068	25.250044	994.500481	6.932868	25.539662	526.946500	78.760588	26.301013	994.474068	7.189967	12.191393	
7/11/2019 18:28:14.152715649	81.934905	25.201324	993.893956	6.775533	25.540723	526.150102	78.682893	26.246954	993.916586	6.284494	12.201552	
7/11/2019 18:28:15.152715649	82.013757	25.349387	995.036277	7.224310	25.521497	528.767968	78.904149	26.322380	994.402469	4.619744	12.165477	
7/11/2019 18:28:16.152715649	81.941476	25.206596	995.078857	6.874253	25.551499	527.591112	78.780748	26.243842	994.343173	6.349209	12.200724	
7/11/2019 18:28:17.152715649	82.020328	25.260663	994.641231	7.206168	25.641301	529.166825	78.750206	26.299658	994.667724	9.234874	12.190683	
7/11/2019 18:28:18.152715649	81.823199	25.223011	994.187441	6.896895	25.521742	528.703574	78.737116	26.237926	994.120023	4.173561	12.213038	
7/11/2019 18:28:19.152715649	82.335733	25.240174	994.725050	7.647184	25.524314	527.130482	78.858390	26.494420	995.102357	6.757928	12.137538	
7/11/2019 18:28:20.152715649	82.020328	25.212542	994.775200	6.777525	25.549785	529.444777	78.544903	26.257950	994.087378	7.821123	12.215101	
7/11/2019 18:28:21.152715649	82.408013	25.375223	995.511593	7.204677	25.554397	532.380676	78.716457	26.295509	994.360836	5.015629	12.198555	
7/11/2019 18:28:22.152715649	82.289736	25.243425	993.942056	6.915844	25.465086	531.321440	78.788974	26.297383	994.231362	1.220559	12.214996	
7/11/2019 18:28:23.152715649	82.335733	25.224059	995.590445	7.044578	25.624034	533.579877	78.678977	26.303500	994.643753	10.737970	12.196729	
7/11/2019 18:28:24.152715649	82.447439	25.285450	994.277174	6.872625	25.519497	532.450985	78.623754	26.280153	994.305169	3.269398	12.213616	
7/11/2019 18:28:25.152715649	82.539432	25.357054	993.497886	7.150780	25.544152	531.801773	78.977876	26.392113	994.194459	9.714862	12.172561	
7/11/2019 18:28:26.152715649	82.362017	25.244922	995.140913	6.556718	25.437003	534.499810	78.650932	26.262723	994.708729	0.434032	12.189461	
7/11/2019 18:28:27.152715649	82.690564	25.338694	994.950645	7.005441	25.609911	535.083965	78.678030	26.254214	994.319202	8.138147	12.188357	
7/11/2019 18:28:28.152715649	82.519719	25.285900	994.111429	6.914485	25.474148	533.535849	78.701606	26.295721	994.416666	2.552829	12.215206	
7/11/2019 18:28:29.152715649	82.637996	25.302988	994.604960	7.249428	25.603625	536.593315	78.890141	26.370734	994.730964	2.428640	12.203024	
7/11/2019 18:28:30.152715649	82.585429	25.291097	994.905620	6.892281	25.484924	535.081996	78.733595	26.282545	994.395688	2.185505	12.212367	
7/11/2019 18:28:31.152715649	82.913976	25.313681	994.879441	7.052849	25.510476	536.807526	78.648435	26.384228	994.612373	2.043240	12.190171	
7/11/2019 18:28:32.152715649	82.729990	25.291770	994.337968	6.803487	25.467617	536.127433	78.722318	26.291361	994.284349	1.375659	12.208661	
7/11/2019 18:28:33.152715649	83.025682	25.466642	996.216840	7.130632	25.603666	535.744344	78.712883	26.287519	994.650062	10.224450	12.170432	
7/11/2019 18:28:34.152715649	82.723419	25.289749	994.454747	6.915132	25.442717	536.066323	78.490837	26.322179	994.217801	1.318807	12.183718	
7/11/2019 18:28:35.152715649	83.203097	25.329946	995.371395	7.170440	25.616932	538.827438	78.884332	26.324147	994.691696	8.148360	12.192839	
7/11/2019 18:28:36.152715649	83.038824	25.276703	995.498584	6.827637	25.524559	536.586084	78.838677	26.250478	994.157398	7.469256	12.193667	
7/11/2019 18:28:37.152715649	83.281949	25.320376	993.626098	6.952460	25.550111	538.479177	78.679529	26.337429	994.774334	14.633910	12.177975	
7/11/2019 18:28:38.152715649	83.091391	25.276479	994.597232	6.881010	25.540437	538.040893	78.663679	26.247260	994.106934	5.928695	12.213011	
7/11/2019 18:28:39.152715649	83.281949	25.387638	993.845305	7.272489	25.601380	540.175794	78.816572	26.269464	994.232149	10.239906	12.185400	
7/11/2019 18:28:40.152715649	83.143959	25.259765	994.895448	6.951152	25.536723	539.120505	78.842541	26.257844	994.180898	5.752896	12.187674	
7/11/2019 18:28:41.152715649	83.262236	25.340340	994.411695	7.140212	25.582113	539.978665	78.643415	26.349049	994.662994	5.726956	12.196111	
7/11/2019 18:28:42.152715649	83.235952	25.266084	994.892373	6.691549	25.519497	539.558126	78.712488	26.233767	994.347274	5.737170	12.201591	
7/11/2019 18:28:43.152715649	83.170243	25.398856	994.220638	6.950604	25.546152	542.639243	78.926755	26.286482	994.735065	8.863619	12.183376	
7/11/2019 18:28:44.152715649	83.505361	25.349687	995.508281	6.960211	25.486638	542.096484	78.541696	26.242181	994.375976	5.465744	12.209253	
7/11/2019 18:28:45.152715649	83.360800	25.387488	994.363753	7.228318	25.526600	545.357646	78.684653	26.291773	994.706836	3.039098	12.171312	
7/11/2019 18:28:46.152715649	83.203097	25.471839	994.689568	6.304506	25.553744	543.927151	78.724369	26.270088	994.017515	8.678647	12.176254	
7/11/2019 18:28:47.152715649	83.564499	25.297192	994.321962	6.606703	25.537621	545.341879	78.695877	26.233153	994.190043	6.594965	12.211737	
7/11/2019 18:28:48.152715649	83.492219	25.534279	995.351683	7.660489	25.612197	545.307703	78.747051	26.276724	994.529734	10.368026	12.149602	
7/11/2019 18:28:49.152715649	83.603925	25.280852	994.242164	6.636321	25.533661	546.717179	78.773834	26.230561	994.271260	6.554879	12.214838	
7/11/2019 18:28:50.152715649	83.459364	25.290016	995.372499	7.000051	25.653505	550.561190	78.934377	26.393562	994.720397	5.472297	12.191945	
7/11/2019 18:28:51.152715649	83.656492	25.303138	995.159522	6.771758	25.501047	546.624525	78.469363	26.207002	994.472332	6.544395	12.207925	
7/11/2019 18:28:52.152715649	83.623638	25.388761	996.418621	6.948589	25.591216	547.989310	78.742583	26.283889	994.669460	13.313164	12.176227	
7/11/2019 18:28:53.152715649	83.531645	25.318953	995.931082	6.624690	25.493700	548.350717	78.750153	26.304230	994.487472	4.319758	12.192944	
7/11/2019 18:28:54.152715649	83.735344	25.382965	993.998672	7.283409	25.647831	548.282377	78.713934	26.323935	994.328819	5.156584	12.164202	
7/11/2019 18:28:55.152715649	83.479077	25.329946	993.027143	7.029637	25.502517	548.053051	78.498407	26.274449	994.288450	1.383523	12.180038	
7/11/2019 18:28:56.152715649	83.833908	25.326995	995.820138	7.059770	25.607339	550.088078	78.870638	26.297171	994.746419	8.486082	12.149733	
7/11/2019 18:28:57.152715649	83.492219	25.276479	994.652507	6.784023	25.580685	548.321804	78.812446	26.247472	994.205498	6.266417	12.189645	
7/11/2019 18:28:58.152715649	83.833908	25.483880	995.056936	6.984107	25.615299	548.713430	78.817309	26.317300	994.816282	10.551688	12.165346	
7/11/2019 18:28:59.152715649	83.774769	25.372720	994.939526	6.868157	25.526845	548.641153	78.732990	26.283889	994.326140	3.636721	12.198095	
7/11/2019 18:29:00.152715649	83.794482	25.388012	994.850188	7.290827	25.664812	550.477735	78.853975	26.291667	994.516802	7.881907	12.203286	
7/11/2019 18:29:01.152715649	83.925901	25.340490	993.388283	6.873674	25.539866	549.495376	78.453462	26.239376	994.008684	5.337624	12.198450	
7/11/2019 18:29:02.152715649	83.669634	25.478683	992.956571	7.190383	25.497700	551.924660	78.783060	26.407056	994.352004	4.546126	12.163164	
7/11/2019 18:29:03.152715649	83.886475	25.304036	995.164884	6.721030	25.520640	549.561086	78.701397	26.235334	994.636344	2.062627	12.150495	
7/11/2019 18:29:04.152715649	84.044178	25.504519	994.691933	7.060778	25.541907	550.035504	78.578257	26.273718	994.549133	7.899983	12.188935	
7/11/2019 18:29:05.152715649	83.860192	25.350136	994.592817	6.893767	25.491128	550.765539	78.497303	26.307341	994.234199	0.704418	12.189514	
7/11/2019 18:29:06.152715649	84.077033	25.368122	994.683259	7.426633	25.623177	552.148070	78.795703	26.335143	994.453405	2.776576	12.203116	
7/11/2019 18:29:07.152715649	83.952185	25.382815	994.393795	6.854059	25.507864	551.412120	78.555180	26.261167	994.299332	6.280562	12.197675	
7/11/2019 18:29:08.152715649	84.024465	25.538246	994.991647	6.235476	25.457167	553.819721	78.822881	26.228793	994.359099	17.262295	12.147355	
7/11/2019 18:29:09.152715649	83.945614	25.398257	994.090613	6.953600	25.474434	553.846003	78.612925	26.292091	994.166229	1.258023	12.194008	
7/11/2019 18:29:10.152715649	84.326729	25.452099	994.127988	7.123538	25.594604	553.907112	78.940501	26.250372	994.422339	11.777846	12.187924	
7/11/2019 18:29:11.152715649	84.050749	25.328749	995.997791	6.699162	25.522559	554.074012	78.472623	26.211362	994.724498	6.694524	12.185295	
7/11/2019 18:29:12.152715649	84.221594	25.425065	994.637919	7.325219	25.569378	555.154277	78.729494	26.309310	994.676084	2.163497	12.203352	
7/11/2019 18:29:13.152715649	83.919330	25.418820	995.596359	6.754578	25.465086	555.432230	78.763795	26.250584	994.308006	1.732769	12.208977	
7/11/2019 18:29:14.152715649	84.326729	25.400353	993.940952	6.724148	25.617830	554.984746	78.545507	26.521609	994.396003	-1.156828	12.175202	
7/11/2019 18:29:15.152715649	84.234735	25.372870	993.447579	6.778579	25.555744	555.986819	78.640208	26.249547	994.564430	6.306502	12.201946	
7/11/2019 18:29:16.152715649	84.169026	25.525157	994.346800	7.315598	25.536233	556.929750	78.737221	26.340541	994.537779	4.235655	12.197570	
7/11/2019 18:29:17.152715649	84.300445	25.414746	993.695172	6.913984	25.472433	556.827244	78.811842	26.276629	994.387172	1.300730	12.211434	
7/11/2019 18:29:18.152715649	83.893046	25.468438	994.152116	7.044674	25.575868	557.073652	78.614424	26.356415	994.720240	4.248490	12.176135	
7/11/2019 18:29:19.152715649	84.326729	25.425140	993.657087	6.870090	25.515211	555.894165	78.623754	26.203372	995.001742	4.697294	12.147670	
7/11/2019 18:29:20.152715649	84.307016	25.394557	995.453953	6.895126	25.505660	558.477865	78.790525	26.373021	994.892139	4.562892	12.162455	
7/11/2019 18:29:21.152715649	84.451576	25.383938	992.737916	6.524032	25.674731	557.530334	78.385097	26.326433	993.977775	3.658730	12.176477	
7/11/2019 18:29:22.152715649	84.425293	25.578400	995.997791	7.299102	25.564275	558.272190	78.599179	26.317194	994.682707	5.500588	12.172705	
7/11/2019 18:29:23.152715649	84.274161	25.468289	993.915877	7.129716	25.393082	559.439194	78.764399	26.113616	994.520903	12.142548	12.160457	
7/11/2019 18:29:24.152715649	84.307016	25.432733	995.619935	6.851720	25.598808	559.787455	78.748340	26.305574	994.667567	8.841611	12.192287	
7/11/2019 18:29:25.152715649	84.431864	25.420841	994.123335	6.820420	25.576725	560.713304	78.492940	26.211362	994.014993	4.894062	12.187398	
7/11/2019 18:29:26.152715649	84.267590	25.431610	995.680572	6.846869	25.533702	561.086531	78.760141	26.321142	994.960580	5.899094	12.164045	
7/11/2019 18:29:27.152715649	84.405580	25.399978	995.380069	6.887543	25.525988	562.576167	78.660210	26.247885	994.238457	4.721924	12.211986	
7/11/2019 18:29:28.152715649	84.517286	25.452473	995.468856	7.172241	25.633096	563.800335	78.598627	26.242900	994.466495	7.328301	12.201026	
7/11/2019 18:29:29.152715649	84.359583	25.357504	994.602200	6.711852	25.543825	563.105127	78.733804	26.223501	994.435429	8.595855	12.211513	
7/11/2019 18:29:30.152715649	84.661847	25.388055	994.540696	6.875593	25.601135	565.570555	79.026475	26.335461	994.422496	6.232884	12.172114	
7/11/2019 18:29:31.152715649	84.326729	25.410672	995.627110	6.765511	25.539295	564.645359	78.567875	26.242075	993.908069	6.240476	12.197517	
7/11/2019 18:29:32.152715649	84.714414	25.569428	995.330157	6.921524	25.527457	564.638128	78.690620	26.278703	994.757143	4.768563	12.175610	
7/11/2019 18:29:33.152715649	84.412151	25.462643	995.549363	6.757774	25.490557	565.276825	78.760535	26.238963	994.290501	8.043559	12.196821	
7/11/2019 18:29:34.152715649	84.688130	25.457071	994.695954	7.062132	25.627749	566.817057	78.694379	26.258362	994.152983	4.891440	12.203102	
7/11/2019 18:29:35.152715649	84.339870	25.435684	994.023667	6.980692	25.465943	567.137721	78.600835	26.275073	994.426283	2.574837	12.214352	
7/11/2019 18:29:36.152715649	84.589566	25.416617	995.278665	6.805565	25.575868	569.984259	78.686204	26.265834	995.118126	13.502068	12.155148	
7/11/2019 18:29:37.152715649	84.379296	25.383639	994.485579	6.835703	25.529661	567.798099	78.616422	26.204928	994.220795	6.298639	12.211185	
7/11/2019 18:29:38.152715649	84.766982	25.510314	993.564515	7.114059	25.556642	568.673353	78.514361	26.297795	994.387329	8.175611	12.185860	
7/11/2019 18:29:39.152715649	84.274161	25.510090	994.384018	7.053278	25.493414	568.731831	78.462240	26.293022	994.701948	3.225381	12.179565	
7/11/2019 18:29:40.152715649	84.694701	25.437406	995.030363	7.277741	25.634484	571.035611	78.811000	26.278904	994.536201	7.574056	12.197806	
7/11/2019 18:29:41.152715649	84.582995	25.367973	994.962945	6.769382	25.531376	570.059820	78.815049	26.233047	994.340965	7.183414	12.213116	
7/11/2019 18:29:42.152715649	84.655276	25.532076	993.774023	7.090400	25.499700	571.225508	78.734199	26.341896	994.835523	5.183835	12.190578	
7/11/2019 18:29:43.152715649	84.543570	25.538545	996.210217	7.576464	25.726326	574.964382	78.763452	26.297890	994.711723	11.260665	12.188673	
7/11/2019 18:29:44.152715649	84.628992	25.304485	995.167012	7.400239	25.354304	573.307846	78.626619	26.301013	994.111506	2.781818	12.175899	
7/11/2019 18:29:45.152715649	84.615850	25.470909	994.997403	7.005121	25.565704	574.380880	79.035753	26.438912	995.008208	13.816471	12.157448	
7/11/2019 18:29:46.152715649	84.681559	25.414821	994.486840	6.731302	25.501905	572.015991	78.455065	26.201192	994.404362	7.016519	12.174111	
7/11/2019 18:29:47.152715649	84.556712	25.541796	996.371940	7.794267	25.433982	576.455987	78.609219	26.357558	994.372189	9.034446	12.153518	
7/11/2019 18:29:48.152715649	84.707843	25.436957	994.587140	6.703654	25.538152	574.825732	78.810738	26.238445	994.157713	6.711290	12.199843	
7/11/2019 18:29:49.152715649	84.602708	25.558959	995.821874	7.301076	25.660853	576.542063	78.571134	26.331407	994.842775	8.923092	12.175846	
7/11/2019 18:29:50.152715649	84.832691	25.409549	994.520904	6.748254	25.494843	574.931522	78.602438	26.233566	994.456406	7.881907	12.206296	
7/11/2019 18:29:51.152715649	84.707843	25.486200	994.386068	7.048458	25.500231	577.837854	78.838178	26.350711	994.800513	5.111256	12.188502	
7/11/2019 18:29:52.152715649	84.707843	25.426562	994.209599	6.943866	25.480924	577.603929	78.405257	26.266458	994.288608	1.560631	12.216323	
7/11/2019 18:29:53.152715649	84.845833	25.642636	993.865255	7.455257	25.551826	579.827538	78.686257	26.266871	994.103147	4.894062	12.172442	
7/11/2019 18:29:54.152715649	84.615850	25.457745	995.463888	6.998852	25.449208	578.497581	78.728627	26.302674	994.544717	0.626868	12.209936	
7/11/2019 18:29:55.152715649	84.990394	25.448848	993.970205	6.959668	25.657465	582.499292	78.736959	26.324041	994.624198	10.164977	12.177397	
7/11/2019 18:29:56.152715649	84.543570	25.511063	995.599828	6.686775	25.519742	578.573142	78.687860	26.235122	994.654006	7.918060	12.179460	
7/11/2019 18:29:57.152715649	84.898401	25.557313	994.996851	7.120601	25.503415	581.016224	78.665940	26.387964	994.829057	1.259334	12.164413	
7/11/2019 18:29:58.152715649	84.996965	25.421141	995.791437	6.608422	25.508436	580.797413	78.549371	26.259717	994.439372	3.434983	12.185427	
7/11/2019 18:29:59.152715649	84.727556	25.589543	993.875190	7.183225	25.584399	582.693789	78.750915	26.278597	994.389537	4.383162	12.195848	
7/11/2019 18:30:00.152715649	84.891830	25.415794	995.059616	6.722544	25.511252	580.305902	78.695773	26.201298	994.233256	8.210455	12.199239	
7/11/2019 18:30:01.152715649	84.944397	25.454195	994.946544	6.931660	25.602768	583.247063	78.608300	26.309310	994.722290	10.408112	12.192011	
7/11/2019 18:30:02.152715649	84.780124	25.389734	995.602825	6.576374	25.542152	581.783056	78.530605	26.224750	994.682864	5.036327	12.180827	
7/11/2019 18:30:03.152715649	85.134954	25.558435	994.440239	7.009626	25.531131	582.191764	78.612820	26.270607	994.875263	11.427289	12.178014	
7/11/2019 18:30:04.152715649	84.832691	25.442603	994.601096	6.766373	25.528804	582.043262	78.717351	26.211257	994.172696	5.190117	12.210725	
7/11/2019 18:30:05.152715649	84.904972	25.516934	994.296572	7.291497	25.647260	583.756309	78.903440	26.257738	994.823062	7.550737	12.181169	
7/11/2019 18:30:06.152715649	85.010107	25.537348	994.802245	7.006211	25.463943	582.157599	78.660315	26.245091	994.426755	1.717313	12.199226	
7/11/2019 18:30:07.152715649	84.858975	25.565504	995.588237	7.123406	25.599380	584.634846	78.784112	26.315744	994.822748	9.501328	12.187188	
7/11/2019 18:30:08.152715649	84.865546	25.442678	992.967767	6.713329	25.515783	582.727955	78.762638	26.212918	994.400418	10.484351	12.153584	
7/11/2019 18:30:09.152715649	85.246661	25.564980	993.888989	6.907691	25.556357	584.153850	78.601834	26.232010	994.382913	13.258933	12.166581	
7/11/2019 18:30:10.152715649	84.858975	25.421066	995.197843	6.803176	25.522314	584.211676	78.582121	26.174840	994.207391	6.466845	12.211040	
7/11/2019 18:30:11.152715649	85.023248	25.501342	994.023115	7.319415	25.675915	586.489826	78.801774	26.201086	994.584457	7.871693	12.153466	
7/11/2019 18:30:12.152715649	84.931255	25.484030	994.037308	6.919925	25.476434	585.104011	78.692276	26.252764	994.496460	1.506400	12.208320	
7/11/2019 18:30:13.152715649	84.990394	25.487024	994.762505	6.827733	25.557214	587.465617	78.956902	26.313352	994.536358	4.950914	12.181616	
7/11/2019 18:30:14.152715649	85.108671	25.494873	994.183420	6.944044	25.454881	586.260501	78.740718	26.282545	994.413351	1.281343	12.214825	
7/11/2019 18:30:15.152715649	85.036390	25.569279	995.127271	7.019880	25.598563	587.905206	78.641811	26.233460	994.428962	12.411623	12.185269	
7/11/2019 18:30:16.152715649	85.003536	25.526130	995.538719	6.890576	25.451208	587.940034	78.615080	26.304749	994.448361	1.220559	12.193667	
7/11/2019 18:30:17.152715649	84.996965	25.500369	994.446310	7.177745	25.643015	590.989616	78.875658	26.276523	994.437479	6.375149	12.202643	
7/11/2019 18:30:18.152715649	85.029819	25.479731	994.666858	6.562158	25.520600	588.070138	78.807978	26.224020	994.507657	8.043559	12.205862	
7/11/2019 18:30:19.152715649	85.318941	25.491847	994.595182	6.841621	25.544152	591.196596	78.670250	26.316993	994.643439	9.158635	12.191143	
7/11/2019 18:30:20.152715649	84.904972	25.448399	995.147379	6.765128	25.529947	590.693918	78.712436	26.219765	994.245081	6.030875	12.206992	
7/11/2019 18:30:21.152715649	85.115242	25.711770	994.955927	7.234350	25.584113	592.013360	78.907751	26.261474	994.840095	8.740741	12.168276	
7/11/2019 18:30:22.152715649	85.115242	25.521981	993.950730	6.923102	25.458269	592.155957	78.492887	26.236265	994.380706	0.294388	12.208793	
7/11/2019 18:30:23.152715649	84.891830	25.511512	994.182473	7.033969	25.605911	595.589281	78.723422	26.288249	994.326140	3.625197	12.203221	
7/11/2019 18:30:24.152715649	85.016678	25.532450	995.142017	6.886358	25.463372	593.221108	78.641864	26.243218	994.384964	0.784589	12.212183	
7/11/2019 18:30:25.152715649	85.384650	25.622896	993.164738	7.162315	25.496312	592.878098	78.796807	26.337123	995.244605	8.786069	12.165438	
7/11/2019 18:30:26.152715649	84.865546	25.611080	992.685164	6.610510	25.646974	593.980708	78.669646	26.183762	995.145884	5.071170	12.150377	
7/11/2019 18:30:27.152715649	85.174380	25.611155	994.360046	7.165617	25.547009	596.187887	78.598679	26.316157	994.590924	0.374559	12.197412	
7/11/2019 18:30:28.152715649	85.069245	25.531926	994.174194	6.964675	25.476964	594.967667	78.697690	26.273518	994.310214	1.485702	12.210620	
7/11/2019 18:30:29.152715649	85.036390	25.576122	994.222294	6.940724	25.572725	596.966549	78.975721	26.337948	994.750520	4.808648	12.194547	
7/11/2019 18:30:30.152715649	85.167809	25.532675	994.966966	7.065424	25.459698	595.765380	78.748445	26.267708	994.393638	1.732769	12.194994	
7/11/2019 18:30:31.152715649	85.075816	25.502316	995.757768	6.706157	25.532845	597.368689	78.781404	26.287731	994.739638	9.507881	12.156620	
7/11/2019 18:30:32.152715649	85.180951	25.569428	995.279455	6.675107	25.475250	595.643812	78.780405	26.206589	994.063250	7.385153	12.185558	
7/11/2019 18:30:33.152715649	85.174380	25.605733	994.216537	7.328246	25.617830	598.460122	79.018905	26.264278	994.656685	1.382212	12.164400	
7/11/2019 18:30:34.152715649	84.944397	25.538545	994.212359	7.029710	25.447207	598.256425	78.715590	26.286588	994.422339	0.965629	12.215863	
7/11/2019 18:30:35.152715649	85.299228	25.581095	993.388598	6.899074	25.589746	600.898604	78.807136	26.281815	994.768025	10.283923	12.184743	
7/11/2019 18:30:36.152715649	85.141525	25.489975	994.480059	6.750953	25.505293	599.169127	78.852581	26.186460	994.371717	8.165127	12.200776	
7/11/2019 18:30:37.152715649	85.312370	25.554661	995.654708	6.653450	25.615013	601.361854	78.883123	26.241556	994.566638	5.363565	12.167054	
7/11/2019 18:30:38.152715649	85.318941	25.474234	994.618049	6.784383	25.521457	600.573340	78.744082	26.181169	994.281984	6.916960	12.212367	
7/11/2019 18:30:39.152715649	85.167809	25.490649	995.845450	6.710051	25.523416	601.774509	78.743083	26.226719	994.684758	8.082335	12.196282	
7/11/2019 18:30:40.152715649	85.364937	25.505192	994.681603	6.801826	25.490843	601.359886	78.856392	26.229512	994.584143	4.878335	12.190381	
7/11/2019 18:30:41.152715649	85.069245	25.496370	993.877792	6.838407	25.506435	603.603208	78.742426	26.242181	994.242873	2.076773	12.200053	
7/11/2019 18:30:42.152715649	85.305799	25.521981	994.406175	6.842141	25.523988	603.328539	78.659369	26.202335	994.279776	4.472237	12.214102	
7/11/2019 18:30:43.152715649	85.154667	25.558810	994.355079	6.947108	25.465657	605.247260	78.782009	26.233672	994.754778	-0.913693	12.189961	
7/11/2019 18:30:44.152715649	85.036390	25.522580	994.871556	6.806354	25.543825	604.760349	78.858390	26.232010	994.301854	4.985757	12.210567	
7/11/2019 18:30:45.152715649	85.430647	25.526729	994.781509	6.792508	25.471331	604.873370	78.647331	26.266046	994.332134	3.947192	12.178790	
7/11/2019 18:30:46.152715649	85.305799	25.527403	994.428648	6.883923	25.544111	604.962077	78.834524	26.215098	994.130905	4.884888	12.215088	
7/11/2019 18:30:47.152715649	84.950968	25.559932	995.317382	6.853252	25.501333	605.377364	78.820173	26.277772	994.910587	1.097681	12.176017	
7/11/2019 18:30:48.152715649	85.351796	25.564007	993.934880	6.999427	25.463943	605.334652	78.609009	26.267602	994.485579	1.117069	12.210133	
7/11/2019 18:30:49.152715649	85.056103	25.490948	995.973268	6.679667	25.524559	605.874127	78.595972	26.205446	995.010888	4.780087	12.155279	
7/11/2019 18:30:50.152715649	85.259802	25.575449	994.767630	7.030326	25.477822	605.330053	78.842146	26.266564	994.586351	0.991570	12.209647	
7/11/2019 18:30:51.152715649	85.351796	25.477378	995.552360	6.759192	25.490843	605.793303	78.662523	26.241556	993.906333	7.492575	12.166713	
7/11/2019 18:30:52.152715649	85.161238	25.585094	994.179714	6.833027	25.475005	605.417444	78.714196	26.221533	994.711094	5.591243	12.206638	
7/11/2019 18:30:53.152715649	85.318941	25.563632	993.920530	7.259144	25.340711	606.750032	79.099755	26.287837	993.802567	-1.326344	12.194376	
7/11/2019 18:30:54.152715649	85.115242	25.547966	993.029508	6.943278	25.451208	607.428157	78.593160	26.244880	994.555442	0.502679	12.209279	
7/11/2019 18:30:55.152715649	85.279515	25.595414	994.327167	6.943930	25.467617	607.643683	78.768315	26.255050	994.735222	1.198550	12.207939	
7/11/2019 18:30:56.152715649	85.430647	25.558735	994.268185	6.874385	25.467617	608.010343	78.732648	26.250277	994.268895	0.832538	12.183797	
7/11/2019 18:30:57.152715649	85.259802	25.570551	993.878739	6.779344	25.537049	608.850768	78.739324	26.204515	994.304377	3.741522	12.184191	
7/11/2019 18:30:58.152715649	85.391221	25.564007	994.405229	6.935098	25.470474	607.905206	78.857548	26.253907	994.500876	3.107745	12.210409	
7/11/2019 18:30:59.152715649	85.128384	25.517383	993.744138	6.675363	25.429941	611.705189	78.578310	26.255463	994.934559	-0.829590	12.143530	
7/11/2019 18:31:00.152715649	85.371508	25.522954	995.407352	6.806049	25.547499	610.609810	78.563012	26.203891	994.280091	3.758288	12.193009	
7/11/2019 18:31:01.152715649	85.509498	25.579748	994.340571	6.858104	25.493700	611.002751	78.774386	26.240731	994.586036	4.441325	12.208333	
7/11/2019 18:31:02.152715649	85.167809	25.554062	994.437794	6.866534	25.463086	611.948313	78.697586	26.244986	994.328033	2.164807	12.191617	
7/11/2019 18:31:03.152715649	85.391221	25.601135	995.456081	6.813850	25.469617	613.581851	78.598574	26.240107	994.069873	2.349779	12.192103	
7/11/2019 18:31:04.152715649	85.272944	25.532525	994.912638	6.705341	25.509007	612.240717	78.720715	26.178057	994.406413	8.541624	12.207295	
7/11/2019 18:31:05.152715649	85.483214	25.537947	994.840805	6.698556	25.506966	614.671968	78.892848	26.191233	994.146674	6.054194	12.180577	
7/11/2019 18:31:06.152715649	85.174380	25.611604	994.040777	6.978526	25.465657	614.885526	78.524638	26.244361	994.579570	1.897043	12.193759	
7/11/2019 18:31:07.152715649	85.483214	25.565055	995.603534	6.927890	25.477250	616.758904	78.718245	26.247366	994.251704	0.803976	12.211145	
7/11/2019 18:31:08.152715649	85.286086	25.528001	995.444175	6.728749	25.553173	616.216798	78.698585	26.163114	994.345381	5.950703	12.206519	
7/11/2019 18:31:09.152715649	85.489785	25.532375	995.063717	6.778752	25.508436	615.532106	78.597523	26.197668	994.489837	8.051423	12.206638	
7/11/2019 18:31:10.152715649	85.364937	25.532450	994.472332	6.832334	25.523743	615.329063	78.817571	26.166956	994.386700	7.637461	12.206546	
7/11/2019 18:31:11.152715649	85.424076	25.485078	994.457744	6.797851	25.550928	617.095335	78.755568	26.199330	994.330084	6.958356	12.204758	
7/11/2019 18:31:12.152715649	85.424076	25.559858	994.035495	6.887471	25.457698	617.580931	78.647331	26.260236	994.348218	1.340816	12.206861	
7/11/2019 18:31:13.152715649	85.299228	25.616801	994.203685	6.926841	25.464800	617.513906	78.663784	26.223713	994.653849	1.076983	12.207650	
7/11/2019 18:31:14.152715649	85.522640	25.616801	994.325826	6.896093	25.480964	617.306262	78.770023	26.218422	994.527055	2.450649	12.208320	
7/11/2019 18:31:15.152715649	85.253231	25.691132	993.512000	7.133127	25.429084	618.206481	78.670855	26.182206	994.420131	6.893641	12.183114	
7/11/2019 18:31:16.152715649	85.345225	25.543742	993.905942	6.812341	25.470760	618.993027	78.774386	26.262416	994.389537	0.176752	12.190526	
7/11/2019 18:31:17.152715649	85.529211	25.627419	995.108110	6.949447	25.465086	619.451678	78.885830	26.238551	994.586036	1.897043	12.206822	
7/11/2019 18:31:18.152715649	85.266373	25.560382	994.385121	6.904099	25.486883	619.847250	78.692566	26.193308	994.581935	0.846683	12.188357	
7/11/2019 18:31:19.152715649	85.502927	25.627869	994.344040	6.946706	25.462800	622.255504	78.607957	26.246541	994.516331	1.834949	12.198739	
7/11/2019 18:31:20.152715649	85.226948	25.580122	994.321725	7.037634	25.461045	621.976899	78.825850	26.276311	994.393481	-0.180358	12.191932	
7/11/2019 18:31:21.152715649	85.410934	25.586442	993.992915	6.887986	25.482067	623.508583	78.692618	26.240107	994.428962	1.236015	12.213222	
7/11/2019 18:31:22.152715649	85.463502	25.607005	994.980056	6.890767	25.492843	622.365893	78.638604	26.207839	994.660787	3.600567	12.203720	
7/11/2019 18:31:23.152715649	85.272944	25.596536	993.402082	6.779422	25.516640	623.429728	78.828505	26.206695	994.627513	6.957046	12.199094	
7/11/2019 18:31:24.152715649	85.272944	25.754544	993.829455	6.490434	25.550642	624.023744	78.784559	26.247578	994.146674	1.097681	12.186912	
7/11/2019 18:31:25.152715649	85.542353	25.596536	994.182159	6.775072	25.458514	625.314936	78.609219	26.206801	994.445052	-0.034160	12.204509	
7/11/2019 18:31:26.152715649	85.325512	25.627644	994.569003	6.916017	25.470188	625.163804	78.731701	26.235439	994.572790	1.488323	12.212499	
7/11/2019 18:31:27.152715649	85.496356	25.617250	995.565212	6.956765	25.460841	627.079893	78.887486	26.219459	994.509707	1.630589	12.206270	
7/11/2019 18:31:28.152715649	85.483214	25.550137	994.214881	6.956682	25.485455	627.125889	78.901180	26.223607	993.997959	2.751946	12.188791	
7/11/2019 18:31:29.152715649	85.647488	25.507288	992.975417	6.913464	25.573297	626.550271	78.971805	26.145577	994.268737	6.175761	12.173415	
7/11/2019 18:31:30.152715649	85.575208	25.561729	994.856811	6.744698	25.532151	627.459689	78.756777	26.181899	994.196509	8.518305	12.183127	
7/11/2019 18:31:31.152715649	85.509498	25.564381	994.903412	6.815957	25.493700	627.940685	78.689516	26.174946	994.472332	6.695834	12.208425	
7/11/2019 18:31:32.152715649	85.305799	25.639610	993.196831	7.025958	25.453453	628.811338	78.809948	26.251208	994.511915	1.360203	12.196584	
7/11/2019 18:31:33.152715649	85.529211	25.533573	993.798704	6.919459	25.519457	629.561740	78.786162	26.228274	994.225211	3.693573	12.193404	
7/11/2019 18:31:34.152715649	85.443789	25.740076	995.780635	6.263973	25.418594	630.502702	78.673115	26.199224	994.192251	9.628138	12.164886	
7/11/2019 18:31:35.152715649	85.634346	25.796795	995.337884	7.316478	25.653015	633.257890	78.958872	26.245599	994.310371	4.213646	12.184152	
7/11/2019 18:31:36.152715649	85.647488	25.612577	994.442999	7.021553	25.475005	630.801021	78.539488	26.227449	994.638866	3.208614	12.210041	
7/11/2019 18:31:37.152715649	85.391221	25.608727	995.503314	7.274062	25.646403	635.812687	78.866327	26.315014	994.849556	1.651287	12.191196	
7/11/2019 18:31:38.152715649	85.686914	25.530097	994.651641	6.531222	25.528314	631.923997	78.898315	26.140180	994.454513	8.398048	12.184914	
7/11/2019 18:31:39.152715649	85.581779	25.619570	995.334335	7.045467	25.526600	634.395328	78.660420	26.305786	994.953957	8.555769	12.183784	
7/11/2019 18:31:40.152715649	85.654059	25.576048	995.407747	6.765493	25.528804	633.061425	78.717955	26.177433	994.323618	5.866600	12.189119	
7/11/2019 18:31:41.152715649	85.542353	25.692105	994.137214	7.330060	25.650403	635.725285	78.975668	26.216961	994.608586	5.950703	12.163309	
7/11/2019 18:31:42.152715649	85.640917	25.544940	995.647612	6.652101	25.526273	635.177274	78.543247	26.185942	994.148724	3.349569	12.185400	
7/11/2019 18:31:43.152715649	85.502927	25.629964	995.463731	6.936584	25.650934	639.713860	78.960371	26.249959	994.462237	10.223140	12.165832	
7/11/2019 18:31:44.152715649	85.502927	25.596761	994.470439	6.761859	25.437329	636.377128	78.733542	26.225682	994.395531	0.351240	12.177791	
7/11/2019 18:31:45.152715649	85.588349	25.661371	996.074434	6.864359	25.546723	636.289073	78.639051	26.252139	994.971462	11.427289	12.178304	
7/11/2019 18:31:46.152715649	85.634346	25.645181	994.198403	6.956783	25.473331	635.774575	78.628117	26.221321	994.783951	1.627968	12.189093	
7/11/2019 18:31:47.152715649	85.424076	25.708295	995.051732	7.267533	25.563990	639.023905	78.846457	26.239376	994.501348	1.162396	12.197478	
7/11/2019 18:31:48.152715649	85.916897	25.491847	994.057968	7.251725	25.472148	637.559898	78.534521	26.210844	993.886463	4.454160	12.181537	
7/11/2019 18:31:49.152715649	85.548924	25.629366	994.441895	7.024654	25.545295	638.924683	78.890403	26.250171	994.925570	9.547966	12.189763	
7/11/2019 18:31:50.152715649	85.562066	25.633889	993.993152	6.731931	25.518069	637.890414	78.695273	26.145165	994.706364	7.017829	12.188475	
7/11/2019 18:31:51.152715649	85.713197	25.755218	994.859728	7.099555	25.524926	639.461527	78.696139	26.245398	994.815653	13.090728	12.179841	
7/11/2019 18:31:52.152715649	85.384650	25.601808	994.577677	6.807891	25.507864	639.215119	78.697690	26.153261	994.345381	8.050112	12.207571	
7/11/2019 18:31:53.152715649	85.739481	25.660473	994.606616	7.322665	25.641015	643.062412	78.891507	26.232941	994.567110	6.280562	12.199620	
7/11/2019 18:31:54.152715649	85.463502	25.565878	993.547641	6.853348	25.542968	641.426243	78.836417	26.205140	994.181527	3.610781	12.200408	
7/11/2019 18:31:55.152715649	85.759194	25.578817	993.370383	7.093231	25.623177	644.728147	78.638500	26.315956	994.183420	4.997552	12.159997	
7/11/2019 18:31:56.152715649	85.437218	25.661970	994.143837	6.897921	25.452391	643.568374	78.704157	26.214580	994.361150	-0.116953	12.194284	
7/11/2019 18:31:57.152715649	85.719768	25.693677	994.844511	7.093720	25.503455	644.755745	78.749601	26.217279	994.507657	6.262485	12.162481	
7/11/2019 18:31:58.152715649	85.673772	25.644882	993.165370	6.898810	25.523988	643.118260	78.529054	26.139873	994.369509	6.563782	12.178527	
7/11/2019 18:31:59.152715649	85.470073	25.624243	995.657705	7.259372	25.636484	645.768984	78.778250	26.189053	994.494882	4.395997	12.195782	
7/11/2019 18:32:00.152715649	85.601491	25.671840	993.493785	6.943925	25.543540	644.306946	78.805218	26.148276	993.971151	4.185085	12.180117	
7/11/2019 18:32:01.152715649	85.640917	25.620918	993.946157	6.804238	25.517212	646.468791	78.677820	26.219353	994.923677	7.492575	12.163269	
7/11/2019 18:32:02.152715649	85.378079	25.676439	992.988032	7.181502	25.416920	643.602540	78.692119	26.145789	993.969258	8.189757	12.180446	
7/11/2019 18:32:03.152715649	85.877471	25.724485	995.044399	7.215802	25.534274	646.803906	78.562565	26.197149	994.660787	2.247600	12.173270	
7/11/2019 18:32:04.152715649	85.463502	25.644657	995.077911	7.010173	25.467903	646.196754	78.521431	26.191964	994.630192	1.095060	12.209844	
7/11/2019 18:32:05.152715649	85.732910	25.676813	994.514123	7.254949	25.581787	646.803906	78.827453	26.203372	994.949856	4.741312	12.196531	
7/11/2019 18:32:06.152715649	85.621204	25.591863	994.860832	6.687313	25.519742	645.790666	78.766397	26.105012	994.480691	8.431581	12.204719	
7/11/2019 18:32:07.152715649	85.765765	25.598857	995.402542	6.835106	25.547254	648.444675	78.736012	26.282651	994.765345	3.931736	12.162139	
7/11/2019 18:32:08.152715649	85.568637	25.624243	994.122940	6.807526	25.501333	647.374925	78.747551	26.154298	994.194459	4.786640	12.200737	
7/11/2019 18:32:09.152715649	85.916897	25.665970	995.963175	7.013670	25.574766	648.779790	78.837678	26.190196	994.570739	4.706468	12.137262	
7/11/2019 18:32:10.152715649	85.535782	25.592312	995.913972	6.664457	25.538437	648.124011	78.607800	26.155335	994.592817	8.289315	12.190644	
7/11/2019 18:32:11.152715649	85.752623	25.782476	993.513341	7.550125	25.635912	650.626886	78.804981	26.205965	994.352633	9.092609	12.169998	
7/11/2019 18:32:12.152715649	85.509498	25.602482	993.480776	6.784861	25.521171	648.972319	78.772968	26.126073	994.527055	7.673615	12.188081	
7/11/2019 18:32:13.152715649	85.746052	25.673487	994.862883	7.014650	25.471617	650.894324	78.650538	26.281095	994.936452	3.310794	12.189001	
7/11/2019 18:32:14.152715649	85.443789	25.605883	993.746978	6.728625	25.490802	651.393055	78.594106	26.144540	994.023667	8.450968	12.169880	
7/11/2019 18:32:15.152715649	85.818332	25.797768	993.997725	7.217662	25.562316	652.114543	78.712541	26.199224	994.861859	9.686300	12.179539	
7/11/2019 18:32:16.152715649	85.502927	25.587041	994.350901	6.955629	25.495659	652.422724	78.757066	26.146308	994.255805	3.693573	12.212289	
7/11/2019 18:32:17.152715649	85.726339	25.593585	994.154796	7.219427	25.690324	656.445464	78.837626	26.217691	994.354841	5.531770	12.179907	
7/11/2019 18:32:18.152715649	85.805191	25.597435	994.804453	6.739842	25.523130	653.816422	78.629773	26.140910	994.356577	5.598836	12.203457	
7/11/2019 18:32:19.152715649	85.621204	25.662494	996.206668	6.921698	25.554071	657.104527	78.897526	26.246541	994.770232	5.366186	12.174808	
7/11/2019 18:32:20.152715649	85.739481	25.602707	994.082253	6.948981	25.480924	656.019663	78.766502	26.164775	994.369824	1.622726	12.210515	
7/11/2019 18:32:21.152715649	85.680343	25.723811	994.017595	7.156379	25.562602	656.639298	78.536781	26.115902	994.325825	10.935777	12.182272	
7/11/2019 18:32:22.152715649	85.647488	25.692928	995.030915	6.866744	25.525702	654.819147	78.721214	26.147864	994.408778	6.279251	12.167606	
7/11/2019 18:32:23.152715649	85.831474	25.650828	994.986284	7.138794	25.621177	658.609930	78.931775	26.164669	994.744054	8.165127	12.190578	
7/11/2019 18:32:24.152715649	85.548924	25.645481	994.830632	6.877162	25.465617	658.029059	78.746632	26.167580	994.444103	1.131214	12.200237	
7/11/2019 18:32:25.152715649	85.930038	25.605027	995.381173	6.807193	25.497986	658.389804	78.619943	26.229111	994.396003	5.733509	12.166726	
7/11/2019 18:32:26.152715649	85.634346	25.670643	995.562610	6.798927	25.470433	656.484881	78.679082	26.123586	994.163707	6.997131	12.175820	
7/11/2019 18:32:27.152715649	85.732910	25.760715	995.109214	7.090573	25.629463	658.521875	78.740271	26.150975	994.384807	8.066879	12.187332	
7/11/2019 18:32:28.152715649	85.811762	25.649630	994.143442	6.922970	25.497945	657.769505	78.537832	26.124210	994.529263	5.364875	12.208911	
7/11/2019 18:32:29.152715649	85.614633	25.608952	994.453880	7.071702	25.641301	660.997816	78.803877	26.225682	994.567267	3.926494	12.198805	
7/11/2019 18:32:30.152715649	85.667201	25.612427	994.655976	6.813887	25.512966	657.824700	78.879207	26.115701	994.522639	7.493885	12.207111	
7/11/2019 18:32:31.152715649	85.772336	25.666494	994.118210	6.956089	25.460514	660.079852	78.485817	26.174321	994.610479	0.126182	12.211434	
7/11/2019 18:32:32.152715649	85.700056	25.631087	994.925490	7.379220	25.803106	664.017168	78.878917	26.257950	994.661730	3.951124	12.191380	
7/11/2019 18:32:33.152715649	85.548924	25.665296	993.259124	6.944577	25.486353	659.626453	78.738115	26.214167	994.529420	2.896832	12.177909	
7/11/2019 18:32:34.152715649	85.916897	25.753240	994.203290	7.122708	25.490067	662.587979	78.639603	26.305786	995.477058	7.020451	12.170353	
7/11/2019 18:32:35.152715649	85.594920	25.745498	993.233260	6.916395	25.446636	662.863963	78.584381	26.142678	994.673719	1.913809	12.175623	
7/11/2019 18:32:36.152715649	85.713197	25.872099	994.275124	7.409891	25.569990	662.270599	78.871295	26.106875	994.823062	7.089098	12.158946	
7/11/2019 18:32:37.152715649	85.785478	25.622971	994.538803	6.866110	25.504190	662.208837	78.738010	26.114664	994.601491	7.517204	12.205521	
7/11/2019 18:32:38.152715649	85.686914	25.577769	994.964758	7.158946	25.659465	664.927239	79.054914	26.233672	994.709043	5.457881	12.196650	
7/11/2019 18:32:39.152715649	85.713197	25.665446	994.920365	6.955328	25.467617	663.712271	78.825088	26.173496	994.678134	2.737801	12.208438	
7/11/2019 18:32:40.152715649	85.870900	25.736451	994.344986	7.197354	25.492924	663.774034	78.646227	26.260966	994.886145	10.040789	12.153518	
7/11/2019 18:32:41.152715649	85.634346	25.602183	994.516331	6.699154	25.502476	663.973794	78.663784	26.107711	994.410828	8.787380	12.199370	
7/11/2019 18:32:42.152715649	85.923468	25.724709	995.686486	7.160018	25.600523	667.581247	78.871190	26.151282	994.109770	6.671204	12.170747	
7/11/2019 18:32:43.152715649	85.838045	25.619121	995.050076	6.713634	25.495945	665.619814	78.542091	26.098059	994.509707	7.222189	12.202669	
7/11/2019 18:32:44.152715649	85.870900	25.662794	994.400656	7.196994	25.561418	667.138363	78.767211	26.243948	994.945755	1.856957	12.185782	
7/11/2019 18:32:45.152715649	85.746052	25.624693	994.843012	6.563863	25.518314	666.874210	78.862806	26.110822	994.325825	7.487332	12.208031	
7/11/2019 18:32:46.152715649	85.732910	25.798816	994.610085	7.178770	25.472760	668.414440	78.647226	26.233884	995.025713	9.117238	12.176346	
7/11/2019 18:32:47.152715649	85.555495	25.661895	993.144473	6.829881	25.491128	668.509063	78.651694	26.110822	994.317309	2.916220	12.201276	
7/11/2019 18:32:48.152715649	85.680343	25.755967	995.414842	7.160879	25.617217	671.121012	78.911220	26.144434	994.437636	6.631119	12.178212	
7/11/2019 18:32:49.152715649	85.588349	25.687731	994.071214	7.001378	25.433043	669.917875	78.487420	26.169136	994.503241	-0.528293	12.209279	
7/11/2019 18:32:50.152715649	85.831474	25.631162	994.003087	7.088659	25.581828	672.916860	78.762796	26.255050	994.599755	4.423248	12.160838	
7/11/2019 18:32:51.152715649	85.713197	25.624543	995.630974	6.852678	25.480067	671.230749	78.723422	26.149007	994.190358	2.400079	12.206059	
7/11/2019 18:32:52.152715649	85.923468	25.735852	995.936207	6.885606	25.574194	669.793677	78.895004	26.260342	994.253440	10.668013	12.169525	
7/11/2019 18:32:53.152715649	85.910326	25.614074	994.504740	6.621717	25.508681	670.984993	78.646174	26.122961	994.483371	7.117388	12.207663	
