
Time stamp	Inside_humidity (in %rH)	Inside_temperature (in °C)	Inside_pressure (in mbar)	Soil_moisture (in %VWC)	Soil_temperature (in °C)	Inside_CO2_ratio (in ppm)	Outside_humidity (in %rH)	Outside_temperature (in °C)	Outside_pressure (in mbar)	Outside_PAR (in µmol m^-2 s^-1)	Power_box_charge (in V)	
7/11/2019 18:43:56.152715649	81.507794	25.326952	993.684133	13.957411	26.591028	628.495926	79.866110	25.798926	994.455456	4.094700	12.177252	
7/11/2019 18:43:57.152715649	81.737777	25.117048	993.361157	13.288448	26.526943	628.148328	79.487807	25.792291	994.590924	6.548326	12.187293	
7/11/2019 18:43:58.152715649	81.672068	25.190706	993.532344	14.224272	26.653277	625.848496	79.718342	25.842095	994.670089	2.695094	12.165924	
7/11/2019 18:43:59.152715649	81.711493	25.199004	994.343173	13.444138	26.529188	624.841171	79.748832	25.808684	994.577205	0.688962	12.174821	
7/11/2019 18:44:00.152715649	82.086037	25.202372	994.932903	13.487728	26.563517	624.071056	79.516903	25.949282	995.039274	10.811589	12.175820	
7/11/2019 18:44:01.152715649	81.580075	25.163672	994.539592	13.164971	26.575640	622.926397	79.553122	25.873019	994.520903	3.894001	12.171720	
7/11/2019 18:44:02.152715649	82.112321	25.291022	994.291367	13.952764	26.585640	621.804073	79.669533	25.819055	994.678606	7.927234	12.180459	
7/11/2019 18:44:03.152715649	82.197743	25.211194	993.094875	13.687519	26.496860	621.010307	79.433584	25.786481	994.623411	-1.286259	12.167462	
7/11/2019 18:44:04.152715649	82.197743	25.206372	994.346090	13.895164	26.657522	620.452434	79.680467	25.891794	994.676713	1.366756	12.182930	
7/11/2019 18:44:05.152715649	82.079466	25.217664	993.803751	13.070170	26.562333	618.673679	79.582955	25.887126	994.802563	2.418156	12.156002	
7/11/2019 18:44:06.152715649	82.460581	25.255241	995.524603	13.726135	26.534617	617.722202	79.368479	25.921056	994.674033	5.776216	12.165096	
7/11/2019 18:44:07.152715649	82.513148	25.232582	994.093135	13.409830	26.560659	617.295748	79.503157	25.847799	994.402626	-0.546370	12.195612	
7/11/2019 18:44:08.152715649	82.394871	25.338394	995.179392	13.942401	26.627276	617.258951	79.598304	25.831925	994.253755	0.352550	12.147236	
7/11/2019 18:44:09.152715649	82.572287	25.233704	996.103610	13.054613	26.529760	617.176159	79.160416	25.872807	995.074442	6.667273	12.166883	
7/11/2019 18:44:10.152715649	82.802270	25.165618	994.700764	13.635565	26.606825	617.855599	79.485100	25.939005	994.901914	7.650296	12.177831	
7/11/2019 18:44:11.152715649	82.394871	25.248173	993.865412	13.333308	26.545883	615.183845	79.450484	25.866997	994.566638	0.174131	12.179854	
7/11/2019 18:44:12.152715649	82.789128	25.360605	994.393481	13.547831	26.592988	614.284942	79.413319	25.918982	995.296963	2.936918	12.150509	
7/11/2019 18:44:13.152715649	82.913976	25.227010	995.040298	13.444176	26.542495	613.226359	79.302769	25.844063	994.393795	0.255613	12.195388	
7/11/2019 18:44:14.152715649	82.808841	25.308409	996.450240	13.470279	26.661849	615.307380	79.422650	25.913266	995.127429	9.037067	12.148051	
7/11/2019 18:44:15.152715649	82.749702	25.290423	994.485579	13.166720	26.560333	613.284185	79.229832	25.875506	994.675927	2.285064	12.193009	
7/11/2019 18:44:16.152715649	83.058537	25.255166	994.447414	13.577229	26.645358	615.380321	79.412163	25.932676	994.772755	1.494876	12.176424	
7/11/2019 18:44:17.152715649	83.143959	25.223160	994.901204	13.442699	26.487267	612.100098	79.426408	25.802249	994.240822	1.172610	12.197741	
7/11/2019 18:44:18.152715649	83.176814	25.324225	995.453559	13.533362	26.523024	613.244757	79.251253	25.921469	995.006629	6.852245	12.176490	
7/11/2019 18:44:19.152715649	83.222810	25.222412	994.879284	13.156809	26.564578	613.121885	79.214088	25.906843	994.492202	4.888819	12.190972	
7/11/2019 18:44:20.152715649	83.235952	25.273228	996.140039	13.903182	26.589886	612.888612	79.448933	25.936094	994.753199	7.528729	12.160970	
7/11/2019 18:44:21.152715649	83.189956	25.176761	994.983919	13.200437	26.461470	611.983794	79.128009	25.857864	994.824641	6.689281	12.170313	
7/11/2019 18:44:22.152715649	83.459364	25.234902	995.940151	13.585234	26.582457	613.641645	79.326188	25.919394	994.641545	4.650927	12.172206	
7/11/2019 18:44:23.152715649	83.367371	25.191454	995.051732	13.236368	26.489227	612.623806	79.316910	25.904038	994.562065	6.438283	12.191327	
7/11/2019 18:44:24.152715649	83.400226	25.445704	994.899863	13.527948	26.566088	613.597618	79.157657	25.927173	994.888667	12.926454	12.148182	
7/11/2019 18:44:25.152715649	83.459364	25.213141	995.347819	13.276532	26.490941	612.411563	79.163176	25.841989	994.434957	4.429530	12.193956	
7/11/2019 18:44:26.152715649	83.682776	25.302763	995.621906	14.071040	26.605764	613.194162	79.382515	25.935364	994.587923	4.857908	12.172719	
7/11/2019 18:44:27.152715649	83.308232	25.301715	993.086991	13.320178	26.521514	611.757752	79.233591	25.890756	994.360993	-0.154417	12.191708	
7/11/2019 18:44:28.152715649	83.702489	25.272030	993.890644	13.509687	26.535148	611.759068	79.508467	25.918876	994.332763	4.637821	12.155503	
7/11/2019 18:44:29.152715649	83.847050	25.228507	994.823694	13.209656	26.478736	612.215750	79.296198	25.897710	994.496618	5.679007	12.192510	
7/11/2019 18:44:30.152715649	83.689347	25.407453	995.405459	13.912016	26.566047	611.728839	79.422045	25.886396	994.704785	4.502109	12.174874	
7/11/2019 18:44:31.152715649	83.794482	25.275505	994.889928	13.258453	26.530576	612.201952	79.246942	25.897710	994.833315	7.427859	12.172876	
7/11/2019 18:44:32.152715649	83.939043	25.335293	995.140281	13.894478	26.612214	612.842617	79.393659	25.924887	994.694061	4.079244	12.160956	
7/11/2019 18:44:33.152715649	83.630209	25.318055	993.080525	13.517334	26.559476	612.162524	79.251096	25.928422	994.590766	4.297749	12.167830	
7/11/2019 18:44:34.152715649	83.952185	25.320899	995.389215	13.435894	26.527800	612.213119	79.246390	26.005309	995.203601	10.666702	12.168500	
7/11/2019 18:44:35.152715649	84.011323	25.276553	995.451903	13.582782	26.479594	610.579581	79.278141	25.830887	994.236092	1.618794	12.196781	
7/11/2019 18:44:36.152715649	83.873334	25.423868	995.225284	13.681382	26.590702	613.015432	79.346953	25.935682	994.798305	6.544395	12.175452	
7/11/2019 18:44:37.152715649	83.945614	25.328674	994.365014	13.263402	26.509310	610.781309	79.020219	25.913584	994.245081	0.009857	12.170787	
7/11/2019 18:44:38.152715649	83.945614	25.272329	994.667253	13.845536	26.657808	614.556326	79.289128	25.957367	995.030758	6.979054	12.161482	
7/11/2019 18:44:39.152715649	83.860192	25.360380	994.758404	13.408057	26.500248	611.800464	79.356231	25.882872	994.746104	-0.154417	12.186728	
7/11/2019 18:44:40.152715649	84.096746	25.286948	994.210860	13.457941	26.528331	612.401049	79.084272	25.866785	994.422339	-0.674490	12.193207	
7/11/2019 18:44:41.152715649	83.899617	25.276928	993.111119	13.533771	26.494615	612.269630	79.229937	25.885983	994.078704	0.001993	12.181287	
7/11/2019 18:44:42.152715649	84.109887	25.303437	994.092583	13.461853	26.469103	613.250672	79.349765	25.868966	994.299804	2.093539	12.198687	
7/11/2019 18:44:43.152715649	84.320158	25.281601	994.608271	13.270583	26.446694	614.219232	79.221553	25.907150	994.458614	7.182104	12.193456	
7/11/2019 18:44:44.152715649	83.919330	25.323926	993.217096	13.140321	26.530005	613.307183	79.079909	25.865442	995.185309	-1.821788	12.123607	
7/11/2019 18:44:45.152715649	84.215023	25.219086	994.128302	13.526452	26.466001	613.973477	79.320274	25.848836	994.575155	4.492935	12.166187	
7/11/2019 18:44:46.152715649	84.458147	25.229929	995.779451	12.933180	26.409630	616.599888	79.289865	25.767071	994.980450	4.826725	12.145265	
7/11/2019 18:44:47.152715649	84.063891	25.318729	995.132476	13.273595	26.507065	614.309908	79.073338	25.915659	994.360993	-1.116742	12.172771	
7/11/2019 18:44:48.152715649	84.405580	25.150476	995.405459	14.125880	26.522086	613.535192	79.037329	25.999911	994.918475	1.332952	12.158262	
7/11/2019 18:44:49.152715649	84.280732	25.345313	994.465471	13.213806	26.536821	615.593216	79.360804	25.909743	994.599755	2.939539	12.191156	
7/11/2019 18:44:50.152715649	84.155884	25.334619	994.653769	13.298276	26.498289	614.859897	79.359438	25.911923	994.551498	-0.054859	12.194455	
7/11/2019 18:44:51.152715649	84.399009	25.318205	995.878962	13.219906	26.508738	615.852770	79.118283	25.936412	994.649905	7.618074	12.189619	
7/11/2019 18:44:52.152715649	84.339870	25.123743	994.004111	13.876431	26.539924	614.166006	79.421546	25.872289	994.929514	5.353080	12.169919	
7/11/2019 18:44:53.152715649	84.326729	25.287097	994.590924	13.296610	26.475348	615.779177	79.451431	25.943154	994.842146	7.833958	12.151757	
7/11/2019 18:44:54.152715649	84.385867	25.350660	994.435271	13.476014	26.508207	616.001272	79.186648	25.920432	994.498983	-2.068854	12.191590	
7/11/2019 18:44:55.152715649	84.464718	25.297491	996.048887	13.312827	26.456898	616.862726	79.236560	25.883909	994.260221	7.387774	12.183705	
7/11/2019 18:44:56.152715649	84.484431	25.270383	993.521383	13.415490	26.438244	615.854738	79.378704	25.893762	994.678763	0.440585	12.171969	
7/11/2019 18:44:57.152715649	84.326729	25.354809	994.208652	13.141762	26.530617	617.223470	79.212222	25.971061	994.564587	2.729937	12.182286	
7/11/2019 18:44:58.152715649	84.609279	25.292444	993.966027	13.439812	26.428856	616.870609	79.234352	25.871664	994.422025	4.062207	12.194994	
7/11/2019 18:44:59.152715649	84.353012	25.386964	995.572939	13.276104	26.510453	617.716949	79.316515	25.936412	994.997484	6.464224	12.172232	
7/11/2019 18:45:00.152715649	84.655276	25.318953	993.015315	13.472241	26.459470	617.505359	79.432822	25.970236	993.991179	3.023642	12.159025	
7/11/2019 18:45:01.152715649	84.543570	25.276778	994.505292	13.325617	26.452082	618.551459	79.165883	25.906219	994.581778	6.052883	12.197925	
7/11/2019 18:45:02.152715649	84.445006	25.355108	994.286400	13.248499	26.490900	618.868176	79.261688	25.922506	994.608586	0.523377	12.191603	
7/11/2019 18:45:03.152715649	84.543570	25.341388	994.225291	13.637835	26.470205	618.365498	79.339435	25.885983	994.628141	-0.551612	12.157382	
7/11/2019 18:45:04.152715649	84.293874	25.414447	993.415723	13.716816	26.395711	618.522546	79.235404	25.876331	993.947652	1.907256	12.165753	
7/11/2019 18:45:05.152715649	84.602708	25.382591	993.647704	13.597918	26.409018	619.312375	79.312100	25.911923	994.448046	5.106014	12.167264	
7/11/2019 18:45:06.152715649	84.405580	25.314430	995.217951	13.023832	26.555231	616.697131	79.436239	26.019003	993.993229	-3.291080	12.178790	
7/11/2019 18:45:07.152715649	84.780124	25.324674	994.060333	13.374213	26.482696	617.807625	79.357282	25.887952	994.431170	0.251681	12.193154	
7/11/2019 18:45:08.152715649	84.615850	25.340939	993.960507	13.564552	26.463715	618.455521	79.288918	25.881104	994.236250	1.334263	12.191538	
7/11/2019 18:45:09.152715649	84.878688	25.307886	994.801694	13.401165	26.444694	619.215122	79.197687	25.873125	994.399475	6.117598	12.183639	
7/11/2019 18:45:10.152715649	84.642134	25.408875	993.587539	13.237532	26.516412	619.159927	79.392003	25.930909	994.849084	1.670674	12.180998	
7/11/2019 18:45:11.152715649	84.878688	25.334320	994.917053	13.337138	26.469634	619.616609	79.311838	25.959134	994.586351	7.145950	12.195835	
7/11/2019 18:45:12.152715649	84.773553	25.304036	993.210630	13.423406	26.434244	617.877934	79.240319	25.867410	994.148724	1.620104	12.180643	
7/11/2019 18:45:13.152715649	84.983823	25.298988	995.692872	13.321549	26.398854	618.766985	79.210776	25.913478	994.354841	6.095590	12.159590	
7/11/2019 18:45:14.152715649	84.760411	25.324450	994.367854	13.423720	26.429958	619.612010	79.113316	25.857970	994.632243	5.664862	12.197911	
7/11/2019 18:45:15.152715649	85.042961	25.308559	995.011202	13.449006	26.422611	619.573898	79.104037	25.881729	994.345381	5.108635	12.192352	
7/11/2019 18:45:16.152715649	84.780124	25.323851	992.888601	13.354814	26.464817	621.179838	79.277589	25.922612	994.590766	7.964699	12.185584	
7/11/2019 18:45:17.152715649	84.655276	25.361353	996.160618	13.368183	26.437060	622.029462	79.321720	25.991921	994.652427	6.757928	12.165766	
7/11/2019 18:45:18.152715649	84.904972	25.350884	994.175693	13.557069	26.432815	619.644207	79.110056	25.870627	994.192251	3.098571	12.196965	
7/11/2019 18:45:19.152715649	84.530428	25.461595	993.748634	13.412414	26.497676	619.601495	79.284160	25.954361	994.868325	2.035377	12.156633	
7/11/2019 18:45:20.152715649	85.075816	25.340191	994.813522	13.357430	26.426856	621.114129	79.413714	25.905594	994.564430	6.506930	12.192983	
7/11/2019 18:45:21.152715649	84.799836	25.435010	995.737108	13.143654	26.502779	621.511670	79.130269	25.975009	994.579885	4.255042	12.181918	
7/11/2019 18:45:22.152715649	85.088958	25.567258	993.498753	13.004646	26.582416	621.553066	79.335072	25.962764	994.551812	8.480840	12.164176	
7/11/2019 18:45:23.152715649	84.812978	25.451799	993.463823	12.485626	26.482696	623.748423	79.306923	25.723076	994.492517	7.489954	12.149405	
7/11/2019 18:45:24.152715649	84.753840	25.435534	994.216460	13.673647	26.421753	620.656131	79.155501	26.135736	994.815810	-2.400023	12.141848	
7/11/2019 18:45:25.152715649	84.918113	25.403828	995.632630	13.155489	26.477308	622.365893	79.185044	25.968786	994.656371	0.622936	12.170024	
7/11/2019 18:45:26.152715649	84.786695	25.335068	994.700212	13.321813	26.422611	624.423917	79.338436	25.904557	994.516173	6.893641	12.193824	
7/11/2019 18:45:27.152715649	85.194093	25.362027	994.796569	13.359071	26.433101	623.793103	79.415527	25.871558	994.450411	5.188806	12.196505	
7/11/2019 18:45:28.152715649	84.957539	25.404202	994.612450	13.429223	26.459184	625.584342	79.387877	25.941492	994.678449	-0.093634	12.181484	
7/11/2019 18:45:29.152715649	84.924684	25.325722	994.119314	13.521006	26.399385	625.886608	79.127062	25.894492	994.502927	5.270288	12.170024	
7/11/2019 18:45:30.152715649	85.154667	25.388461	994.397344	13.376766	26.448408	626.277581	79.422702	25.905276	994.222531	-0.194503	12.175597	
7/11/2019 18:45:31.152715649	84.740698	25.524558	994.553311	12.709652	26.560578	626.551586	79.270257	25.985180	994.671354	5.137196	12.163493	
7/11/2019 18:45:32.152715649	85.095529	25.382516	993.916823	13.336980	26.469062	628.609610	79.183388	25.977189	994.684758	7.147260	12.188029	
7/11/2019 18:45:33.152715649	85.115242	25.329797	994.049294	13.408025	26.425141	628.158843	79.133581	25.883391	994.693274	6.426759	12.193009	
7/11/2019 18:45:34.152715649	84.931255	25.329871	994.398054	13.439969	26.400773	628.394083	79.263396	25.897191	994.586351	6.816091	12.192168	
7/11/2019 18:45:35.152715649	85.246661	25.425515	994.733961	13.576965	26.456898	627.495833	79.400519	25.884322	994.568846	1.005715	12.182785	
7/11/2019 18:45:36.152715649	85.016678	25.721116	995.238373	14.480977	26.651073	630.800358	79.113473	26.016505	994.764395	5.094490	12.139693	
7/11/2019 18:45:37.152715649	85.351796	25.198672	993.912565	13.973610	26.561149	628.175925	79.205861	25.980925	994.280091	9.851885	12.151823	
7/11/2019 18:45:38.152715649	84.977252	25.417815	994.980213	13.928661	26.650175	631.406205	79.507415	26.069114	994.921941	10.490904	12.154478	
7/11/2019 18:45:39.152715649	85.364937	25.241596	994.852710	14.309063	26.363138	629.621534	79.330394	25.914928	994.044008	1.812940	12.152979	
7/11/2019 18:45:40.152715649	85.161238	25.544266	995.242631	13.497174	26.545434	631.636183	79.116470	26.090281	995.594706	11.458472	12.124015	
7/11/2019 18:45:41.152715649	85.404363	25.298464	993.898766	13.738586	26.617520	630.266146	78.928987	25.989953	995.194455	3.490524	12.154201	
7/11/2019 18:45:42.152715649	85.016678	25.420841	995.845608	13.847656	26.542781	633.582501	79.408404	25.929554	994.998584	2.817972	12.152401	
7/11/2019 18:45:43.152715649	85.259802	25.346436	995.766204	13.315689	26.473348	630.911410	79.264238	25.899572	994.512387	1.259334	12.161653	
7/11/2019 18:45:44.152715649	85.121813	25.423162	994.273468	13.653613	26.526086	633.579217	79.435634	26.041725	994.917211	2.415805	12.155213	
7/11/2019 18:45:45.152715649	85.358367	25.388387	993.147943	13.372660	26.409018	631.671011	79.352420	25.909224	993.903496	-0.709334	12.183810	
7/11/2019 18:45:46.152715649	85.259802	25.571781	995.091709	13.584372	26.543883	632.465440	79.129165	26.004060	995.033123	9.500017	12.141927	
7/11/2019 18:45:47.152715649	85.318941	25.383863	994.965153	13.339992	26.475022	630.492840	79.264895	25.848318	994.868325	2.407942	12.129284	
7/11/2019 18:45:48.152715649	85.174380	25.399829	995.143910	14.284846	26.551761	634.135122	79.479081	25.948551	994.570739	2.837359	12.180880	
7/11/2019 18:45:49.152715649	85.391221	25.398781	994.258960	13.504543	26.407875	631.838574	79.215534	25.889719	994.378498	4.578348	12.198384	
7/11/2019 18:45:50.152715649	85.187522	25.506016	995.097229	13.294245	26.492900	633.744149	79.234642	26.083233	995.187989	8.705898	12.152585	
7/11/2019 18:45:51.152715649	85.410934	25.415046	995.681991	13.290058	26.427999	632.410245	79.041640	25.873739	994.831579	3.487903	12.175478	
7/11/2019 18:45:52.152715649	85.516069	25.468588	996.212582	14.575018	26.359219	631.526446	79.559221	26.076999	994.197138	-3.843376	12.156620	
7/11/2019 18:45:53.152715649	85.187522	25.448399	994.260064	13.176825	26.460041	632.642202	78.985261	25.952393	994.591081	5.543295	12.158854	
7/11/2019 18:45:54.152715649	85.463502	25.368571	994.861541	13.808449	26.509065	634.738337	79.383724	25.980713	994.354684	5.976644	12.146172	
7/11/2019 18:45:55.152715649	85.220377	25.351932	994.845377	13.607671	26.414692	632.489753	79.200631	25.899159	994.503398	6.860108	12.191222	
7/11/2019 18:45:56.152715649	85.410934	25.543069	993.790582	13.713609	26.482451	634.580627	79.084272	25.984449	994.912638	1.794863	12.147065	
7/11/2019 18:45:57.152715649	85.391221	25.425290	994.467364	13.210027	26.498534	634.089779	79.210172	25.932052	994.693274	2.101402	12.185124	
7/11/2019 18:45:58.152715649	85.174380	25.553163	995.842059	14.214947	26.571109	636.172768	79.338122	25.976247	994.387801	0.687651	12.162980	
7/11/2019 18:45:59.152715649	85.351796	25.442004	992.861318	13.622756	26.418366	633.958360	79.039984	25.881210	994.334657	-0.247694	12.179105	
7/11/2019 18:46:00.152715649	85.437218	25.495846	994.581541	13.507631	26.565150	637.889761	79.314203	26.079909	994.963260	7.522447	12.168631	
7/11/2019 18:46:01.152715649	85.384650	25.383863	994.081544	13.520453	26.375016	634.859894	79.280587	25.884322	994.076182	0.020070	12.171339	
7/11/2019 18:46:02.152715649	85.726339	25.524334	994.416348	14.031882	26.480001	636.379096	79.082564	25.935988	994.847191	5.395787	12.153689	
7/11/2019 18:46:03.152715649	85.213806	25.446453	993.539834	13.238217	26.474736	637.281946	79.195926	25.951144	994.726391	7.087787	12.182680	
7/11/2019 18:46:04.152715649	85.358367	25.536824	995.612523	13.800280	26.623194	640.970224	79.188751	26.009870	994.752885	8.338575	12.163821	
7/11/2019 18:46:05.152715649	85.443789	25.385435	993.371330	13.385306	26.425468	637.022392	79.048106	25.931533	993.910120	3.412974	12.151429	
7/11/2019 18:46:06.152715649	85.233519	25.343634	996.414126	14.524913	26.379873	637.354224	79.466886	25.986111	994.695954	7.633530	12.131834	
7/11/2019 18:46:07.152715649	85.529211	25.478309	994.461608	13.210555	26.481839	638.469316	79.183940	25.930909	994.746261	2.757188	12.189750	
7/11/2019 18:46:08.152715649	85.410934	25.536749	994.030527	13.864804	26.492084	639.496355	79.321930	25.904864	994.672140	7.408472	12.165596	
7/11/2019 18:46:09.152715649	85.371508	25.398781	995.031467	13.144711	26.458001	639.395164	79.085823	25.923130	994.781114	7.455110	12.187937	
7/11/2019 18:46:10.152715649	85.575208	25.454120	995.588237	13.885599	26.550700	641.193634	79.232592	25.992334	994.698633	0.814461	12.176359	
7/11/2019 18:46:11.152715649	85.266373	25.367523	994.840567	13.357983	26.395385	640.784263	79.183940	25.871770	994.774491	7.063157	12.194455	
7/11/2019 18:46:12.152715649	85.647488	25.510689	994.733724	13.801091	26.427468	640.138335	79.192562	25.971273	995.030601	5.148720	12.175938	
7/11/2019 18:46:13.152715649	85.621204	25.457895	993.237913	13.555063	26.412120	639.516069	79.125406	25.878512	994.321253	-0.185600	12.193207	
7/11/2019 18:46:14.152715649	85.424076	25.479057	995.971060	13.968139	26.507922	642.995387	79.337674	25.948540	994.768339	5.636300	12.173257	
7/11/2019 18:46:15.152715649	85.483214	25.546844	993.305093	13.524307	26.410120	642.000546	78.972067	25.911510	994.647225	7.369697	12.154280	
7/11/2019 18:46:16.152715649	85.404363	25.490873	995.921462	13.492967	26.524331	645.249223	79.280244	26.033322	994.783479	5.080344	12.158551	
7/11/2019 18:46:17.152715649	85.509498	25.420317	995.003080	13.283926	26.473593	643.759588	79.271256	25.931015	994.739638	6.226331	12.190959	
7/11/2019 18:46:18.152715649	86.041744	25.684812	993.708024	12.750612	26.586988	646.709946	78.837046	25.989222	994.925256	11.075422	12.139627	
7/11/2019 18:46:19.152715649	85.325512	25.420542	994.330084	13.570520	26.406161	643.125491	79.177921	25.845206	994.297281	1.168678	12.191814	
7/11/2019 18:46:20.152715649	85.378079	25.611005	993.145263	14.219675	26.552088	647.130485	79.374892	26.009351	995.153765	4.979475	12.154425	
7/11/2019 18:46:21.152715649	85.640917	25.468738	996.031697	13.276896	26.456327	645.542943	78.992779	25.907044	995.044005	-1.343111	12.158683	
7/11/2019 18:46:22.152715649	85.627775	25.428658	993.144473	14.254568	26.509636	643.270045	79.316306	26.065590	994.527369	4.784018	12.125250	
7/11/2019 18:46:23.152715649	85.476643	25.499621	995.702413	13.278909	26.448980	645.289304	79.274672	25.933089	994.947334	0.008546	12.169670	
7/11/2019 18:46:24.152715649	85.811762	25.610331	995.299167	13.746723	26.545883	647.479399	79.067871	25.963283	994.984866	7.947932	12.174414	
7/11/2019 18:46:25.152715649	85.391221	25.410073	994.062541	13.301835	26.405875	646.797338	79.096915	25.884428	994.717246	4.596425	12.177055	
7/11/2019 18:46:26.152715649	85.627775	25.421889	994.586351	13.931459	26.518086	648.164754	79.423044	25.919289	994.665202	2.674396	12.182917	
7/11/2019 18:46:27.152715649	85.785478	25.400278	995.598804	13.515768	26.382935	645.876090	79.037172	25.834411	994.973513	0.060156	12.152848	
7/11/2019 18:46:28.152715649	85.542353	25.510988	995.212746	13.600678	26.450408	648.955236	79.133633	25.989328	995.093840	7.799114	12.174585	
7/11/2019 18:46:29.152715649	85.522640	25.462942	994.287267	13.362586	26.430244	647.719239	79.348399	25.928835	994.385278	0.727737	12.171115	
7/11/2019 18:46:30.152715649	85.700056	25.537722	996.573170	13.624680	26.536821	650.122892	79.019324	25.942423	994.790417	5.130644	12.155765	
7/11/2019 18:46:31.152715649	85.851187	25.707322	993.892772	13.648197	26.542332	650.504003	79.269467	26.084270	996.201232	13.234304	12.116208	
7/11/2019 18:46:32.152715649	85.502927	25.427161	994.540854	13.553322	26.377833	648.066185	79.314598	25.886915	994.330241	-0.593009	12.165214	
7/11/2019 18:46:33.152715649	85.746052	25.564156	995.316673	14.908195	26.641358	651.441682	79.271071	26.026570	994.941339	3.592704	12.144897	
7/11/2019 18:46:34.152715649	85.700056	25.467765	994.719925	13.111528	26.458858	649.803544	79.032861	25.960690	994.719768	4.192948	12.182575	
7/11/2019 18:46:35.152715649	85.509498	25.461712	996.172289	13.223251	26.578783	653.759259	79.586162	26.139260	995.195084	14.191658	12.135198	
7/11/2019 18:46:36.152715649	85.713197	25.478982	993.942845	13.553900	26.420896	649.902766	79.362697	25.880692	994.345381	-0.840075	12.186728	
7/11/2019 18:46:37.152715649	85.923468	25.659350	995.796956	13.783785	26.505758	652.123742	79.031757	25.998556	995.111817	10.489594	12.160312	
7/11/2019 18:46:38.152715649	85.476643	25.515212	994.318335	13.162230	26.468205	650.850296	78.947439	25.905594	994.647225	2.739111	12.179697	
7/11/2019 18:46:39.152715649	85.660630	25.554361	995.467357	14.028173	26.660339	654.627281	79.214587	26.017024	994.987545	4.853976	12.173560	
7/11/2019 18:46:40.152715649	85.772336	25.457520	995.715740	13.565181	26.387466	651.119049	79.052022	25.871664	994.389065	3.137346	12.175636	
7/11/2019 18:46:41.152715649	85.706626	25.492445	993.485901	13.812447	26.416692	652.667164	79.400729	26.014336	994.993225	4.861569	12.157789	
7/11/2019 18:46:42.152715649	85.660630	25.485078	994.140288	13.428877	26.441020	651.878650	79.345192	25.904969	994.452934	-0.224375	12.193325	
7/11/2019 18:46:43.152715649	85.831474	25.684587	995.497952	14.420786	26.504248	654.026033	79.139048	25.934539	994.617103	-0.224375	12.164636	
7/11/2019 18:46:44.152715649	85.483214	25.495097	994.087616	13.339546	26.447551	653.179041	79.082616	25.896461	994.606221	-0.836143	12.190223	
7/11/2019 18:46:45.152715649	85.792049	25.470160	995.213141	13.664290	26.567966	655.857363	79.357492	26.024401	995.108030	9.634690	12.166503	
7/11/2019 18:46:46.152715649	85.568637	25.463391	995.314465	13.375741	26.426570	652.939201	79.200736	25.877474	994.260378	0.841441	12.172626	
7/11/2019 18:46:47.152715649	85.805191	25.564830	993.530451	13.867488	26.443346	653.355140	79.175162	25.935682	994.923362	5.785119	12.170090	
7/11/2019 18:46:48.152715649	85.824903	25.415420	995.098885	13.348765	26.394527	655.258747	79.151638	25.939005	994.569003	7.107175	12.194166	
7/11/2019 18:46:49.152715649	85.667201	25.532076	994.273705	14.088672	26.518086	656.412604	79.354076	25.915965	994.783322	6.854866	12.182522	
7/11/2019 18:46:50.152715649	85.654059	25.521756	993.755414	13.273941	26.456041	655.845532	78.997746	25.926760	994.706836	3.407732	12.185413	
7/11/2019 18:46:51.152715649	85.969464	25.481527	994.156689	13.835601	26.433673	658.019860	79.406696	25.971273	994.936766	1.561942	12.179368	
7/11/2019 18:46:52.152715649	85.542353	25.516110	993.995675	13.524917	26.416080	656.065659	79.344693	25.871664	994.439687	-0.860773	12.194166	
7/11/2019 18:46:53.152715649	85.969464	25.605583	996.499128	13.827696	26.465144	658.273499	79.110004	25.919289	995.002057	12.658689	12.163677	
7/11/2019 18:46:54.152715649	85.995748	25.404876	995.341747	13.702655	26.394527	657.770821	79.111660	25.880798	994.297439	5.728267	12.165648	
7/11/2019 18:46:55.152715649	85.594920	25.570102	994.808474	13.868401	26.592335	660.484623	79.272622	25.982682	995.007573	5.796914	12.168553	
7/11/2019 18:46:56.152715649	85.851187	25.499771	995.020585	13.247385	26.462817	658.360891	79.225259	25.932052	994.674033	6.245719	12.189645	
7/11/2019 18:46:57.152715649	85.647488	25.543593	993.849563	13.478006	26.433673	658.883283	79.085324	26.013299	995.107244	11.537332	12.166975	
7/11/2019 18:46:58.152715649	85.752623	25.489900	993.035185	13.541141	26.392282	656.924481	79.125906	25.841989	994.192251	2.339295	12.180065	
7/11/2019 18:46:59.152715649	85.982606	25.600910	993.649675	14.166219	26.476491	657.371302	79.302769	25.873008	994.648012	1.825775	12.171798	
7/11/2019 18:47:00.152715649	85.627775	25.457445	995.232302	13.361127	26.407834	657.972549	79.176608	25.873845	994.601648	6.571646	12.189448	
7/11/2019 18:47:01.152715649	85.792049	25.534321	994.784740	13.772989	26.530862	658.220273	79.124145	26.009351	994.996219	2.569595	12.173192	
7/11/2019 18:47:02.152715649	85.798620	25.405400	995.334492	13.388789	26.340973	657.071015	79.049315	25.846868	994.374082	3.982036	12.167159	
7/11/2019 18:47:03.152715649	85.785478	25.596013	995.152661	13.520968	26.478451	659.355732	79.151138	26.021184	995.301693	10.818142	12.163677	
7/11/2019 18:47:04.152715649	85.956322	25.447875	993.748476	13.582197	26.351178	658.728866	79.355627	25.850498	994.421710	7.467945	12.157408	
7/11/2019 18:47:05.152715649	85.640917	25.563857	995.596911	14.397909	26.466532	660.142930	79.099122	25.888989	994.413822	1.602027	12.176411	
7/11/2019 18:47:06.152715649	85.719768	25.483955	994.366198	13.238399	26.417468	660.564132	79.090344	25.923236	994.562222	7.696934	12.190289	
7/11/2019 18:47:07.152715649	85.930038	25.492745	995.579957	13.787968	26.461144	662.500588	79.403384	25.998768	994.433378	4.015839	12.130126	
7/11/2019 18:47:08.152715649	85.522640	25.537797	995.259190	13.287524	26.422325	660.683720	79.334310	25.876437	994.590766	-0.122195	12.189645	
7/11/2019 18:47:09.152715649	85.956322	25.621998	995.224969	13.020007	26.524372	663.420520	78.896080	25.929766	995.533832	2.689852	12.132675	
7/11/2019 18:47:10.152715649	85.956322	25.442154	994.695245	13.464091	26.379220	661.568172	79.012044	25.866997	994.654006	5.911928	12.193299	
7/11/2019 18:47:11.152715649	85.798620	25.516335	995.788992	13.816937	26.496207	665.667789	79.092157	25.970649	995.112289	7.795183	12.146947	
7/11/2019 18:47:12.152715649	85.621204	25.521682	993.529584	13.120061	26.448653	663.837775	79.068266	25.940561	994.494724	3.886409	12.170090	
7/11/2019 18:47:13.152715649	85.811762	25.649855	993.294606	13.439403	26.632011	665.660558	79.106088	26.016411	995.904275	15.003854	12.110741	
7/11/2019 18:47:14.152715649	85.982606	25.473411	994.669618	13.674037	26.361383	663.908084	79.036515	25.895529	994.474540	6.387984	12.181287	
7/11/2019 18:47:15.152715649	85.700056	25.690159	994.662048	13.771109	26.503677	664.864813	79.062456	25.944085	994.947805	6.677757	12.168277	
7/11/2019 18:47:16.152715649	85.746052	25.537497	995.463808	13.309451	26.445551	663.874572	79.044899	25.889095	994.958530	3.475068	12.167264	
7/11/2019 18:47:17.152715649	85.989177	25.506240	996.055274	13.826992	26.529678	667.480056	79.289627	25.992545	994.713931	9.591984	12.177187	
7/11/2019 18:47:18.152715649	85.608062	25.548640	994.739086	13.444202	26.402487	664.105212	79.230988	25.859525	994.560172	-1.251415	12.193890	
7/11/2019 18:47:19.152715649	85.956322	25.575598	996.449688	13.217113	26.473348	667.110766	79.260689	26.029692	994.736958	7.447247	12.143675	
7/11/2019 18:47:20.152715649	85.811762	25.452847	994.932903	13.434844	26.359954	665.622446	79.273568	25.844688	994.522797	7.061847	12.189540	
7/11/2019 18:47:21.152715649	85.772336	25.648881	994.412247	14.240439	26.519800	666.734907	79.385222	25.919701	994.838359	4.271809	12.177082	
7/11/2019 18:47:22.152715649	85.982606	25.447201	994.554967	13.614619	26.379792	664.987033	79.298092	25.876956	994.511443	5.796914	12.188581	
7/11/2019 18:47:23.152715649	85.680343	25.549089	994.625697	13.576908	26.500779	668.647713	79.196478	26.003753	995.114182	7.434412	12.164189	
7/11/2019 18:47:24.152715649	85.792049	25.455874	995.131844	13.512799	26.338933	665.870169	79.021874	25.874363	994.743267	6.672515	12.154149	
7/11/2019 18:47:25.152715649	86.120596	25.665146	994.554652	13.884869	26.467715	667.765229	79.029050	25.994101	995.004422	10.199820	12.164255	
7/11/2019 18:47:26.152715649	85.601491	25.516185	994.428648	13.672528	26.402446	666.392561	79.089792	25.863261	994.531156	-0.816756	12.188949	
7/11/2019 18:47:27.152715649	85.857758	25.504968	993.157168	13.636974	26.395140	666.631086	79.151138	25.852572	994.115450	-0.225685	12.151218	
7/11/2019 18:47:28.152715649	86.166592	25.670418	993.955145	14.082263	26.451020	668.012953	79.302322	25.916590	994.978400	14.142398	12.149562	
7/11/2019 18:47:29.152715649	85.857758	25.379639	993.705739	14.186278	26.338157	667.056224	79.440497	25.831925	994.442052	-0.102807	12.156554	
7/11/2019 18:47:30.152715649	85.864329	25.538021	994.603461	14.821348	26.572171	670.924547	79.418681	25.927586	994.530049	3.973133	12.183232	
7/11/2019 18:47:31.152715649	86.081170	25.490873	994.015782	13.477177	26.351219	669.812738	79.127457	25.886502	994.149196	0.088717	12.167422	
7/11/2019 18:47:32.152715649	85.752623	25.587864	994.604565	13.674313	26.464572	671.316172	79.281348	26.051483	995.023977	-0.180358	12.165517	
7/11/2019 18:47:33.152715649	85.857758	25.574401	995.798140	13.461261	26.434775	670.987625	79.159365	25.936931	994.936137	2.892901	12.169591	
7/11/2019 18:47:34.152715649	86.153450	25.695580	994.169621	14.054105	26.490370	672.751266	79.106403	26.049197	994.934401	6.510862	12.135593	
7/11/2019 18:47:35.152715649	85.621204	25.542545	994.712355	13.219962	26.435918	671.441676	79.211828	25.903932	994.737587	1.731458	12.176175	
7/11/2019 18:47:36.152715649	85.877471	25.576646	994.861621	13.881028	26.601397	674.754094	79.481027	26.003954	994.834416	3.872263	12.162363	
7/11/2019 18:47:37.152715649	85.903755	25.480255	994.585879	13.484465	26.358321	671.655234	79.335309	25.835967	994.058205	2.587672	12.165017	
7/11/2019 18:47:38.152715649	85.890613	25.570177	994.370376	13.671993	26.400813	673.041701	79.295489	25.968268	994.964996	12.193118	12.169985	
7/11/2019 18:47:39.152715649	85.818332	25.553837	994.381652	13.484515	26.420611	673.700111	79.054729	25.877580	994.571053	1.825775	12.187858	
7/11/2019 18:47:40.152715649	86.186305	25.627045	996.614094	14.208834	26.480124	674.293465	79.186805	25.864087	994.569160	3.574627	12.175754	
7/11/2019 18:47:41.152715649	85.706626	25.468513	994.967913	13.376295	26.365056	674.615444	79.043795	25.845312	994.564430	6.651817	12.187661	
7/11/2019 18:47:42.152715649	85.857758	25.533872	994.325274	13.921310	26.502779	675.034015	79.324585	25.946477	994.805243	2.217728	12.174926	
7/11/2019 18:47:43.152715649	86.054886	25.468214	994.676084	13.508662	26.358525	675.344164	79.143516	25.852266	994.774648	6.484922	12.171641	
7/11/2019 18:47:44.152715649	85.824903	25.632841	994.074289	13.825697	26.454980	675.494634	79.323534	25.941079	994.536358	6.759239	12.124304	
7/11/2019 18:47:45.152715649	85.890613	25.532300	994.801931	13.294101	26.415223	675.214713	79.058041	25.896567	994.927778	5.835689	12.160391	
7/11/2019 18:47:46.152715649	85.949751	25.606631	993.733256	14.269956	26.542454	677.158400	79.150087	25.948339	995.212903	4.238276	12.149720	
7/11/2019 18:47:47.152715649	85.785478	25.511063	994.143994	13.677288	26.339830	675.923719	79.194874	25.819892	994.369667	3.720824	12.194350	
7/11/2019 18:47:48.152715649	85.969464	25.560606	994.706678	13.817616	26.486329	677.971890	79.367822	25.981644	995.050313	3.562832	12.155897	
7/11/2019 18:47:49.152715649	85.910326	25.489451	994.496618	13.401580	26.358811	677.615082	79.096915	25.795508	994.579727	7.081234	12.195283	
7/11/2019 18:47:50.152715649	85.877471	25.650753	996.031145	13.928089	26.466899	677.563824	79.171403	25.867822	994.527527	3.434983	12.128273	
7/11/2019 18:47:51.152715649	85.969464	25.563558	994.356263	13.177598	26.430530	678.029053	79.146670	25.845100	994.301383	0.855857	12.166266	
7/11/2019 18:47:52.152715649	85.667201	25.591863	994.128145	14.184184	26.552088	679.454948	79.317357	25.922400	994.995748	1.396357	12.175689	
7/11/2019 18:47:53.152715649	85.903755	25.533049	994.395294	13.519132	26.391139	677.514545	79.242422	25.777453	994.415401	-0.102807	12.194626	
7/11/2019 18:47:54.152715649	86.114025	25.623270	995.817930	13.245656	26.451796	679.233506	79.265946	26.012781	994.671511	12.327520	12.126222	
7/11/2019 18:47:55.152715649	85.680343	25.591265	993.334427	13.354342	26.422611	679.598850	79.250939	25.844169	994.647697	1.708139	12.181103	
7/11/2019 18:47:56.152715649	86.041744	25.616726	993.988105	14.045786	26.431672	680.087729	79.257115	25.827670	994.518538	6.769453	12.166529	
7/11/2019 18:47:57.152715649	86.087741	25.516110	994.430304	13.311481	26.387425	680.646917	79.043086	25.820410	994.654320	8.170369	12.184559	
7/11/2019 18:47:58.152715649	85.759194	25.565429	993.734598	13.788156	26.513841	682.309368	79.099465	25.954255	994.748941	2.970722	12.168355	
7/11/2019 18:47:59.152715649	85.824903	25.512186	993.527297	13.545845	26.378118	679.776264	78.993383	25.815013	994.336864	-0.327865	12.183547	
7/11/2019 18:48:00.152715649	86.127167	25.638412	995.398441	13.561445	26.400242	681.823773	79.053073	25.926972	995.100778	9.299589	12.162560	
7/11/2019 18:48:01.152715649	85.864329	25.490200	994.096289	13.480975	26.354852	681.129881	78.939212	25.793952	994.538094	6.114977	12.194337	
7/11/2019 18:48:02.152715649	85.870900	25.601359	994.969017	14.263479	26.489757	681.988704	79.137996	25.873633	994.481949	1.561942	12.173336	
7/11/2019 18:48:03.152715649	85.838045	25.538171	994.891821	13.373207	26.415508	682.315936	79.054677	25.885983	994.993540	2.163497	12.158512	
7/11/2019 18:48:04.152715649	86.114025	25.533648	994.875263	13.666849	26.463674	685.441740	79.249545	25.935375	995.067818	10.619024	12.164623	
7/11/2019 18:48:05.152715649	86.015461	25.490574	995.892289	13.464091	26.326523	682.801531	79.154949	25.801837	994.533678	4.781397	12.179118	
7/11/2019 18:48:06.152715649	85.877471	25.616801	995.107479	13.546335	26.457470	683.766144	79.116180	25.944921	995.006000	9.813110	12.163519	
7/11/2019 18:48:07.152715649	85.838045	25.606856	992.876458	13.585002	26.455184	680.974802	79.060696	25.996281	995.252172	-1.017184	12.118929	
7/11/2019 18:48:08.152715649	85.989177	25.655650	994.147069	14.389169	26.548700	685.260379	79.258219	25.900609	994.525476	2.166118	12.146198	
7/11/2019 18:48:09.152715649	86.035174	25.533498	994.599283	13.543751	26.398487	683.235868	79.113606	25.849461	995.187989	4.887509	12.145488	
7/11/2019 18:48:10.152715649	85.785478	25.618822	994.557964	13.871972	26.445265	684.050011	79.167277	25.992133	995.102671	6.892330	12.169814	
7/11/2019 18:48:11.152715649	85.923468	25.494648	994.899311	13.306759	26.367301	683.445480	78.935691	25.847599	994.733644	7.493885	12.167344	
7/11/2019 18:48:12.152715649	86.114025	25.706947	995.676314	13.820729	26.494043	683.195125	78.865880	25.899678	995.280087	4.419316	12.133043	
7/11/2019 18:48:13.152715649	85.903755	25.526954	993.980929	13.349318	26.359668	683.420514	78.934796	25.816780	994.588559	7.453800	12.186530	
7/11/2019 18:48:14.152715649	85.903755	25.522879	994.755802	13.872199	26.471308	683.279896	79.141755	25.851017	994.857915	6.646575	12.173757	
7/11/2019 18:48:15.152715649	85.995748	25.639161	993.502144	13.679194	26.450653	684.296419	78.961133	25.866373	994.487944	6.303881	12.157881	
7/11/2019 18:48:16.152715649	85.838045	25.624618	994.309424	13.606551	26.440775	685.338571	79.199737	25.925311	995.175057	1.419676	12.167002	
7/11/2019 18:48:17.152715649	85.844616	25.569578	995.657548	13.369239	26.380078	686.663275	79.171141	25.868034	994.947805	8.439444	12.169748	
7/11/2019 18:48:18.152715649	86.100883	25.701750	995.108662	13.853127	26.491186	686.807177	79.202892	25.879030	994.949541	4.318447	12.152165	
7/11/2019 18:48:19.152715649	85.805191	25.554286	994.055365	13.526502	26.393670	686.602166	79.048053	25.841058	994.443945	-1.354906	12.193128	
7/11/2019 18:48:20.152715649	86.133738	25.560157	995.042349	13.681407	26.456858	688.589880	79.060144	25.952393	995.063717	8.536382	12.167580	
7/11/2019 18:48:21.152715649	85.719768	25.590217	995.929664	13.156734	26.427387	688.840887	78.830266	25.871876	995.032808	5.937869	12.173927	
7/11/2019 18:48:22.152715649	86.114025	25.665221	993.921948	13.538059	26.423754	689.502581	79.041640	25.885571	994.949699	8.187135	12.163769	
7/11/2019 18:48:23.152715649	86.048315	25.612277	995.195636	13.657713	26.571599	691.571119	79.383566	26.054595	995.107873	9.990219	12.166713	
7/11/2019 18:48:24.152715649	85.890613	25.596237	994.435271	13.195363	26.420325	690.093967	79.011230	25.857864	994.630349	3.617334	12.184323	
7/11/2019 18:48:25.152715649	86.344008	25.745647	995.513249	13.713356	26.465756	691.564541	78.854998	25.992027	995.444099	6.853555	12.155542	
7/11/2019 18:48:26.152715649	85.923468	25.542919	995.337095	13.544178	26.335871	690.567732	78.974222	25.835660	994.446468	7.659470	12.189382	
7/11/2019 18:48:27.152715649	86.022032	25.664922	993.589038	14.759861	26.500493	692.002825	79.197687	25.872596	994.755250	0.541454	12.171628	
7/11/2019 18:48:28.152715649	86.100883	25.521906	995.571836	13.703340	26.318850	690.130763	79.064007	25.791772	994.341280	4.335214	12.191998	
7/11/2019 18:48:29.152715649	85.877471	25.604204	993.725924	13.588843	26.484941	694.063479	79.306870	25.983105	994.930143	4.395997	12.160260	
7/11/2019 18:48:30.152715649	86.068028	25.569877	994.217878	13.707937	26.364485	690.628841	79.084615	25.816156	994.345538	0.820743	12.185229	
7/11/2019 18:48:31.152715649	86.015461	25.659500	996.210217	14.004641	26.395997	692.989783	78.874659	25.829332	994.604013	12.376779	12.158223	
7/11/2019 18:48:32.152715649	86.074599	25.537572	993.681688	13.431857	26.334728	692.911590	78.924467	25.824146	994.791996	5.726956	12.179868	
7/11/2019 18:48:33.152715649	85.824903	25.623195	994.251547	14.048251	26.540454	695.902029	79.119335	25.906419	994.705100	8.959517	12.164781	
7/11/2019 18:48:34.152715649	86.107454	25.521756	995.295541	13.548668	26.324523	693.061407	79.056885	25.837947	994.170488	4.332592	12.176963	
7/11/2019 18:48:35.152715649	86.074599	25.577245	994.761401	13.427166	26.439061	692.491704	79.278931	26.056881	994.562537	5.231513	12.154832	
7/11/2019 18:48:36.152715649	85.962893	25.542620	994.555204	13.789395	26.339259	692.068535	79.009627	25.781707	994.461608	2.265677	12.194442	
7/11/2019 18:48:37.152715649	86.383433	25.680962	993.561440	14.213802	26.420651	692.383283	79.048106	25.839809	994.509864	4.473547	12.165030	
7/11/2019 18:48:38.152715649	85.969464	25.491173	993.175068	13.327598	26.345504	693.062723	79.113658	25.811489	994.157084	11.530779	12.163072	
7/11/2019 18:48:39.152715649	86.238873	25.523328	994.513019	14.028481	26.486043	694.602954	79.359333	25.854128	994.829057	2.670464	12.173257	
7/11/2019 18:48:40.152715649	85.923468	25.559633	994.625619	13.615569	26.346933	692.126361	79.151927	25.798101	994.516016	1.846473	12.188896	
7/11/2019 18:48:41.152715649	86.219160	25.535369	996.308623	14.008446	26.364281	695.858001	78.926517	26.016411	995.479738	8.954275	12.137577	
7/11/2019 18:48:42.152715649	85.851187	25.555933	994.613319	13.420294	26.409630	693.619280	78.794546	25.876744	994.625619	4.680528	12.162455	
7/11/2019 18:48:43.152715649	86.212589	25.643984	995.163543	14.172746	26.404732	695.687155	79.026894	25.843545	994.773069	5.312995	12.159485	
7/11/2019 18:48:44.152715649	85.805191	25.511737	994.522954	13.203047	26.354852	695.587280	79.004422	25.817193	994.358471	6.029564	12.171601	
7/11/2019 18:48:45.152715649	86.166592	25.539518	994.250838	13.917009	26.444122	698.887868	79.258876	25.881835	994.656685	2.365235	12.178829	
7/11/2019 18:48:46.152715649	85.962893	25.569353	994.663861	13.328736	26.363342	698.021814	79.082407	25.842095	994.704628	7.147260	12.172994	
7/11/2019 18:48:47.152715649	86.206018	25.634114	994.491256	13.869394	26.408487	698.951599	79.199527	25.875400	994.903807	3.694884	12.171522	
7/11/2019 18:48:48.152715649	85.811762	25.596761	993.628149	13.360813	26.410977	699.278178	78.925913	25.860044	994.958530	6.038738	12.163059	
7/11/2019 18:48:49.152715649	86.100883	25.649256	994.791049	14.437858	26.466205	700.497092	79.003318	25.873220	994.527527	0.578919	12.182443	
7/11/2019 18:48:50.152715649	85.844616	25.622597	993.277101	13.870482	26.316033	698.523177	78.973171	25.796545	994.623097	0.758648	12.171969	
7/11/2019 18:48:51.152715649	86.094312	25.582517	994.155900	13.932780	26.426570	699.983899	79.245681	25.871770	994.649905	1.256713	12.167002	
7/11/2019 18:48:52.152715649	86.087741	25.602258	993.924551	13.526338	26.409834	699.199985	79.084719	25.859113	994.428962	3.918631	12.168894	
7/11/2019 18:48:53.152715649	86.048315	25.639236	995.095573	14.150674	26.374771	698.985111	79.160706	25.817500	994.831736	8.850785	12.171785	
7/11/2019 18:48:54.152715649	86.074599	25.564231	994.833392	13.314154	26.384894	698.912834	78.913323	25.886195	994.750520	7.783658	12.186005	
7/11/2019 18:48:55.152715649	86.094312	25.575898	995.071445	14.355294	26.471879	700.622596	79.130611	25.858276	994.799248	7.706108	12.181077	
