
Time stamp	Inside_humidity (in %rH)	Inside_temperature (in °C)	Inside_pressure (in mbar)	Soil_moisture (in %VWC)	Soil_temperature (in °C)	Inside_CO2_ratio (in ppm)	Outside_humidity (in %rH)	Outside_temperature (in °C)	Outside_pressure (in mbar)	Outside_PAR (in µmol m^-2 s^-1)	Power_box_charge (in V)	
7/1/2021 11:15:28.010284149	84.911542	18.373716	1002.170276	5.586041	18.831722	456.554520	83.539110	19.530384	998.360649	-0.938323	11.928595	
7/1/2021 11:15:29.010284149	84.885259	18.320997	1000.549564	5.044544	18.962914	458.380588	83.274379	19.584443	998.423732	1.589193	11.927320	
7/1/2021 11:15:30.010284149	84.852404	18.335316	1001.522984	5.479324	18.804537	457.300323	83.786465	19.515440	998.672747	5.205572	11.945023	
7/1/2021 11:15:31.010284149	85.266373	18.304957	1002.019511	5.380376	18.802537	457.540816	84.030774	19.543454	998.647197	5.376399	11.913075	
7/1/2021 11:15:32.010284149	85.443789	18.416266	1002.671219	5.748119	18.864622	457.604557	83.837272	19.557254	998.633793	2.876134	11.947151	
7/1/2021 11:15:33.010284149	85.351796	18.336513	1002.427647	6.134450	19.065206	464.929206	84.137223	19.654270	998.550683	2.032755	11.936901	
7/1/2021 11:15:34.010284149	85.194093	18.374390	1002.029369	5.641410	18.868255	459.703978	84.164558	19.540036	998.535386	2.003154	11.936586	
7/1/2021 11:15:35.010284149	85.838045	18.459190	1001.488211	6.460776	19.096391	462.488091	83.969190	19.626351	998.857257	7.558601	11.910328	
7/1/2021 11:15:36.010284149	85.706626	18.415592	1001.820412	5.583178	18.881031	459.956301	83.861243	19.592327	998.412850	3.371578	11.954485	
7/1/2021 11:15:37.010284149	85.601491	18.409572	1001.829243	6.175412	18.949035	462.574168	83.910814	19.604878	998.739452	1.487013	11.925086	
7/1/2021 11:15:38.010284149	85.562066	18.352629	1001.918976	5.725933	18.786128	461.458421	83.940646	19.520732	998.651455	5.730888	11.950910	
7/1/2021 11:15:39.010284149	85.877471	18.437728	1002.993957	5.404573	18.988752	463.720143	83.740416	19.583088	998.949355	2.082015	11.897015	
7/1/2021 11:15:40.010284149	85.811762	18.328515	1002.210648	5.291915	18.782781	461.372998	83.855933	19.477775	999.030414	2.938229	11.915558	
7/1/2021 11:15:41.010284149	85.936609	18.552138	1003.040480	5.789559	18.896665	462.687188	84.017737	19.518964	998.999663	8.762750	11.910341	
7/1/2021 11:15:42.010284149	85.890613	18.378838	1001.488763	5.390206	18.834865	462.848836	83.645611	19.529865	998.476404	2.468726	11.952040	
7/1/2021 11:15:43.010284149	86.114025	18.342309	1001.070930	5.491830	18.971200	464.348325	84.110939	19.729601	998.800955	2.079394	11.877302	
7/1/2021 11:15:44.010284149	86.028603	18.389906	1003.114442	5.494899	18.829477	462.205539	83.874727	19.517514	998.752227	2.510122	11.936533	
7/1/2021 11:15:45.010284149	86.206018	18.433504	1002.231622	5.616489	18.866663	461.971614	83.525283	19.653339	998.448175	-1.425903	11.853634	
7/1/2021 11:15:46.010284149	86.771119	18.615776	1003.006494	5.453673	18.678448	461.457106	83.915467	19.520732	998.769575	1.770233	11.919448	
7/1/2021 11:15:47.010284149	86.646271	18.454217	1003.187616	5.656315	18.895808	462.775896	83.942592	19.677723	998.629849	5.240687	11.915190	
7/1/2021 11:15:48.010284149	86.337437	18.362648	1001.199694	5.400893	18.810497	462.179910	83.460573	19.536088	998.557463	3.980725	11.944812	
7/1/2021 11:15:49.010284149	86.455714	18.369043	1002.362594	5.519665	18.851315	462.667474	83.761076	19.610276	998.725891	3.963959	11.930212	
7/1/2021 11:15:50.010284149	86.856541	18.415443	1003.298561	5.534155	18.856091	462.815323	83.777215	19.583405	998.524504	1.895732	11.948282	
7/1/2021 11:15:51.010284149	86.790832	18.342833	1001.893901	5.654268	18.947076	466.127745	83.883454	19.622827	998.794332	3.434983	11.929134	
7/1/2021 11:15:52.010284149	86.895967	18.642285	1003.067131	5.699137	18.694041	459.833418	83.797689	19.571679	998.297095	8.144429	11.906451	
7/1/2021 11:15:53.010284149	86.725122	18.495045	1003.279400	5.806534	18.965200	465.052731	83.611547	19.571255	998.163993	6.790151	11.918108	
7/1/2021 11:15:54.010284149	86.994531	18.447673	1001.614453	5.295949	18.840539	463.695829	83.565156	19.513778	998.362700	5.866600	11.929896	
7/1/2021 11:15:55.010284149	87.093095	18.499569	1001.895952	5.749943	18.884174	465.086244	83.792170	19.514191	998.741502	7.782348	11.936546	
7/1/2021 11:15:56.010284149	87.007673	18.342234	1001.617527	5.343249	18.831192	465.199265	83.427666	19.501015	998.609821	4.949603	11.949412	
7/1/2021 11:15:57.010284149	87.191659	18.474706	1002.261270	5.616270	18.867153	465.458819	83.619379	19.637041	998.560457	4.921312	11.921893	
7/1/2021 11:15:58.010284149	87.296794	18.404899	1002.218375	5.546224	18.862051	464.992937	83.789015	19.571161	998.347246	0.930786	11.948190	
7/1/2021 11:15:59.010284149	87.434784	18.585566	1003.042294	5.996132	18.990711	467.364395	84.077927	19.877046	999.003607	5.073792	11.858588	
7/1/2021 11:16:00.010284149	87.119379	18.348105	1001.575579	5.409725	18.801435	464.823406	83.794482	19.565139	998.486972	4.024742	11.922077	
7/1/2021 11:16:01.010284149	87.566203	18.437952	1000.795659	5.503443	18.949607	467.715941	83.702437	19.584749	998.710908	6.687971	11.914888	
7/1/2021 11:16:02.010284149	87.507064	18.437204	1000.799760	5.707107	18.787230	466.203306	83.571622	19.546152	998.737087	0.046011	11.914494	
7/1/2021 11:16:03.010284149	87.513635	18.463040	1001.750787	6.011789	18.983037	467.699511	83.577194	19.581426	998.400232	5.399719	11.913180	
7/1/2021 11:16:04.010284149	87.382217	18.382988	1001.562410	5.378684	18.827192	466.083054	83.703645	19.489807	998.642624	10.647315	11.912983	
7/1/2021 11:16:05.010284149	87.783044	18.557485	1002.056966	5.757087	18.920177	466.815058	83.850257	19.546047	998.511729	4.578348	11.935153	
7/1/2021 11:16:06.010284149	87.783044	18.389906	1001.909988	5.469918	18.844213	466.739497	83.574881	19.565350	998.344881	2.921462	11.932288	
7/1/2021 11:16:07.010284149	87.776473	18.449095	1002.855100	5.491962	18.851601	468.169992	83.674654	19.596581	998.730149	5.670104	11.917727	
7/1/2021 11:16:08.010284149	87.645054	18.358724	1002.111137	5.394706	18.836580	468.325725	83.823578	19.511704	998.342830	2.609681	11.953184	
7/1/2021 11:16:09.010284149	88.065594	18.453394	1001.985685	5.698389	18.924381	467.727108	84.077323	19.570124	998.430670	6.760549	11.932420	
7/1/2021 11:16:10.010284149	87.993314	18.368594	1000.573850	4.722162	18.635956	467.405128	83.695366	19.658112	998.658235	1.600717	11.907410	
7/1/2021 11:16:11.010284149	87.894750	18.442700	1002.002086	5.745629	18.940831	471.515263	83.787017	19.558916	998.357656	1.211385	11.925849	
7/1/2021 11:16:12.010284149	88.124733	18.452271	1001.914561	5.529327	18.856377	469.407958	83.900064	19.530902	998.465208	3.205993	11.954708	
7/1/2021 11:16:13.010284149	88.223297	18.490447	1003.129424	5.710759	18.888746	470.037456	83.723306	19.567319	998.769575	5.035016	11.922602	
7/1/2021 11:16:14.010284149	88.039311	18.457843	1002.369455	5.576895	18.875929	469.253542	83.669687	19.548333	998.128354	2.387244	11.953841	
7/1/2021 11:16:15.010284149	88.105020	18.390730	1002.398865	5.253246	18.938586	470.975788	83.675259	19.527685	998.069844	-0.568379	11.867393	
7/1/2021 11:16:16.010284149	88.289006	18.384260	1002.875128	5.492350	18.826375	470.703751	83.895544	19.510561	998.268394	2.482871	11.929870	
7/1/2021 11:16:17.010284149	88.190442	18.453993	1001.920080	5.726781	18.961526	473.110037	83.720598	19.592221	998.533492	1.137767	11.932078	
7/1/2021 11:16:18.010284149	88.065594	18.368519	1001.214676	5.303805	18.790944	470.115649	83.720099	19.488876	998.252940	4.591183	11.950122	
7/1/2021 11:16:19.010284149	88.499277	18.643333	1001.762692	5.248418	18.999528	473.419523	83.727065	19.614424	998.128983	7.078613	11.884110	
7/1/2021 11:16:20.010284149	88.321861	18.385009	1001.137795	5.328426	18.788985	471.892437	83.462833	19.527685	998.633635	1.979835	11.871586	
7/1/2021 11:16:21.010284149	88.400712	18.539242	1000.836346	5.729265	18.822701	473.435953	83.803813	19.587035	998.607456	8.412193	11.893638	
7/1/2021 11:16:22.010284149	88.400712	18.363996	1001.514942	5.312787	18.811068	472.430597	83.774060	19.480473	998.515673	6.094279	11.953617	
7/1/2021 11:16:23.010284149	88.689834	18.389682	1002.077626	5.747991	18.961485	476.658351	83.808518	19.553106	998.470724	2.039308	11.914560	
7/1/2021 11:16:24.010284149	88.558415	18.590090	1003.648267	6.045009	18.872827	474.039822	83.220865	19.355232	997.644521	2.114237	11.935390	
7/1/2021 11:16:25.010284149	88.426996	18.501141	1000.561550	5.587655	19.023040	477.375241	83.729877	19.597100	998.961973	4.826725	11.878853	
7/1/2021 11:16:26.010284149	88.801540	18.431109	1002.114449	5.536116	18.847356	474.919675	83.689585	19.575203	998.206733	0.207664	11.922773	
7/1/2021 11:16:27.010284149	88.597841	18.492094	1002.906432	5.750745	18.777923	476.402081	83.321979	19.487427	998.045087	-2.593899	11.843922	
7/1/2021 11:16:28.010284149	88.551844	18.389831	1001.434040	5.443250	18.805394	476.626807	83.459469	19.515440	998.373425	3.159355	11.953394	
7/1/2021 11:16:29.010284149	88.860678	18.547615	1001.597262	6.020046	18.939402	476.895560	83.719495	19.576865	998.441709	2.246289	11.906780	
7/1/2021 11:16:30.010284149	88.873820	18.414469	1002.215773	5.475699	18.836498	479.472031	83.581348	19.528309	998.253569	-0.962953	11.920066	
7/1/2021 11:16:31.010284149	88.827824	18.565077	1000.772792	5.531524	18.968343	477.840460	83.516347	19.593777	998.708543	8.902394	11.882152	
7/1/2021 11:16:32.010284149	88.893533	18.405423	1001.698271	5.264057	18.813313	478.914157	83.536612	19.513366	998.443602	4.542194	11.956285	
7/1/2021 11:16:33.010284149	89.130087	18.443449	1001.354874	5.666223	18.918176	478.433161	83.611153	19.566176	998.439186	8.544245	11.914717	
7/1/2021 11:16:34.010284149	88.978955	18.395403	1001.762930	5.342501	18.820701	481.137767	83.385033	19.519589	998.277225	4.492935	11.940962	
7/1/2021 11:16:35.010284149	88.854107	18.411069	1002.876074	5.379532	18.839682	481.470914	83.428270	19.514816	998.253254	1.374349	11.938609	
7/1/2021 11:16:36.010284149	89.432350	18.592036	1002.925278	5.726406	18.897277	481.367745	83.609497	19.682284	999.231172	5.682939	11.891114	
7/1/2021 11:16:37.010284149	89.038094	18.558458	1001.258518	5.152096	18.947607	479.897169	83.527072	19.563064	998.264293	5.089247	11.913456	
7/1/2021 11:16:38.010284149	88.992097	18.424906	1001.840440	5.772416	18.949280	481.453168	83.502601	19.614213	998.494696	10.944951	11.889051	
7/1/2021 11:16:39.010284149	89.366641	18.400151	1001.935929	5.479246	18.829477	482.254828	83.526834	19.526542	998.515830	0.494816	11.943524	
7/1/2021 11:16:40.010284149	89.504631	18.601382	1002.548526	5.714433	18.913156	481.316497	83.578640	19.640882	998.520088	6.999753	11.883952	
7/1/2021 11:16:41.010284149	89.116945	18.380036	1001.382709	5.263769	18.825314	480.424814	83.396362	19.494792	998.447074	5.346527	11.933353	
7/1/2021 11:16:42.010284149	89.084090	18.397349	1001.946259	5.191575	18.973159	483.272016	83.547941	19.661530	998.579227	1.542554	11.892271	
7/1/2021 11:16:43.010284149	89.366641	18.480577	1001.083782	5.567448	18.787842	481.146966	83.348315	19.520107	997.858997	6.835478	11.922668	
7/1/2021 11:16:44.010284149	89.438921	18.563655	1001.300308	5.793425	18.884787	481.514278	83.486357	19.539506	998.647197	5.950703	11.918318	
7/1/2021 11:16:45.010284149	89.169513	18.383437	1000.986873	5.277926	18.893236	479.382008	83.418782	19.618266	999.104693	7.572746	11.933090	
7/1/2021 11:16:46.010284149	89.714901	18.634062	1001.822225	5.037627	18.825518	483.389636	83.614859	19.700445	998.581435	8.790001	11.881705	
7/1/2021 11:16:47.010284149	89.530914	18.421688	1002.071712	5.411065	18.831477	482.109611	83.517951	19.574685	998.209413	1.479150	11.928727	
7/1/2021 11:16:48.010284149	89.491489	18.585342	1002.010365	5.906289	18.942627	483.393573	83.589969	19.598974	998.337785	1.686130	11.925481	
7/1/2021 11:16:49.010284149	89.300931	18.421164	1003.104192	5.444691	18.860336	482.405961	83.307233	19.576971	998.421681	1.937128	11.933904	
7/1/2021 11:16:50.010284149	89.695188	18.438926	1001.883414	5.566426	18.874010	484.737992	83.707404	19.652196	998.714852	3.434983	11.927596	
7/1/2021 11:16:51.010284149	89.609766	18.373866	1002.754643	5.322120	18.808252	484.354249	83.350970	19.486802	998.882807	11.124681	11.929752	
7/1/2021 11:16:52.010284149	89.609766	18.590763	1002.706938	5.726895	18.954464	485.216357	83.427718	19.624489	998.198531	0.707039	11.910801	
7/1/2021 11:16:53.010284149	89.373212	18.483903	1002.220898	5.362065	18.907972	482.986832	83.630708	19.559434	998.268709	2.936918	11.893506	
7/1/2021 11:16:54.010284149	89.780610	18.412865	1001.966839	5.438075	18.847356	487.636441	83.632759	19.575415	998.938631	5.608010	11.910000	
7/1/2021 11:16:55.010284149	89.688617	18.453768	1000.628021	5.475339	18.857520	486.522664	83.389896	19.582675	998.467416	1.441685	11.943866	
7/1/2021 11:16:56.010284149	89.583482	18.575172	1001.563199	5.732101	18.894420	486.316988	83.572831	19.495512	999.021269	5.583380	11.889419	
7/1/2021 11:16:57.010284149	89.767468	18.452645	1000.934596	5.583926	18.871398	485.456197	83.660094	19.585998	998.454326	1.300730	11.945745	
7/1/2021 11:16:58.010284149	90.043448	18.470856	1002.035912	5.559072	18.802863	486.665250	83.266204	19.532765	998.739137	14.262655	11.890471	
7/1/2021 11:16:59.010284149	89.774039	18.463339	1001.474018	5.402412	18.864867	486.920205	83.438652	19.570536	998.272495	0.269758	11.943196	
7/1/2021 11:17:00.010284149	89.767468	18.616973	1001.774678	5.762353	18.886215	486.104746	83.696418	19.539506	998.458899	7.326990	11.908646	
7/1/2021 11:17:01.010284149	89.898887	18.421613	1001.762615	5.533503	18.827477	486.278224	83.375650	19.568462	998.703656	0.767822	11.925362	
7/1/2021 11:17:02.010284149	89.944884	18.383928	1001.560202	5.467538	18.890910	491.475191	83.484045	19.694529	998.277225	3.498387	11.903902	
7/1/2021 11:17:03.010284149	89.806894	18.461211	1001.539385	5.511942	18.830294	488.183800	83.472953	19.556016	998.270916	4.932837	11.929410	
7/1/2021 11:17:04.010284149	89.872603	18.485175	1001.759618	5.635930	18.857887	489.301514	83.689295	19.576134	998.544374	9.439234	11.921183	
7/1/2021 11:17:05.010284149	90.122299	18.458217	1001.546246	5.361067	18.828906	488.307988	83.345003	19.509005	998.244109	6.054194	11.938241	
7/1/2021 11:17:06.010284149	89.931742	18.419891	1001.692595	5.574661	18.889236	490.801666	83.615516	19.586612	998.661072	8.508091	11.921512	
7/1/2021 11:17:07.010284149	89.931742	18.500916	1000.555636	5.358482	18.855275	490.458004	83.664115	19.589110	998.285742	3.980725	11.935902	
7/1/2021 11:17:08.010284149	89.734613	18.507386	1003.077776	6.344529	19.086799	492.392493	83.572674	19.517927	997.447393	0.207664	11.892232	
7/1/2021 11:17:09.010284149	90.148583	18.421912	1001.507372	5.439361	18.820130	490.914687	83.450191	19.567731	998.348982	1.132524	11.934864	
7/1/2021 11:17:10.010284149	90.102586	18.457019	1001.376715	5.432312	18.879603	495.198289	83.600718	19.527992	999.142383	1.153223	11.884399	
7/1/2021 11:17:11.010284149	89.905458	18.490223	1000.909126	5.507738	18.808497	493.407049	83.348263	19.579670	998.489965	3.577248	11.909566	
7/1/2021 11:17:12.010284149	90.004022	18.511685	1001.717590	5.501364	18.886256	493.932062	83.689847	19.602804	998.506213	4.733448	11.908133	
7/1/2021 11:17:13.010284149	89.925171	18.411518	1001.521565	5.328900	18.786985	493.129097	83.638935	19.555074	998.508892	3.960027	11.945864	
7/1/2021 11:17:14.010284149	90.437704	18.579845	1001.259069	5.812529	18.909400	497.131462	83.619170	19.607577	998.793860	4.379231	11.899880	
7/1/2021 11:17:15.010284149	90.273431	18.427034	1002.007211	5.419555	18.842499	496.571621	83.467091	19.561615	998.305612	0.787210	11.946337	
7/1/2021 11:17:16.010284149	90.227434	18.439075	1000.274846	5.633308	18.913931	499.738824	83.718890	19.585268	998.548790	6.043980	11.903507	
7/1/2021 11:17:17.010284149	90.063161	18.411518	1000.656013	5.336697	18.830335	496.738521	83.354229	19.534945	998.290000	4.062207	11.947086	
7/1/2021 11:17:18.010284149	90.115728	18.511610	1001.727919	5.486733	18.805149	499.744729	83.504914	19.542523	998.830921	12.310754	11.925047	
7/1/2021 11:17:19.010284149	90.398278	18.443000	1000.983799	5.421027	18.819844	499.826868	83.598301	19.534532	998.605406	3.200751	11.939647	
7/1/2021 11:17:20.010284149	90.424562	18.486073	1002.948697	5.863275	18.946790	500.292750	83.289728	19.545528	998.393609	1.959137	11.902443	
7/1/2021 11:17:21.010284149	90.135441	18.421613	1001.435538	5.362120	18.818415	498.413456	83.327498	19.500084	998.542166	6.566403	11.949780	
7/1/2021 11:17:22.010284149	90.260289	18.501889	1002.347139	5.675168	18.965240	501.618108	83.623533	19.609239	998.662494	8.701966	11.930698	
7/1/2021 11:17:23.010284149	90.503414	18.479903	1001.961004	5.427794	18.832865	502.419768	83.488303	19.531939	998.423732	2.285064	11.943301	
7/1/2021 11:17:24.010284149	90.437704	18.523276	1002.857623	5.474067	18.845111	501.805384	83.501892	19.567837	998.891953	4.582280	11.887619	
7/1/2021 11:17:25.010284149	90.280002	18.439150	1002.072501	5.281259	18.811885	501.160772	83.000055	19.557879	999.142068	2.633000	11.877329	
7/1/2021 11:17:26.010284149	90.253718	18.500841	1001.937585	6.004029	18.953566	502.831108	83.401934	19.577277	998.513937	5.386884	11.936730	
7/1/2021 11:17:27.010284149	90.201150	18.494971	1001.939084	5.453905	18.867153	502.614265	83.331257	19.552587	998.305612	3.145209	11.951804	
7/1/2021 11:17:28.010284149	90.463988	18.471380	1001.675956	5.371444	18.858132	503.433008	83.475870	19.589628	998.585693	5.704947	11.931329	
7/1/2021 11:17:29.010284149	90.621690	18.422736	1001.550504	5.425031	18.817028	502.132616	83.473400	19.555180	998.454169	3.531920	11.948597	
7/1/2021 11:17:30.010284149	90.700542	18.569376	1000.892173	5.739903	18.896093	506.395189	83.433632	19.597925	998.533178	3.507290	11.909645	
7/1/2021 11:17:31.010284149	90.365424	18.264653	999.351969	4.578154	18.667713	503.480972	83.252853	19.546152	998.942417	12.209884	11.933037	
7/1/2021 11:17:32.010284149	90.411420	18.538344	1001.357082	5.732298	18.918748	505.783436	83.252511	19.560260	998.951563	5.620845	11.919304	
7/1/2021 11:17:33.010284149	90.260289	18.453469	1002.240296	5.392905	18.834580	504.299715	83.382221	19.512223	998.417266	3.366335	11.946153	
7/1/2021 11:17:34.010284149	90.529697	18.518004	1001.039231	5.600244	18.896338	508.469643	83.589417	19.593883	998.723840	8.995671	11.925599	
7/1/2021 11:17:35.010284149	90.851673	18.607103	1001.339497	6.302866	19.085329	510.035504	83.295590	19.587554	998.393137	5.133265	11.912746	
7/1/2021 11:17:36.010284149	90.700542	18.511460	1001.038916	5.570822	18.837110	506.845303	83.331809	19.586517	998.441394	1.792242	11.928175	
7/1/2021 11:17:37.010284149	90.661116	18.455340	1001.565012	5.503694	18.910543	509.731270	83.588470	19.656239	998.808843	4.395997	11.900827	
7/1/2021 11:17:38.010284149	90.608549	18.495794	1002.723182	5.510132	18.870541	508.717367	83.419177	19.580188	998.391087	3.168529	11.940199	
7/1/2021 11:17:39.010284149	90.674258	18.581717	1001.387202	5.675309	18.877725	509.813399	83.393550	19.656344	998.498325	11.044510	11.885792	
7/1/2021 11:17:40.010284149	90.766251	18.712766	1001.909199	5.181080	18.647018	507.110110	83.335620	19.449030	998.841803	5.191427	11.910998	
7/1/2021 11:17:41.010284149	90.897670	18.638136	1000.877428	5.915020	18.906584	509.333719	83.359354	19.566070	998.629849	4.924973	11.894190	
7/1/2021 11:17:42.010284149	90.575694	18.468686	1001.044593	5.515608	18.830580	510.427783	83.421937	19.536395	998.325010	4.556340	11.935823	
7/1/2021 11:17:43.010284149	90.595407	18.476203	1001.357634	5.735221	18.946954	514.388762	83.421542	19.596464	999.029150	7.390395	11.897738	
7/1/2021 11:17:44.010284149	90.785964	18.475155	1001.805824	5.417407	18.845887	510.308194	83.263340	19.529653	998.480820	2.566974	11.932420	
7/1/2021 11:17:45.010284149	90.680829	18.482823	1002.068557	5.501865	18.862663	510.425814	83.508725	19.687163	998.881228	4.172250	11.913009	
7/1/2021 11:17:46.010284149	90.509984	18.470557	1002.419525	5.251217	18.829477	513.341347	83.576984	19.547296	998.785029	4.580969	11.920290	
7/1/2021 11:17:47.010284149	91.107940	18.538568	999.625583	5.027177	18.779964	513.414940	83.516847	19.664747	999.333995	11.776535	11.904362	
7/1/2021 11:17:48.010284149	91.002805	18.469734	1001.455409	5.068495	18.703960	510.426467	83.086186	19.401819	998.018908	3.961338	11.926571	
7/1/2021 11:17:49.010284149	90.877957	18.564928	1002.047426	5.888202	18.956138	513.913018	83.642903	19.636215	998.564401	1.894422	11.928411	
7/1/2021 11:17:50.010284149	90.615120	18.549860	1000.164454	5.439593	18.768004	514.973570	83.585763	19.565245	998.235435	7.330922	11.915243	
7/1/2021 11:17:51.010284149	90.687400	18.543840	1001.601915	5.711685	18.962914	517.237922	83.574225	19.587448	998.623697	5.624776	11.926098	
7/1/2021 11:17:52.010284149	90.693971	18.723160	1001.996961	5.073647	18.896624	513.118589	83.481889	19.540236	998.752227	3.262845	11.905715	
7/1/2021 11:17:53.010284149	90.845102	18.460762	1001.650015	5.371676	18.831192	513.948499	83.638435	19.644100	998.925856	5.483821	11.920566	
7/1/2021 11:17:54.010284149	90.976521	18.511535	1001.432464	5.464711	18.861194	515.315916	83.811778	19.596475	998.460950	0.538833	11.942592	
7/1/2021 11:17:55.010284149	90.864815	18.581267	1002.860857	5.468381	18.831763	516.312073	83.408610	19.589628	998.568188	2.467415	11.889827	
7/1/2021 11:17:56.010284149	90.733396	18.475380	1002.257801	5.389016	18.829763	514.082549	83.515900	19.581638	998.682207	1.869792	11.935324	
7/1/2021 11:17:57.010284149	90.739967	18.576220	1001.147021	5.809826	18.920462	514.927574	83.836221	19.584125	998.548790	3.455681	11.921433	
7/1/2021 11:17:58.010284149	90.779393	18.491196	1002.302352	5.373651	18.786985	516.770724	83.628500	19.557667	998.390772	4.802095	11.926676	
7/1/2021 11:17:59.010284149	90.746538	18.550908	1001.684945	5.217537	19.009121	518.669732	83.646662	19.602698	999.096334	2.551518	11.899788	
7/1/2021 11:18:00.010284149	91.055373	18.532623	1001.405891	5.472987	18.866296	515.377026	83.757816	19.521875	998.452590	2.530820	11.944431	
7/1/2021 11:18:01.010284149	90.950237	18.509182	1002.797223	5.500949	18.910258	517.985040	83.929765	19.631442	998.986416	0.087407	11.912891	
7/1/2021 11:18:02.010284149	90.851673	18.516956	1002.052788	5.620269	18.856091	519.901783	83.905926	19.574791	998.859308	2.572216	11.917004	
7/1/2021 11:18:03.010284149	90.930525	18.540514	1002.209701	5.233294	18.952791	521.052358	83.690004	19.486696	998.209098	5.318237	11.839138	
7/1/2021 11:18:04.010284149	91.140795	18.507011	1002.814019	5.470474	18.847315	519.903099	83.818111	19.591290	998.662494	2.428640	11.942749	
7/1/2021 11:18:05.010284149	91.147366	18.612225	1003.150478	5.872718	18.926136	519.673110	84.045177	19.609133	998.747969	10.468895	11.909474	
7/1/2021 11:18:06.010284149	90.884528	18.469285	1002.190855	5.541792	18.805599	523.114982	83.885819	19.555899	998.689616	3.272019	11.934378	
7/1/2021 11:18:07.010284149	90.884528	18.580369	1001.003117	5.780039	18.883889	523.216825	83.772219	19.530584	998.782979	7.821123	11.923798	
7/1/2021 11:18:08.010284149	91.055373	18.501814	1000.557607	5.270699	18.812497	520.951820	83.872335	19.501015	998.727941	6.277941	11.923956	
7/1/2021 11:18:09.010284149	91.147366	18.533296	1002.770335	5.787644	18.958383	522.586674	84.093486	19.580389	998.706492	7.839200	11.928438	
7/1/2021 11:18:10.010284149	90.976521	18.470782	1000.207428	5.332616	18.802578	523.778645	84.070804	19.504232	998.631742	6.363354	11.939464	
7/1/2021 11:18:11.010284149	90.923954	18.482149	1000.444297	5.467424	18.881358	526.108706	83.924298	19.632373	998.820197	5.829136	11.915821	
7/1/2021 11:18:12.010284149	91.022518	18.475380	1001.563356	5.305547	18.811640	522.243012	83.905741	19.529653	998.447703	7.100622	11.943498	
7/1/2021 11:18:13.010284149	91.357636	18.550534	1000.861026	5.595087	18.894093	522.452624	84.219938	19.638914	999.141911	9.972142	11.899736	
7/1/2021 11:18:14.010284149	91.107940	18.544139	1000.408735	5.492929	18.808211	524.053966	84.167056	19.482029	998.927120	6.244408	11.908554	
7/1/2021 11:18:15.010284149	91.199933	18.565901	1001.844778	5.562364	18.887032	526.524645	83.866316	19.643687	998.621018	5.445046	11.894978	
7/1/2021 11:18:16.010284149	91.186791	18.485549	1001.387991	5.424671	18.822375	525.369472	84.017447	19.557879	998.296938	0.210285	11.908738	
7/1/2021 11:18:17.010284149	91.140795	18.618545	1001.549795	5.715665	18.899236	526.472735	84.187582	19.609133	998.452590	0.212906	11.912654	
7/1/2021 11:18:18.010284149	90.989663	18.470108	1001.427811	5.342734	18.810782	529.294960	83.932472	19.525505	998.703970	3.268087	11.947007	
7/1/2021 11:18:19.010284149	91.416774	18.639259	1001.454699	5.709327	18.920462	529.807490	84.032297	19.581944	998.555413	6.708669	11.931894	
7/1/2021 11:18:20.010284149	91.088227	18.496617	1001.470391	5.414703	18.830008	527.287531	84.078294	19.543560	998.457320	4.800785	11.923562	
7/1/2021 11:18:21.010284149	91.291926	18.597757	1000.994049	5.209891	18.716736	526.210549	83.960069	19.460957	998.150432	8.683889	11.914402	
7/1/2021 11:18:22.010284149	91.206504	18.575397	1001.775230	5.547756	18.885848	531.358236	84.136014	19.617123	998.642624	2.177642	11.918804	
7/1/2021 11:18:23.010284149	91.101369	18.492992	1000.251269	5.540050	18.890134	534.057589	84.050801	19.617642	998.406699	6.106074	11.908672	
7/1/2021 11:18:24.010284149	91.351065	18.475455	1002.466363	5.404896	18.805966	530.714940	84.074378	19.556111	998.590266	3.958716	11.937387	
7/1/2021 11:18:25.010284149	91.291926	18.555806	1000.261519	5.570722	18.880501	531.847116	84.289853	19.645243	998.828713	7.448557	11.916124	
7/1/2021 11:18:26.010284149	91.022518	18.495270	1002.401468	5.386472	18.799435	533.734293	84.022310	19.538268	998.949041	3.742833	11.878196	
7/1/2021 11:18:27.010284149	91.351065	18.557004	1000.697804	5.691199	18.822987	535.331036	84.213971	19.701482	998.789288	5.859008	11.882139	
7/1/2021 11:18:28.010284149	91.364207	18.765111	1002.288001	5.182192	18.846458	533.167221	84.236838	19.617748	998.391087	3.639342	11.916807	
7/1/2021 11:18:29.010284149	91.469342	18.602655	1002.529680	5.562250	18.833763	531.881281	84.121925	19.626045	999.100120	10.340775	11.902811	
7/1/2021 11:18:30.010284149	91.331352	18.538718	1000.615878	5.464246	18.845356	535.977616	84.170235	19.593258	998.524347	2.361304	11.930527	
7/1/2021 11:18:31.010284149	91.272214	18.571173	1002.339964	5.528611	18.856744	536.309447	84.280232	19.600105	998.752070	4.376610	11.914441	
7/1/2021 11:18:32.010284149	91.390490	18.485549	1001.390593	5.395340	18.789230	533.807886	84.228559	19.547708	998.515830	5.974023	11.947651	
7/1/2021 11:18:33.010284149	91.318210	18.597607	1001.755991	5.608560	18.894134	534.906550	84.103526	19.590665	998.214457	1.868481	11.883492	
7/1/2021 11:18:34.010284149	91.429916	18.512134	1001.806456	5.757625	18.760330	538.480493	84.139036	19.656450	997.861520	2.097471	11.894466	
7/1/2021 11:18:35.010284149	91.331352	18.610204	1001.594977	5.604913	18.909645	538.445664	84.385815	19.584431	998.668167	2.950024	11.903889	
7/1/2021 11:18:36.010284149	91.489055	18.541637	1002.692745	5.421346	18.881929	536.003898	84.298737	19.709885	999.292833	5.936558	11.889511	
7/1/2021 11:18:37.010284149	91.364207	18.512882	1001.954381	5.452734	18.815028	535.983531	84.065652	19.577383	998.405912	1.605959	11.942946	
7/1/2021 11:18:38.010284149	91.561335	18.578241	1002.118313	5.590295	18.862663	539.975381	84.344838	19.751180	999.196319	-0.387338	11.906937	
7/1/2021 11:18:39.010284149	91.403632	18.559356	1001.566905	5.473866	18.881317	538.102002	84.134068	19.562027	998.181026	3.572006	11.943997	
7/1/2021 11:18:40.010284149	91.548193	18.645878	1000.810956	5.717078	18.883358	536.288418	84.301496	19.680316	999.003921	14.860278	11.910407	
7/1/2021 11:18:41.010284149	91.364207	18.575621	1000.322945	5.441604	18.863765	535.764057	84.109992	19.581013	998.633950	5.662241	11.929515	
7/1/2021 11:18:42.010284149	91.659899	18.582016	1002.060987	6.022699	18.787311	539.424076	84.346546	19.637771	999.063060	7.391705	11.880075	
7/1/2021 11:18:43.010284149	91.482484	18.533221	1001.042700	5.172600	18.837396	539.319602	84.355115	19.591702	998.539958	1.216627	11.915204	
7/1/2021 11:18:44.010284149	91.528480	18.671264	1002.768284	5.816031	18.921605	536.195111	84.409286	19.597407	999.001556	9.604818	11.889340	
7/1/2021 11:18:45.010284149	91.508767	18.502638	1000.636301	5.523883	18.845070	537.042767	84.148314	19.615980	998.546267	0.287835	11.938425	
7/1/2021 11:18:46.010284149	91.436487	18.660795	1002.056966	5.735608	18.894134	540.244135	84.369571	19.613387	998.872869	1.299420	11.911997	
7/1/2021 11:18:47.010284149	91.515338	18.538344	1001.260883	5.424784	18.817273	538.303731	84.415253	19.551444	998.546582	4.886198	11.946166	
7/1/2021 11:18:48.010284149	91.410203	18.696801	1001.974803	5.896400	18.950219	538.620448	84.314638	19.605916	998.640888	7.104553	11.925310	
7/1/2021 11:18:49.010284149	91.469342	18.586989	1000.628416	5.249147	18.829192	537.647951	84.173494	19.575828	998.235906	4.397308	11.903757	
7/1/2021 11:18:50.010284149	91.462771	18.655149	1002.536935	5.956994	18.900624	541.489984	84.400770	19.592115	998.625590	9.140558	11.929252	
7/1/2021 11:18:51.010284149	91.640186	18.365119	999.759552	5.353361	18.964914	541.020818	84.396854	19.605397	998.391087	5.703637	11.903087	
7/1/2021 11:18:52.010284149	91.548193	18.613573	1002.098600	5.889214	18.944260	542.426347	84.412650	19.649285	998.680313	3.023642	11.927767	
7/1/2021 11:18:53.010284149	91.659899	18.417988	1002.485761	5.613370	18.794904	541.367111	84.397196	19.564726	998.864038	2.182884	11.898868	
7/1/2021 11:18:54.010284149	91.620473	18.638884	1002.155373	5.861671	18.951321	544.165676	84.568198	19.599999	998.656342	6.345277	11.921367	
7/1/2021 11:18:55.010284149	91.383920	18.544065	1002.403361	5.468331	18.842213	544.431145	84.517129	19.597100	998.710751	0.440585	11.941619	
7/1/2021 11:18:56.010284149	91.679612	18.628865	1002.133610	5.906481	18.964057	543.777334	84.403320	19.638290	998.864195	2.864610	11.917595	
7/1/2021 11:18:57.010284149	91.311639	18.523576	1002.296832	5.319991	18.806537	542.669471	84.286356	19.563064	998.594681	5.992099	11.931776	
7/1/2021 11:18:58.010284149	91.646757	18.581417	1001.075188	5.581592	18.895481	545.341879	84.527116	19.592009	999.711690	6.412614	11.920421	
7/1/2021 11:18:59.010284149	91.403632	18.524100	1000.773187	5.284282	18.817028	544.894395	84.265934	19.548639	999.328315	6.340035	11.940883	
7/1/2021 11:19:00.010284149	91.712467	18.582465	1002.130850	5.979773	18.975119	545.544923	84.293979	19.641814	999.744650	1.935818	11.929752	
7/1/2021 11:19:01.010284149	91.666470	18.524025	1001.198747	5.233458	18.776209	543.651830	84.329541	19.572716	999.696236	5.443736	11.917372	
7/1/2021 11:19:02.010284149	91.508767	18.538868	1001.792420	5.731459	18.960057	549.186543	84.495260	19.635485	999.269648	2.202272	11.908291	
7/1/2021 11:19:03.010284149	91.686183	18.496168	1000.816318	5.286903	18.778985	546.297293	84.333037	19.557148	999.450379	0.911398	11.895990	
7/1/2021 11:19:04.010284149	91.489055	18.560853	1002.000273	5.755327	18.934586	547.305281	84.516524	19.633517	999.413790	1.653908	11.914402	
7/1/2021 11:19:05.010284149	91.548193	18.496842	1000.501622	5.383517	18.806823	545.021215	84.137880	19.526436	998.971433	4.574417	11.935705	
7/1/2021 11:19:06.010284149	91.843885	18.555881	1000.994838	5.920345	18.981650	549.811441	84.295635	19.669309	998.967175	1.872413	11.928240	
7/1/2021 11:19:07.010284149	91.364207	18.555806	1001.392644	5.520441	18.760045	547.899950	84.261571	19.600730	998.748597	9.238806	11.897935	
7/1/2021 11:19:08.010284149	91.771605	18.581417	1001.683526	5.745137	18.943362	549.718134	84.326624	19.624383	999.194741	3.521707	11.932472	
7/1/2021 11:19:09.010284149	91.567906	18.565377	1002.558856	5.466530	18.846458	547.632512	84.222093	19.573235	998.829185	0.193518	11.940778	
7/1/2021 11:19:10.010284149	91.738750	18.567847	1000.736206	5.809347	18.868010	552.025850	84.296186	19.527261	999.418205	6.823954	11.877408	
7/1/2021 11:19:11.010284149	91.502196	18.560255	1001.794628	5.538733	18.855805	549.931030	84.336611	19.606646	998.765474	3.578559	11.945535	
7/1/2021 11:19:12.010284149	91.811031	18.608151	1001.747475	5.950292	18.910503	550.377197	84.408392	19.590453	998.862144	8.401980	11.932196	
7/1/2021 11:19:13.010284149	91.469342	18.534419	1000.537579	5.448001	18.811068	549.275250	84.382503	19.614530	998.949198	2.263055	11.914441	
7/1/2021 11:19:14.010284149	91.883311	18.824375	1002.375763	5.714771	18.896338	554.753453	84.107285	19.675849	998.590737	3.983346	11.892324	
7/1/2021 11:19:15.010284149	91.541622	18.586914	1000.665239	5.575878	18.847315	552.293288	84.240859	19.625738	998.824612	0.396568	11.936822	
7/1/2021 11:19:16.010284149	91.949020	18.597083	1002.347929	6.041904	18.963771	552.380680	84.500333	19.687988	998.846690	1.150601	11.891312	
7/1/2021 11:19:17.010284149	91.554764	18.571547	1000.234631	5.329397	18.810782	550.724143	84.387313	19.590559	999.111316	4.884888	11.928267	
7/1/2021 11:19:18.010284149	91.909595	18.602505	1002.112793	5.732567	18.898910	552.845246	84.178514	19.576028	998.737401	5.767042	11.935876	
7/1/2021 11:19:19.010284149	91.732179	18.508359	1001.938375	5.325052	18.753799	554.278372	84.161561	19.658006	998.380362	1.357582	11.905702	
7/1/2021 11:19:20.010284149	91.659899	18.655524	1000.766406	5.770957	18.900624	552.567293	84.445215	19.593046	998.831393	6.446147	11.913009	
7/1/2021 11:19:21.010284149	91.935879	18.581717	1001.255758	5.305205	18.832008	552.498300	84.429104	19.607577	999.126456	0.395257	11.910893	
7/1/2021 11:19:22.010284149	91.797889	18.681659	1002.780665	5.879658	18.952750	555.570217	84.520650	19.641295	998.783293	4.865500	11.926821	
7/1/2021 11:19:23.010284149	91.627044	18.581492	1001.708601	5.526778	18.837682	555.053087	84.329541	19.591184	998.658235	0.870002	11.940830	
7/1/2021 11:19:24.010284149	91.975304	18.668345	1002.098680	5.935583	18.926707	554.773156	84.314953	19.650936	998.942096	5.653338	11.907319	
7/1/2021 11:19:25.010284149	91.889882	18.792594	1003.073203	5.994431	18.875929	553.600247	83.974867	19.441559	998.518352	5.807127	11.914336	
7/1/2021 11:19:26.010284149	91.929308	18.604301	1000.974258	5.621550	18.866051	557.261581	84.349254	19.597819	999.138124	2.775265	11.868563	
7/1/2021 11:19:27.010284149	91.765034	18.555282	1002.703864	5.464383	18.838539	555.843569	84.350410	19.594920	998.890374	8.786069	11.930067	
7/1/2021 11:19:28.010284149	91.745321	18.671339	1002.917788	5.830726	18.888175	557.082851	84.513422	19.640364	998.697976	4.830657	11.892547	
7/1/2021 11:19:29.010284149	91.955591	18.544663	1001.429467	5.416682	18.846744	556.428387	84.443692	19.596475	998.763423	2.614923	11.936612	
7/1/2021 11:19:30.010284149	91.745321	18.623817	1002.144491	5.447923	18.857275	558.803128	84.151678	19.619197	999.058958	7.456421	11.917937	
7/1/2021 11:19:31.010284149	91.949020	18.581717	1001.660107	5.431318	18.868010	557.805655	84.387575	19.637771	998.833600	12.441495	11.940423	
7/1/2021 11:19:32.010284149	91.758463	18.597383	1002.452484	5.673886	18.861316	558.843209	84.536946	19.642862	998.850162	13.833237	11.899407	
7/1/2021 11:19:33.010284149	92.146149	18.724807	1001.777438	5.195811	18.668570	555.145731	84.142795	19.386357	998.253883	10.098951	11.932012	
7/1/2021 11:19:34.010284149	91.778176	18.619518	1001.143315	5.492363	18.817068	560.058177	84.322470	19.627082	999.071733	7.656849	11.917845	
7/1/2021 11:19:35.010284149	92.113294	18.518454	1002.676424	5.421164	18.856948	560.557571	84.449474	19.632479	998.979635	-1.248794	11.910867	
7/1/2021 11:19:36.010284149	91.751892	18.582016	1000.533006	5.507255	18.784699	559.872879	84.533083	19.582675	998.862144	0.110726	11.905308	
7/1/2021 11:19:37.010284149	92.047584	18.560928	1001.528583	5.377120	18.822946	559.797970	84.354563	19.576346	998.805057	2.243668	11.939779	
7/1/2021 11:19:38.010284149	91.738750	18.539841	1000.569435	5.306504	18.797761	560.979426	84.349306	19.581013	998.809315	5.478579	11.939661	
7/1/2021 11:19:39.010284149	92.014730	18.550310	1001.906991	5.412214	18.810497	561.034620	84.262228	19.575616	998.739295	6.380121	11.941172	
7/1/2021 11:19:40.010284149	91.876740	18.586465	1002.343670	5.531798	18.861194	560.047009	84.488295	19.647317	998.693088	0.479360	11.940318	
7/1/2021 11:19:41.010284149	91.935879	18.513256	1001.528426	5.290528	18.820701	559.684949	84.537551	19.582050	998.767681	6.469466	11.944589	
7/1/2021 11:19:42.010284149	91.830743	18.587587	1002.475904	5.269090	18.826947	559.730945	84.522648	19.570843	998.949198	5.994721	11.920868	
7/1/2021 11:19:43.010284149	91.981875	18.537263	1000.975520	5.307763	18.806251	560.501061	84.293427	19.634141	998.514251	4.906896	11.886857	
7/1/2021 11:19:44.010284149	91.843885	18.566275	1000.893671	5.359015	18.840253	558.870806	84.547538	19.596370	998.522611	6.400819	11.931105	
7/1/2021 11:19:45.010284149	91.817602	18.408866	999.576695	4.978911	18.917891	561.264609	84.793161	19.512117	998.189857	10.241217	11.907897	
7/1/2021 11:19:46.010284149	91.896453	18.513481	1001.337921	5.251268	18.783189	559.731608	84.571142	19.590253	998.918761	5.985818	11.925783	
7/1/2021 11:19:47.010284149	91.811031	18.550384	1002.612317	5.393097	18.814742	560.121918	84.403477	19.573647	998.841960	4.172250	11.927991	
7/1/2021 11:19:48.010284149	92.014730	18.534269	1000.467873	5.280548	18.834008	559.610041	84.555713	19.608614	998.463315	2.100092	11.920657	
7/1/2021 11:19:49.010284149	91.817602	18.608001	1002.015727	5.498232	18.820130	558.968713	84.696909	19.579870	998.973169	6.113667	11.923036	
7/1/2021 11:19:50.010284149	92.100152	18.565302	1000.532217	5.438636	18.817844	560.175797	84.685161	19.606021	998.597046	7.002374	11.941251	
7/1/2021 11:19:51.010284149	91.981875	18.545262	1001.806376	5.379514	18.816456	561.192984	84.414411	19.600730	998.584114	3.555239	11.932590	
7/1/2021 11:19:52.010284149	91.778176	18.550160	1001.698586	5.311414	18.814823	561.731143	84.476204	19.608508	998.314758	5.931316	11.907174	
7/1/2021 11:19:53.010284149	91.870169	18.608001	1001.938137	5.414517	18.828620	561.564896	84.660243	19.585268	998.393452	6.241787	11.943813	
7/1/2021 11:19:54.010284149	91.935879	18.629688	1003.233508	6.009851	18.792945	560.882172	84.362343	19.493543	999.113367	13.749135	11.907831	
7/1/2021 11:19:55.010284149	92.041014	18.576819	1000.926159	5.338329	18.818497	562.990791	84.456492	19.543772	998.514729	5.488793	11.932709	
7/1/2021 11:19:56.010284149	91.955591	18.623892	1000.369309	5.529901	18.841070	563.085414	84.695858	19.596994	998.470253	5.235444	11.932722	
7/1/2021 11:19:57.010284149	91.778176	18.539841	1001.499093	5.479648	18.820701	563.866044	84.754339	19.597925	998.750019	2.607059	11.943446	
7/1/2021 11:19:58.010284149	91.995017	18.608450	1001.402736	5.497844	18.845601	563.102496	84.679194	19.619092	998.295045	6.358112	11.911524	
7/1/2021 11:19:59.010284149	92.093581	18.618770	1001.776019	5.572641	18.890665	564.064488	84.449474	19.625632	998.699554	0.747124	11.938885	
7/1/2021 11:20:00.010284149	91.883311	18.597832	1003.169797	5.450705	18.877358	563.456673	84.653173	19.671701	998.721632	2.772644	11.929147	
7/1/2021 11:20:01.010284149	91.896453	18.612974	1001.730364	5.496454	18.858377	563.452073	84.893381	19.622415	998.557778	2.382002	11.939582	
7/1/2021 11:20:02.010284149	92.192145	18.803961	1002.161997	5.112365	18.674774	563.661032	84.690733	19.529653	999.133394	5.465744	11.912969	
7/1/2021 11:20:03.010284149	91.896453	18.624042	1000.646078	5.532947	18.856663	563.665632	84.624681	19.677617	998.642781	2.983556	11.935600	
7/1/2021 11:20:04.010284149	91.909595	18.534793	1001.040572	5.380855	18.768821	563.731341	84.691495	19.604984	998.732357	2.677017	11.908317	
7/1/2021 11:20:05.010284149	92.133007	18.608226	1000.476547	5.399307	18.842213	563.613721	84.859370	19.640470	998.817989	7.337475	11.928543	
7/1/2021 11:20:06.010284149	91.883311	18.545113	1002.748572	5.437337	18.633956	561.332939	84.649152	19.695566	999.682674	15.068569	11.893244	
7/1/2021 11:20:07.010284149	92.021301	18.618545	1001.642050	5.497507	18.872255	563.578893	84.616454	19.647836	998.791810	9.078463	11.944116	
7/1/2021 11:20:08.010284149	92.172432	18.525073	1002.600647	5.241446	18.806537	563.899557	84.661951	19.618679	998.829342	12.282463	11.913929	
7/1/2021 11:20:09.010284149	92.093581	18.633987	1001.736436	5.371202	18.833437	564.139397	84.833191	19.612350	998.566295	10.707059	11.919790	
7/1/2021 11:20:10.010284149	92.041014	18.591587	1001.739353	5.406606	18.841641	564.416034	84.741645	19.605503	998.448489	10.275020	11.944641	
7/1/2021 11:20:11.010284149	91.981875	18.566575	1001.766636	5.485953	18.828049	564.571766	84.545830	19.619716	998.774147	8.019201	11.934457	
7/1/2021 11:20:12.010284149	91.889882	18.608151	1001.848090	5.485534	18.872255	564.330610	84.721589	19.621272	998.485393	7.143328	11.938439	
7/1/2021 11:20:13.010284149	91.903024	18.602505	1001.528583	5.427889	18.860622	564.109168	84.824464	19.613906	998.610136	5.420417	11.939937	
7/1/2021 11:20:14.010284149	92.139578	18.591662	1001.791631	5.347831	18.820946	564.848403	84.755049	19.625632	998.721947	4.048062	11.937203	
7/1/2021 11:20:15.010284149	92.218429	18.534569	1002.718766	5.206371	18.855234	564.414718	84.756600	19.612350	999.084823	5.505830	11.906675	
7/1/2021 11:20:16.010284149	92.034443	18.582241	1000.127078	5.339838	18.807394	564.396320	84.792109	19.597925	998.868296	7.222189	11.937965	
7/1/2021 11:20:17.010284149	91.843885	18.551133	1001.903837	5.402676	18.828334	564.411434	84.788088	19.585268	998.907722	6.984297	11.914363	
7/1/2021 11:20:18.010284149	91.883311	18.560329	1000.424427	5.599159	18.739635	565.307054	84.665106	19.665266	998.087506	-5.593538	11.863490	
7/1/2021 11:20:19.010284149	92.126436	18.582091	1001.321125	5.364245	18.805966	563.939637	84.586359	19.601661	998.741188	8.022861	11.942039	
7/1/2021 11:20:20.010284149	92.159290	18.576370	1001.706551	5.565784	18.850989	564.984421	84.727004	19.665996	998.745604	3.394897	11.943984	
7/1/2021 11:20:21.010284149	92.034443	18.571173	1001.178325	5.510761	18.822416	564.677556	84.636957	19.584749	998.943046	6.323269	11.934680	
7/1/2021 11:20:22.010284149	91.949020	18.589384	1002.027713	5.245268	18.801721	565.632317	84.228821	19.708223	998.266815	1.746914	11.909014	
7/1/2021 11:20:23.010284149	91.935879	18.571173	1001.075897	5.322617	18.775923	564.324695	84.392543	19.575722	998.686779	10.960407	11.945233	
7/1/2021 11:20:24.010284149	91.975304	18.677210	1000.774448	5.682030	18.857234	564.753780	84.408444	19.632479	998.487600	4.260285	11.906635	
7/1/2021 11:20:25.010284149	92.119865	18.555731	1001.443660	5.399398	18.813599	564.552052	84.477651	19.589522	998.876970	6.967530	11.921394	
7/1/2021 11:20:26.010284149	92.106723	18.561677	1001.358343	5.318651	18.801435	565.010703	84.174046	19.570949	998.688516	8.209144	11.944313	
7/1/2021 11:20:27.010284149	92.179003	18.635259	1001.390751	5.432773	18.844784	564.929879	84.184980	19.581013	998.476719	6.239166	11.945220	
7/1/2021 11:20:28.010284149	92.251284	18.561452	1001.132276	5.300317	18.793516	566.133680	84.164768	19.542829	998.831078	6.875564	11.946915	
7/1/2021 11:20:29.010284149	92.290709	18.566649	1001.062256	5.320835	18.804006	565.964149	84.257313	19.547084	998.842117	8.478219	11.943616	
7/1/2021 11:20:30.010284149	92.185574	18.687754	1001.079366	5.440569	18.852703	566.187559	84.465061	19.599587	998.772097	7.696934	11.923220	
7/1/2021 11:20:31.010284149	92.087010	18.614471	1000.228560	5.518558	18.836294	566.494424	84.084812	19.561403	998.873026	9.832497	11.918345	
7/1/2021 11:20:32.010284149	91.929308	18.645728	1002.386250	5.422828	18.860663	566.361690	84.235997	19.579976	999.036566	10.260604	11.929055	
7/1/2021 11:20:33.010284149	92.008159	18.656347	1000.450448	5.503215	18.869153	567.348648	84.425135	19.612350	998.524818	4.086837	11.924915	
7/1/2021 11:20:34.010284149	92.146149	18.566500	1002.086062	5.313385	18.821803	567.250741	84.103369	19.574272	998.966703	8.813320	11.934680	
7/1/2021 11:20:35.010284149	92.336706	18.592784	1000.757889	5.360182	18.811925	566.972789	84.167527	19.568250	998.988624	9.603508	11.943327	
7/1/2021 11:20:36.010284149	92.303851	18.588935	1002.716559	5.878066	19.050470	572.146104	84.514027	19.678855	999.182123	6.424138	11.911866	
7/1/2021 11:20:37.010284149	92.179003	18.566799	1002.649298	5.359093	18.819844	567.748820	84.382898	19.563583	998.769889	7.312845	11.928372	
7/1/2021 11:20:38.010284149	92.119865	18.794390	1001.314816	6.046363	18.975731	569.686592	84.151126	19.639633	998.776513	8.072121	11.894440	
7/1/2021 11:20:39.010284149	92.054155	18.585534	1001.662078	5.366401	18.789189	566.680385	84.115564	19.609440	998.703656	6.820023	11.914034	
7/1/2021 11:20:40.010284149	92.500979	18.762609	1001.467789	5.763570	18.870582	566.866999	84.257365	19.622404	999.033723	11.705538	11.899052	
7/1/2021 11:20:41.010284149	92.264426	18.597532	1001.475911	5.427812	18.825763	566.531221	84.183062	19.585786	998.621646	6.323269	11.936927	
7/1/2021 11:20:42.010284149	92.316993	18.657470	1001.559335	5.535546	18.850213	568.806740	84.004305	19.711959	999.463625	6.486232	11.906359	
7/1/2021 11:20:43.010284149	92.113294	18.630287	1001.574080	5.664440	18.883889	568.170674	84.101214	19.636109	998.706492	1.338195	11.944365	
7/1/2021 11:20:44.010284149	92.060726	18.673435	1001.915665	5.736583	18.910543	569.335047	84.362738	19.716108	999.113367	5.549847	11.920303	
7/1/2021 11:20:45.010284149	92.225000	18.593234	1002.065640	5.528347	18.849887	569.058410	84.097692	19.636215	998.774147	1.440375	11.938346	
7/1/2021 11:20:46.010284149	92.310422	18.640531	1000.655461	5.844140	18.915319	570.536216	83.994475	19.611514	999.129293	6.472087	11.923470	
7/1/2021 11:20:47.010284149	92.159290	18.603927	1002.446965	5.306390	18.830906	568.630641	84.116064	19.567319	998.935951	6.160305	11.918397	
7/1/2021 11:20:48.010284149	91.870169	18.788370	1003.559952	5.912166	18.845111	571.332614	84.260914	19.590972	999.025842	5.298849	11.892876	
7/1/2021 11:20:49.010284149	92.126436	18.582615	1000.979146	5.407965	18.813068	569.047896	83.972003	19.521769	998.807422	6.073581	11.931552	
7/1/2021 11:20:50.010284149	92.422128	18.646402	1001.677060	5.508203	18.853356	570.387052	84.056925	19.598962	999.139703	14.957216	11.913140	
7/1/2021 11:20:51.010284149	92.198716	18.635783	1002.764501	5.340969	18.850458	570.586812	84.277525	19.658937	998.967018	6.199080	11.913929	
7/1/2021 11:20:52.010284149	92.152720	18.708392	1001.425603	5.588248	18.938953	572.207204	84.478859	19.734882	999.162253	11.596805	11.889853	
7/1/2021 11:20:53.010284149	92.073868	18.609049	1001.797940	5.574994	18.840825	571.174913	84.039263	19.610170	998.579541	6.285804	11.941829	
7/1/2021 11:20:54.010284149	92.408986	18.656871	1002.803846	5.624960	18.972261	573.495775	84.158092	19.701376	998.986888	6.801946	11.894978	
7/1/2021 11:20:55.010284149	92.297280	18.571996	1001.155300	5.428614	18.814456	571.115119	84.164820	19.590771	998.892896	4.540884	11.925192	
7/1/2021 11:20:56.010284149	92.238142	18.783023	1003.500814	5.990674	18.972874	572.391849	84.333090	19.614731	998.993354	10.117028	11.907660	
7/1/2021 11:20:57.010284149	92.087010	18.677135	1002.609872	5.539116	18.841356	571.140085	83.946770	19.572610	998.682364	11.642133	11.935994	
7/1/2021 11:20:58.010284149	92.474696	18.693699	1001.821516	5.508764	18.866949	572.081700	84.132465	19.621166	999.038931	12.271978	11.911393	
7/1/2021 11:20:59.010284149	92.382702	18.567548	1000.817660	5.360730	18.811680	571.924652	83.945272	19.600306	998.638680	11.512702	11.930238	
7/1/2021 11:21:00.010284149	92.408986	18.658593	1001.325383	5.576932	18.884746	573.033177	83.966431	19.796730	998.332106	12.935628	11.897002	
7/1/2021 11:21:01.010284149	92.159290	18.615743	1001.167129	5.337476	18.798863	571.580338	84.004910	19.592634	998.546110	11.533400	11.887041	
7/1/2021 11:21:02.010284149	92.113294	18.614770	1002.164756	5.705707	18.954138	573.941943	84.279314	19.651466	998.645460	3.644584	11.926190	
7/1/2021 11:21:03.010284149	92.290709	18.656422	1000.835874	5.441449	18.845070	570.918643	83.991506	19.566176	998.389193	6.914339	11.913443	
7/1/2021 11:21:04.010284149	92.376131	18.699495	1001.774206	5.833138	18.885317	573.464231	84.053351	19.608402	998.977742	7.086476	11.891075	
7/1/2021 11:21:05.010284149	92.192145	18.671115	1001.619577	5.504638	18.862091	571.309616	83.685141	19.607577	998.840224	4.491624	11.914455	
7/1/2021 11:21:06.010284149	92.244713	18.673360	1002.892713	5.513724	18.855030	573.698156	83.861952	19.642957	998.564244	9.959307	11.897252	
7/1/2021 11:21:07.010284149	92.435270	18.615369	1000.739518	5.374968	18.843070	571.730155	83.946770	19.550608	999.137653	4.291196	11.912654	
7/1/2021 11:21:08.010284149	92.527263	18.657769	1001.871271	5.553232	18.892379	575.019577	84.121059	19.715176	998.969068	11.545195	11.918266	
7/1/2021 11:21:09.010284149	92.238142	18.767581	1002.511545	5.368996	18.797761	573.914998	83.581110	19.643994	998.645146	7.264896	11.912615	
7/1/2021 11:21:10.010284149	92.297280	18.611594	1001.232733	5.687068	18.921319	575.557083	83.956153	19.667340	998.702391	7.475808	11.869286	
7/1/2021 11:21:11.010284149	92.205287	18.619144	1001.261435	5.534365	18.866582	574.047733	84.063786	19.662155	998.572761	3.394897	11.938544	
7/1/2021 11:21:12.010284149	92.349848	18.793567	1002.622962	5.703140	18.916503	574.653570	83.882112	19.639633	998.809315	7.612832	11.922879	
7/1/2021 11:21:13.010284149	92.500979	18.635783	1001.269714	5.517965	18.843356	574.414393	83.765544	19.635072	998.773990	8.382592	11.941829	
7/1/2021 11:21:14.010284149	92.527263	18.509706	1000.530404	5.557426	19.020182	576.049247	83.972003	19.550820	998.191751	10.047341	11.891877	
7/1/2021 11:21:15.010284149	92.225000	18.619369	1001.589063	5.470342	18.859765	573.268418	84.023257	19.665891	998.660443	6.968841	11.914822	
7/1/2021 11:21:16.010284149	92.218429	18.684129	1002.622962	5.601452	18.907972	571.694674	84.054351	19.732713	998.761058	10.769153	11.919777	
7/1/2021 11:21:17.010284149	92.303851	18.602430	1001.420873	5.374431	18.802006	571.907569	83.831962	19.630405	998.517409	13.127152	11.908948	
7/1/2021 11:21:18.010284149	92.494408	18.662293	1000.569040	5.791647	18.906012	573.682389	84.083157	19.661318	998.444074	11.008356	11.906241	
7/1/2021 11:21:19.010284149	92.395844	18.598955	1001.466685	5.336008	18.819844	571.906917	84.071908	19.583712	998.563772	6.204322	11.940817	
7/1/2021 11:21:20.010284149	92.435270	18.746044	1003.128478	5.579289	18.889358	572.012707	83.880509	19.567001	999.067161	15.210835	11.865974	
7/1/2021 11:21:21.010284149	92.264426	18.614097	1001.218383	5.478886	18.867153	572.484504	83.887080	19.645243	998.367116	5.141128	11.913140	
7/1/2021 11:21:22.010284149	92.238142	18.630960	1001.887278	5.465677	18.843396	571.960796	83.950634	19.682178	998.927277	6.751376	11.913364	
7/1/2021 11:21:23.010284149	92.448412	18.708168	1001.387834	5.476744	18.845887	571.361527	84.056925	19.642650	998.385885	3.214896	11.932893	
7/1/2021 11:21:24.010284149	92.546976	18.677884	1001.257886	5.910693	18.903441	575.777209	84.148000	19.746820	998.693403	-0.018705	11.893007	
7/1/2021 11:21:25.010284149	92.336706	18.672387	1001.664917	5.379724	18.816742	572.214435	83.844894	19.634966	998.607771	6.788840	11.926519	
7/1/2021 11:21:26.010284149	92.323564	18.782798	1002.825452	5.861151	18.918748	573.690925	83.995579	19.651878	998.765631	6.916960	11.920526	
7/1/2021 11:21:27.010284149	92.323564	18.662293	1001.906833	5.456354	18.839968	573.662675	84.052457	19.628225	998.647039	0.763891	11.937887	
7/1/2021 11:21:28.010284149	92.586402	18.784220	1002.006896	5.273448	18.693510	573.036461	84.265068	19.881195	999.568498	1.546486	11.831792	
7/1/2021 11:21:29.010284149	92.435270	18.692876	1000.981749	5.447180	18.876215	572.880729	83.794587	19.624489	998.356077	3.654798	11.935153	
7/1/2021 11:21:30.010284149	92.303851	18.662667	1001.446026	5.555110	18.877358	572.767708	84.044178	19.710816	998.765945	7.781037	11.915677	
