
Time stamp	Inside_humidity (in %rH)	Inside_temperature (in °C)	Inside_pressure (in mbar)	Soil_moisture (in %VWC)	Soil_temperature (in °C)	Inside_CO2_ratio (in ppm)	Outside_humidity (in %rH)	Outside_temperature (in °C)	Outside_pressure (in mbar)	Outside_PAR (in µmol m^-2 s^-1)	Power_box_charge (in V)	
3/18/2019 13:11:14.113588149	67.636529	32.301241	1002.589765	32.053280	26.564945	468.294180	66.998148	33.334662	1001.823329	104.446491	11.963093	
3/18/2019 13:11:15.113588149	67.261985	32.126145	1000.931284	32.194005	26.576497	466.425401	66.931939	33.212744	1001.746214	88.041366	11.988180	
3/18/2019 13:11:16.113588149	67.623387	32.175912	1001.852031	32.375695	26.589559	469.536094	67.210311	33.367036	1002.377182	97.411269	11.934654	
3/18/2019 13:11:17.113588149	67.886225	32.150783	1002.677290	31.789121	26.496901	468.053687	66.780150	33.274793	1001.459981	93.812695	11.995461	
3/18/2019 13:11:18.113588149	67.708809	32.209822	1003.229250	32.560103	26.638868	472.736809	67.057181	33.296785	1001.804245	97.450044	11.968691	
3/18/2019 13:11:19.113588149	67.820515	32.163198	1001.841386	31.639846	26.543924	470.051255	66.968552	33.158579	1001.738012	91.691549	11.932801	
3/18/2019 13:11:20.113588149	68.287052	32.352613	1002.602145	32.460784	26.587885	472.293262	67.157401	33.312871	1001.547978	100.137902	11.970439	
3/18/2019 13:11:21.113588149	68.122779	32.099710	1002.893579	32.450557	26.584130	469.791701	67.034656	33.253933	1001.916849	91.511819	11.993529	
3/18/2019 13:11:22.113588149	68.326478	32.268412	1002.775854	31.965415	26.512534	472.535734	66.986452	33.355416	1001.716406	102.228136	11.964867	
3/18/2019 13:11:23.113588149	68.273911	32.068528	1002.484025	31.887886	26.601397	470.838454	66.732603	33.178084	1001.967156	92.149528	11.993818	
3/18/2019 13:11:24.113588149	68.510465	32.197225	1000.654909	31.794546	26.582742	474.992615	67.037416	33.267109	1002.435534	99.356888	11.917911	
3/18/2019 13:11:25.113588149	68.549890	32.072827	1000.591198	32.168135	26.527229	471.915435	66.576660	33.219591	1002.687858	94.724721	11.906582	
3/18/2019 13:11:26.113588149	68.503894	32.105731	1002.308266	33.226546	26.665768	473.147486	66.951389	33.284021	1002.013991	100.749941	11.984908	
3/18/2019 13:11:27.113588149	68.720735	32.099261	1001.747238	31.856532	26.568823	472.684236	66.605994	33.192403	1001.966999	100.708545	11.999758	
3/18/2019 13:11:28.113588149	68.891580	32.216216	1002.338466	32.838405	26.668911	473.115942	66.577212	33.254452	1002.179739	99.888485	11.969388	
3/18/2019 13:11:29.113588149	68.977002	32.099635	1001.454305	31.821546	26.566823	472.575814	66.643369	33.175385	1001.951859	99.722900	11.987773	
3/18/2019 13:11:30.113588149	69.134705	32.179388	1003.809044	31.466121	26.556700	474.692318	66.821232	33.338186	1002.211913	106.349404	11.925586	
3/18/2019 13:11:31.113588149	69.003286	32.115152	1002.607113	32.172071	26.533433	472.757829	66.678169	33.251447	1001.759461	97.543321	11.996276	
3/18/2019 13:11:32.113588149	69.239840	32.122070	1001.952093	32.196527	26.639358	475.372411	66.538681	33.270645	1002.408248	93.379617	11.946955	
3/18/2019 13:11:33.113588149	69.279265	32.094588	1001.921342	32.372598	26.584416	473.668563	66.438618	33.191990	1001.993492	91.041005	11.955878	
3/18/2019 13:11:34.113588149	69.351546	32.174116	1001.721453	32.819666	26.701158	474.580613	66.674068	33.246250	1002.149302	91.660637	11.981859	
3/18/2019 13:11:35.113588149	69.266124	32.104009	1002.391375	32.106423	26.552700	473.246708	66.615325	33.219179	1001.877895	87.953331	12.000324	
3/18/2019 13:11:36.113588149	69.653809	32.309464	1002.763869	32.226837	26.572048	475.358612	66.776681	33.285683	1001.895557	100.344882	11.964762	
3/18/2019 13:11:37.113588149	69.528961	32.129770	1000.999096	31.857749	26.483594	474.160074	66.441168	33.281640	1001.549872	95.411419	11.983962	
3/18/2019 13:11:38.113588149	69.614384	32.189857	1003.626346	32.139586	26.513105	475.503177	66.642108	33.386541	1001.777437	97.363320	11.946350	
3/18/2019 13:11:39.113588149	69.614384	32.088268	1001.329404	32.192242	26.568293	473.420839	66.474680	33.231942	1001.753309	85.712968	11.993358	
3/18/2019 13:11:40.113588149	69.818083	32.084942	1002.069109	32.555818	26.702300	474.053621	66.690260	33.315877	1002.210648	87.288643	11.979336	
3/18/2019 13:11:41.113588149	70.067779	32.220365	1003.474163	31.622596	26.516412	474.591127	66.608544	33.276137	1001.264746	94.806203	11.957152	
3/18/2019 13:11:42.113588149	70.146630	32.262092	1003.034724	32.786997	26.600907	476.026222	66.482355	33.319094	1001.727602	95.989654	11.980348	
3/18/2019 13:11:43.113588149	70.041495	32.129470	1002.515172	32.042654	26.491513	474.548416	66.461985	33.260474	1001.567219	89.810645	12.001099	
3/18/2019 13:11:44.113588149	70.218911	32.227060	1002.622567	32.883696	26.569476	474.877616	66.566673	33.305918	1002.107826	92.625313	11.966050	
3/18/2019 13:11:45.113588149	70.080921	32.151456	1003.410134	32.022025	26.538821	474.675235	66.589488	33.281016	1001.683132	90.593240	11.964775	
3/18/2019 13:11:46.113588149	70.225482	32.231658	1002.033784	31.561155	26.549067	477.217540	66.673649	33.380212	1001.862912	92.498503	11.968034	
3/18/2019 13:11:47.113588149	70.166343	32.125097	1000.029933	31.455925	26.526372	475.332331	66.362869	33.195314	1001.867328	83.369114	11.954524	
3/18/2019 13:11:48.113588149	70.212340	32.094214	1001.158375	32.814133	26.740017	475.388841	66.509637	33.306331	1002.362042	87.517361	11.948032	
3/18/2019 13:11:49.113588149	70.416039	32.193856	1000.671468	31.455827	26.501391	475.680592	66.551218	33.280391	1001.665312	92.668019	11.974999	
3/18/2019 13:11:50.113588149	70.455465	32.264038	1002.235880	33.072741	26.680218	476.601178	66.550272	33.300521	1001.970150	83.868489	11.977246	
3/18/2019 13:11:51.113588149	70.501462	32.140463	1002.732565	31.708250	26.497186	476.197069	66.553164	33.312871	1001.578416	90.071857	11.992504	
3/18/2019 13:11:52.113588149	70.692019	32.210795	1003.367240	32.129515	26.529515	477.640047	66.435149	33.385398	1002.277989	97.081410	11.924639	
3/18/2019 13:11:53.113588149	70.665735	32.065983	1001.750312	32.412677	26.550618	476.145158	66.304544	33.226121	1002.150095	80.467993	11.966575	
3/18/2019 13:11:54.113588149	70.678877	32.052787	1002.019196	31.997957	26.585600	476.142527	66.404555	33.214818	1001.981189	81.240104	11.984133	
3/18/2019 13:11:55.113588149	70.816867	32.238352	1003.432055	33.896474	26.970888	482.269290	66.828749	33.420766	1002.316622	85.534548	11.926309	
3/18/2019 13:11:56.113588149	70.540887	32.078173	1001.676271	32.150545	26.580987	476.961923	66.310801	33.242620	1001.984976	79.330909	11.979625	
3/18/2019 13:11:57.113588149	71.000853	32.448256	1001.503351	33.355162	26.760753	480.521404	66.394882	33.301970	1002.316150	84.561739	11.939700	
3/18/2019 13:11:58.113588149	70.816867	32.104383	1000.670601	31.976442	26.591518	478.465358	66.379375	33.226544	1002.320094	80.438121	11.970623	
3/18/2019 13:11:59.113588149	71.257120	32.327750	1003.443489	32.558640	26.537474	480.858498	66.728634	33.409675	1002.575575	94.332768	11.927123	
3/18/2019 13:12:00.113588149	71.020566	32.083894	1001.988050	32.276182	26.573640	478.676285	66.464088	33.244281	1001.890513	80.916798	11.994909	
3/18/2019 13:12:01.113588149	71.151985	32.222386	1001.114219	32.268837	26.569190	483.777325	66.685083	33.331857	1002.381912	86.714068	11.913009	
3/18/2019 13:12:02.113588149	70.941715	32.224814	1002.038357	31.639583	26.506248	480.477387	66.401191	33.274793	1001.422921	89.091455	11.990454	
3/18/2019 13:12:03.113588149	71.027137	32.226760	1002.583931	33.405012	26.647930	482.242345	66.581366	33.321475	1001.725551	90.366872	11.945128	
3/18/2019 13:12:04.113588149	71.046850	32.182713	1001.391855	31.761411	26.488982	480.243462	66.540679	33.304468	1001.582674	90.298225	11.985644	
3/18/2019 13:12:05.113588149	71.342543	32.235208	1002.346508	32.849839	26.655849	480.018726	66.396328	33.285164	1002.022665	87.538059	11.928438	
3/18/2019 13:12:06.113588149	71.296546	32.114478	1001.898712	32.184138	26.535719	479.499628	66.211789	33.250928	1001.742270	84.209871	11.978508	
3/18/2019 13:12:07.113588149	71.204553	32.112649	1002.216640	32.305917	26.603192	480.704082	66.329067	33.420470	1002.724446	86.741319	11.909802	
3/18/2019 13:12:08.113588149	71.289975	32.173218	1003.040086	31.530436	26.487512	481.105570	66.434098	33.332789	1001.717827	93.552794	11.969112	
3/18/2019 13:12:09.113588149	71.533100	32.199427	1001.836656	32.170745	26.651073	484.177498	66.733891	33.343266	1002.050580	91.329197	11.965813	
3/18/2019 13:12:10.113588149	71.230837	32.130743	1001.148677	32.119767	26.506820	480.948521	66.206322	33.311834	1001.678873	86.901661	11.984146	
3/18/2019 13:12:11.113588149	71.395110	32.246650	1002.629900	33.226331	26.573721	484.033585	66.260703	33.377195	1002.197401	96.404926	11.884031	
3/18/2019 13:12:12.113588149	71.565955	32.140388	1002.764263	31.907112	26.517310	481.307298	66.485009	33.292224	1001.611061	87.019297	11.996762	
3/18/2019 13:12:13.113588149	71.480533	32.267139	1003.731611	31.715768	26.519065	483.465197	66.632672	33.380413	1002.334762	96.980541	11.909750	
3/18/2019 13:12:14.113588149	71.421394	32.100084	1002.781768	32.058054	26.594621	481.726521	66.244697	33.277693	1002.052631	82.890708	11.993739	
3/18/2019 13:12:15.113588149	71.684232	32.021305	1003.278138	33.448627	26.457266	483.325895	66.680877	33.393282	1002.374974	95.485308	11.926033	
3/18/2019 13:12:16.113588149	71.500245	32.073276	1001.750944	31.929057	26.590090	482.027471	66.413386	33.288488	1001.833896	83.173928	11.992938	
3/18/2019 13:12:17.113588149	71.822222	32.168320	1003.360302	32.196001	26.604540	485.992388	66.678721	33.370655	1002.157819	91.757575	11.923246	
3/18/2019 13:12:18.113588149	71.651377	32.214495	1000.738019	31.564847	26.495186	483.932395	66.403898	33.286826	1001.564854	92.766267	11.975577	
3/18/2019 13:12:19.113588149	71.920786	32.210046	1002.656079	32.897537	26.587355	483.829226	66.428079	33.320025	1002.180525	92.519201	11.931408	
3/18/2019 13:12:20.113588149	71.887931	32.167272	1002.271757	31.535013	26.510779	484.073013	66.587385	33.359458	1001.376714	95.269153	11.997892	
3/18/2019 13:12:21.113588149	71.723658	32.190530	1001.862203	32.468468	26.549353	485.734149	66.743669	33.440600	1002.005318	93.566940	11.957941	
3/18/2019 13:12:22.113588149	71.861647	32.088792	1000.715941	31.725285	26.581885	483.778631	66.312009	33.257151	1001.897608	83.169996	11.965563	
3/18/2019 13:12:23.113588149	71.993066	32.162299	1002.000745	32.776351	26.677646	487.974188	66.619583	33.322618	1002.349424	86.738698	11.963211	
3/18/2019 13:12:24.113588149	71.723658	32.134967	1001.673196	32.206306	26.566333	485.550819	66.540337	33.260887	1001.930725	84.680685	11.987523	
3/18/2019 13:12:25.113588149	71.789367	32.378298	1002.210096	32.667282	26.538046	488.746273	66.712076	33.348557	1001.672564	96.054370	11.930580	
3/18/2019 13:12:26.113588149	72.098201	32.193931	1002.192748	31.348112	26.483553	486.991829	66.425871	33.323348	1001.556181	93.303107	11.994699	
3/18/2019 13:12:27.113588149	72.025921	32.263963	1003.353756	32.149005	26.581354	487.551671	66.382135	33.351775	1002.512178	89.804363	11.944273	
3/18/2019 13:12:28.113588149	72.144198	32.099560	1001.803065	31.707480	26.549598	485.632296	66.381031	33.298552	1001.554444	84.605756	11.929384	
3/18/2019 13:12:29.113588149	71.979924	32.168694	1001.355741	32.301982	26.637154	489.471709	66.591196	33.370973	1002.309212	86.269195	11.973488	
3/18/2019 13:12:30.113588149	72.150769	32.203801	1001.195987	32.561545	26.424611	488.217312	66.506720	33.372634	1001.706945	94.781573	11.942499	
3/18/2019 13:12:31.113588149	72.334755	32.209447	1001.868274	33.383145	26.688136	488.815266	66.421613	33.324586	1002.090321	85.701443	11.979875	
3/18/2019 13:12:32.113588149	72.019350	32.129994	1001.579205	32.335352	26.545067	487.380171	66.550719	33.346282	1001.867170	88.127819	11.972489	
3/18/2019 13:12:33.113588149	72.039063	32.149927	1001.853766	32.396997	26.633276	487.663376	66.647418	33.377301	1002.110191	85.894008	11.918818	
3/18/2019 13:12:34.113588149	71.993066	32.089017	1002.348795	32.199489	26.564292	487.354542	66.343313	33.322099	1001.989077	86.011915	11.995343	
3/18/2019 13:12:35.113588149	72.249333	32.174266	1001.932538	32.188949	26.630337	489.802224	66.635589	33.372941	1002.630455	87.368814	11.955221	
3/18/2019 13:12:36.113588149	72.157340	32.295370	1000.287383	31.852198	26.516984	489.304146	66.577055	33.293049	1002.400996	88.982993	11.954077	
3/18/2019 13:12:37.113588149	72.374181	32.178489	1001.799516	32.773166	26.696055	491.351656	66.714888	33.356336	1002.217586	89.315473	11.961779	
3/18/2019 13:12:38.113588149	72.255904	32.089091	1001.094111	32.028912	26.565150	488.541913	66.336690	33.303526	1001.943028	86.278368	11.991952	
3/18/2019 13:12:39.113588149	72.315043	32.303294	1002.753224	32.270579	26.580538	490.503347	66.555292	33.312966	1001.834054	88.452706	11.925888	
3/18/2019 13:12:40.113588149	72.150769	32.094214	1002.345089	32.063079	26.601682	488.819866	66.498047	33.323761	1001.910226	84.345855	11.994580	
3/18/2019 13:12:41.113588149	72.466174	32.258017	1000.837845	31.857281	26.560129	492.268305	66.420351	33.387472	1002.394215	90.081031	11.955470	
3/18/2019 13:12:42.113588149	72.308472	32.256595	1001.405181	32.244204	26.537434	490.850293	66.450499	33.347732	1001.425286	91.533557	11.947480	
3/18/2019 13:12:43.113588149	72.459603	32.158974	1002.206232	33.012089	26.676830	493.084417	66.620082	33.392658	1001.872058	89.872739	11.933155	
3/18/2019 13:12:44.113588149	72.531884	32.125246	1002.545766	32.205625	26.531719	490.902856	66.288985	33.307992	1001.910854	86.637828	11.998457	
3/18/2019 13:12:45.113588149	72.558168	32.310138	1003.114522	32.513974	26.581354	493.363022	66.475232	33.335169	1001.910854	92.533617	11.930987	
3/18/2019 13:12:46.113588149	72.374181	32.157177	1002.376393	31.754135	26.489227	492.499599	66.532505	33.406564	1001.398478	95.315792	11.989324	
3/18/2019 13:12:47.113588149	72.433320	32.169518	1002.693297	32.654513	26.589559	492.834714	66.396827	33.423888	1002.348166	95.961364	11.963369	
3/18/2019 13:12:48.113588149	72.630448	32.200775	1001.319784	32.311421	26.431142	494.566823	66.249664	33.307992	1001.921579	90.007412	11.945075	
3/18/2019 13:12:49.113588149	72.518742	32.172619	1001.747238	31.669699	26.545883	493.985952	66.459777	33.330608	1001.914798	94.519051	11.992793	
3/18/2019 13:12:50.113588149	72.538455	32.211319	1003.802658	34.239927	26.736302	497.003990	66.504066	33.508860	1001.994436	102.035572	11.941685	
3/18/2019 13:12:51.113588149	72.577880	32.110329	1002.278618	32.247780	26.534821	492.339267	66.129179	33.334863	1001.853452	92.004641	11.993503	
3/18/2019 13:12:52.113588149	72.945853	32.374074	1000.944293	33.360519	26.643154	493.581832	66.276053	33.504405	1001.654745	100.247945	11.915532	
3/18/2019 13:12:53.113588149	72.742154	32.220066	1002.001139	31.566649	26.520984	494.798779	66.273978	33.347732	1001.589140	96.933902	11.990388	
3/18/2019 13:12:54.113588149	72.893286	32.270283	1001.470154	31.695304	26.551638	496.074858	66.272926	33.516862	1002.158447	100.012403	11.947217	
3/18/2019 13:12:55.113588149	72.669874	32.058059	1002.161207	31.847046	26.597437	494.104225	66.029564	33.329984	1001.999801	86.584908	11.985723	
3/18/2019 13:12:56.113588149	72.617306	32.296568	1001.482534	32.153360	26.829818	495.405932	66.420194	33.453458	1002.287921	95.934113	11.930882	
3/18/2019 13:12:57.113588149	72.768438	32.110853	1001.944761	31.994208	26.565150	495.108266	65.925979	33.359140	1002.061462	87.159212	11.992806	
3/18/2019 13:12:58.113588149	72.998421	32.378673	1003.138493	32.414090	26.592171	497.635456	66.143872	33.422427	1001.659475	95.301375	11.955589	
3/18/2019 13:12:59.113588149	72.643590	32.105356	1000.806541	32.258504	26.597723	496.103108	66.148235	33.386741	1001.897293	84.736497	11.979428	
3/18/2019 13:13:00.113588149	72.742154	32.258616	1002.731224	31.873537	26.520167	498.017230	66.239966	33.538959	1001.862755	93.888935	11.945732	
3/18/2019 13:13:01.113588149	72.696158	32.172918	1001.249212	32.155522	26.500289	497.151176	65.975235	33.465290	1001.208287	93.141454	11.951120	
3/18/2019 13:13:02.113588149	72.788151	32.127118	1001.032371	32.831071	26.734302	499.899808	66.205770	33.468189	1002.103410	87.279469	11.968980	
3/18/2019 13:13:03.113588149	72.952424	32.051963	1001.018652	33.109704	26.543924	495.974973	66.165084	33.314321	1002.410299	84.131011	11.949044	
3/18/2019 13:13:04.113588149	72.985279	32.258392	1002.839960	33.224987	26.670299	498.993011	66.095325	33.397631	1001.921736	90.112213	11.976313	
3/18/2019 13:13:05.113588149	72.939283	32.152878	1001.391934	32.028873	26.524984	497.040787	66.058003	33.386435	1001.374821	88.169215	11.945640	
3/18/2019 13:13:06.113588149	72.893286	32.200401	1002.641334	32.749780	26.580497	497.956773	66.286830	33.482096	1002.256068	88.284500	11.965340	
3/18/2019 13:13:07.113588149	72.689587	32.079895	1001.394457	31.939936	26.587273	496.624184	66.188108	33.311104	1002.514857	80.667110	11.916478	
3/18/2019 13:13:08.113588149	72.972137	32.264038	1000.739123	32.266742	26.635480	500.480027	66.353985	33.480022	1002.245816	89.980161	11.945285	
3/18/2019 13:13:09.113588149	72.853860	32.142484	1002.274517	32.329918	26.539352	497.379186	66.215653	33.397843	1001.910226	84.873520	11.987379	
3/18/2019 13:13:10.113588149	73.096985	32.278731	1001.203163	32.919715	26.697484	498.985127	66.389600	33.443700	1001.932775	83.938446	11.960109	
3/18/2019 13:13:11.113588149	73.037847	32.094738	1001.728471	31.975341	26.577314	497.661738	66.142164	33.394626	1001.953910	84.551525	11.990953	
3/18/2019 13:13:12.113588149	73.221833	32.259215	1003.267572	32.406054	26.614214	498.372712	66.165898	33.450865	1002.243136	88.243104	11.938754	
3/18/2019 13:13:13.113588149	72.801293	32.136164	1002.093790	32.123399	26.579599	498.508078	66.220016	33.389853	1001.973937	83.542562	11.995422	
3/18/2019 13:13:14.113588149	73.083843	32.274507	1001.046169	32.148430	26.603723	500.575302	66.591933	33.530344	1002.409827	93.847810	11.928161	
3/18/2019 13:13:15.113588149	73.116698	32.189183	1001.605936	31.521027	26.521800	501.241596	66.095168	33.344303	1001.811976	92.283930	11.992136	
3/18/2019 13:13:16.113588149	73.228404	32.266316	1002.713562	32.480205	26.571395	502.400054	66.270324	33.459680	1001.600179	98.460318	11.928963	
3/18/2019 13:13:17.113588149	73.057560	32.110778	1001.115560	32.895540	26.518698	501.361185	66.176070	33.392245	1002.241085	90.639879	11.938754	
3/18/2019 13:13:18.113588149	73.031276	32.248671	1002.358968	32.402129	26.645685	501.190338	65.989034	33.436027	1002.237142	93.863265	11.936480	
3/18/2019 13:13:19.113588149	73.004992	32.163198	1001.987578	31.908935	26.515106	500.830909	66.063812	33.407283	1001.864648	95.027329	11.952277	
3/18/2019 13:13:20.113588149	73.208691	32.181184	1001.502956	32.332401	26.535148	503.808867	66.362264	33.549542	1001.924101	105.361138	11.968599	
3/18/2019 13:13:21.113588149	73.221833	32.183163	1002.776801	31.930030	26.487267	502.001197	66.226325	33.440388	1001.711833	98.292112	11.997327	
3/18/2019 13:13:22.113588149	73.412391	32.246725	1001.969046	32.728899	26.690177	503.460606	65.999863	33.455521	1002.068085	95.349595	11.959965	
3/18/2019 13:13:23.113588149	73.142982	32.235957	1001.412119	31.427873	26.496615	502.988156	66.153098	33.464147	1001.558546	101.758634	11.988075	
3/18/2019 13:13:24.113588149	73.195549	32.279030	1003.116098	31.592459	26.512208	503.547997	66.329857	33.337138	1002.632663	104.400124	11.878354	
3/18/2019 13:13:25.113588149	73.050989	32.110628	1001.574238	32.068242	26.587518	502.669460	65.904663	33.408320	1001.881839	96.092105	11.996197	
3/18/2019 13:13:26.113588149	73.215262	32.160097	1001.676666	32.558554	26.606825	505.112543	66.166897	33.527127	1002.164756	104.815396	11.965971	
3/18/2019 13:13:27.113588149	73.294114	32.141811	1002.362042	32.269461	26.532781	502.907985	66.176779	33.391208	1001.850930	94.801232	11.977522	
3/18/2019 13:13:28.113588149	73.044418	32.184285	1002.636523	33.434105	26.709648	504.450848	65.994449	33.466940	1002.061777	101.081110	11.966325	
3/18/2019 13:13:29.113588149	73.129840	31.988401	1002.508706	33.705813	26.439673	502.345512	66.184297	33.454188	1001.539304	104.816436	11.936783	
3/18/2019 13:13:30.113588149	73.379536	32.226610	1001.693067	32.718758	26.631235	504.220859	66.186609	33.460718	1002.118393	93.440401	11.966089	
3/18/2019 13:13:31.113588149	73.300685	32.257269	1003.009886	31.488768	26.522372	505.972682	66.088992	33.414236	1001.538518	98.462939	11.962698	
3/18/2019 13:13:32.113588149	73.438674	32.179388	1001.547350	32.111107	26.640582	506.409650	66.069936	33.477947	1002.153717	89.899990	11.963710	
3/18/2019 13:13:33.113588149	73.379536	32.184360	1000.996809	31.710968	26.579599	505.607990	66.051432	33.386117	1002.085433	86.605606	11.967114	
3/18/2019 13:13:34.113588149	73.096985	32.158974	1002.907458	33.354062	26.641970	508.652973	66.122898	33.483027	1002.870160	83.961495	11.914402	
3/18/2019 13:13:35.113588149	73.202120	32.158300	1002.807553	31.891236	26.539924	506.538438	65.965405	33.397737	1002.024087	82.208982	11.981123	
3/18/2019 13:13:36.113588149	73.445245	32.326552	1001.995383	32.114019	26.531474	507.942651	66.239572	33.486763	1002.005475	87.355437	11.948768	
3/18/2019 13:13:37.113588149	73.458387	32.214794	1002.252833	31.530475	26.498044	507.343382	66.236655	33.469026	1001.644020	88.325626	11.972752	
3/18/2019 13:13:38.113588149	73.662087	32.227658	1001.630065	31.932426	26.569721	507.439973	66.118587	33.475248	1002.256383	85.204690	11.962567	
3/18/2019 13:13:39.113588149	73.359823	32.225338	1003.448851	31.951750	26.516453	507.592422	66.092908	33.426069	1001.965577	87.672461	11.966943	
3/18/2019 13:13:40.113588149	73.248117	32.174116	1002.079596	33.166381	26.714179	507.418944	66.273188	33.431974	1002.142679	81.579136	11.977759	
3/18/2019 13:13:41.113588149	73.057560	32.273234	1002.639520	30.723259	26.575354	506.909697	66.329752	33.449309	1001.746528	89.958153	11.946455	
3/18/2019 13:13:42.113588149	73.412391	32.247923	1002.576676	32.397425	26.638582	507.135076	66.043809	33.410913	1002.304325	84.612309	11.962619	
3/18/2019 13:13:43.113588149	73.399249	32.319452	1001.509580	32.859988	26.497798	508.792928	66.426922	33.658697	1001.810082	104.264140	11.899801	
3/18/2019 13:13:44.113588149	73.261259	32.247848	1002.790362	31.465616	26.520371	507.721209	66.226929	33.369205	1002.358891	85.085743	11.948610	
3/18/2019 13:13:45.113588149	73.346681	32.163722	1002.484577	32.866797	26.779978	509.224645	66.116432	33.491536	1002.476375	95.206019	11.969598	
3/18/2019 13:13:46.113588149	73.320397	32.177666	1001.375216	31.681173	26.536536	509.284439	66.073852	33.330502	1002.050109	83.811637	11.931749	
3/18/2019 13:13:47.113588149	73.543810	32.427168	1002.532125	33.317789	26.659318	511.650634	66.294452	33.417866	1002.524003	94.335390	11.938557	
3/18/2019 13:13:48.113588149	73.274401	32.199427	1002.056257	31.859435	26.486124	510.575632	66.061657	33.448378	1001.528108	99.770579	11.996381	
3/18/2019 13:13:49.113588149	73.491242	32.318703	1003.265758	31.943023	26.511677	513.289436	66.154202	33.584615	1001.834368	106.459176	11.921196	
3/18/2019 13:13:50.113588149	73.412391	32.188435	1000.758993	31.713120	26.519841	512.318907	65.987825	33.363395	1001.958797	100.245324	11.986761	
3/18/2019 13:13:51.113588149	73.484671	32.164844	1000.297081	33.064676	26.869453	512.611311	66.081474	33.637319	1002.281455	94.529536	11.932774	
3/18/2019 13:13:52.113588149	73.274401	32.116349	1001.745424	31.837549	26.589804	511.338517	65.838297	33.381344	1001.963055	92.885485	11.986341	
3/18/2019 13:13:53.113588149	73.563522	32.447133	1003.872283	32.406220	26.593845	513.964929	65.941381	33.423052	1002.307162	92.097647	11.948807	
3/18/2019 13:13:54.113588149	73.504384	32.189857	1001.508790	31.847152	26.445306	512.721048	66.090148	33.480434	1001.291082	94.561758	11.945285	
3/18/2019 13:13:55.113588149	73.681799	32.308010	1002.290603	31.861304	26.528943	513.608784	66.175361	33.575588	1002.016356	98.002339	11.950700	
3/18/2019 13:13:56.113588149	73.504384	32.163572	1003.031255	32.028425	26.603682	510.906148	65.843264	33.435509	1001.967471	86.460720	11.977759	
3/18/2019 13:13:57.113588149	73.708083	32.195353	1002.965176	32.567525	26.722955	512.324160	66.034426	33.444112	1002.961787	88.648163	11.900577	
3/18/2019 13:13:58.113588149	73.629232	32.158525	1001.980323	32.164990	26.622663	511.483735	65.975340	33.476286	1002.067928	88.454017	11.991308	
3/18/2019 13:13:59.113588149	73.832931	32.332947	1002.333498	33.007706	26.659890	514.205422	66.092304	33.512702	1002.156240	100.628103	11.939713	
3/18/2019 13:14:00.113588149	73.701512	32.150333	1001.794548	32.038085	26.573314	512.581745	65.722989	33.443181	1002.058625	94.864636	11.951988	
3/18/2019 13:14:01.113588149	73.681799	32.324424	1002.443496	31.930341	26.537719	516.234534	66.097271	33.600903	1002.199609	100.921807	11.965576	
3/18/2019 13:14:02.113588149	73.425532	32.169443	1003.117439	32.409513	26.543597	514.535285	65.978047	33.464453	1001.739748	83.995298	11.988364	
3/18/2019 13:14:03.113588149	73.786934	32.280153	1000.686765	33.243269	26.804878	517.262888	66.136092	33.670931	1002.131640	79.422876	11.933786	
3/18/2019 13:14:04.113588149	73.773793	32.273459	1001.906439	31.686763	26.517024	517.163013	66.067019	33.485313	1001.501615	88.698191	11.984422	
3/18/2019 13:14:05.113588149	73.964350	32.289873	1001.498541	33.091022	26.693565	517.542809	65.962251	33.524629	1002.144886	83.484399	11.958112	
3/18/2019 13:14:06.113588149	73.800076	32.257493	1001.695906	31.630865	26.508779	517.908816	66.209477	33.518724	1001.663419	88.307549	11.987195	
3/18/2019 13:14:07.113588149	73.583235	32.192327	1002.572969	32.642932	26.635725	518.384549	66.278341	33.642092	1002.197087	82.965637	11.967627	
3/18/2019 13:14:08.113588149	73.563522	32.199802	1003.888527	32.080553	26.497472	517.296401	66.036529	33.515613	1001.687704	88.023018	11.973330	
3/18/2019 13:14:09.113588149	73.708083	32.280078	1002.845480	33.016716	26.622990	520.199450	66.308093	33.587409	1001.830424	89.791258	11.963645	
3/18/2019 13:14:10.113588149	73.773793	32.231209	1002.712143	31.852763	26.487267	518.469973	66.236365	33.565417	1001.425128	87.263742	11.996105	
3/18/2019 13:14:11.113588149	73.951208	32.321954	1001.674458	32.786733	26.640868	518.346437	66.065625	33.509273	1002.400996	82.024010	11.963079	
3/18/2019 13:14:12.113588149	73.892070	32.299594	1001.546560	31.983629	26.545924	519.120500	66.124659	33.495790	1001.836576	86.196616	11.964867	
3/18/2019 13:14:13.113588149	74.003776	32.275106	1001.619892	32.304807	26.585640	519.100786	66.301470	33.593325	1002.473381	84.313362	11.919987	
3/18/2019 13:14:14.113588149	73.819789	32.204250	1001.699690	31.887953	26.566047	518.134857	66.253922	33.435921	1001.978510	81.313722	11.983752	
3/18/2019 13:14:15.113588149	73.754080	32.231284	1002.580934	33.190965	26.698382	519.000248	66.377010	33.537911	1002.338071	80.068177	11.975183	
3/18/2019 13:14:16.113588149	73.662087	32.251997	1002.497667	31.727973	26.504003	519.059390	66.330356	33.542483	1001.556495	87.508187	11.959873	
3/18/2019 13:14:17.113588149	74.010347	32.405856	1001.421817	32.413203	26.627847	519.570604	66.122608	33.565618	1002.624146	84.012065	11.932787	
3/18/2019 13:14:18.113588149	73.885499	32.237005	1001.939161	31.545864	26.535393	519.673773	66.342104	33.486657	1001.779173	93.739077	11.983804	
3/18/2019 13:14:19.113588149	73.951208	32.266059	1002.736981	32.465566	26.589845	520.983364	66.519915	33.677165	1002.003110	89.892127	11.967009	
3/18/2019 13:14:20.113588149	74.003776	32.278881	1003.503022	31.757398	26.532045	519.143498	66.266959	33.522354	1001.797307	86.953271	11.977759	
3/18/2019 13:14:21.113588149	74.016918	32.280527	1000.923477	33.177261	26.717893	519.688225	66.241437	33.532513	1002.230361	82.088725	11.965484	
3/18/2019 13:14:22.113588149	73.727796	32.215842	1001.948939	32.068592	26.492655	518.818234	66.274240	33.547150	1001.466290	90.285390	11.946862	
3/18/2019 13:14:23.113588149	73.892070	32.358184	1000.974099	32.000323	26.556169	519.889953	66.416540	33.537911	1002.843038	86.621062	11.908054	
3/18/2019 13:14:24.113588149	73.846073	32.262840	1001.844541	31.650550	26.529188	519.805192	66.328253	33.486763	1001.704895	87.549583	11.982227	
3/18/2019 13:14:25.113588149	73.977492	32.287371	1001.333268	32.524824	26.645930	521.474212	66.400087	33.584191	1002.298488	89.724192	11.965314	
3/18/2019 13:14:26.113588149	73.918353	32.215692	1002.006659	32.077718	26.568007	520.137024	66.308698	33.475555	1002.304640	82.448185	11.970018	
3/18/2019 13:14:27.113588149	73.931495	32.290472	1003.787123	33.906331	26.646501	522.391514	66.546199	33.593526	1001.998380	86.636518	11.955313	
3/18/2019 13:14:28.113588149	74.010347	32.258317	1001.746686	31.309727	26.530576	522.343550	66.083735	33.481365	1002.354318	70.098029	11.930987	
3/18/2019 13:14:29.113588149	74.207475	32.317580	1002.880885	32.124694	26.511677	523.896265	66.380374	33.675609	1001.948230	86.948029	11.959833	
3/18/2019 13:14:30.113588149	73.924924	32.236855	1002.638574	31.985120	26.475634	522.337635	66.420194	33.531382	1001.751730	78.020378	11.959058	
3/18/2019 13:14:31.113588149	73.918353	32.232781	1002.852103	32.527610	26.626704	525.561348	66.301522	33.675291	1001.766870	79.757706	11.932985	
3/18/2019 13:14:32.113588149	73.832931	32.263140	1002.575966	31.935708	26.477675	523.495440	66.307541	33.527540	1001.317576	79.624343	11.951042	
3/18/2019 13:14:33.113588149	73.911782	32.416100	1003.086292	32.376834	26.619030	525.869519	66.407419	33.499515	1002.606641	79.558588	11.892179	
3/18/2019 13:14:34.113588149	73.754080	32.216291	1002.546004	32.110376	26.486410	523.769445	66.296555	33.573820	1001.182265	81.040715	11.940278	
3/18/2019 13:14:35.113588149	73.911782	32.354708	1002.168225	31.765569	26.566088	526.183615	66.473918	33.639393	1002.280826	83.336621	11.957152	
3/18/2019 13:14:36.113588149	73.832931	32.294771	1002.109639	31.509436	26.531474	525.123063	66.465139	33.557839	1001.628566	80.564660	11.985250	
3/18/2019 13:14:37.113588149	73.859215	32.275779	1001.585277	31.549225	26.550700	526.368913	66.295556	33.547976	1001.806139	78.424126	11.976839	
3/18/2019 13:14:38.113588149	73.813218	32.205972	1002.111689	32.153116	26.542781	524.743258	66.177883	33.550474	1001.880260	71.338333	11.989284	
3/18/2019 13:14:39.113588149	73.872357	32.236630	1002.421575	31.790845	26.486696	526.106075	66.294347	33.563756	1001.705209	74.842319	11.992254	
3/18/2019 13:14:40.113588149	73.793505	32.163572	1003.414787	32.755361	26.579314	525.481177	66.055795	33.588340	1001.868907	69.373597	11.983200	
3/18/2019 13:14:41.113588149	73.878928	32.278806	1002.292022	31.612524	26.520126	527.230367	66.195888	33.579524	1001.578258	74.841008	11.971083	
3/18/2019 13:14:42.113588149	73.944637	32.284152	1003.123747	31.971639	26.552169	527.404498	66.329357	33.533456	1002.173588	70.549185	11.966207	
3/18/2019 13:14:43.113588149	73.898641	32.163647	1001.071639	32.242004	26.592906	525.907631	66.214339	33.514152	1001.991442	65.187885	11.984146	
3/18/2019 13:14:44.113588149	73.938066	32.232257	1001.733991	32.199810	26.487267	526.720458	66.085837	33.599241	1001.641813	72.933124	11.987550	
3/18/2019 13:14:45.113588149	74.049772	32.295295	1002.965256	31.606223	26.534291	528.258722	66.299367	33.515814	1001.608853	69.669652	11.978784	
3/18/2019 13:14:46.113588149	73.924924	32.252521	1002.164756	32.006275	26.511065	527.035207	66.177174	33.584403	1001.711833	70.470324	11.992438	
3/18/2019 13:14:47.113588149	73.990634	32.269385	1001.148282	31.861149	26.571681	527.802039	66.194784	33.505124	1002.011155	69.368355	11.987155	
3/18/2019 13:14:48.113588149	73.931495	32.252820	1002.965256	31.941484	26.504003	527.167942	66.274687	33.604427	1001.596078	74.385650	11.987918	
3/18/2019 13:14:49.113588149	73.951208	32.242875	1002.111689	32.374030	26.544495	526.977381	66.243883	33.583260	1001.882625	69.038496	11.991597	
3/18/2019 13:14:50.113588149	74.115482	32.252371	1002.688172	31.784953	26.471675	527.242851	66.072091	33.592912	1001.553973	72.559248	11.983489	
3/18/2019 13:14:51.113588149	74.135195	32.200550	1002.618704	32.248764	26.545883	526.705344	66.220016	33.520798	1001.976616	65.302899	11.974868	
3/18/2019 13:14:52.113588149	74.207475	32.305839	1001.282171	32.272938	26.416120	528.920417	66.215995	33.573502	1001.989077	71.440512	11.929318	
3/18/2019 13:14:53.113588149	74.161478	32.269010	1000.440196	31.849120	26.525474	528.233093	66.000468	33.537498	1002.273731	65.676775	11.968533	
3/18/2019 13:14:54.113588149	74.089198	32.205822	1003.351470	32.037093	26.496329	528.039248	66.250663	33.580149	1001.431595	71.146808	11.974289	
3/18/2019 13:14:55.113588149	74.030059	32.194979	1001.819466	32.518776	26.525760	527.842120	66.320526	33.530651	1001.759303	65.348227	11.988496	
3/18/2019 13:14:56.113588149	74.016918	32.169068	1002.307714	32.104300	26.562864	527.686387	66.148183	33.553892	1001.871272	63.256682	11.978679	
3/18/2019 13:14:57.113588149	74.003776	32.179388	1001.993727	31.947621	26.599723	528.486732	66.031115	33.473999	1002.182261	61.876463	11.976445	
3/18/2019 13:14:58.113588149	74.076056	32.233080	1002.074471	31.653452	26.550986	530.398223	66.225483	33.477629	1001.964948	65.635379	11.923864	
3/18/2019 13:14:59.113588149	73.977492	32.208143	1002.169409	32.305578	26.515351	529.255532	66.292192	33.540409	1001.983240	62.693902	11.945745	
3/18/2019 13:15:00.113588149	74.030059	32.184211	1001.675956	31.916599	26.554700	529.843634	65.982358	33.462898	1002.090478	62.054883	11.980676	
3/18/2019 13:15:01.113588149	73.997205	32.258017	1001.988050	31.053983	26.448980	532.627747	66.030510	33.513633	1001.619420	70.743331	11.924679	
3/18/2019 13:15:02.113588149	73.977492	32.153103	1001.211916	32.300200	26.581600	531.042172	65.900695	33.550992	1001.917321	63.431169	11.955865	
3/18/2019 13:15:03.113588149	74.010347	32.185034	1003.392709	32.664390	26.577599	531.393717	65.796111	33.507411	1001.840205	61.615252	11.974381	
3/18/2019 13:15:04.113588149	74.128624	32.295520	1000.681955	31.490044	26.539924	533.255929	65.783022	33.434672	1001.746371	68.217126	11.975301	
3/18/2019 13:15:05.113588149	74.056343	32.211094	1001.752205	31.913541	26.563435	532.751935	65.686166	33.468708	1002.037176	62.781936	11.988312	
3/18/2019 13:15:06.113588149	74.135195	32.200176	1001.530554	31.571695	26.534821	533.625872	65.597222	33.427306	1001.964634	66.168287	11.963250	
3/18/2019 13:15:07.113588149	74.030059	32.200251	1003.327657	32.198417	26.419263	534.459729	65.172528	33.395557	1001.958954	71.754644	11.907989	
3/18/2019 13:15:08.113588149	74.141766	32.242576	1001.867171	31.927781	26.506248	532.841958	65.349839	33.494965	1001.379394	66.769571	11.952750	
3/18/2019 13:15:09.113588149	74.207475	32.257568	1002.000588	31.731334	26.525800	534.322395	65.334884	33.396806	1002.024716	63.855344	11.986130	
3/18/2019 13:15:10.113588149	74.214046	32.269385	1002.678394	32.197803	26.467960	534.156148	65.009358	33.536567	1001.704738	68.587070	11.990270	
3/18/2019 13:15:11.113588149	74.312610	32.210121	1001.915270	32.107308	26.569721	534.288883	64.984126	33.417972	1002.039856	60.080973	11.982740	
3/18/2019 13:15:12.113588149	73.970921	32.206047	1002.695899	32.570379	26.541352	533.681067	65.113232	33.481577	1001.812133	62.838788	11.991308	
3/18/2019 13:15:13.113588149	73.964350	32.195203	1002.999476	32.482115	26.492043	534.419639	64.937525	33.477947	1002.029446	63.489332	11.936415	
3/18/2019 13:15:14.113588149	74.108911	32.253195	1002.030787	32.187654	26.482736	534.727820	64.922228	33.502437	1001.383495	66.830354	11.954958	
3/18/2019 13:15:15.113588149	74.220617	32.273384	1000.029066	31.804052	26.525800	536.608429	65.108370	33.431254	1001.847458	66.813588	11.972870	
3/18/2019 13:15:16.113588149	74.161478	32.232556	1002.197164	32.474830	26.521800	535.181871	65.051886	33.454389	1001.599707	64.260403	11.988207	
3/18/2019 13:15:17.113588149	74.378320	32.300417	1001.740457	31.720366	26.492655	537.118991	64.781978	33.482720	1001.475436	69.784666	11.981662	
3/18/2019 13:15:18.113588149	74.036630	32.215617	1003.233351	30.981867	26.526657	537.476452	64.698316	33.604014	1001.030872	72.312182	11.923141	
3/18/2019 13:15:19.113588149	74.062914	32.301615	1002.867006	31.640450	26.543883	537.657150	64.957185	33.424714	1002.229889	63.009615	11.960924	
3/18/2019 13:15:20.113588149	73.964350	32.174116	1002.394844	32.119552	26.584416	536.572285	64.736086	33.411950	1002.162077	60.872742	11.985368	
3/18/2019 13:15:21.113588149	73.997205	32.232556	1002.729253	32.674169	26.501105	537.365399	64.933766	33.479810	1001.643234	65.101161	11.985933	
3/18/2019 13:15:22.113588149	74.043201	32.294771	1002.620754	31.663280	26.500574	538.526488	65.074963	33.549648	1001.661683	70.525865	11.987944	
3/18/2019 13:15:23.113588149	73.984063	32.195802	1002.195903	32.141253	26.537393	537.640720	65.125166	33.457194	1001.801251	60.153551	11.983029	
3/18/2019 13:15:24.113588149	74.036630	32.227434	1002.258905	32.169295	26.555516	538.044176	64.882802	33.461967	1002.051209	56.142327	11.977365	
3/18/2019 13:15:25.113588149	74.253472	32.270507	1002.458241	32.011039	26.462368	539.455620	65.091417	33.518724	1001.823801	68.285502	11.946271	
3/18/2019 13:15:26.113588149	74.246901	32.220964	1003.168298	32.050709	26.482736	539.559442	65.272539	33.562612	1001.930725	69.930863	11.943472	
3/18/2019 13:15:27.113588149	74.338894	32.273609	1002.303850	31.663806	26.513351	540.376869	65.169664	33.549542	1001.374978	68.818409	11.986603	
3/18/2019 13:15:28.113588149	74.246901	32.163946	1001.691411	32.538373	26.589233	539.008137	65.245308	33.458125	1002.068085	58.387933	11.988115	
3/18/2019 13:15:29.113588149	74.266614	32.232556	1002.315836	32.204807	26.503105	540.386721	65.391368	33.491642	1001.656953	64.010715	11.989757	
3/18/2019 13:15:30.113588149	74.266614	32.284826	1001.527242	31.660008	26.528576	541.662146	65.174132	33.463416	1002.118078	66.639100	11.945837	
3/18/2019 13:15:31.113588149	74.299468	32.154001	1002.763002	31.516936	26.579599	541.048416	65.223440	33.491017	1002.190464	58.902764	11.947690	
3/18/2019 13:15:32.113588149	74.154907	32.310512	1000.859765	31.628936	26.517024	542.513086	65.454317	33.509072	1001.948072	66.933845	11.962698	
3/18/2019 13:15:33.113588149	74.292897	32.318703	1002.883250	32.911756	26.598988	542.859369	65.528149	33.658179	1002.668302	68.286812	11.937492	
3/18/2019 13:15:34.113588149	74.365178	32.194455	1001.832160	31.905222	26.548169	542.441461	65.261604	33.447129	1001.923472	61.276219	11.975039	
3/18/2019 13:15:35.113588149	74.404603	32.207020	1003.319297	33.007745	26.625806	545.868870	65.517424	33.685980	1001.511075	72.793480	11.904454	
3/18/2019 13:15:36.113588149	74.319181	32.269235	1000.883736	31.929047	26.503391	543.904153	65.509250	33.436334	1001.820178	63.705487	11.923168	
3/18/2019 13:15:37.113588149	74.542593	32.407053	1002.113502	33.443348	26.594702	545.786068	65.498316	33.522661	1001.718771	69.894709	11.904270	
3/18/2019 13:15:38.113588149	74.279755	32.226610	1002.878992	31.805805	26.566864	544.096682	65.196709	33.470264	1002.128803	57.490323	11.941343	
3/18/2019 13:15:39.113588149	74.299468	32.230129	1002.985520	31.980103	26.521310	547.108152	65.581426	33.676128	1002.241243	71.259201	11.898671	
3/18/2019 13:15:40.113588149	74.266614	32.280228	1000.936014	31.674209	26.452939	545.284053	65.709533	33.528577	1001.748579	67.706226	11.930317	
3/18/2019 13:15:41.113588149	74.095769	32.228781	1003.114916	33.200842	26.655849	548.035969	65.783312	33.595812	1001.683760	69.518212	11.925901	
3/18/2019 13:15:42.113588149	74.089198	32.201299	1002.392242	32.624894	26.607070	544.442312	65.347788	33.480222	1001.969364	58.495355	11.971359	
3/18/2019 13:15:43.113588149	74.371749	32.302289	1002.340673	32.749420	26.621316	545.443722	65.628184	33.589483	1002.179739	66.309242	11.954314	
3/18/2019 13:15:44.113588149	74.634586	32.248372	1002.246919	31.682175	26.520657	546.501652	65.503783	33.475037	1002.069979	59.187295	11.943261	
3/18/2019 13:15:45.113588149	74.470313	32.251216	1001.497279	32.717794	26.590416	549.846269	65.887291	33.672910	1002.038277	71.432649	11.938452	
3/18/2019 13:15:46.113588149	74.338894	32.179987	1002.221292	32.050603	26.597723	544.841169	65.594173	33.498383	1001.910226	57.714070	11.984501	
3/18/2019 13:15:47.113588149	74.404603	32.364728	1003.519580	33.610857	26.641399	546.001595	65.570754	33.572878	1002.263163	68.690560	11.940397	
3/18/2019 13:15:48.113588149	74.398032	32.252820	1002.918654	31.826815	26.472246	545.693424	65.813065	33.557427	1001.624307	66.399626	11.987366	
3/18/2019 13:15:49.113588149	74.490026	32.376395	1002.072421	31.834197	26.574864	546.717179	65.814668	33.611380	1002.379075	65.169537	11.953394	
3/18/2019 13:15:50.113588149	74.384891	32.048039	1001.495466	33.347682	26.548169	543.276624	65.934891	33.428037	1002.304797	55.835788	11.941619	
3/18/2019 13:15:51.113588149	74.260043	32.312907	1001.185895	33.247701	26.659522	547.763931	65.802787	33.616047	1001.673036	67.597494	11.957626	
3/18/2019 13:15:52.113588149	74.260043	32.258841	1002.370873	31.860048	26.558333	545.542291	65.631286	33.445255	1002.124859	58.839359	11.972857	
3/18/2019 13:15:53.113588149	74.391461	32.459548	1001.010055	32.282326	26.551353	546.681035	65.736026	33.530545	1002.488364	63.269516	11.935705	
3/18/2019 13:15:54.113588149	74.161478	32.263888	1002.212856	31.906255	26.477348	545.936548	65.566733	33.574445	1001.639447	66.544513	11.978416	
3/18/2019 13:15:55.113588149	74.240330	32.298065	1002.703626	32.323849	26.581028	549.412584	65.871047	33.675397	1001.948072	68.671173	11.965248	
3/18/2019 13:15:56.113588149	74.338894	32.269983	1002.419367	31.893895	26.488370	547.053610	65.561818	33.540303	1001.514390	67.292265	11.988325	
3/18/2019 13:15:57.113588149	74.529451	32.408775	1002.808105	33.041457	26.577395	549.395491	65.697600	33.609200	1001.776173	67.792680	11.926874	
3/18/2019 13:15:58.113588149	74.509738	32.243025	1000.971024	32.299947	26.569680	547.072008	65.380091	33.471301	1002.111770	55.168478	11.963566	
3/18/2019 13:15:59.113588149	74.647728	32.350035	1001.759618	32.615951	26.564660	549.137916	65.723122	33.566454	1002.620202	58.236494	11.958808	
3/18/2019 13:16:00.113588149	74.542593	32.275255	1002.581171	32.027187	26.498003	548.700947	65.577167	33.597061	1001.575893	66.651935	11.982227	
3/18/2019 13:16:01.113588149	74.522880	32.263888	1001.770499	33.306900	26.714505	550.749772	65.445801	33.545901	1002.232412	56.872002	11.956969	
3/18/2019 13:16:02.113588149	74.450600	32.164994	1001.033949	32.199926	26.569966	548.319173	65.635097	33.515507	1001.779488	54.786738	11.941750	
3/18/2019 13:16:03.113588149	74.595161	32.333471	1001.971334	32.354403	26.479430	551.089487	65.572804	33.651532	1001.259066	76.039915	11.900051	
3/18/2019 13:16:04.113588149	74.430887	32.243998	1002.605457	32.260792	26.512738	549.642562	65.486225	33.528164	1001.851559	60.088836	11.989928	
3/18/2019 13:16:05.113588149	74.437458	32.224108	1001.307641	32.567155	26.612214	552.165153	65.774138	33.664507	1002.055782	64.080402	11.918226	
3/18/2019 13:16:06.113588149	74.404603	32.217713	1001.034973	32.254491	26.593192	550.055218	65.439230	33.514258	1002.037176	56.954794	11.968270	
3/18/2019 13:16:07.113588149	74.555735	32.427168	1002.184626	32.464748	26.656461	552.924754	65.611021	33.498796	1002.287449	59.650245	11.964748	
3/18/2019 13:16:08.113588149	74.503168	32.300342	1001.919528	31.667001	26.541393	552.322201	65.673419	33.471513	1001.926466	62.169897	11.985118	
3/18/2019 13:16:09.113588149	74.555735	32.287596	1002.648352	32.211419	26.502574	553.872284	65.567285	33.691896	1001.989234	71.928092	11.957389	
3/18/2019 13:16:10.113588149	74.470313	32.310886	1001.206712	31.672114	26.526086	553.307843	65.577614	33.465597	1001.937348	61.964227	11.981912	
3/18/2019 13:16:11.113588149	74.463742	32.269459	1001.590244	33.058286	26.695770	554.302685	65.783259	33.578063	1002.144729	55.357382	11.961818	
3/18/2019 13:16:12.113588149	74.536022	32.243324	1002.537330	32.174321	26.510453	553.393919	65.530619	33.514258	1001.614690	59.740900	11.980046	
3/18/2019 13:16:13.113588149	74.457171	32.365851	1002.297069	32.572960	26.543679	554.372331	65.366397	33.616047	1001.993807	70.238713	11.951042	
3/18/2019 13:16:14.113588149	74.306039	32.311785	1002.772385	31.139763	26.497146	554.719940	65.538189	33.519031	1001.811976	64.252540	11.928621	
3/18/2019 13:16:15.113588149	74.490026	32.349511	1001.221614	32.076607	26.596662	558.206491	65.595566	33.621338	1002.235091	62.543773	11.962317	
3/18/2019 13:16:16.113588149	74.568877	32.174340	1002.950353	32.867216	26.401385	554.726508	65.661171	33.490393	1001.562647	65.525336	11.910052	
3/18/2019 13:16:17.113588149	74.536022	32.386265	1001.733439	33.417986	26.621847	556.719475	65.279924	33.583461	1001.810082	65.158013	11.956732	
3/18/2019 13:16:18.113588149	74.582019	32.327376	1001.892483	31.822841	26.511065	556.260172	65.447090	33.518100	1001.663104	61.657687	11.975433	
3/18/2019 13:16:19.113588149	74.384891	32.282099	1002.806292	32.763124	26.597764	555.923078	65.324159	33.651638	1002.070136	61.771662	11.933812	
3/18/2019 13:16:20.113588149	74.220617	32.212741	1003.079669	32.272578	26.577885	554.387446	64.989146	33.466940	1002.120443	53.053613	11.977759	
3/18/2019 13:16:21.113588149	74.338894	32.307710	1002.716007	33.179151	26.606540	558.240656	65.397991	33.613348	1001.883097	62.568403	11.974000	
3/18/2019 13:16:22.113588149	74.325752	32.222985	1001.853924	31.626619	26.633439	554.888808	65.200311	33.407908	1002.079282	55.564091	11.909513	
3/18/2019 13:16:23.113588149	74.628015	32.366001	1002.445704	32.357520	26.536617	557.682120	65.413735	33.656411	1001.871429	71.220426	11.958217	
3/18/2019 13:16:24.113588149	74.450600	32.217339	1002.640861	32.563142	26.578171	556.100492	65.121669	33.499939	1002.238720	54.735129	11.955207	
3/18/2019 13:16:25.113588149	74.654299	32.260787	1002.540167	32.027226	26.603968	559.446425	65.305341	33.687229	1002.009419	49.479669	11.922655	
3/18/2019 13:16:26.113588149	74.516309	32.450352	1003.109869	34.324608	26.791000	562.618879	65.532931	33.626100	1002.041114	63.806356	11.954511	
3/18/2019 13:16:27.113588149	74.279755	32.202272	1001.505321	31.826007	26.584416	557.142645	65.115045	33.506892	1002.019986	52.496076	11.967061	
3/18/2019 13:16:28.113588149	74.654299	32.417822	1003.845315	32.294842	26.524167	558.552110	65.490089	33.690647	1002.140628	76.826442	11.868878	
3/18/2019 13:16:29.113588149	74.490026	32.332797	1002.648746	31.941114	26.518126	559.333404	65.186669	33.461967	1001.849665	58.928433	11.971359	
3/18/2019 13:16:30.113588149	74.588590	32.291969	1002.967621	32.495488	26.674217	560.939345	65.676074	33.689716	1002.071394	64.675675	11.935101	
3/18/2019 13:16:31.113588149	74.667441	32.253943	1001.247951	31.924050	26.532005	559.680350	65.185618	33.479185	1002.042064	59.345016	11.984251	
3/18/2019 13:16:32.113588149	74.871140	32.522586	1002.759059	33.413007	26.652501	560.541794	65.443436	33.501589	1002.387749	60.852044	11.946363	
3/18/2019 13:16:33.113588149	74.457171	32.337620	1001.406994	32.242149	26.544781	559.648153	65.251931	33.495684	1001.838312	55.447766	11.955681	
3/18/2019 13:16:34.113588149	74.444029	32.311303	1003.166485	32.089162	26.512534	559.556814	65.325658	33.761005	1001.793364	71.959004	11.884399	
