
Time stamp	Inside_humidity (in %rH)	Inside_temperature (in °C)	Inside_pressure (in mbar)	Soil_moisture (in %VWC)	Soil_temperature (in °C)	Inside_CO2_ratio (in ppm)	Outside_humidity (in %rH)	Outside_temperature (in °C)	Outside_pressure (in mbar)	Outside_PAR (in µmol m^-2 s^-1)	Power_box_charge (in V)	
3/18/2019 13:36:07.053632249	66.072643	32.108832	1002.827818	37.532208	26.064590	462.332359	71.926305	33.225814	1001.439325	158.617111	11.932235	
3/18/2019 13:36:08.053632249	66.335481	32.093241	1002.896497	39.981716	26.154432	464.708417	72.204283	33.220829	1001.109094	134.906108	11.924692	
3/18/2019 13:36:09.053632249	66.499755	32.098288	1002.585192	38.947910	26.049609	462.807440	71.878600	33.179745	1001.088910	129.543227	11.967351	
3/18/2019 13:36:10.053632249	66.618032	32.136164	1002.480871	38.780763	26.180189	463.160954	72.050049	33.307061	1000.669574	125.850067	11.921065	
3/18/2019 13:36:11.053632249	66.703454	32.120798	1001.317024	39.149110	26.193251	461.391396	72.069605	33.302807	1000.040499	123.371811	11.905820	
3/18/2019 13:36:12.053632249	66.710025	32.130893	1002.387117	39.977431	26.222681	462.746983	71.927409	33.311834	1000.737387	118.453803	11.941001	
3/18/2019 13:36:13.053632249	66.690312	32.151082	1002.953113	38.965842	26.115287	462.432234	71.956505	33.198943	1001.214282	112.974597	11.956535	
3/18/2019 13:36:14.053632249	66.736309	32.166598	1001.804011	38.363149	26.197496	464.416666	72.048841	33.227264	1001.266482	128.229035	11.957770	
3/18/2019 13:36:15.053632249	66.749451	32.098288	1001.175171	37.984963	26.134553	462.047176	71.726917	33.226438	1000.914173	130.865012	11.973856	
3/18/2019 13:36:16.053632249	66.782306	32.188958	1000.523386	38.129924	26.170841	462.173995	71.643203	33.291080	1000.142687	125.520208	11.916479	
3/18/2019 13:36:17.053632249	66.414332	31.972660	1002.350057	39.277066	26.045609	463.014420	71.617523	33.280709	1000.098059	119.395430	11.907161	
3/18/2019 13:36:18.053632249	66.440616	32.126070	1002.708437	38.303608	26.151901	464.951541	71.877339	33.216162	1001.371827	102.441941	11.927610	
3/18/2019 13:36:19.053632249	66.598319	32.182190	1000.283125	37.610294	26.097735	463.409993	71.216144	33.197694	1000.970790	101.222065	11.963421	
3/18/2019 13:36:20.053632249	66.585177	32.094962	1001.347461	38.544577	26.131492	465.445020	71.361152	33.229444	1001.279729	101.806853	11.938662	
3/18/2019 13:36:21.053632249	66.723167	32.188584	1001.481036	38.561144	26.116430	463.521698	71.092952	33.208077	1001.012895	100.533786	11.973948	
3/18/2019 13:36:22.053632249	66.775735	32.204999	1002.690065	38.892841	26.200353	463.246377	71.036311	33.311622	1000.955964	108.650551	11.913850	
3/18/2019 13:36:23.053632249	66.808589	32.109805	1001.897450	38.179696	26.142513	463.291057	70.764352	33.252071	1000.654277	106.172024	11.933983	
3/18/2019 13:36:24.053632249	66.821731	32.208998	1003.092996	38.230100	26.164596	463.816733	70.746400	33.277174	1001.264589	104.375494	11.907818	
3/18/2019 13:36:25.053632249	66.979434	32.166598	1001.556023	37.679049	26.091775	464.033576	70.798653	33.210458	1001.126442	97.419132	11.962764	
3/18/2019 13:36:26.053632249	66.953150	32.146259	1001.749840	38.650373	26.132308	466.564050	70.674566	33.234429	1001.118240	98.314121	11.948978	
3/18/2019 13:36:27.053632249	67.150279	32.089017	1001.676193	38.120681	26.037405	464.490259	70.518967	33.242419	1000.691495	104.782903	11.961884	
3/18/2019 13:36:28.053632249	67.413116	32.157776	1003.236348	38.848612	26.119614	465.449620	70.552164	33.266591	1000.831221	102.599662	11.931394	
3/18/2019 13:36:29.053632249	67.465684	32.195877	1001.720349	38.940168	26.109858	463.456641	70.136957	33.217316	1001.054843	105.129528	11.919199	
3/18/2019 13:36:30.053632249	67.314552	32.199652	1003.565709	39.894719	26.107980	465.842561	70.375010	33.196657	1001.286352	98.124177	11.934194	
3/18/2019 13:36:31.053632249	67.432829	32.078098	1001.354085	38.271944	26.074223	464.065773	70.423504	33.302394	1000.651912	105.269172	11.952014	
3/18/2019 13:36:32.053632249	67.735093	32.172918	1001.890590	38.810879	26.078509	466.186876	70.078266	33.239202	1001.063359	103.874809	11.939726	
3/18/2019 13:36:33.053632249	67.754806	32.182040	1001.263328	37.512474	26.088918	464.331242	70.017681	33.213051	1001.035765	97.560087	11.954761	
3/18/2019 13:36:34.053632249	67.682525	32.147157	1000.850225	38.470747	26.090428	465.914186	70.302073	33.212638	1001.231787	104.379426	11.928227	
3/18/2019 13:36:35.053632249	67.794231	32.167497	1001.059733	37.887330	26.150718	464.186677	69.970818	33.278010	1000.848883	110.586725	11.929187	
3/18/2019 13:36:36.053632249	68.063640	32.230385	1000.826254	38.307767	26.168025	464.524424	69.846732	33.291493	1001.124234	113.794656	11.937939	
3/18/2019 13:36:37.053632249	68.162204	32.203577	1000.774133	37.557133	26.105694	464.931827	69.938620	33.223740	1001.189524	106.401284	11.969532	
3/18/2019 13:36:38.053632249	68.273911	32.184136	1001.961556	37.854690	26.088755	466.485858	70.090042	33.245943	1001.498306	104.199696	11.937597	
3/18/2019 13:36:39.053632249	68.142492	32.070249	1001.891694	38.008409	26.127492	464.729436	69.631337	33.281534	1000.259863	105.599031	11.916242	
3/18/2019 13:36:40.053632249	68.280482	32.305315	1001.219092	36.925520	26.200639	466.663273	69.861924	33.237434	1001.662475	92.275027	11.889459	
3/18/2019 13:36:41.053632249	68.576174	32.145511	1002.933005	37.952303	26.081571	467.468870	70.001465	33.363194	1001.835632	93.266953	11.872808	
3/18/2019 13:36:42.053632249	68.280482	32.094214	1000.955412	38.195329	26.047038	466.545652	69.799764	33.263173	1001.010844	87.675082	11.958795	
3/18/2019 13:36:43.053632249	68.773303	32.075446	1001.579520	40.182215	26.287338	464.527708	69.449059	33.492172	1001.675722	92.320084	11.848601	
3/18/2019 13:36:44.053632249	68.694451	32.061908	1002.327189	39.383534	26.069692	467.056214	69.598482	33.281640	1000.888152	87.843288	11.951081	
3/18/2019 13:36:45.053632249	68.740448	32.100908	1001.288323	39.559418	26.111083	470.021689	69.751664	33.291705	1001.448785	83.634257	11.932669	
3/18/2019 13:36:46.053632249	68.602458	32.119974	1003.604426	39.216384	26.070305	467.514213	69.401853	33.215231	1001.207187	83.894429	11.950345	
3/18/2019 13:36:47.053632249	68.917863	32.147831	1002.318753	39.672871	26.236600	468.237017	69.544259	33.371079	1000.991446	90.066885	11.921302	
3/18/2019 13:36:48.053632249	69.029569	32.194006	1001.386730	38.614958	26.150187	466.414233	69.658068	33.253933	1000.958015	74.604426	11.963053	
3/18/2019 13:36:49.053632249	69.200414	32.168245	1001.801014	40.172690	26.234314	468.451229	69.895621	33.368380	1001.120605	72.547724	11.905676	
3/18/2019 13:36:50.053632249	69.022999	32.056412	1002.402257	39.040937	25.918949	467.827646	69.882084	33.285789	1000.036398	68.918239	11.921183	
3/18/2019 13:36:51.053632249	69.016428	32.268561	1001.158218	39.522845	26.236600	467.713309	69.728954	33.288794	1001.004535	79.075980	11.900498	
3/18/2019 13:36:52.053632249	69.364688	32.173143	1001.242588	39.285841	26.131451	466.243386	69.834827	33.316089	1000.820654	99.457486	11.927570	
3/18/2019 13:36:53.053632249	69.318691	32.225488	1002.292259	38.596549	26.122389	468.708151	69.410237	33.221665	1001.266954	94.848910	11.946297	
3/18/2019 13:36:54.053632249	69.305549	32.140838	1001.292266	38.202312	26.138554	465.855044	69.270040	33.252790	1000.889259	113.850469	11.963145	
3/18/2019 13:36:55.053632249	69.325262	32.288975	1001.144813	39.183532	26.101735	467.633801	69.223281	33.247086	1001.396270	106.022166	11.897896	
3/18/2019 13:36:56.053632249	69.417255	32.093989	1002.978345	38.417343	25.996300	467.347965	68.991852	33.239308	1001.069983	111.457355	11.952579	
3/18/2019 13:36:57.053632249	69.509249	32.130219	1002.301800	38.946937	26.038833	467.607519	69.211006	33.292012	1001.156565	122.991382	11.923417	
3/18/2019 13:36:58.053632249	69.653809	32.152729	1001.325383	37.992863	26.034833	468.096399	69.052489	33.220628	1001.345176	113.991424	11.971963	
3/18/2019 13:36:59.053632249	69.594671	32.220216	1001.703159	34.285664	26.027690	468.721950	69.040504	33.265353	1001.805510	112.982460	11.898553	
3/18/2019 13:37:00.053632249	69.745803	32.187836	1002.524712	33.190535	25.970503	469.593920	68.776771	33.213463	1001.850773	110.571540	11.879642	
3/18/2019 13:37:01.053632249	69.594671	32.100908	1002.147961	34.056473	25.982177	469.791048	69.144982	33.325529	1001.481430	112.095064	11.888867	
3/18/2019 13:37:02.053632249	69.660380	32.178939	1001.881207	33.700260	26.010179	468.489341	68.893131	33.290668	1001.150885	109.398032	11.918160	
3/18/2019 13:37:03.053632249	70.113776	32.199652	1000.847070	34.015574	26.148187	468.800806	68.825923	33.306955	1001.266640	106.231768	11.941290	
3/18/2019 13:37:04.053632249	69.758945	32.088343	1002.455639	34.200119	26.020628	466.619245	68.882354	33.286201	1000.649233	119.797867	11.952027	
3/18/2019 13:37:05.053632249	70.054637	32.089541	1000.532532	34.866629	26.139370	467.323652	68.810520	33.357384	1000.984823	125.579681	11.907384	
3/18/2019 13:37:06.053632249	69.890363	32.104832	1000.711288	34.144503	25.948134	467.964980	68.803398	33.269290	1000.862130	148.438403	11.907397	
3/18/2019 13:37:07.053632249	70.218911	32.189183	1001.139137	34.610885	26.056345	469.967147	68.962309	33.294710	1000.897140	193.533592	11.928267	
3/18/2019 13:37:08.053632249	69.975786	32.077051	1001.097266	34.355296	26.044426	467.445872	68.824557	33.283090	1000.800155	236.291478	11.991781	
3/18/2019 13:37:09.053632249	70.291191	32.199203	1002.822850	34.966103	26.083285	468.879651	68.654026	33.357066	1000.892410	260.760444	11.942066	
3/18/2019 13:37:10.053632249	70.087492	32.204026	1002.334445	33.737330	26.020383	468.044488	68.645195	33.182963	1001.063202	244.216716	11.972029	
3/18/2019 13:37:11.053632249	70.422610	32.190006	1002.045533	34.008298	25.978789	468.596446	68.779322	33.293049	1001.098212	273.939830	11.901838	
3/18/2019 13:37:12.053632249	70.205769	32.162898	1001.100105	33.642268	25.952094	469.024216	68.833835	33.287863	1000.723511	283.012365	11.982661	
3/18/2019 13:37:13.053632249	70.429181	32.131192	1001.827588	34.602147	26.033976	468.575417	68.510569	33.380000	1001.029771	321.646630	11.967929	
3/18/2019 13:37:14.053632249	70.284620	32.157252	1002.335548	33.431747	25.986953	471.114438	68.479818	33.231211	1001.063359	302.671016	11.970110	
3/18/2019 13:37:15.053632249	70.514603	32.221937	1001.175645	33.685337	26.071407	471.361509	68.622775	33.305082	1001.248348	248.291345	11.938531	
3/18/2019 13:37:16.053632249	70.560600	32.177891	1000.933729	34.002318	25.974789	470.165591	68.725440	33.251753	1001.118082	221.094164	11.926203	
3/18/2019 13:37:17.053632249	70.481749	32.194081	1002.595284	33.420068	26.111613	472.249898	68.393843	33.315771	1001.511710	200.472147	11.913351	
3/18/2019 13:37:18.053632249	70.462036	32.098662	1001.559020	34.017200	26.065366	469.832444	68.263738	33.249255	1001.060051	197.010597	11.957770	
3/18/2019 13:37:19.053632249	70.672306	32.131267	1002.290761	34.825906	26.141329	471.072379	68.456950	33.333307	1000.584414	187.701208	11.910262	
3/18/2019 13:37:20.053632249	70.922002	32.131342	999.923247	34.081154	26.073325	471.208397	68.503999	33.306437	1001.229736	171.090143	11.932590	
3/18/2019 13:37:21.053632249	70.632880	32.231508	1000.600344	35.335377	26.046712	472.502874	68.564084	33.351362	1000.658535	173.960352	11.907581	
3/18/2019 13:37:22.053632249	70.738016	32.037121	1001.774678	33.991195	25.992014	472.195356	68.301903	33.306024	1000.952020	184.202194	11.925914	
3/18/2019 13:37:23.053632249	71.046850	32.268861	1001.215071	33.843554	26.003974	472.910277	68.364353	33.283609	1001.553658	182.717446	11.908015	
3/18/2019 13:37:24.053632249	70.698590	32.163198	1001.635269	33.752808	25.937889	472.623126	68.502842	33.290562	1000.859608	170.761595	11.962633	
3/18/2019 13:37:25.053632249	70.954857	32.199727	999.842187	34.255548	26.112185	471.955516	68.540560	33.373047	1001.347227	157.997480	11.929673	
3/18/2019 13:37:26.053632249	70.915431	32.216141	1002.459740	33.666618	25.986912	472.600128	68.594021	33.256114	1001.054528	163.842698	11.969598	
3/18/2019 13:37:27.053632249	71.027137	32.211992	1001.204898	33.821718	26.052957	473.964261	68.442995	33.309654	1001.243140	153.983635	11.954734	
3/18/2019 13:37:28.053632249	71.027137	32.178639	1001.531895	33.701692	25.956012	471.417356	68.284398	33.306437	1000.914173	155.568212	11.972910	
3/18/2019 13:37:29.053632249	71.027137	32.104308	1001.434987	35.197857	26.083244	472.465425	68.426751	33.388816	1000.658064	161.112134	11.959636	
3/18/2019 13:37:30.053632249	71.158556	32.184585	1000.603893	33.961195	25.986341	471.148603	68.384013	33.216892	1001.218540	160.255920	11.976852	
3/18/2019 13:37:31.053632249	71.040279	32.273683	1001.475359	34.052460	26.030588	472.665837	68.519034	33.249679	1001.354637	185.010730	11.959492	
3/18/2019 13:37:32.053632249	70.830009	32.082173	1001.114771	34.191557	26.035650	469.938234	68.121780	33.302076	1000.953285	201.302420	11.975459	
3/18/2019 13:37:33.053632249	71.086276	32.167047	1001.078894	34.335972	26.068549	470.666291	68.265841	33.336937	1001.076449	193.867382	11.923562	
3/18/2019 13:37:34.053632249	71.033708	32.142559	1002.927328	34.148107	25.973034	471.914120	68.484785	33.366930	1000.627941	169.214482	11.955589	
3/18/2019 13:37:35.053632249	71.322830	32.189707	1001.489000	33.894680	26.047895	471.408157	68.480160	33.341710	1001.340761	152.225880	11.942946	
3/18/2019 13:37:36.053632249	71.460820	32.191878	1001.863307	33.950958	26.126063	474.450509	68.479109	33.418396	1001.273892	177.119023	11.914310	
3/18/2019 13:37:37.053632249	71.112560	32.145286	1001.131172	33.976292	26.026057	472.004143	68.236246	33.264517	1001.178643	210.755385	11.969795	
3/18/2019 13:37:38.053632249	71.257120	32.227209	1001.900525	34.571019	26.132553	474.097648	68.479318	33.324386	1001.307166	249.414012	11.925165	
3/18/2019 13:37:39.053632249	71.211124	32.120274	1000.715546	34.248536	25.961686	473.040381	68.442705	33.341403	1000.432863	252.238893	11.962817	
3/18/2019 13:37:40.053632249	71.454249	32.257269	1000.775394	34.655523	26.040181	474.248781	68.693505	33.310786	1001.295184	233.606241	11.951607	
3/18/2019 13:37:41.053632249	71.401681	32.237304	1001.622574	33.668254	25.997403	473.703391	68.627585	33.259331	1001.218854	257.478895	11.982924	
3/18/2019 13:37:42.053632249	71.309688	32.279105	1001.096714	34.166505	25.987239	474.163358	68.644039	33.296266	1001.457145	363.050231	11.959294	
3/18/2019 13:37:43.053632249	71.276833	32.152804	1002.121467	33.802326	25.945277	473.399157	68.498926	33.292118	1000.813873	475.218183	11.981925	
3/18/2019 13:37:44.053632249	71.539671	32.174939	1001.287771	34.180657	26.049814	471.678879	68.498636	33.397124	1001.107993	512.555013	11.974145	
3/18/2019 13:37:45.053632249	71.447678	32.146783	1001.633928	34.174171	25.935317	471.820813	68.611132	33.355098	1000.706635	435.897228	12.006750	
3/18/2019 13:37:46.053632249	71.684232	32.249569	1001.173909	33.954992	26.059773	474.553015	68.452825	33.312247	1001.624465	275.098922	11.935035	
3/18/2019 13:37:47.053632249	71.296546	32.304267	1002.473224	33.988691	25.856292	470.716234	68.621619	33.247393	1000.984351	161.510639	11.901273	
3/18/2019 13:37:48.053632249	71.316259	32.184211	1003.011779	34.095345	26.126920	473.163916	68.646851	33.334757	1001.096005	126.876067	11.908449	
3/18/2019 13:37:49.053632249	71.447678	32.273384	999.249698	33.582590	26.139615	470.653808	68.376890	33.458443	1000.905185	120.138210	11.925244	
3/18/2019 13:37:50.053632249	71.703945	32.182713	1002.242661	34.788240	25.999974	473.613368	68.471301	33.398986	1000.756156	132.655260	11.921932	
3/18/2019 13:37:51.053632249	71.697374	32.163722	1000.401245	33.800358	25.962258	473.440553	68.612840	33.305399	1001.100577	128.500460	11.960201	
3/18/2019 13:37:52.053632249	71.572526	32.252671	1002.021167	34.383698	26.022628	473.598254	68.469698	33.364125	1002.190621	140.344957	11.845118	
3/18/2019 13:37:53.053632249	71.605380	32.184585	1001.231787	33.465311	25.947808	473.520061	68.674529	33.312353	1000.947290	146.632699	11.967022	
3/18/2019 13:37:54.053632249	71.802509	32.206047	999.586000	34.098812	26.071121	473.252624	68.393239	33.398574	1001.641026	150.297298	11.935626	
3/18/2019 13:37:55.053632249	71.605380	32.105132	1003.014459	33.741957	26.000791	473.993827	68.486888	33.287969	1000.929942	156.776293	11.925822	
3/18/2019 13:37:56.053632249	71.565955	32.236555	1000.880267	34.608293	26.080142	475.574802	68.523764	33.329984	1001.255129	144.855556	11.945272	
3/18/2019 13:37:57.053632249	71.605380	32.136164	1001.695117	34.363897	25.964503	472.899762	68.491856	33.343372	1000.625261	142.756148	11.972818	
3/18/2019 13:37:58.053632249	72.045634	32.216291	1000.165400	33.992500	26.189536	474.165326	68.500530	33.438832	1000.684872	132.435174	11.879287	
3/18/2019 13:37:59.053632249	71.625093	32.109356	1001.774915	34.584557	25.952665	472.873481	68.262477	33.386435	1000.614851	128.145972	11.969072	
3/18/2019 13:38:00.053632249	71.763083	32.226161	1000.337296	34.149557	26.071121	472.647439	68.345192	33.349288	1001.560124	114.933051	11.934154	
3/18/2019 13:38:01.053632249	71.664519	32.126669	1000.359374	34.113072	25.952053	473.430038	68.473352	33.393907	1000.562179	121.925566	11.927583	
3/18/2019 13:38:02.053632249	71.933928	32.161519	1002.518326	33.759772	25.977932	475.467696	68.626377	33.338705	1001.262696	109.881951	11.883584	
3/18/2019 13:38:03.053632249	71.703945	32.193632	1000.651440	33.704750	26.029976	473.220427	68.323666	33.276550	1001.279572	105.288831	11.971595	
3/18/2019 13:38:04.053632249	71.841935	32.172918	1002.193143	34.963726	26.126880	473.749387	68.307370	33.371798	1001.211917	113.027788	11.938097	
3/18/2019 13:38:05.053632249	72.006208	32.178340	1001.342808	34.100740	26.028833	472.791341	68.316201	33.318882	1001.172019	98.062083	11.939358	
3/18/2019 13:38:06.053632249	71.809080	32.274806	1000.616745	34.666821	26.005076	475.461781	68.537800	33.336524	1000.993654	96.835654	11.903442	
3/18/2019 13:38:07.053632249	71.815651	32.063630	1002.209307	33.806417	26.014097	473.401125	68.368559	33.341403	1000.654277	103.464779	11.922024	
3/18/2019 13:38:08.053632249	72.361039	32.205149	1001.045855	34.870534	26.008179	474.021424	68.201183	33.376677	1001.133222	101.894617	11.889537	
3/18/2019 13:38:09.053632249	71.933928	32.236181	1002.081884	33.724766	25.996015	473.953746	68.150771	33.282466	1001.205450	92.448204	11.951843	
3/18/2019 13:38:10.053632249	71.868218	32.200101	1002.035598	34.188644	25.971605	475.153600	68.455137	33.400023	1001.178957	101.774360	11.941211	
3/18/2019 13:38:11.053632249	72.032492	32.119675	1000.004386	34.451420	26.048671	473.298619	68.183178	33.479609	1001.213338	91.965866	11.877132	
3/18/2019 13:38:12.053632249	72.124485	32.215543	1001.731783	35.391557	26.127492	473.793414	68.427592	33.383006	1001.391383	103.000518	11.917411	
3/18/2019 13:38:13.053632249	72.039063	32.209522	1002.654660	34.400548	25.954053	474.497821	68.411139	33.358209	1000.747640	102.343422	11.959544	
3/18/2019 13:38:14.053632249	71.940499	32.263963	1001.728314	34.068248	25.996586	475.145717	68.180314	33.346070	1001.290925	94.987244	11.929555	
3/18/2019 13:38:15.053632249	71.894502	32.122626	999.812225	33.743855	26.010709	472.929991	68.201288	33.303632	1001.037023	91.633386	11.920184	
3/18/2019 13:38:16.053632249	71.986495	32.237005	1001.692043	33.301171	26.132839	473.150770	68.346243	33.417560	1001.095533	101.567379	11.890786	
3/18/2019 13:38:17.053632249	72.104772	32.214644	1001.341547	33.888583	25.991443	474.158758	68.318304	33.288276	1001.351643	94.448054	11.947427	
3/18/2019 13:38:18.053632249	72.177053	32.237529	1001.020622	34.442304	26.091449	476.252264	68.407432	33.349700	1001.424500	96.255068	11.948742	
3/18/2019 13:38:19.053632249	72.163911	32.115526	1001.587879	34.023172	26.007607	473.606137	68.219582	33.350431	1001.311110	106.791656	11.902771	
3/18/2019 13:38:20.053632249	72.242762	32.237529	1001.737145	34.903787	26.022914	476.165525	68.093892	33.399092	1000.678563	116.686874	11.936651	
3/18/2019 13:38:21.053632249	72.216478	32.136015	1002.116262	34.487478	26.053487	474.030623	68.107534	33.367131	1000.601133	122.983789	11.943012	
3/18/2019 13:38:22.053632249	72.124485	32.310662	1001.792972	34.026365	26.048467	475.593853	68.031994	33.359659	1001.804566	156.666521	11.885963	
3/18/2019 13:38:23.053632249	71.815651	32.153926	1002.562719	34.144873	26.010995	474.044422	67.934981	33.405527	1000.218701	235.023653	11.930895	
3/18/2019 13:38:24.053632249	71.999637	32.264337	1002.000982	33.859850	26.048099	475.833693	67.872636	33.429699	1001.078657	303.149692	11.924285	
3/18/2019 13:38:25.053632249	72.078489	32.225488	1001.897056	33.689117	26.016383	474.788256	67.832106	33.305706	1001.207344	326.873797	11.991558	
3/18/2019 13:38:26.053632249	72.045634	32.152055	1001.127308	35.172981	26.073325	475.908602	68.004607	33.416829	1000.794003	329.354673	11.983581	
3/18/2019 13:38:27.053632249	71.986495	32.205523	999.479866	34.221323	26.110144	472.336627	68.027079	33.480339	1000.163664	309.240666	11.949438	
3/18/2019 13:38:28.053632249	72.466174	32.273683	999.506202	33.562370	26.236845	475.751554	67.955246	33.493928	1000.756785	313.240094	11.904138	
3/18/2019 13:38:29.053632249	72.117914	32.130743	1001.306537	34.147152	26.048385	474.016824	67.937636	33.346377	1001.169811	331.516176	11.988903	
3/18/2019 13:38:30.053632249	72.196766	32.146409	1002.253780	34.038287	26.031976	474.303976	67.741769	33.324798	1001.192204	357.406753	11.992688	
3/18/2019 13:38:31.053632249	72.209908	32.147607	1002.049239	34.074969	26.042997	474.405166	67.766449	33.345965	1001.354008	404.061878	11.962501	
3/18/2019 13:38:32.053632249	72.321614	32.210420	1001.606173	33.937332	26.021200	475.069492	67.904886	33.286720	1001.349907	440.317170	12.009956	
3/18/2019 13:38:33.053632249	72.315043	32.411502	1001.777280	32.477486	26.004791	477.269451	67.887381	33.387472	1000.840367	470.767330	11.956075	
3/18/2019 13:38:34.053632249	72.249333	32.135940	1001.642839	34.854414	26.005362	475.074092	67.991307	33.364644	1000.993025	541.093355	12.033927	
3/18/2019 13:38:35.053632249	72.301901	32.163572	1002.280511	34.364599	25.948379	475.898087	68.050289	33.419846	1000.643081	560.455674	12.018499	
3/18/2019 13:38:36.053632249	72.479316	32.183687	1001.022358	33.527180	25.918377	477.874635	67.867011	33.293567	1001.616583	514.513466	11.966260	
3/18/2019 13:38:37.053632249	72.472745	32.263738	1001.186841	33.633755	25.961972	477.068376	67.742268	33.300002	1001.234152	482.658461	12.019563	
3/18/2019 13:38:38.053632249	72.367610	32.158450	1000.969054	33.486096	25.894009	478.032336	67.735198	33.382074	1001.663104	464.279163	11.919120	
3/18/2019 13:38:39.053632249	72.301901	32.126070	1000.629125	34.342284	26.028262	476.522985	67.862753	33.375015	1000.975205	488.743150	12.023874	
3/18/2019 13:38:40.053632249	72.229620	32.126219	999.799450	33.983355	26.026016	476.718798	67.867273	33.359458	1000.674147	524.624563	11.976892	
3/18/2019 13:38:41.053632249	72.282188	32.247698	1000.024493	33.709708	25.980136	478.125643	67.998535	33.336524	1001.266954	519.393736	12.010771	
3/18/2019 13:38:42.053632249	72.117914	32.147008	1002.607822	34.361160	25.945522	478.161124	68.071815	33.404902	1000.763723	523.024530	12.009536	
3/18/2019 13:38:43.053632249	72.255904	32.120648	1000.064391	34.645861	26.008709	477.912085	68.124225	33.405315	1000.894146	515.554651	11.992767	
3/18/2019 13:38:44.053632249	72.518742	32.227060	1000.834218	33.858721	25.995402	479.297900	67.830897	33.311104	1001.417562	499.065160	12.019892	
3/18/2019 13:38:45.053632249	72.459603	32.152280	1000.955964	34.380796	25.950053	478.935840	67.875343	33.431254	1000.563915	497.688874	12.014556	
3/18/2019 13:38:46.053632249	72.446462	32.121172	1001.577549	33.382842	26.154065	478.294511	67.769866	33.491854	1001.735332	481.481292	11.923838	
3/18/2019 13:38:47.053632249	72.584451	32.232107	1000.879321	33.895918	25.956870	480.555580	68.093236	33.338705	1001.216489	453.624673	12.016278	
3/18/2019 13:38:48.053632249	72.512171	32.141960	1001.483243	34.463138	25.989157	479.550223	68.053653	33.438102	1000.717045	442.106107	12.017171	
3/18/2019 13:38:49.053632249	72.656732	32.167646	1000.157278	33.952634	26.017526	479.811093	67.858285	33.354473	1001.409045	411.187754	11.997787	
3/18/2019 13:38:50.053632249	72.689587	32.257868	1001.925680	33.532283	25.975605	481.262618	67.837021	33.397843	1000.658378	387.327940	11.966260	
3/18/2019 13:38:51.053632249	72.637019	32.126818	1002.332237	34.021515	26.025731	479.473999	68.037961	33.354992	1001.575264	369.662587	11.931894	
3/18/2019 13:38:52.053632249	72.584451	32.184136	999.447301	33.977012	25.998831	480.171838	67.949332	33.405728	1000.872697	343.649133	11.930908	
3/18/2019 13:38:53.053632249	72.209908	32.247174	1001.271607	33.137861	26.087204	481.038544	67.984841	33.506173	1000.476861	336.285093	11.936309	
3/18/2019 13:38:54.053632249	72.255904	32.278656	1003.052781	33.529468	25.874456	482.498616	67.910853	33.412268	1000.848569	319.972978	11.935153	
3/18/2019 13:38:55.053632249	72.518742	32.159423	1002.550577	34.536198	25.866497	481.750182	67.863857	33.368792	1001.440111	300.568986	11.906858	
3/18/2019 13:38:56.053632249	72.433320	32.189782	1001.903522	33.814316	25.957155	480.589093	68.001242	33.365163	1000.999963	296.859331	11.924613	
3/18/2019 13:38:57.053632249	72.689587	32.251548	1000.956911	33.712854	26.001076	480.171838	68.074627	33.344821	1001.641026	306.832368	11.948308	
3/18/2019 13:38:58.053632249	72.485887	32.221563	1001.611693	33.687734	25.931113	481.241588	68.240189	33.378444	1001.140475	324.349943	11.974211	
3/18/2019 13:38:59.053632249	72.742154	32.105356	1002.050895	33.732947	26.070182	480.616690	67.703052	33.484689	1001.123920	324.650200	11.938491	
3/18/2019 13:39:00.053632249	72.597593	32.157701	1002.732565	33.250728	25.999403	482.257460	68.037409	33.359246	1001.098370	309.640482	11.945114	
3/18/2019 13:39:01.053632249	72.768438	32.241303	1001.867723	33.757336	26.050100	480.968235	67.983290	33.377195	1001.095533	305.828647	11.953880	
3/18/2019 13:39:02.053632249	72.420178	32.141212	1002.671613	34.373588	26.029690	481.085856	68.057516	33.419528	1000.727927	304.669555	11.983002	
3/18/2019 13:39:03.053632249	72.709299	32.273758	1001.109803	33.954397	25.954584	482.494669	68.027869	33.389334	1001.196305	292.558606	11.986511	
3/18/2019 13:39:04.053632249	72.531884	32.191653	1002.939629	34.063603	25.919725	482.941489	67.777226	33.441837	1000.739123	290.926079	11.938885	
3/18/2019 13:39:05.053632249	72.689587	32.262915	1000.790929	33.807088	26.001648	482.591923	67.678871	33.353955	1001.395641	280.529138	11.949373	
3/18/2019 13:39:06.053632249	72.761867	32.133919	1000.280365	33.940828	26.013526	483.090654	67.635687	33.368274	1000.925527	288.101199	11.947401	
3/18/2019 13:39:07.053632249	72.505600	32.154151	1000.340845	34.546386	25.963686	484.437041	67.645360	33.453151	1000.606492	313.648813	11.956154	
3/18/2019 13:39:08.053632249	72.761867	32.136464	1001.339182	34.250649	26.033935	483.615015	67.609588	33.415380	1001.093482	285.126189	11.994121	
3/18/2019 13:39:09.053632249	72.531884	32.105731	1001.120842	34.396234	25.937603	484.097979	67.590375	33.318470	1000.455098	283.048519	11.949346	
3/18/2019 13:39:10.053632249	72.715870	32.173218	1001.348565	34.438866	25.984341	484.661767	67.324487	33.421084	1000.699540	237.336595	11.980203	
3/18/2019 13:39:11.053632249	72.775009	32.156429	1001.318128	34.410454	26.000138	484.473838	67.342202	33.428037	1000.755527	217.237001	11.956062	
3/18/2019 13:39:12.053632249	72.525313	32.205373	1001.327039	34.328453	25.920867	486.723076	67.463581	33.475767	1000.817974	213.925580	11.971569	
3/18/2019 13:39:13.053632249	72.407036	32.158599	1003.250146	33.780917	25.909561	487.977472	67.422447	33.427730	1001.078971	215.685956	11.931158	
3/18/2019 13:39:14.053632249	72.676445	32.173592	1000.753316	34.081719	26.037364	485.713120	67.348853	33.372528	1001.383181	231.010079	11.977654	
3/18/2019 13:39:15.053632249	72.761867	32.200850	1001.488606	33.823851	25.967074	487.328260	67.205553	33.438832	1001.039388	236.961408	11.977010	
3/18/2019 13:39:16.053632249	72.702728	32.205972	1000.300630	34.288801	25.932787	486.224997	67.164025	33.471725	1000.842103	243.697954	11.953880	
3/18/2019 13:39:17.053632249	72.485887	32.195653	1000.303390	34.429175	25.956870	486.286107	67.174459	33.498807	1000.912280	232.668275	11.952855	
3/18/2019 13:39:18.053632249	72.676445	32.238352	1000.679984	33.806787	25.953482	486.648167	67.225871	33.383630	1000.949655	209.014126	11.951988	
3/18/2019 13:39:19.053632249	72.788151	32.183761	999.913943	34.436119	26.048140	484.883209	67.186183	33.415380	1001.185580	226.843755	11.976721	
3/18/2019 13:39:20.053632249	72.867002	32.200101	1001.624940	34.136340	25.951196	485.433199	67.105333	33.457712	1000.762937	288.572012	11.990822	
3/18/2019 13:39:21.053632249	72.643590	32.257643	1001.159796	33.696325	25.982953	485.697353	67.071979	33.387366	1001.463454	298.483994	11.988798	
3/18/2019 13:39:22.053632249	72.768438	32.126145	1001.396665	34.013567	26.037609	483.408687	67.034919	33.458749	1001.093168	281.982974	11.939188	
3/18/2019 13:39:23.053632249	72.886715	32.252970	1001.684473	34.442918	26.022343	483.503309	67.209470	33.421814	1000.914331	284.315033	11.955378	
3/18/2019 13:39:24.053632249	72.873573	32.211319	1002.802348	34.842639	26.085489	488.780448	67.654324	33.512914	1001.284302	294.956690	11.940015	
3/18/2019 13:39:25.053632249	72.558168	32.179238	1000.287935	34.359641	25.931072	483.995473	67.468786	33.510215	1000.614065	281.872931	11.974933	
3/18/2019 13:39:26.053632249	72.860431	32.401557	1002.112241	35.034371	26.157534	485.061277	67.146073	33.446504	1001.376714	281.189895	11.943945	
3/18/2019 13:39:27.053632249	72.748725	32.162898	1001.829638	34.652737	26.023771	483.630129	67.147019	33.456156	1001.058787	268.317048	11.979428	
3/18/2019 13:39:28.053632249	73.024705	32.296942	1001.066119	33.899618	25.984381	485.561987	67.364964	33.489462	1001.629673	283.381269	11.949977	
3/18/2019 13:39:29.053632249	72.965566	32.264188	1000.378772	33.520966	25.973891	485.766346	67.310242	33.397949	1001.312846	247.826813	11.980860	
3/18/2019 13:39:30.053632249	72.729012	32.291221	1001.566748	34.448859	26.162596	487.043740	67.430464	33.488943	1001.591191	252.445873	11.966299	
3/18/2019 13:39:31.053632249	72.788151	32.285126	1001.940740	33.611860	25.991729	486.507549	67.369722	33.370867	1001.365518	240.804426	11.979441	
3/18/2019 13:39:32.053632249	73.018134	32.380843	1002.046716	34.089773	26.037976	487.134416	67.260986	33.408945	1001.273577	227.375352	11.922655	
3/18/2019 13:39:33.053632249	72.932712	32.269385	1001.700322	33.699724	25.965115	486.860410	67.273523	33.397431	1001.376557	228.379074	11.981439	
3/18/2019 13:39:34.053632249	72.794722	32.265759	1001.351168	34.093046	26.023771	488.521547	67.464028	33.462591	1001.796836	216.738937	11.920132	
3/18/2019 13:39:35.053632249	72.873573	32.168544	1000.938302	34.585054	26.042752	485.699321	67.313396	33.428661	1001.151042	219.402165	11.984409	
3/18/2019 13:39:36.053632249	72.775009	32.337770	1000.433415	35.001022	26.041323	487.955127	67.492310	33.480022	1000.893353	209.774712	11.906583	
3/18/2019 13:39:37.053632249	72.899857	32.236406	1000.944768	34.095461	26.024629	486.906406	67.044040	33.414236	1001.192361	194.609892	11.965261	
3/18/2019 13:39:38.053632249	73.188978	32.217189	1001.084176	34.890588	26.057488	487.446533	67.060098	33.477947	1001.437432	201.068189	11.945167	
3/18/2019 13:39:39.053632249	72.840718	32.190081	1001.946259	33.987182	26.057202	486.684964	67.116372	33.344303	1001.286038	197.679218	11.890457	
3/18/2019 13:39:40.053632249	73.037847	32.184735	1001.050665	34.641848	26.158065	488.898721	67.125099	33.488319	1001.266797	193.889391	11.955865	
3/18/2019 13:39:41.053632249	72.715870	32.137063	1001.967233	34.305876	25.941848	487.218524	67.049059	33.435615	1001.151042	190.425220	11.927859	
3/18/2019 13:39:42.053632249	72.965566	32.406230	1001.420951	34.200450	26.038548	489.405336	66.973363	33.411019	1001.626515	177.291160	11.921288	
3/18/2019 13:39:43.053632249	72.860431	32.231733	1002.593471	34.129639	25.926256	488.436123	66.961981	33.485207	1000.640401	177.807302	11.967719	
3/18/2019 13:39:44.053632249	73.024705	32.297316	1001.201192	34.134256	25.992586	490.341699	67.026534	33.447859	1001.586618	162.262052	11.931184	
3/18/2019 13:39:45.053632249	72.978708	32.243250	1002.526763	34.192911	25.941848	490.017751	66.989921	33.433953	1000.945082	167.106170	11.956640	
3/18/2019 13:39:46.053632249	73.136411	32.301615	1000.837135	34.362387	26.103939	489.737831	66.902291	33.418491	1001.334766	165.199597	11.950516	
3/18/2019 13:39:47.053632249	73.064130	32.280003	1001.089933	33.921700	25.941277	490.074262	66.944976	33.376677	1001.135273	179.080098	11.970794	
3/18/2019 13:39:48.053632249	72.972137	32.332797	1001.230840	33.960406	25.970503	490.490201	66.992024	33.414861	1001.485531	171.932212	11.939306	
3/18/2019 13:39:49.053632249	72.827576	32.284003	1001.219092	33.822741	25.995157	489.724032	66.758834	33.383111	1001.459352	163.660347	11.974224	
3/18/2019 13:39:50.053632249	72.998421	32.155498	1002.074709	34.942825	26.041895	492.578454	66.923949	33.519349	1001.343598	159.727984	11.894190	
3/18/2019 13:39:51.053632249	72.972137	32.172020	999.811041	34.094925	26.014628	489.254203	66.549063	33.410088	1001.094111	167.009233	11.909553	
3/18/2019 13:39:52.053632249	73.129840	32.327001	1002.109481	34.396672	25.998545	491.883900	66.667840	33.424820	1001.238567	174.930540	11.944681	
3/18/2019 13:39:53.053632249	73.110127	32.321730	999.934917	33.865753	25.989484	490.972513	66.502252	33.395769	1001.579837	161.646352	11.955115	
3/18/2019 13:39:54.053632249	73.110127	32.253494	1001.529687	34.164245	25.965972	492.554141	66.423006	33.554728	1001.028035	173.907432	11.939661	
3/18/2019 13:39:55.053632249	73.077272	32.131566	1000.417094	34.894855	25.964503	489.959925	66.303783	33.458749	1000.413150	165.832063	11.919370	
3/18/2019 13:39:56.053632249	73.208691	32.328349	1002.787920	34.222988	26.033405	492.587653	66.324599	33.427518	1001.770342	152.103002	11.909316	
3/18/2019 13:39:57.053632249	72.860431	32.285799	1002.832076	33.726490	25.954339	492.403008	66.343708	33.392139	1001.260488	156.138585	11.950516	
3/18/2019 13:39:58.053632249	73.050989	32.333546	1001.423001	34.025684	25.993443	493.407049	66.370544	33.451489	1001.500671	164.439011	11.938412	
3/18/2019 13:39:59.053632249	73.123269	32.259440	999.881693	33.862198	25.976136	493.359738	66.325494	33.389440	1001.432859	176.599221	11.957376	
3/18/2019 13:40:00.053632249	73.050989	32.307935	1002.229100	34.146732	26.041364	492.975995	66.232449	33.492054	1001.632195	176.136271	11.908186	
3/18/2019 13:40:01.053632249	72.958995	32.242726	1002.316702	33.987065	25.924582	493.048273	66.049723	33.459480	1000.820496	181.084919	11.895543	
3/18/2019 13:40:02.053632249	73.175837	32.370150	1003.000345	34.177842	26.042507	494.296101	66.114933	33.426375	1001.658846	159.619522	11.907949	
3/18/2019 13:40:03.053632249	73.083843	32.226012	1001.180375	34.306430	25.965646	492.487116	66.204115	33.521836	1000.701905	164.436389	11.969979	
3/18/2019 13:40:04.053632249	73.333539	32.195877	1001.971886	34.296398	26.089816	493.032506	66.288933	33.527646	1001.426550	166.802252	11.941737	
3/18/2019 13:40:05.053632249	73.064130	32.127118	1002.246210	34.465028	25.940705	493.171808	66.270481	33.385080	1001.334138	177.701190	11.897725	
3/18/2019 13:40:06.053632249	72.978708	32.348314	1002.425281	34.451138	26.063488	492.975995	66.402242	33.495060	1001.015417	170.960983	11.900826	
3/18/2019 13:40:07.053632249	73.018134	32.296418	999.615411	33.986032	26.010995	492.213763	66.331013	33.437689	1001.201349	171.751171	11.946665	
3/18/2019 13:40:08.053632249	73.182407	32.280527	1002.063038	33.957172	25.968503	492.490400	66.411126	33.541446	1001.141896	180.843095	11.940213	
3/18/2019 13:40:09.053632249	73.175837	32.209896	1001.409202	34.494929	25.947277	491.423280	66.311405	33.530863	1000.656013	176.199405	11.964827	
3/18/2019 13:40:10.053632249	73.024705	32.280902	1001.238962	34.805149	26.133411	492.598821	66.422612	33.506998	1001.428915	166.838406	11.957008	
3/18/2019 13:40:11.053632249	72.965566	32.184211	1000.707187	34.455736	25.967074	491.611862	66.418853	33.553172	1000.568488	171.948978	11.906701	
3/18/2019 13:40:12.053632249	73.129840	32.353436	1002.934898	34.429602	25.973891	493.884098	66.558499	33.472962	1001.303857	165.124668	11.920040	
3/18/2019 13:40:13.053632249	73.123269	32.279704	1001.297786	33.964634	25.954869	493.457644	66.592405	33.414342	1001.170440	164.579965	11.935653	
3/18/2019 13:40:14.053632249	73.234975	32.275480	1001.754018	34.190164	26.025649	495.298826	66.711733	33.469026	1001.244719	161.651594	11.911984	
3/18/2019 13:40:15.053632249	73.234975	32.269085	1001.233994	33.998392	25.959686	493.656088	66.709815	33.457712	1001.257808	163.272326	11.965130	
3/18/2019 13:40:16.053632249	73.083843	32.266989	1001.466448	35.095577	26.035119	493.433331	66.431495	33.557109	1000.478598	172.877770	11.890839	
3/18/2019 13:40:17.053632249	72.978708	32.227134	1003.002868	33.930826	25.935317	494.739638	66.433046	33.484170	1000.785015	167.315772	11.942801	
3/18/2019 13:40:18.053632249	73.123269	32.206646	1000.718543	34.519220	26.042752	494.044430	66.533266	33.559395	1001.043175	168.307969	11.901838	
3/18/2019 13:40:19.053632249	73.215262	32.244223	1001.645362	35.658921	26.294604	498.574451	66.806224	33.643542	1001.320413	169.152388	11.933629	
3/18/2019 13:40:20.053632249	73.254688	32.274731	1000.142928	34.253601	25.988871	493.682370	66.407919	33.444430	1001.430808	159.682927	11.969532	
3/18/2019 13:40:21.053632249	73.563522	32.406230	1002.105855	35.391907	26.132961	494.228413	66.767061	33.585747	1001.288560	177.267841	11.886581	
3/18/2019 13:40:22.053632249	73.340110	32.294397	1001.181479	33.993921	25.955727	494.620049	66.582917	33.486032	1001.136695	164.635778	11.964262	
3/18/2019 13:40:23.053632249	73.261259	32.276004	1002.006896	34.264830	26.046426	493.934693	66.720460	33.594775	1001.229422	169.580765	11.888039	
3/18/2019 13:40:24.053632249	73.057560	32.286024	1002.468019	33.922518	25.986912	495.528152	66.764800	33.456156	1001.332559	159.839337	11.946034	
3/18/2019 13:40:25.053632249	73.077272	32.496975	1000.146634	35.404989	26.094633	496.081425	66.610357	33.568729	1000.580156	171.410828	11.898671	
3/18/2019 13:40:26.053632249	73.202120	32.280003	1001.768292	33.637398	25.942134	496.499996	66.721012	33.499008	1000.988766	164.111773	11.964538	
3/18/2019 13:40:27.053632249	73.274401	32.234502	1001.503508	34.932169	26.018669	496.879139	66.785617	33.662327	1001.218697	170.099257	11.933274	
3/18/2019 13:40:28.053632249	73.445245	32.164171	1003.178076	33.854990	26.013812	496.113622	66.460933	33.500045	1001.601758	159.307740	11.919120	
3/18/2019 13:40:29.053632249	73.333539	32.295969	1000.999806	35.375603	26.131125	496.090625	66.573901	33.559183	1001.293290	161.630896	11.956088	
3/18/2019 13:40:30.053632249	73.182407	32.253419	1001.646466	34.330576	26.047854	494.730439	66.581313	33.540303	1001.225321	157.701154	11.951291	
3/18/2019 13:40:31.053632249	73.011563	32.279330	1002.218295	34.590994	25.961645	496.232558	66.588489	33.655374	1001.113667	156.965197	11.876107	
3/18/2019 13:40:32.053632249	73.037847	32.312159	1001.680766	33.686877	25.995974	496.391575	66.326255	33.471407	1001.249135	150.848283	11.965760	
3/18/2019 13:40:33.053632249	73.156124	32.317655	1002.586533	34.045008	26.112144	498.782747	66.475731	33.513739	1001.705052	145.755787	11.912733	
3/18/2019 13:40:34.053632249	73.162695	32.275330	1000.617771	34.167577	26.000791	495.870498	66.463588	33.451277	1001.300071	141.911458	11.959505	
3/18/2019 13:40:35.053632249	73.307255	32.406754	1001.815602	34.534990	26.028302	496.679379	66.547854	33.512596	1001.457145	151.364424	11.936796	
3/18/2019 13:40:36.053632249	73.208691	32.284302	1002.168620	33.994496	26.045569	495.415131	66.243593	33.521624	1000.983879	142.700606	11.929594	
3/18/2019 13:40:37.053632249	73.156124	32.227584	1001.875292	34.694434	26.017567	498.611247	66.513344	33.667819	1000.986401	144.722194	11.935127	
3/18/2019 13:40:38.053632249	73.267830	32.279704	1001.762378	33.872132	25.950910	496.984276	66.462537	33.536461	1000.861344	161.055282	11.966969	
3/18/2019 13:40:39.053632249	73.346681	32.428291	1002.496406	34.451635	26.078468	497.042755	66.480699	33.553479	1001.374192	153.946170	11.907962	
3/18/2019 13:40:40.053632249	73.340110	32.247548	1001.588826	34.155333	25.940991	497.485639	66.593956	33.588340	1000.857243	175.054729	11.964328	
3/18/2019 13:40:41.053632249	73.136411	32.238127	1002.552942	34.394772	25.964543	498.480481	66.800652	33.645616	1001.183058	177.954809	11.931486	
3/18/2019 13:40:42.053632249	73.110127	32.168769	1001.111302	34.569616	26.006505	496.715523	66.427527	33.561469	1000.886101	163.577555	11.917661	
3/18/2019 13:40:43.053632249	73.267830	32.368803	1001.390593	35.011803	26.082142	497.385101	66.585334	33.517676	1001.432859	150.963568	11.953144	
3/18/2019 13:40:44.053632249	73.313826	32.227359	999.611470	34.806659	26.060876	496.733921	66.598267	33.521730	1000.888466	165.168415	11.932183	
3/18/2019 13:40:45.053632249	73.280972	32.290547	1001.890432	34.365629	25.957196	499.100779	66.701142	33.639806	1001.487425	183.436636	11.942368	
3/18/2019 13:40:46.053632249	73.280972	32.216291	1000.854640	34.586768	26.048426	496.584104	66.430287	33.550368	1001.058944	177.658484	11.961332	
3/18/2019 13:40:47.053632249	73.261259	32.215767	1001.536705	35.205707	26.025159	498.503479	66.756074	33.640113	1000.903292	183.784572	11.889630	
3/18/2019 13:40:48.053632249	73.326968	32.295894	1002.107826	33.642716	25.970462	498.423970	66.802465	33.544970	1001.065253	181.691716	11.967627	
3/18/2019 13:40:49.053632249	73.241546	32.480561	1000.805279	33.160554	26.192353	496.781885	66.659613	33.616353	1001.592455	182.060350	11.890011	
3/18/2019 13:40:50.053632249	73.202120	32.194680	1001.360551	34.678314	25.980136	497.091382	66.566016	33.613867	1000.854878	182.097814	11.973107	
3/18/2019 13:40:51.053632249	73.228404	32.329097	1001.999484	34.448070	26.135125	497.349620	66.707318	33.632334	1001.297863	171.161411	11.911353	
3/18/2019 13:40:52.053632249	73.280972	32.327451	1001.531343	34.030515	25.973850	498.203844	66.792188	33.539054	1001.292504	176.522981	11.974224	
3/18/2019 13:40:53.053632249	73.156124	32.418495	1000.541757	33.794942	26.156677	498.691408	66.615876	33.581080	1002.326246	169.677703	11.854606	
3/18/2019 13:40:54.053632249	73.182407	32.199877	1002.142836	34.203624	26.051814	496.668212	66.603339	33.601103	1001.270741	179.311708	11.962173	
3/18/2019 13:40:55.053632249	73.215262	32.314854	1000.813796	34.206255	26.061202	499.878126	66.803779	33.598098	1001.923787	177.927559	11.904572	
3/18/2019 13:40:56.053632249	73.280972	32.268337	1001.409754	34.131713	25.939603	498.984475	66.962428	33.583048	1000.760729	184.872396	11.965944	
3/18/2019 13:40:57.053632249	73.635803	32.264637	1001.652774	35.077091	26.083571	498.537644	66.965583	33.587927	1001.203714	187.487675	11.946954	
3/18/2019 13:40:58.053632249	73.504384	32.360130	1001.307484	33.923579	25.980708	498.601385	66.675015	33.557321	1001.617055	177.252385	11.935481	
3/18/2019 13:40:59.053632249	73.346681	32.211693	1001.754650	34.998099	26.012750	501.173918	66.941060	33.738484	1000.958015	195.359994	11.945391	
3/18/2019 13:41:00.053632249	73.294114	32.231508	1001.688888	34.358315	25.934215	499.166489	66.938957	33.648315	1000.717202	193.660401	11.967245	
3/18/2019 13:41:01.053632249	73.280972	32.289574	1001.610589	35.176409	26.018424	500.882820	67.071270	33.663565	1000.761201	195.833428	11.953736	
3/18/2019 13:41:02.053632249	73.221833	32.253269	1001.834606	34.224906	25.932787	500.114020	66.923502	33.651426	1000.649075	197.029985	11.965826	
3/18/2019 13:41:03.053632249	73.261259	32.275929	1000.543571	34.340422	25.984096	502.082021	66.897271	33.668338	1001.185580	193.912710	11.910538	
3/18/2019 13:41:04.053632249	73.182407	32.280228	1002.833494	34.301560	25.950624	500.888735	66.873247	33.541234	1001.603651	195.983557	11.939161	
3/18/2019 13:41:05.053632249	73.307255	32.366525	1000.828619	34.619895	26.051528	500.117956	66.920900	33.605146	1001.752680	193.559532	11.898671	
3/18/2019 13:41:06.053632249	73.175837	32.220964	1000.999648	34.328657	26.004505	498.747918	66.905498	33.612311	1001.034815	202.873892	11.981544	
3/18/2019 13:41:07.053632249	73.320397	32.250318	1001.982373	34.854657	25.987524	500.786229	67.074424	33.746474	1001.218854	213.869768	11.942723	
3/18/2019 13:41:08.053632249	73.379536	32.274956	1000.503515	34.124487	25.931644	500.160015	66.744089	33.657861	1000.940510	210.640100	11.951830	
3/18/2019 13:41:09.053632249	73.333539	32.386265	1000.806778	33.689448	26.189250	501.918405	66.675172	33.661385	1002.045850	206.352209	11.874490	
3/18/2019 13:41:10.053632249	73.182407	32.226610	1002.203235	34.440209	25.938460	500.020713	66.944424	33.659829	1000.585521	217.005391	11.971622	
3/18/2019 13:41:11.053632249	73.294114	32.233230	1001.296287	34.691161	25.984096	500.108104	67.046590	33.719698	1001.032450	221.436858	11.922261	
3/18/2019 13:41:12.053632249	73.366394	32.331675	1000.261442	33.682153	26.064590	499.405014	66.900478	33.636483	1000.780914	212.602485	11.932354	
3/18/2019 13:41:13.053632249	73.399249	32.227209	1001.987183	34.045417	25.935317	500.399856	66.825595	33.703305	1000.763251	216.614748	11.971346	
3/18/2019 13:41:14.053632249	73.596377	32.390564	1000.833429	35.513064	26.023526	501.902628	66.953307	33.706004	1001.054843	193.503720	11.920526	
3/18/2019 13:41:15.053632249	73.392678	32.290397	1001.976302	34.286171	25.960258	500.939330	66.879871	33.664084	1001.145997	186.883770	11.939437	
