
Time stamp	Inside_humidity (in %rH)	Inside_temperature (in °C)	Inside_pressure (in mbar)	Soil_moisture (in %VWC)	Soil_temperature (in °C)	Inside_CO2_ratio (in ppm)	Outside_humidity (in %rH)	Outside_temperature (in °C)	Outside_pressure (in mbar)	Outside_PAR (in µmol m^-2 s^-1)	Power_box_charge (in V)	
3/18/2019 13:53:36.053632249	63.201139	32.210870	1004.870226	34.589797	25.970789	476.374484	69.978546	33.674360	1000.752841	41.775284	11.928293	
3/18/2019 13:53:37.053632249	63.523115	32.162449	1005.739404	34.322783	26.030017	478.613207	70.495547	33.623613	1001.038602	32.843972	11.838061	
3/18/2019 13:53:38.053632249	63.772811	32.130967	1003.396888	34.756566	26.044752	476.331772	70.922002	33.656824	1001.091589	38.680017	11.930001	
3/18/2019 13:53:39.053632249	64.541612	32.265685	1003.180993	34.627043	26.091775	478.811651	71.268264	33.614904	1001.352900	30.862199	11.865659	
3/18/2019 13:53:40.053632249	65.389265	32.178864	1001.981189	34.459982	26.062264	477.728755	71.337785	33.596743	1001.264275	32.393856	11.921630	
3/18/2019 13:53:41.053632249	65.724383	32.317880	1003.036852	34.489319	26.086102	478.680885	71.620283	33.703517	1001.431123	38.207893	11.863556	
3/18/2019 13:53:42.053632249	65.836089	32.178040	1004.019499	34.796052	26.058916	478.223550	71.739559	33.691166	1000.634093	42.669233	11.878170	
3/18/2019 13:53:43.053632249	66.407762	32.342668	1001.903522	34.508467	26.183658	478.759078	71.901125	33.743045	1000.848726	45.562761	11.820096	
3/18/2019 13:53:44.053632249	66.289484	32.253419	1002.974876	34.769871	25.861395	482.101727	71.853473	33.441001	1001.660582	31.908627	11.834394	
3/18/2019 13:53:45.053632249	66.729738	32.079146	1003.345871	36.051308	26.011322	483.273331	71.813600	33.828747	1000.454626	42.529589	11.837864	
3/18/2019 13:53:46.053632249	66.683741	32.179837	1003.010438	34.417136	26.065121	479.554823	71.881912	33.661597	1001.157665	36.214596	11.904506	
3/18/2019 13:53:47.053632249	66.802018	32.232481	1002.178160	34.498065	26.080999	480.902526	71.939447	33.677778	1001.465504	32.951394	11.898632	
3/18/2019 13:53:48.053632249	66.926866	32.209822	1002.415976	34.014815	25.952665	480.842731	71.896263	33.578794	1001.433331	33.099941	11.854331	
3/18/2019 13:53:49.053632249	67.110853	32.195578	1002.988989	34.607465	26.083040	480.412331	71.748390	33.610543	1001.348013	34.520245	11.905124	
3/18/2019 13:53:50.053632249	67.143708	32.177110	1002.115316	35.237703	26.101980	483.739866	72.030284	33.825329	1001.448942	44.084295	11.860941	
3/18/2019 13:53:51.053632249	67.025431	32.236481	1002.215930	34.191624	25.971319	481.392721	71.782349	33.619983	1000.973155	31.732828	11.875502	
3/18/2019 13:53:52.053632249	67.222559	32.418421	1003.118228	34.738127	26.135206	480.889380	71.502610	33.667819	1001.400371	40.812959	11.810463	
3/18/2019 13:53:53.053632249	67.143708	32.141811	1003.128006	34.045689	26.087530	479.682958	71.384728	33.657236	1001.108622	40.247829	11.858641	
3/18/2019 13:53:54.053632249	67.301410	32.280378	1002.520849	35.236175	26.109327	482.528181	71.337180	33.658168	1001.385860	32.093599	11.899066	
3/18/2019 13:53:55.053632249	67.229130	32.258242	1001.798964	34.157379	25.976136	480.466873	71.137345	33.601516	1001.218225	29.436923	11.894387	
3/18/2019 13:53:56.053632249	67.347407	32.276378	1002.187386	34.184874	26.027159	480.479356	71.354029	33.692309	1001.518805	34.521556	11.886068	
3/18/2019 13:53:57.053632249	67.123995	32.305989	1000.681560	34.993726	25.874987	480.294057	70.852034	33.653913	1001.329879	34.771243	11.857143	
3/18/2019 13:53:58.053632249	67.294839	32.275480	1001.895005	35.216392	26.069692	478.891812	70.781962	33.713475	1001.264746	41.776595	11.876751	
3/18/2019 13:53:59.053632249	67.432829	32.301316	1001.700637	34.227731	26.034221	478.734112	70.591956	33.603072	1001.329565	29.068290	11.922773	
3/18/2019 13:54:00.053632249	67.386833	32.274282	1003.435132	34.887968	26.063161	480.951153	70.702558	33.648928	1001.284459	31.368126	11.853871	
3/18/2019 13:54:01.053632249	67.590532	32.316308	1001.671935	34.083958	25.976462	479.629079	70.647126	33.593631	1001.216647	32.459611	11.916873	
3/18/2019 13:54:02.053632249	67.689096	32.228257	1000.213577	34.980216	26.114430	480.199435	70.469264	33.742738	1001.306537	40.320137	11.862019	
3/18/2019 13:54:03.053632249	67.689096	32.168470	1002.060121	33.814743	26.189250	477.128170	70.196595	33.809348	1000.776498	35.734879	11.871954	
3/18/2019 13:54:04.053632249	68.096495	32.348538	1002.167121	34.586962	25.981034	479.602134	70.423714	33.650283	1001.754731	36.514853	11.833014	
3/18/2019 13:54:05.053632249	68.103066	32.191129	1001.257571	34.629868	26.060018	477.389692	70.219568	33.635657	1001.078657	30.942370	11.926493	
3/18/2019 13:54:06.053632249	68.162204	32.286772	1000.462591	35.518636	26.120104	480.048302	70.282570	33.740452	1000.873483	38.266056	11.892363	
3/18/2019 13:54:07.053632249	68.109637	32.259140	1001.974409	34.600969	26.078183	477.641363	70.013660	33.619052	1000.717831	34.433521	11.885740	
3/18/2019 13:54:08.053632249	68.050498	32.181708	1002.368351	34.607874	26.065733	479.775612	69.989427	33.731424	1001.080707	41.351109	11.831227	
3/18/2019 13:54:09.053632249	68.247627	32.322254	1001.738958	34.424704	26.013281	477.319383	69.785833	33.611792	1000.975677	26.799364	11.874043	
3/18/2019 13:54:10.053632249	68.418471	32.365926	1001.771446	34.467910	26.024955	478.604008	69.889207	33.619571	1001.646071	29.694203	11.875752	
3/18/2019 13:54:11.053632249	68.359333	32.300417	1001.037890	34.335728	26.006179	477.668960	69.679698	33.600479	1001.525114	27.237956	11.922866	
3/18/2019 13:54:12.053632249	68.346191	32.258541	1002.085905	35.664930	26.054875	479.576505	69.743148	33.679652	1001.093004	37.690441	11.879248	
3/18/2019 13:54:13.053632249	68.398759	32.258916	1001.211285	33.996873	25.935929	478.350369	69.711896	33.591557	1000.884365	31.069179	11.869470	
3/18/2019 13:54:14.053632249	68.444755	32.254841	1002.282639	34.100730	26.021486	479.843290	69.714104	33.627974	1001.739905	30.379861	11.843935	
3/18/2019 13:54:15.053632249	68.655025	32.307261	1002.093395	34.132464	26.005607	478.711114	69.521943	33.605358	1001.135587	27.747544	11.888749	
3/18/2019 13:54:16.053632249	68.898151	32.397632	1001.980008	34.644468	26.065733	477.154452	69.329178	33.695526	1001.039546	38.365614	11.857892	
3/18/2019 13:54:17.053632249	68.885009	32.317356	1000.637010	34.150424	26.073080	476.819336	69.252482	33.598510	1001.665312	30.409462	11.887698	
3/18/2019 13:54:18.053632249	68.990144	32.311186	1000.686845	35.439556	26.045609	479.490429	69.374018	33.682445	1001.148520	37.028374	11.866408	
3/18/2019 13:54:19.053632249	69.220127	32.281351	1000.299921	34.488550	26.071652	477.099257	69.255032	33.619264	1001.054686	30.078293	11.904716	
3/18/2019 13:54:20.053632249	69.174130	32.238352	1000.661690	34.987823	26.030302	480.344000	69.265310	33.732356	1001.301492	35.039008	11.855106	
3/18/2019 13:54:21.053632249	69.312120	32.280827	1000.988924	34.402526	26.042466	476.636006	68.997609	33.621751	1001.102942	30.223179	11.896082	
3/18/2019 13:54:22.053632249	69.325262	32.255740	1002.347219	34.884364	26.061202	476.982952	69.048468	33.736716	1001.161924	40.752175	11.867853	
3/18/2019 13:54:23.053632249	69.325262	32.280378	1002.969119	34.457080	25.987484	477.748469	69.013511	33.672074	1001.113667	34.458151	11.881994	
3/18/2019 13:54:24.053632249	69.548674	32.427692	1000.468820	34.972550	26.097449	478.502155	68.922174	33.635858	1001.107672	32.523016	11.831700	
3/18/2019 13:54:25.053632249	69.404113	32.243549	1000.302681	34.619737	25.926582	477.369326	68.730408	33.666676	1001.047748	37.437093	11.852596	
3/18/2019 13:54:26.053632249	69.482965	32.254018	1000.519679	35.476100	26.043895	479.623164	68.817933	33.718449	1001.423871	31.287955	11.843186	
3/18/2019 13:54:27.053632249	69.443539	32.348838	1000.324759	34.055810	26.021200	479.307099	68.612236	33.560326	1001.139846	28.239056	11.897686	
3/18/2019 13:54:28.053632249	69.627526	32.303037	1000.054298	34.885757	26.061488	478.602692	68.617046	33.760687	1001.094268	41.120809	11.869457	
3/18/2019 13:54:29.053632249	69.522390	32.322703	1002.528576	34.279704	25.965646	479.227591	68.402517	33.639181	1001.358423	34.870802	11.892613	
3/18/2019 13:54:30.053632249	69.693235	32.427168	1000.644974	34.639217	26.054385	480.126495	68.376234	33.615104	1001.491840	29.911668	11.889787	
3/18/2019 13:54:31.053632249	69.666951	32.249569	1000.638903	34.725632	26.065692	478.291227	68.357020	33.617602	1000.958329	31.519295	11.926716	
3/18/2019 13:54:32.053632249	69.824654	32.332947	1001.479537	34.704622	26.099449	481.039207	68.514014	33.632747	1001.351800	28.678958	11.898185	
3/18/2019 13:54:33.053632249	69.831225	32.332723	1002.038595	34.503558	25.983851	479.398438	68.310629	33.647690	1001.058787	31.214066	11.889078	
3/18/2019 13:54:34.053632249	70.021782	32.292493	1002.412429	34.503597	25.977360	480.559527	68.276066	33.690235	1001.538833	36.484981	11.875923	
3/18/2019 13:54:35.053632249	69.956073	32.300792	1001.387834	34.372721	25.969115	479.459548	68.096495	33.645616	1000.943032	35.173410	11.922760	
3/18/2019 13:54:36.053632249	70.021782	32.397408	1003.395154	34.915513	26.019281	480.340053	68.000191	33.651426	1001.229893	34.346797	11.876672	
3/18/2019 13:54:37.053632249	69.923218	32.296118	1001.629513	34.173138	25.962543	480.049618	67.959714	33.621751	1001.017310	31.299479	11.883768	
3/18/2019 13:54:38.053632249	69.923218	32.337994	1000.727375	35.042260	26.139044	478.605976	67.992017	33.640631	1001.371355	30.278992	11.898895	
3/18/2019 13:54:39.053632249	69.956073	32.353810	1002.077783	34.182712	26.014383	478.818219	67.828847	33.583461	1001.362682	27.961078	11.921722	
3/18/2019 13:54:40.053632249	70.054637	32.419618	999.862532	34.500490	26.060590	478.552750	67.932326	33.691791	1001.650015	33.079243	11.874398	
3/18/2019 13:54:41.053632249	69.995499	32.328499	1000.582130	34.272019	26.021771	479.926082	67.860992	33.600172	1001.783432	25.672765	11.882822	
3/18/2019 13:54:42.053632249	70.126918	32.348538	1003.103483	34.680223	26.007648	480.441244	67.934929	33.664496	1001.625257	33.067719	11.857800	
3/18/2019 13:54:43.053632249	70.107205	32.317506	1001.253550	34.417136	26.023445	482.183867	67.925493	33.706522	1001.973465	29.537793	11.853700	
3/18/2019 13:54:44.053632249	70.080921	32.259215	1002.690065	34.765361	25.980708	478.834649	67.752546	33.696045	1000.872854	37.077362	11.914389	
3/18/2019 13:54:45.053632249	70.396326	32.481234	1002.157581	34.856693	26.070835	479.224960	67.612558	33.608469	1001.658531	27.068439	11.865094	
3/18/2019 13:54:46.053632249	70.284620	32.343940	1000.038055	34.052449	26.009567	479.650761	67.621679	33.598299	1001.397534	27.752786	11.906320	
3/18/2019 13:54:47.053632249	70.337188	32.343266	1000.962430	35.587994	26.214762	480.251346	67.603122	33.697283	1000.901398	38.686570	11.896056	
3/18/2019 13:54:48.053632249	70.291191	32.239550	1001.092693	34.686467	26.051814	478.089499	67.460821	33.615010	1001.183844	33.689701	11.928516	
3/18/2019 13:54:49.053632249	70.494891	32.296268	1000.540496	34.567783	26.097368	479.854457	67.445419	33.681514	1001.397692	33.574687	11.846064	
3/18/2019 13:54:50.053632249	70.284620	32.253793	1002.531258	33.851707	25.980095	477.953481	67.597550	33.534175	1001.323885	35.091928	11.830938	
3/18/2019 13:54:51.053632249	70.573742	32.408850	1000.653806	35.487759	26.018465	479.104055	67.446024	33.730906	1001.520227	37.823804	11.820503	
3/18/2019 13:54:52.053632249	70.468607	32.359007	1000.285648	35.188974	25.899927	479.999022	67.372087	33.597155	1000.979778	32.555509	11.870692	
3/18/2019 13:54:53.053632249	70.567171	32.359232	1001.161924	35.078572	26.060386	480.267776	67.365516	33.638451	1001.634717	32.067929	11.834723	
3/18/2019 13:54:54.053632249	70.481749	32.264637	1000.324364	35.228548	25.913561	480.154755	67.194225	33.766391	1000.467559	32.922833	11.869825	
3/18/2019 13:54:55.053632249	70.606597	32.361702	1002.790128	34.210276	26.003403	482.521613	67.367120	33.626206	1001.818127	28.411193	11.825642	
3/18/2019 13:54:56.053632249	70.613168	32.275779	999.717761	35.077704	25.990055	477.977794	67.297494	33.551711	1000.481434	42.657438	11.847851	
3/18/2019 13:54:57.053632249	70.738016	32.356056	1000.319948	34.803824	26.049038	479.415520	67.182634	33.750622	1000.938459	36.606549	11.843055	
3/18/2019 13:54:58.053632249	70.724874	32.313356	999.858431	34.520312	26.090347	479.145451	66.991577	33.604945	1000.787694	33.646994	11.900012	
3/18/2019 13:54:59.053632249	70.777441	32.354334	1001.701583	35.369330	26.146717	479.912936	67.079259	33.654844	1001.157036	34.913509	11.905268	
3/18/2019 13:55:00.053632249	70.652593	32.306363	1001.898869	34.351089	25.964298	480.546381	67.003405	33.698532	1000.888623	36.975182	11.894584	
3/18/2019 13:55:01.053632249	70.777441	32.246468	1002.433403	34.722271	26.172556	481.435433	67.025483	33.701749	1001.174856	37.781097	11.815247	
3/18/2019 13:55:02.053632249	70.705161	32.276902	1001.342022	34.397928	26.073040	479.672443	66.999751	33.629223	1000.802677	29.960657	11.880365	
3/18/2019 13:55:03.053632249	70.580313	32.460297	1000.351332	34.528639	26.026343	480.773075	67.334765	33.581905	1002.065563	29.410983	11.832752	
3/18/2019 13:55:04.053632249	70.711732	32.265834	1001.491760	34.783536	26.058059	480.800020	66.971864	33.675916	1001.111616	35.472086	11.896621	
3/18/2019 13:55:05.053632249	70.711732	32.381218	1002.528261	35.362094	26.014995	482.693766	67.082519	33.696976	1000.984823	36.730737	11.895241	
3/18/2019 13:55:06.053632249	70.764299	32.296717	1001.524010	34.682941	25.981279	482.025503	67.027086	33.644166	1000.835794	35.225020	11.921985	
3/18/2019 13:55:07.053632249	71.079705	32.328573	1001.205450	35.206077	26.166596	482.928354	67.006822	33.678921	1001.387596	31.071801	11.902128	
3/18/2019 13:55:08.053632249	71.132272	32.333621	1001.490261	34.405311	26.047814	480.979403	66.899636	33.573090	1001.376085	26.979094	11.854475	
3/18/2019 13:55:09.053632249	71.046850	32.303337	1001.956352	34.649405	25.939930	483.729351	67.114112	33.662941	1001.386653	32.551578	11.829597	
3/18/2019 13:55:10.053632249	71.217695	32.313955	999.907083	35.516425	26.027159	479.058712	66.992523	33.559289	1001.201349	30.671984	11.849061	
3/18/2019 13:55:11.053632249	71.171698	32.397782	1000.529614	35.160533	26.116756	481.487996	66.884234	33.662528	1001.229893	39.516843	11.852911	
3/18/2019 13:55:12.053632249	71.027137	32.244747	999.759158	34.733122	26.060018	480.661370	66.644420	33.635139	1000.669574	33.914759	11.910722	
3/18/2019 13:55:13.053632249	71.066563	32.365402	1001.040335	34.948824	26.108185	481.272470	66.726032	33.628905	1001.426393	28.208144	11.909329	
3/18/2019 13:55:14.053632249	71.059992	32.311560	1001.689755	34.531026	25.936174	481.338179	66.698539	33.643754	1000.637086	34.535701	11.883992	
3/18/2019 13:55:15.053632249	71.197982	32.419319	1000.055008	34.786584	26.062019	481.727837	66.653147	33.687430	1001.463454	33.947252	11.854462	
3/18/2019 13:55:16.053632249	71.073134	32.265759	1002.120758	34.983947	26.061161	480.539150	66.548616	33.613973	1000.895090	32.561791	11.917871	
3/18/2019 13:55:17.053632249	71.322830	32.454575	1000.851329	34.721803	26.090959	481.035913	66.545909	33.630567	1001.518019	28.512063	11.894965	
3/18/2019 13:55:18.053632249	71.276833	32.380993	1001.009978	34.290340	26.008709	482.030102	66.555686	33.542578	1001.390911	25.904376	11.921919	
3/18/2019 13:55:19.053632249	71.309688	32.430761	1001.062650	34.697406	26.081611	483.709637	66.579762	33.610638	1001.099948	26.192838	11.857997	
3/18/2019 13:55:20.053632249	71.237407	32.280228	1000.242753	34.662643	25.997117	482.302140	66.582470	33.626937	1000.789430	38.664561	11.826693	
3/18/2019 13:55:21.053632249	71.381968	32.355981	1001.641498	34.234315	26.000831	483.177393	66.689104	33.657130	1001.320891	32.450708	11.889656	
3/18/2019 13:55:22.053632249	71.342543	32.339866	1000.504225	34.425775	26.079285	482.388216	66.631121	33.575270	1001.212388	25.772324	11.925875	
3/18/2019 13:55:23.053632249	71.487103	32.393259	1001.436642	34.983450	26.090673	483.411971	66.605941	33.710364	1000.934515	39.347327	11.856170	
3/18/2019 13:55:24.053632249	71.237407	32.255665	1001.650015	34.865995	26.020098	482.883011	66.510137	33.683282	1000.984351	35.681688	11.864594	
3/18/2019 13:55:25.053632249	71.342543	32.339117	1001.227923	35.282206	26.130023	484.189318	66.522884	33.664602	1000.846675	31.780507	11.865606	
3/18/2019 13:55:26.053632249	71.322830	32.344689	1001.937428	34.183619	25.951236	483.475712	66.490477	33.617602	1000.921268	33.335213	11.912759	
3/18/2019 13:55:27.053632249	71.381968	32.335866	1001.842727	34.865342	26.038793	485.458828	66.674858	33.713063	1001.201507	33.295127	11.898790	
3/18/2019 13:55:28.053632249	71.460820	32.334669	1002.087955	34.477505	26.092592	481.332264	66.514053	33.592700	1001.144104	29.571325	11.914678	
3/18/2019 13:55:29.053632249	71.506816	32.367797	1001.730759	34.772481	26.099735	481.882253	66.562757	33.677990	1001.043804	38.774334	11.862110	
3/18/2019 13:55:30.053632249	71.401681	32.412400	999.680858	34.295044	26.016669	481.982791	66.471972	33.572359	1001.296762	25.844903	11.907056	
3/18/2019 13:55:31.053632249	71.441107	32.386565	1001.989706	35.376869	26.142758	482.223284	66.564518	33.631816	1000.995547	36.276690	11.892258	
3/18/2019 13:55:32.053632249	71.243978	32.281800	1001.174856	34.976379	26.005036	481.567505	66.477991	33.648315	1000.872854	35.765791	11.927110	
3/18/2019 13:55:33.053632249	71.441107	32.413224	999.933262	34.936016	25.978422	483.099853	66.580866	33.513009	1002.212542	23.561832	11.832633	
3/18/2019 13:55:34.053632249	71.421394	32.307261	1002.330029	34.735732	26.031445	482.401362	66.455966	33.664814	1000.890359	35.148780	11.896069	
3/18/2019 13:55:35.053632249	71.565955	32.420217	1002.025662	34.536217	25.967972	484.057899	66.512345	33.660041	1001.306537	29.829916	11.891364	
3/18/2019 13:55:36.053632249	71.513387	32.438685	1000.062026	35.087395	25.942746	484.424558	66.359110	33.653088	1001.143947	29.740842	11.865041	
3/18/2019 13:55:37.053632249	71.638235	32.286173	1001.724056	34.935967	25.993157	484.079581	66.352644	33.655469	1000.802362	35.998712	11.923509	
3/18/2019 13:55:38.053632249	71.855076	32.368471	1001.037418	34.594121	26.079040	484.617740	66.248455	33.721572	1001.785640	33.379230	11.869260	
3/18/2019 13:55:39.053632249	71.605380	32.397408	1002.773252	33.669023	25.922582	486.006186	66.075508	33.569248	1001.512025	23.049622	11.864765	
3/18/2019 13:55:40.053632249	71.802509	32.465269	999.996973	35.418059	26.149656	484.431779	66.098033	33.688361	1001.183373	38.070870	11.836510	
3/18/2019 13:55:41.053632249	71.644806	32.354559	1001.735727	34.203497	25.981850	485.298496	66.167896	33.571428	1001.067461	29.985287	11.893046	
3/18/2019 13:55:42.053632249	71.703945	32.424591	1001.129359	35.294400	26.161208	484.991631	66.162533	33.663459	1001.437903	27.893741	11.908791	
3/18/2019 13:55:43.053632249	71.592239	32.313806	1001.646940	34.854657	25.968748	484.668335	66.103238	33.652675	1000.787851	34.830446	11.899407	
3/18/2019 13:55:44.053632249	71.723658	32.372246	1000.626917	34.567521	26.099980	485.201242	66.199147	33.662221	1001.717827	35.327199	11.800357	
3/18/2019 13:55:45.053632249	71.644806	32.371722	1002.034494	34.303655	26.063978	483.772715	66.023545	33.555141	1001.299756	28.707248	11.909986	
3/18/2019 13:55:46.053632249	71.625093	32.401781	1001.346200	35.190230	26.080183	483.718836	66.151100	33.673524	1001.014945	36.574326	11.886949	
3/18/2019 13:55:47.053632249	71.533100	32.344090	1001.656875	34.553291	25.986381	483.551936	66.147736	33.669481	1000.544831	35.848583	11.907266	
3/18/2019 13:55:48.053632249	71.756512	32.401183	1000.253240	34.584275	26.087530	485.406917	66.178987	33.557310	1001.321991	26.584791	11.844185	
3/18/2019 13:55:49.053632249	71.802509	32.402829	1000.170525	34.758086	25.923725	484.371332	66.198647	33.526503	1001.240932	27.580649	11.848982	
3/18/2019 13:55:50.053632249	71.874789	32.440332	1001.802040	34.204841	26.051242	487.066738	66.175123	33.597261	1001.354322	28.575467	11.867972	
3/18/2019 13:55:51.053632249	71.703945	32.376769	1002.594260	34.362621	25.956053	485.922079	66.194731	33.616153	1000.956279	34.919791	11.914560	
3/18/2019 13:55:52.053632249	71.887931	32.450426	1000.822390	34.676619	26.072795	485.903017	66.112226	33.628492	1001.461088	29.251951	11.894098	
3/18/2019 13:55:53.053632249	71.743370	32.423169	1001.491208	34.029813	26.001117	486.993145	66.154202	33.569872	1001.468026	30.679848	11.922208	
3/18/2019 13:55:54.053632249	71.835364	32.392585	1000.736521	35.198354	26.137370	486.403728	66.198752	33.641256	1000.923319	37.393076	11.902141	
3/18/2019 13:55:55.053632249	71.822222	32.418645	1002.475037	34.162619	25.975891	486.372846	66.172863	33.536567	1001.242826	32.951123	11.916636	
3/18/2019 13:55:56.053632249	71.966783	32.382116	1000.252925	34.599400	26.056957	488.788332	66.300971	33.614798	1001.360945	30.624306	11.878288	
3/18/2019 13:55:57.053632249	71.684232	32.317580	1001.440743	34.955496	26.001974	486.363647	65.924980	33.735785	1000.342973	37.783718	11.868195	
3/18/2019 13:55:58.053632249	71.914215	32.483705	1001.111854	34.440492	26.043650	487.624611	66.000415	33.579524	1001.781224	31.578768	11.888250	
3/18/2019 13:55:59.053632249	71.769654	32.344464	1002.051527	34.357360	25.952053	486.695479	66.257077	33.626418	1000.974734	37.090468	11.866526	
3/18/2019 13:56:00.053632249	71.927357	32.555341	1001.115323	34.716252	26.123777	486.140226	66.200908	33.596743	1001.354322	30.767882	11.880233	
3/18/2019 13:56:01.053632249	71.822222	32.318703	1000.790297	34.671448	26.058304	485.410854	66.178882	33.555553	1001.306694	31.785749	11.919094	
3/18/2019 13:56:02.053632249	71.940499	32.382715	1001.526375	34.914374	26.192598	486.774987	66.188712	33.654538	1001.365518	36.980425	11.888263	
3/18/2019 13:56:03.053632249	71.835364	32.333621	1001.569745	34.428774	25.946951	485.395087	66.115775	33.623201	1000.758521	38.338634	11.855448	
3/18/2019 13:56:04.053632249	71.999637	32.398531	1000.594115	34.166611	26.019812	487.014827	66.157961	33.663046	1001.533474	30.012538	11.869010	
3/18/2019 13:56:05.053632249	71.986495	32.324499	1000.452813	34.597297	26.068794	484.546115	65.954866	33.528683	1000.980721	30.816871	11.876751	
3/18/2019 13:56:06.053632249	72.117914	32.476112	1001.167443	34.832547	26.047895	487.771144	66.008485	33.579725	1001.115403	29.069600	11.846235	
3/18/2019 13:56:07.053632249	71.940499	32.438610	1000.977176	34.033329	26.012995	487.222470	65.947243	33.541128	1001.463454	29.764161	11.919567	
3/18/2019 13:56:08.053632249	71.815651	32.345362	1001.323176	35.396077	26.113899	486.719792	66.014661	33.664496	1000.747954	37.568874	11.884899	
3/18/2019 13:56:09.053632249	71.894502	32.424291	1001.921342	33.666812	25.981810	487.821740	66.068832	33.561988	1001.623364	28.875454	11.874490	
3/18/2019 13:56:10.053632249	71.993066	32.382415	1002.848162	34.383395	26.019567	487.932792	66.009641	33.667301	1001.354165	32.084696	11.872887	
3/18/2019 13:56:11.053632249	72.071918	32.376245	1001.558074	33.987902	25.968217	486.565375	65.991032	33.557109	1001.102313	35.324849	11.925310	
3/18/2019 13:56:12.053632249	72.144198	32.425190	1001.525823	35.073730	26.051324	486.179002	65.981806	33.693346	1000.460935	43.775134	11.806980	
3/18/2019 13:56:13.053632249	71.907644	32.376170	1002.786264	34.432476	25.974217	486.297938	65.996000	33.587821	1000.844468	36.468215	11.891995	
3/18/2019 13:56:14.053632249	71.960212	32.396884	1001.411962	35.403381	26.141901	486.839381	65.975840	33.650283	1000.848726	40.165037	11.905939	
3/18/2019 13:56:15.053632249	72.025921	32.410903	1001.222718	34.077305	25.950584	486.391244	65.995001	33.546113	1001.163974	33.067719	11.878945	
3/18/2019 13:56:16.053632249	72.104772	32.440332	1002.004688	34.424567	26.032302	487.209987	66.094511	33.591557	1001.562175	31.158525	11.892928	
3/18/2019 13:56:17.053632249	72.045634	32.318479	1002.060358	34.626906	25.965156	485.034342	65.824760	33.646759	1000.826491	35.855136	11.872453	
3/18/2019 13:56:18.053632249	72.282188	32.529580	1002.367247	34.528269	26.065202	485.323462	66.014109	33.567692	1001.557602	31.672045	11.877329	
3/18/2019 13:56:19.053632249	72.177053	32.439808	1000.972917	34.127749	25.984667	485.909596	66.076402	33.544452	1001.282251	31.829766	11.913627	
3/18/2019 13:56:20.053632249	72.295330	32.503071	1001.273972	35.163270	26.128594	486.541714	65.982463	33.571735	1001.054371	34.237025	11.897344	
3/18/2019 13:56:21.053632249	72.098201	32.313057	1001.268138	34.838080	26.012465	485.231471	65.940173	33.573090	1001.061309	35.751646	11.875581	
3/18/2019 13:56:22.053632249	72.216478	32.387612	1001.524168	34.512646	26.056957	489.862682	66.143767	33.581493	1001.523064	30.842811	11.886160	
3/18/2019 13:56:23.053632249	72.229620	32.380918	1000.865917	34.065345	25.959727	488.047781	65.977286	33.567068	1001.021412	33.304301	11.908462	
3/18/2019 13:56:24.053632249	72.321614	32.435584	1001.451782	34.276703	26.008750	490.017751	66.009746	33.597367	1001.349749	28.797904	11.854094	
3/18/2019 13:56:25.053632249	72.301901	32.459997	1001.298652	34.014463	25.988341	489.231868	65.948347	33.513633	1001.145997	31.959197	11.918975	
3/18/2019 13:56:26.053632249	72.387323	32.539450	1001.565249	34.541944	26.053283	490.222111	65.948951	33.531582	1001.413303	26.932727	11.875568	
3/18/2019 13:56:27.053632249	72.301901	32.307785	1000.509350	34.940642	26.055528	487.514874	65.824655	33.605358	1000.979778	38.132964	11.857563	
3/18/2019 13:56:28.053632249	72.078489	32.346485	1001.377347	35.304394	26.062019	489.910646	66.023387	33.670212	1000.912595	37.015268	11.903613	
3/18/2019 13:56:29.053632249	71.960212	32.350634	1002.031577	34.671078	25.989769	488.966399	65.997103	33.632027	1000.849198	36.169268	11.903744	
3/18/2019 13:56:30.053632249	72.032492	32.399129	1001.890590	34.385606	25.971401	491.152559	66.148682	33.586784	1001.111459	30.813210	11.836129	
3/18/2019 13:56:31.053632249	72.196766	32.372396	1000.377274	34.028547	26.132839	486.971452	66.062761	33.487800	1001.104836	36.027002	11.842306	
3/18/2019 13:56:32.053632249	72.183624	32.454950	999.605081	33.950891	26.047569	489.533471	65.846576	33.456675	1001.402579	27.289565	11.851387	
3/18/2019 13:56:33.053632249	72.203337	32.355981	1000.617771	34.562506	26.084959	488.627337	65.835038	33.509697	1001.045697	30.468935	11.915887	
3/18/2019 13:56:34.053632249	72.288759	32.438984	1000.877507	33.981600	26.024629	490.620967	65.989429	33.489874	1001.213967	30.745874	11.918910	
3/18/2019 13:56:35.053632249	72.137627	32.346186	1000.514712	34.689282	26.029731	488.966399	66.062813	33.543002	1000.708686	35.150091	11.873281	
3/18/2019 13:56:36.053632249	72.282188	32.444181	1000.931678	34.186345	26.014138	491.715031	66.079818	33.468189	1001.318997	31.997972	11.925231	
3/18/2019 13:56:37.053632249	72.374181	32.440182	1002.174929	34.140967	25.962584	491.649322	66.140009	33.508554	1001.225478	31.969410	11.915033	
3/18/2019 13:56:38.053632249	72.288759	32.407877	1002.733512	34.217328	25.992014	492.647448	66.184349	33.498796	1001.008165	30.751116	11.881889	
3/18/2019 13:56:39.053632249	72.137627	32.340240	1002.184469	34.629663	26.089775	491.245203	66.016264	33.495378	1001.142211	33.242207	11.914402	
3/18/2019 13:56:40.053632249	72.275617	32.450202	1000.242438	34.178904	25.993402	492.782151	66.086337	33.444949	1001.143790	25.837039	11.862308	
3/18/2019 13:56:41.053632249	72.420178	32.340914	1000.339109	34.825934	26.042181	492.186165	66.141954	33.557427	1001.039388	38.818351	11.883164	
3/18/2019 13:56:42.053632249	72.177053	32.392360	1001.047353	34.320261	26.057733	491.734082	66.044047	33.488213	1001.292661	29.152392	11.925454	
3/18/2019 13:56:43.053632249	72.426749	32.446577	999.801501	34.237637	26.070223	492.094827	65.919356	33.449722	1001.579837	30.349989	11.883492	
3/18/2019 13:56:44.053632249	72.117914	32.345587	1001.063754	34.635186	26.073611	491.700570	65.820345	33.503262	1001.225006	31.074422	11.928332	
3/18/2019 13:56:45.053632249	72.321614	32.408026	1000.319634	34.112642	25.952339	493.182323	65.804890	33.429593	1001.515811	30.580289	11.853292	
3/18/2019 13:56:46.053632249	72.223049	32.377742	1000.358665	34.973720	25.977279	493.170493	65.745856	33.549024	1000.772397	39.501388	11.906951	
3/18/2019 13:56:47.053632249	72.328185	32.423618	1001.452886	34.038326	25.973932	494.080574	65.909973	33.478878	1000.993182	34.104973	11.922392	
3/18/2019 13:56:48.053632249	72.361039	32.418421	1002.482212	34.437794	25.985198	492.716441	65.755687	33.527021	1001.051849	33.229372	11.866014	
3/18/2019 13:56:49.053632249	72.229620	32.408026	1002.532125	34.503149	25.958584	493.322941	65.863477	33.576307	1000.738966	39.592043	11.897935	
3/18/2019 13:56:50.053632249	72.459603	32.392735	1001.425051	33.965734	25.967074	492.684244	65.805994	33.549849	1000.598925	39.407071	11.900722	
3/18/2019 13:56:51.053632249	72.301901	32.497948	1000.184009	34.309294	26.025159	492.585022	65.763704	33.447954	1000.995075	29.436923	11.894466	
3/18/2019 13:56:52.053632249	72.564739	32.376170	1000.756233	34.450806	26.035078	492.138854	65.556298	33.452209	1001.303543	29.151082	11.916019	
3/18/2019 13:56:53.053632249	72.380752	32.488378	1001.795969	34.340852	26.093735	492.654016	65.467222	33.477429	1001.538204	30.617753	11.884531	
3/18/2019 13:56:54.053632249	72.380752	32.360804	1001.292976	34.614965	25.990055	492.529827	65.777293	33.530344	1000.732971	39.106813	11.922773	
3/18/2019 13:56:55.053632249	72.439891	32.365851	1001.939084	33.961020	25.992300	492.142138	65.692632	33.502638	1001.257808	35.423097	11.851860	
3/18/2019 13:56:56.053632249	72.466174	32.455474	999.908029	33.924183	25.994015	492.295902	65.667952	33.446399	1001.388703	32.105394	11.912786	
3/18/2019 13:56:57.053632249	72.295330	32.471589	1000.837687	34.030243	26.002546	492.071176	65.585946	33.459162	1001.235731	29.435613	11.886541	
3/18/2019 13:56:58.053632249	72.288759	32.461195	1000.793057	34.185537	26.010138	492.063946	65.548728	33.402510	1001.095847	29.394217	11.897028	
3/18/2019 13:56:59.053632249	72.216478	32.419918	1001.463216	34.755748	25.956625	491.759711	65.588548	33.569672	1000.833743	39.371957	11.921827	
3/18/2019 13:57:00.053632249	72.301901	32.423767	1001.431123	34.026005	25.985524	492.667162	65.650999	33.488943	1001.003906	36.122900	11.923430	
3/18/2019 13:57:01.053632249	72.321614	32.387463	1001.463768	34.654500	26.000831	491.825421	65.585894	33.516025	1000.767981	39.249079	11.927872	
3/18/2019 13:57:02.053632249	72.472745	32.418870	1000.691733	34.590157	26.033364	491.839220	65.605659	33.479185	1001.228950	29.559801	11.888710	
3/18/2019 13:57:03.053632249	72.347897	32.467290	999.555091	35.082497	26.082999	491.345740	65.593568	33.545701	1000.759307	39.417285	11.868340	
3/18/2019 13:57:04.053632249	72.492458	32.444855	1001.586460	33.997730	25.986953	493.568697	65.785677	33.485207	1001.128807	34.720673	11.920408	
3/18/2019 13:57:05.053632249	72.610735	32.458094	1000.995785	33.901947	26.005362	493.816420	65.706983	33.439657	1001.680138	26.860148	11.854882	
3/18/2019 13:57:06.053632249	72.676445	32.462018	1001.735489	34.150308	26.020914	493.537152	65.610626	33.463628	1001.251342	29.207934	11.914599	
3/18/2019 13:57:07.053632249	72.597593	32.371647	1002.764973	33.832266	26.021200	492.244644	65.906162	33.433741	1001.106415	39.240176	11.827442	
3/18/2019 13:57:08.053632249	72.479316	32.362450	1001.407941	34.627209	25.984096	492.973364	65.696496	33.559088	1000.774605	39.559550	11.919475	
3/18/2019 13:57:09.053632249	72.446462	32.467440	1002.631636	33.719575	25.991157	494.064144	65.710742	33.429074	1001.317104	32.449398	11.903034	
3/18/2019 13:57:10.053632249	72.433320	32.429638	1001.020622	34.320106	26.027404	493.112667	65.743544	33.453045	1001.345491	29.346268	11.876737	
3/18/2019 13:57:11.053632249	72.321614	32.398755	1001.665469	34.289161	25.988626	494.068744	65.970505	33.498076	1000.853299	36.029624	11.918581	
3/18/2019 13:57:12.053632249	72.275617	32.407877	1000.780205	34.683389	25.987810	493.834819	65.855802	33.556908	1000.763251	40.754796	11.911944	
3/18/2019 13:57:13.053632249	72.196766	32.450501	999.995712	35.240217	25.953808	493.882130	65.778606	33.568941	1000.912123	39.734309	11.862110	
3/18/2019 13:57:14.053632249	72.453033	32.481833	1000.808591	34.113178	26.015852	495.277144	65.572252	33.409876	1001.483166	30.520816	11.915296	
3/18/2019 13:57:15.053632249	72.492458	32.366974	999.855199	34.790656	26.094918	494.073343	65.678334	33.519761	1000.719567	40.060236	11.872952	
3/18/2019 13:57:16.053632249	72.531884	32.461045	1000.644422	34.167644	26.016098	496.392890	65.792747	33.438408	1001.286038	31.779467	11.921525	
3/18/2019 13:57:17.053632249	72.558168	32.471813	999.881693	34.167070	26.007036	496.585419	65.851833	33.467565	1001.390911	31.080974	11.885713	
3/18/2019 13:57:18.053632249	72.551597	32.444406	1000.733446	34.201900	26.002505	497.040787	65.855198	33.433635	1001.507295	31.736760	11.919002	
3/18/2019 13:57:19.053632249	72.551597	32.462093	1001.924576	34.377319	26.081856	496.379744	65.769985	33.485832	1001.514233	33.980785	11.890641	
3/18/2019 13:57:20.053632249	72.545026	32.445080	1001.306774	34.043683	26.002791	497.876612	65.821344	33.440588	1001.157036	36.699825	11.926335	
3/18/2019 13:57:21.053632249	72.669874	32.425115	1001.198432	34.373267	26.085530	496.520363	65.734370	33.464147	1000.905657	35.543354	11.895399	
3/18/2019 13:57:22.053632249	72.742154	32.449977	1000.718543	34.248720	26.049242	496.501312	65.609575	33.437583	1001.310324	30.960718	11.908173	
3/18/2019 13:57:23.053632249	72.525313	32.392360	1000.180383	34.633910	25.988096	496.956679	65.744043	33.516544	1000.829170	39.400518	11.900853	
3/18/2019 13:57:24.053632249	72.492458	32.477609	1000.601133	33.707380	26.025731	496.344264	65.826601	33.430630	1001.268690	31.999282	11.920132	
3/18/2019 13:57:25.053632249	72.347897	32.404326	1001.205056	34.874557	26.002791	495.560349	65.750062	33.543626	1000.693546	40.644753	11.917569	
3/18/2019 13:57:26.053632249	72.577880	32.552165	1001.858497	34.508019	26.020996	497.725479	65.831778	33.523497	1001.304801	37.650356	11.839231	
3/18/2019 13:57:27.053632249	72.591022	32.536499	999.431215	34.757141	25.904785	496.871255	65.705722	33.291694	1001.556181	35.252271	11.833080	
3/18/2019 13:57:28.053632249	72.656732	32.566858	1000.935385	34.578654	26.153248	497.297709	65.681855	33.483852	1001.198984	32.062687	11.848627	
3/18/2019 13:57:29.053632249	72.669874	32.451699	1002.304007	34.041249	26.039038	496.724722	65.452372	33.462591	1001.446263	24.380581	11.865527	
3/18/2019 13:57:30.053632249	72.788151	32.504418	1001.565012	34.622075	26.093449	496.955363	65.795455	33.576932	1001.034973	45.106093	11.807743	
3/18/2019 13:57:31.053632249	72.630448	32.498173	1002.207574	34.535272	26.029731	496.426403	65.826049	33.416205	1001.240146	30.342396	11.892297	
3/18/2019 13:57:32.053632249	72.683016	32.493051	1001.273420	34.878500	26.121001	495.855384	65.762810	33.533868	1001.253393	39.593354	11.879510	
3/18/2019 13:57:33.053632249	72.492458	32.469012	1002.423863	33.850850	25.964503	496.963247	65.626975	33.405315	1001.203714	33.760969	11.854160	
3/18/2019 13:57:34.053632249	72.571310	32.583272	1000.574245	34.961759	26.102306	498.550790	65.450111	33.427306	1001.411253	31.732828	11.893099	
3/18/2019 13:57:35.053632249	72.479316	32.414047	1001.394694	34.781646	25.966829	496.866656	65.470271	33.480540	1000.456520	41.825854	11.858628	
3/18/2019 13:57:36.053632249	72.433320	32.526928	1001.677060	33.524881	26.205415	500.851286	65.521131	33.647490	1000.628413	45.663631	11.821331	
3/18/2019 13:57:37.053632249	72.525313	32.424291	1000.105947	34.603297	25.978177	497.951521	65.520631	33.484276	1000.743538	41.662891	11.893887	
3/18/2019 13:57:38.053632249	72.676445	32.479705	1000.894066	34.463128	25.964013	499.495037	65.455526	33.527339	1001.457616	38.762810	11.883479	
3/18/2019 13:57:39.053632249	72.742154	32.429638	1000.518575	34.327995	26.058876	497.418614	65.178547	33.427412	1001.124077	32.559441	11.923128	
3/18/2019 13:57:40.053632249	72.735583	32.509316	1000.713496	35.162131	26.026914	499.656021	65.262918	33.464559	1000.964795	40.960467	11.877250	
3/18/2019 13:57:41.053632249	72.689587	32.409299	1001.761116	34.314086	25.952094	498.650012	65.347526	33.500881	1000.875219	41.057404	11.916833	
3/18/2019 13:57:42.053632249	72.722441	32.393408	1000.929076	35.321303	26.100551	499.816353	65.539740	33.521211	1000.934515	42.114317	11.905650	
3/18/2019 13:57:43.053632249	72.702728	32.404252	1001.126204	34.660978	26.028629	498.768948	65.497607	33.493409	1000.629834	41.990128	11.900393	
3/18/2019 13:57:44.053632249	72.847289	32.374566	1002.153717	35.203633	26.038507	500.150816	65.535981	33.586171	1001.196777	43.030003	11.838508	
3/18/2019 13:57:45.053632249	72.801293	32.463066	1000.339899	34.499848	26.022628	499.531833	65.566128	33.491748	1000.739595	38.718792	11.910722	
3/18/2019 13:57:46.053632249	72.840718	32.436332	1001.298495	34.721609	26.030343	499.516719	65.490589	33.541552	1001.087488	46.887167	11.886475	
3/18/2019 13:57:47.053632249	72.794722	32.445080	1001.474807	34.174852	25.973646	499.623172	65.539844	33.474211	1000.627626	40.017529	11.922576	
3/18/2019 13:57:48.053632249	72.893286	32.587646	1001.292581	34.927006	26.098878	500.380142	65.458890	33.430524	1001.385231	32.705638	11.900248	
3/18/2019 13:57:49.053632249	72.926141	32.482956	1000.656565	34.069806	26.014097	500.211926	65.359826	33.401579	1001.252921	32.285124	11.901497	
3/18/2019 13:57:50.053632249	72.637019	32.530778	1000.343525	34.785610	26.064304	500.654810	65.546415	33.555141	1001.012423	38.208164	11.842332	
3/18/2019 13:57:51.053632249	72.768438	32.388062	999.796061	34.356572	26.082714	499.221684	65.694630	33.465808	1000.923476	40.627987	11.901510	
3/18/2019 13:57:52.053632249	72.775009	32.463740	1002.108772	34.385821	25.987810	500.902534	65.838744	33.534705	1001.242668	40.380920	11.885069	
3/18/2019 13:57:53.053632249	72.650161	32.421040	1000.466612	34.676523	26.034547	498.839910	65.744648	33.440388	1000.650176	39.108124	11.871310	
3/18/2019 13:57:54.053632249	72.709299	32.593217	1001.135116	34.618393	26.044507	501.250795	65.731059	33.427931	1001.183215	36.311804	11.885700	
3/18/2019 13:57:55.053632249	72.551597	32.361852	1002.407067	34.729479	26.057202	499.276878	65.611678	33.438313	1001.142683	39.186985	11.911222	
3/18/2019 13:57:56.053632249	72.564739	32.361477	1002.735010	34.768750	26.075325	502.393486	65.775899	33.475449	1001.533631	34.366456	11.847300	
3/18/2019 13:57:57.053632249	72.656732	32.536499	1000.350228	34.087572	26.078713	499.220368	65.576668	33.416523	1001.512182	29.325570	11.860284	
3/18/2019 13:57:58.053632249	72.650161	32.447924	1001.734543	34.668282	26.003688	499.843298	65.838744	33.511877	1001.056422	42.788179	11.884649	
3/18/2019 13:57:59.053632249	72.669874	32.388960	1001.908332	34.739833	25.983238	499.539717	65.690424	33.485419	1000.720039	41.982265	11.922484	
3/18/2019 13:58:00.053632249	72.853860	32.535675	1001.334609	34.483903	26.041691	501.006355	65.980992	33.441213	1001.487582	34.075372	11.885148	
3/18/2019 13:58:01.053632249	72.867002	32.498772	1000.741725	34.073809	26.001688	500.726435	65.928030	33.400023	1001.240461	35.439864	11.919357	
3/18/2019 13:58:02.053632249	72.939283	32.598265	1002.549235	34.819048	26.133696	501.187054	65.882742	33.476074	1001.084966	35.474978	11.866040	
3/18/2019 13:58:03.053632249	72.873573	32.445753	1001.489000	34.411730	25.978177	500.443883	65.811409	33.481059	1000.912280	42.498406	11.915874	
3/18/2019 13:58:04.053632249	72.676445	32.405075	1002.820485	35.194010	26.051569	502.760146	65.888052	33.565311	1001.142368	41.930655	11.866723	
3/18/2019 13:58:05.053632249	72.663303	32.524533	1000.929471	34.255022	26.020955	501.265910	65.978180	33.370348	1001.246927	33.473817	11.913390	
3/18/2019 13:58:06.053632249	72.715870	32.595912	999.189456	35.139738	26.109082	499.775610	66.099374	33.435615	1001.755202	43.050702	11.833593	
3/18/2019 13:58:07.053632249	72.656732	32.399204	999.923326	34.747975	26.048997	501.141058	65.774795	33.459480	1000.901398	40.217957	11.918437	
3/18/2019 13:58:08.053632249	72.748725	32.526404	1001.333268	34.870593	26.025486	503.289106	65.992531	33.475979	1001.005007	41.926723	11.869142	
3/18/2019 13:58:09.053632249	72.696158	32.482732	1002.225945	32.850763	26.034792	503.776670	65.765412	33.433328	1001.434752	31.611261	11.869339	
3/18/2019 13:58:10.053632249	72.919570	32.426462	1000.397224	35.268297	26.159494	503.264793	65.969506	33.497558	1000.851563	44.362273	11.879024	
3/18/2019 13:58:11.053632249	72.814435	32.503370	1000.720357	34.294800	26.031445	502.077422	65.791801	33.383524	1001.286195	32.777946	11.926808	
3/18/2019 13:58:12.053632249	72.755296	32.468637	1000.640716	34.533071	26.114716	502.421736	65.781419	33.481683	1001.297391	39.590733	11.890970	
3/18/2019 13:58:13.053632249	72.676445	32.471439	1001.236045	33.990483	26.006505	502.706919	65.765964	33.397949	1001.144104	37.065838	11.917385	
3/18/2019 13:58:14.053632249	72.761867	32.473685	1001.113510	34.975307	26.095204	501.809321	65.640169	33.447235	1001.050270	44.033725	11.888000	
3/18/2019 13:58:15.053632249	72.663303	32.443176	1001.293370	34.891378	26.017812	501.760042	65.824393	33.464771	1000.354326	43.300389	11.859127	
3/18/2019 13:58:16.053632249	72.637019	32.477834	1000.928367	36.267147	25.923235	503.503317	66.011244	33.366813	1001.785482	35.068880	11.845328	
3/18/2019 13:58:17.053632249	72.676445	32.424740	1000.328702	34.179916	25.982136	502.480878	65.788541	33.419941	1001.492155	39.209264	11.854712	
3/18/2019 13:58:18.053632249	72.873573	32.441679	1002.583142	33.598700	26.041895	505.707875	65.649552	33.395663	1002.128960	34.918751	11.823434	
3/18/2019 13:58:19.053632249	72.965566	32.736906	1000.756313	35.550466	26.197536	504.755735	65.591018	33.430936	1001.821279	39.721474	11.798412	
3/18/2019 13:58:20.053632249	72.840718	32.567980	999.388083	34.631261	26.027445	502.317915	65.803577	33.426587	1000.748583	41.367875	11.859232	
3/18/2019 13:58:21.053632249	72.886715	32.527377	1001.817967	35.016323	26.270561	505.912887	65.973922	33.515507	1001.523693	42.001652	11.857918	
3/18/2019 13:58:22.053632249	72.558168	32.446427	1002.709778	34.523585	25.976748	503.197767	65.805390	33.441943	1000.853456	44.486461	11.906109	
3/18/2019 13:58:23.053632249	72.919570	32.523003	999.531198	34.700112	26.109409	503.578226	65.785729	33.589695	1001.415354	51.721073	11.840676	
3/18/2019 13:58:24.053632249	72.768438	32.425788	1000.792899	34.720236	26.063406	501.500487	65.555851	33.387472	1001.187945	40.509041	11.882638	
3/18/2019 13:58:25.053632249	73.037847	32.509166	1002.335943	35.126998	26.041446	503.598592	65.652707	33.469332	1001.332244	46.798093	11.867275	
3/18/2019 13:58:26.053632249	72.591022	32.410347	1002.171932	34.443609	26.019526	502.132616	65.458785	33.505548	1000.857243	45.331151	11.861125	
3/18/2019 13:58:27.053632249	72.827576	32.477011	1002.295413	35.911830	26.150146	504.053307	65.612125	33.513221	1000.883736	47.644093	11.894755	
3/18/2019 13:58:28.053632249	72.932712	32.503819	1000.775789	34.011229	26.016383	503.846979	65.698441	33.376052	1001.124077	39.619294	11.917122	
3/18/2019 13:58:29.053632249	73.031276	32.443026	1002.142441	35.335162	26.044466	506.307144	65.877118	33.506691	1001.477329	43.750504	11.846235	
3/18/2019 13:58:30.053632249	72.696158	32.378715	1001.863072	34.609715	26.052957	502.094504	65.633546	33.398880	1000.447846	45.461892	11.872979	
3/18/2019 13:58:31.053632249	73.031276	32.583197	1000.765459	34.514593	26.076223	503.410663	65.671368	33.451796	1001.452100	41.589272	11.880417	
3/18/2019 13:58:32.053632249	72.899857	32.378491	1001.375139	34.772248	26.003933	503.303557	65.618196	33.442568	1000.842260	46.192607	11.921183	
3/18/2019 13:58:33.053632249	73.018134	32.568430	1002.027950	35.394138	26.124675	505.405609	65.593568	33.494446	1000.805514	45.825284	11.855211	
3/18/2019 13:58:34.053632249	72.906428	32.383314	1001.220748	34.753625	26.062304	503.411979	65.437521	33.400648	1000.914645	42.886427	11.920119	
3/18/2019 13:58:35.053632249	73.024705	32.468563	1000.730292	35.639032	26.135982	507.307901	65.358722	33.554315	1001.046641	44.244637	11.847050	
3/18/2019 13:58:36.053632249	72.991850	32.425115	1001.452492	34.484332	26.083571	504.142014	65.436970	33.427212	1000.579999	47.182183	11.868997	
3/18/2019 13:58:37.053632249	73.077272	32.486025	1002.144097	34.698077	26.005974	506.184924	65.593963	33.516756	1001.647650	46.420286	11.853489	
3/18/2019 13:58:38.053632249	73.116698	32.550668	1000.932230	34.020687	26.006791	505.237394	65.498711	33.330608	1001.233837	38.443435	11.922681	
3/18/2019 13:58:39.053632249	73.123269	32.508941	1001.568561	34.905929	26.003117	505.546880	65.792143	33.447129	1001.115875	48.971120	11.867275	
