
Time stamp	Inside_humidity (in %rH)	Inside_temperature (in °C)	Inside_pressure (in mbar)	Soil_moisture (in %VWC)	Soil_temperature (in °C)	Inside_CO2_ratio (in ppm)	Outside_humidity (in %rH)	Outside_temperature (in °C)	Outside_pressure (in mbar)	Outside_PAR (in µmol m^-2 s^-1)	Power_box_charge (in V)	
3/18/2019 10:28:09.271417449	79.897913	27.214289	1004.861552	27.778010	25.254707	540.165942	76.373836	27.985491	1004.389942	13.009246	12.095300	
3/18/2019 10:28:10.271417449	79.628504	27.092960	1004.004674	26.890694	25.150701	538.845837	76.198629	27.923029	1004.324495	9.255572	12.113501	
3/18/2019 10:28:11.271417449	79.786207	27.214887	1006.279615	28.029427	25.284749	540.669273	76.370367	27.972421	1004.526039	10.907487	12.089754	
3/18/2019 10:28:12.271417449	79.746781	27.008309	1002.712772	26.641160	25.132006	538.844521	76.408137	27.984560	1004.031325	1.358893	12.098165	
3/18/2019 10:28:13.271417449	79.904484	27.098980	1004.670100	27.571317	25.233440	540.746813	76.366766	28.002509	1004.154175	13.287495	12.059528	
3/18/2019 10:28:14.271417449	79.983335	27.083763	1003.590704	27.297441	25.152986	540.201423	76.036011	28.023368	1005.028956	10.512913	12.024872	
3/18/2019 10:28:15.271417449	80.029332	27.099205	1004.480699	27.714409	25.300587	542.160225	76.429453	28.054599	1004.335377	4.531981	12.088795	
3/18/2019 10:28:16.271417449	80.141038	27.008534	1004.368731	26.456612	25.116413	539.941869	76.537848	28.040280	1004.245801	1.419676	12.113698	
3/18/2019 10:28:17.271417449	80.351308	27.146577	1005.333951	27.721009	25.285280	543.873272	76.538557	28.054906	1004.690051	10.608540	12.100241	
3/18/2019 10:28:18.271417449	80.614146	27.227901	1003.744464	27.413541	25.190213	544.687405	76.366713	28.118204	1005.092824	12.568304	12.042377	
3/18/2019 10:28:19.271417449	80.226460	27.009133	1004.815108	26.654278	25.140251	543.714908	76.385113	27.997323	1004.066335	3.127132	12.103237	
3/18/2019 10:28:20.271417449	80.535295	27.284919	1004.122399	27.733021	25.272667	545.987796	76.558822	28.072961	1005.554736	13.530630	12.029419	
3/18/2019 10:28:21.271417449	80.272457	26.883056	1002.106799	26.050321	25.276218	545.983860	76.131368	27.912139	1004.164742	6.720464	12.060605	
3/18/2019 10:28:22.271417449	80.292170	27.279648	1005.000803	27.813057	25.327935	548.033990	76.350312	28.116955	1004.974862	6.820023	12.066256	
3/18/2019 10:28:23.271417449	80.206747	27.109150	1004.834427	26.939727	25.169681	547.369674	76.468222	27.952398	1003.954367	12.643233	12.092461	
3/18/2019 10:28:24.271417449	80.403876	27.236050	1005.637371	27.613036	25.236052	547.602284	76.503599	28.001472	1004.212999	11.030365	12.072801	
3/18/2019 10:28:25.271417449	80.311882	27.088436	1005.465475	26.698978	25.133965	547.265853	76.306971	27.952398	1003.908475	8.373418	12.108152	
3/18/2019 10:28:26.271417449	80.456443	27.246669	1003.244862	27.849516	25.275687	549.676728	76.314698	28.073998	1004.217414	5.593865	12.073195	
3/18/2019 10:28:27.271417449	80.344737	27.087837	1003.560504	26.974591	25.139353	547.865122	76.422883	27.973045	1004.444665	11.230793	12.063168	
3/18/2019 10:28:28.271417449	80.561578	27.242295	1005.253601	27.826498	25.300913	552.284741	76.408399	28.025125	1004.539600	13.493165	12.092303	
3/18/2019 10:28:29.271417449	80.371021	27.052431	1004.714336	26.711152	25.155803	549.130685	76.260370	28.001165	1004.221673	2.843912	12.101634	
3/18/2019 10:28:30.271417449	80.581291	27.120891	1004.026357	28.371412	25.351325	551.711754	76.377148	28.157838	1004.799968	6.948143	12.042259	
3/18/2019 10:28:31.271417449	80.371021	27.067947	1004.054035	27.053906	25.221521	552.010736	76.245072	27.993175	1004.556476	8.054044	12.115262	
3/18/2019 10:28:32.271417449	80.509011	27.121265	1004.535974	27.868834	25.275973	555.193705	76.474004	28.012880	1004.368808	10.098951	12.096233	
3/18/2019 10:28:33.271417449	80.495869	27.025098	1003.876067	26.646333	25.143925	552.153322	76.186538	28.018489	1004.066492	1.446927	12.114185	
3/18/2019 10:28:34.271417449	80.555007	27.095280	1004.424320	27.535403	25.230052	553.299297	76.519791	28.053763	1004.323388	7.435723	12.092277	
3/18/2019 10:28:35.271417449	80.423588	27.104926	1004.233106	27.086247	25.222378	555.010375	76.573515	28.016003	1004.554426	8.854716	12.111753	
3/18/2019 10:28:36.271417449	80.482727	27.083688	1004.455862	27.886439	25.390674	556.961294	76.593780	28.094752	1004.758020	6.270348	12.094774	
3/18/2019 10:28:37.271417449	80.509011	27.029996	1003.879379	26.472966	25.115556	553.554252	76.263734	28.026892	1004.035426	1.110516	12.114303	
3/18/2019 10:28:38.271417449	80.463014	27.048656	1004.384343	27.141462	25.211929	554.552377	76.610023	28.119760	1004.366757	4.383162	12.096009	
3/18/2019 10:28:39.271417449	80.417018	27.157570	1004.763697	26.971595	25.193764	555.334323	76.450927	27.994212	1004.490557	12.012077	12.114631	
3/18/2019 10:28:40.271417449	80.522153	27.085410	1002.961707	27.140189	25.280790	556.053844	76.474503	28.104192	1004.082261	3.943261	12.036634	
3/18/2019 10:28:41.271417449	80.436730	27.041288	1004.015318	26.764806	25.232909	554.475500	76.251591	28.053244	1004.484563	5.029774	12.097784	
3/18/2019 10:28:42.271417449	80.555007	27.069819	1002.777588	26.803722	25.236583	556.492781	76.662539	28.161161	1004.346730	5.825475	12.080173	
3/18/2019 10:28:43.271417449	80.614146	27.151999	1005.099367	26.706042	25.169967	555.803489	76.437233	27.983110	1004.665765	11.274810	12.082762	
3/18/2019 10:28:44.271417449	80.857271	27.085784	1004.629334	27.570595	25.192989	555.776544	76.594883	28.148917	1004.213470	5.218678	12.036556	
3/18/2019 10:28:45.271417449	80.752136	27.130836	1005.417455	27.022614	25.168538	556.306167	76.212218	27.994730	1004.532191	11.658899	12.081251	
3/18/2019 10:28:46.271417449	80.982119	27.107396	1002.802268	26.687548	25.176824	557.973871	76.543814	28.187619	1004.460434	5.985818	12.075337	
3/18/2019 10:28:47.271417449	80.870413	27.025173	1003.962094	26.834926	25.130577	556.496065	76.493560	28.043085	1004.052931	2.984867	12.113344	
3/18/2019 10:28:48.271417449	80.988690	27.167889	1004.005541	27.133741	25.194336	559.351150	76.424643	28.081776	1004.635799	10.797444	12.057925	
3/18/2019 10:28:49.271417449	80.692997	27.014255	1004.343341	26.653478	25.164008	557.130162	76.233586	28.058229	1004.317400	0.884148	12.060421	
3/18/2019 10:28:50.271417449	80.936122	27.194698	1005.209760	27.225895	25.184458	560.422868	76.581032	28.086243	1004.904212	16.903875	12.080055	
3/18/2019 10:28:51.271417449	80.660142	27.067349	1003.941435	26.984819	25.212459	559.843966	76.495820	27.995661	1004.407762	6.905436	12.102212	
3/18/2019 10:28:52.271417449	80.883555	27.079315	1003.379697	27.456080	25.254176	558.042864	76.245729	28.180147	1004.287592	9.029204	12.029038	
3/18/2019 10:28:53.271417449	80.745565	27.098755	1002.816856	26.805516	25.128903	559.604126	76.186039	28.009981	1004.024701	8.414814	12.099768	
3/18/2019 10:28:54.271417449	80.745565	27.117266	1002.827028	26.961856	25.153884	560.278303	76.552541	28.024194	1004.151810	12.332762	12.018643	
3/18/2019 10:28:55.271417449	80.817845	27.130612	1004.568067	27.249299	25.181560	561.122675	76.466829	28.005313	1004.492608	10.463653	12.118889	
3/18/2019 10:28:56.271417449	81.350091	27.136108	1002.961864	26.306670	25.276545	563.558526	76.306471	27.975426	1005.212366	11.248870	12.021666	
3/18/2019 10:28:57.271417449	80.962406	27.131660	1004.393569	27.366160	25.158089	560.692274	76.225911	27.957583	1004.300681	11.621435	12.121597	
3/18/2019 10:28:58.271417449	81.021544	27.257362	1003.584396	27.695891	25.278259	562.874486	76.575565	28.076178	1004.851697	9.405701	12.070908	
3/18/2019 10:28:59.271417449	80.706139	27.046485	1004.272374	26.830144	25.213888	561.381566	76.452635	28.057192	1004.246273	2.936918	12.070764	
3/18/2019 10:29:00.271417449	80.896696	27.246744	1003.394048	27.477384	25.221888	562.907999	76.281896	28.052101	1004.620030	15.038697	12.064337	
3/18/2019 10:29:01.271417449	80.824416	27.029397	1002.685647	26.497539	25.113882	561.515616	76.266836	27.994730	1003.994107	8.502849	12.043639	
3/18/2019 10:29:02.271417449	81.080683	27.269029	1003.483229	27.649823	25.312547	564.152533	76.606974	28.097345	1004.550325	5.716743	12.079569	
3/18/2019 10:29:03.271417449	81.021544	27.051533	1003.930948	26.478076	25.148170	562.596534	76.343637	28.084275	1004.268036	2.018610	12.109533	
3/18/2019 10:29:04.271417449	81.041257	27.162767	1004.203221	27.346346	25.203153	564.770863	76.257820	28.060092	1004.274817	4.677907	12.050302	
3/18/2019 10:29:05.271417449	80.870413	27.157645	1004.180828	27.045224	25.156905	564.766263	76.430400	28.026998	1004.442772	10.453440	12.066887	
3/18/2019 10:29:06.271417449	81.028115	27.230853	1003.932131	27.457033	25.245931	567.441955	76.533694	28.016722	1004.212841	12.230582	12.054415	
3/18/2019 10:29:07.271417449	80.784990	27.172562	1004.618374	27.059433	25.178457	566.895912	76.283998	28.037581	1004.267250	10.256672	12.112240	
3/18/2019 10:29:08.271417449	80.955835	27.237023	1006.222922	27.959362	25.327527	569.726673	76.419176	28.135529	1004.386156	5.372739	12.076034	
3/18/2019 10:29:09.271417449	81.054399	27.076994	1003.859114	26.551713	25.114127	566.887366	76.490248	28.012573	1004.064284	1.353651	12.063418	
3/18/2019 10:29:10.271417449	81.238385	27.179706	1004.778994	28.205189	25.275973	571.243907	76.454291	28.048577	1004.572403	12.012077	12.103237	
3/18/2019 10:29:11.271417449	81.041257	27.078716	1002.666091	27.037343	25.162620	568.815939	76.195764	28.064145	1003.963669	1.675917	12.084904	
3/18/2019 10:29:12.271417449	81.126679	27.021698	1005.607880	27.502926	25.324139	570.605210	76.554301	28.118818	1004.036369	6.655749	12.038566	
3/18/2019 10:29:13.271417449	80.995261	27.173311	1003.626029	27.078406	25.249890	569.653080	76.398412	28.073067	1004.142821	1.705518	12.057898	
3/18/2019 10:29:14.271417449	81.008402	27.115469	1004.292797	27.083356	25.240502	570.635438	76.213322	28.032914	1004.343893	7.003684	12.113698	
3/18/2019 10:29:15.271417449	81.271240	27.243118	1004.754234	27.601101	25.214541	571.209078	76.416864	28.118617	1005.232865	23.234324	12.035530	
3/18/2019 10:29:16.271417449	81.008402	27.125340	1004.798550	27.131371	25.183600	570.516502	76.416416	28.008425	1004.287434	10.818142	12.117089	
3/18/2019 10:29:17.271417449	81.225244	27.257437	1005.468549	27.982763	25.229562	570.850965	76.304211	28.098170	1004.618452	16.579258	12.035991	
3/18/2019 10:29:18.271417449	80.863842	27.079614	1005.042279	26.854877	25.165191	570.116330	76.245072	28.050757	1004.591644	-0.198435	12.055953	
3/18/2019 10:29:19.271417449	81.113538	27.236724	1005.061597	27.413703	25.234379	570.592064	76.458944	28.064558	1004.234919	5.327411	12.052851	
3/18/2019 10:29:20.271417449	81.021544	27.098681	1004.026043	26.797748	25.145884	570.277978	76.338222	27.987047	1004.164427	7.037217	12.113435	
3/18/2019 10:29:21.271417449	81.113538	27.236948	1004.438199	27.372752	25.244543	571.059914	76.369920	28.116331	1004.865258	2.638242	12.032035	
3/18/2019 10:29:22.271417449	81.054399	27.178957	1005.564748	26.855758	25.239971	571.554056	76.183726	28.050863	1004.434255	7.459042	12.067150	
3/18/2019 10:29:23.271417449	81.212102	27.305783	1005.896397	27.737042	25.254502	572.588978	76.489696	28.066420	1004.716544	11.516634	12.080988	
3/18/2019 10:29:24.271417449	80.909838	27.088661	1004.071777	27.215853	25.243114	571.115119	76.383956	28.015378	1004.405554	6.001273	12.089951	
3/18/2019 10:29:25.271417449	81.113538	27.285144	1005.082809	27.563388	25.257850	572.429962	76.242522	28.036957	1004.198016	13.586171	12.050434	
3/18/2019 10:29:26.271417449	80.975548	27.025173	1003.841057	26.655328	25.145884	571.422637	76.172740	28.057404	1004.403818	3.974443	12.102160	
3/18/2019 10:29:27.271417449	81.323808	27.284171	1004.815660	28.018686	25.283076	574.259976	76.562476	28.061647	1004.613879	13.033876	12.098756	
3/18/2019 10:29:28.271417449	81.336950	27.125040	1005.007664	26.617605	25.133148	572.496987	76.312490	27.994518	1003.957203	5.707569	12.105038	
3/18/2019 10:29:29.271417449	81.356662	27.299687	1005.586591	27.522420	25.283892	575.004462	76.375440	28.102012	1004.668287	9.342296	12.058765	
3/18/2019 10:29:30.271417449	81.152963	27.173386	1003.104507	26.759175	25.299485	573.251988	75.985703	28.110108	1005.122790	7.695624	12.029104	
3/18/2019 10:29:31.271417449	81.185818	27.226330	1004.210239	28.008195	25.244502	576.454671	76.479261	28.018172	1004.795238	10.231003	12.019327	
3/18/2019 10:29:32.271417449	81.389517	27.242295	1003.061295	26.572136	25.256666	574.106212	76.504336	28.026480	1004.352725	9.264746	12.055966	
3/18/2019 10:29:33.271417449	81.179247	27.206140	1004.507982	28.590488	25.360672	574.282311	76.490457	28.297599	1004.073273	-0.701470	12.038225	
3/18/2019 10:29:34.271417449	81.067541	27.025473	1004.670890	26.541173	25.181600	575.246271	76.188798	28.148811	1003.766384	-1.660135	12.060145	
3/18/2019 10:29:35.271417449	81.152963	27.184304	1003.519580	28.017213	25.173396	577.218872	76.502233	28.033009	1004.032111	12.362634	12.052102	
3/18/2019 10:29:36.271417449	81.054399	27.056580	1005.037469	26.293696	25.097718	576.769420	76.424486	28.016722	1003.930395	6.464224	12.061157	
3/18/2019 10:29:37.271417449	81.212102	27.178733	1004.170499	27.821556	25.302587	579.819001	76.480575	28.074305	1004.513107	11.801165	12.073734	
3/18/2019 10:29:38.271417449	81.323808	27.120816	1004.198096	27.177080	25.196009	578.286653	76.253799	28.091640	1004.510270	5.870532	12.103540	
3/18/2019 10:29:39.271417449	81.402659	27.131809	1004.460277	27.358696	25.262054	579.680352	76.230222	28.127538	1004.060026	7.356862	12.099400	
3/18/2019 10:29:40.271417449	81.343521	27.094457	1003.780420	26.701965	25.130291	577.523106	76.292725	28.025961	1004.033218	1.507711	12.109270	
3/18/2019 10:29:41.271417449	81.310666	27.180679	1005.114113	27.717260	25.303730	579.815055	76.328234	28.102636	1004.867781	10.311174	12.098454	
3/18/2019 10:29:42.271417449	81.218673	27.183406	1005.665205	26.901099	25.184131	580.342046	76.380093	28.024194	1004.429211	9.806557	12.108915	
3/18/2019 10:29:43.271417449	81.139821	27.195447	1003.522340	27.547489	25.353284	582.348159	76.642983	28.165828	1004.779784	6.540734	12.067689	
3/18/2019 10:29:44.271417449	80.982119	27.246818	1004.353671	25.902551	25.193193	580.001668	76.383614	28.001990	1004.017921	10.815521	12.053903	
3/18/2019 10:29:45.271417449	81.284382	27.117341	1003.680989	26.936314	25.219562	584.329959	76.234690	28.184402	1004.970603	7.407432	12.010850	
3/18/2019 10:29:46.271417449	81.422372	27.052730	1003.557665	26.622137	25.163191	580.680445	76.431609	28.108552	1004.158433	1.981146	12.111675	
3/18/2019 10:29:47.271417449	81.501223	27.117341	1002.976057	27.135639	25.248502	583.864077	76.616752	28.135941	1004.469266	13.178762	12.077111	
3/18/2019 10:29:48.271417449	81.212102	27.111096	1004.564203	26.841686	25.169722	580.924885	76.256006	28.010912	1003.720649	5.913239	12.062708	
3/18/2019 10:29:49.271417449	81.284382	27.085110	1004.227587	27.227273	25.247931	583.036136	76.550595	28.214490	1004.416279	2.344537	12.082184	
3/18/2019 10:29:50.271417449	81.113538	27.126013	1005.814786	27.111893	25.226623	583.514500	76.266389	28.061965	1004.273716	6.900194	12.103067	
3/18/2019 10:29:51.271417449	81.041257	27.227901	1006.254226	27.894175	25.082166	583.794421	76.579376	28.142482	1004.486142	13.203392	12.013334	
3/18/2019 10:29:52.271417449	81.310666	27.093259	1004.651886	26.659237	25.109025	582.292302	76.472086	28.067151	1003.247856	5.155273	12.067452	
3/18/2019 10:29:53.271417449	81.612929	27.144524	1004.198648	26.657297	25.168620	583.356137	76.566497	28.138227	1004.517522	7.557290	12.089491	
3/18/2019 10:29:54.271417449	81.402659	27.115694	1002.924646	26.991682	25.226909	584.564537	76.425747	28.110214	1004.423059	5.163137	12.096482	
3/18/2019 10:29:55.271417449	81.442085	27.208086	1005.298861	27.082057	25.225848	583.749078	76.506149	28.213040	1004.849961	6.164237	12.043876	
3/18/2019 10:29:56.271417449	81.336950	27.185876	1004.454048	26.997258	25.185886	586.295981	76.566182	28.071924	1004.118850	8.752536	12.059475	
3/18/2019 10:29:57.271417449	81.455227	27.143700	1004.518469	27.123553	25.154415	585.721679	76.547888	28.117686	1004.475260	12.587692	12.077374	
3/18/2019 10:29:58.271417449	81.238385	27.114871	1005.330087	27.299941	25.220419	587.654199	76.434026	28.099937	1004.405554	4.514943	12.103540	
3/18/2019 10:29:59.271417449	81.185818	27.191896	1003.825365	26.705849	25.168620	588.091820	76.340377	28.104710	1004.662136	11.660210	12.034926	
3/18/2019 10:30:00.271417449	81.198960	27.084137	1003.652917	26.571864	25.148170	587.396613	76.556562	28.099525	1004.079267	1.179163	12.098086	
3/18/2019 10:30:01.271417449	81.369804	27.257961	1005.082809	27.442720	25.219888	589.781216	76.385822	28.156695	1004.777261	15.283143	12.088834	
3/18/2019 10:30:02.271417449	81.323808	27.116218	1003.508147	27.216445	25.220705	588.440081	76.605608	28.098488	1004.098980	3.151762	12.068556	
3/18/2019 10:30:03.271417449	81.573504	27.231227	1004.095431	27.483784	25.257482	589.384328	76.658647	28.166135	1004.794295	9.459932	12.050841	
3/18/2019 10:30:04.271417449	81.428943	27.141230	1003.279477	27.339450	25.207643	588.372404	76.535797	28.093715	1004.300209	4.227791	12.100911	
3/18/2019 10:30:05.271417449	81.573504	27.242370	1003.814484	27.317633	25.220174	589.168801	76.412106	28.163024	1004.593537	7.655538	12.049579	
3/18/2019 10:30:06.271417449	81.468368	27.068546	1003.740048	27.454374	25.270259	587.336819	76.516479	28.155870	1004.077531	9.736870	12.053929	
3/18/2019 10:30:07.271417449	81.238385	27.242295	1004.441983	27.433734	25.263238	588.918446	76.467328	28.140820	1004.821103	9.429020	12.055007	
3/18/2019 10:30:08.271417449	81.435514	27.084961	1004.281915	26.615610	25.130332	587.899291	76.495872	28.079396	1004.103867	2.185505	12.102777	
3/18/2019 10:30:09.271417449	81.560362	27.166210	1003.959177	26.971683	25.165558	588.690436	76.359748	28.034671	1004.565622	11.428600	12.041681	
3/18/2019 10:30:10.271417449	81.468368	27.086757	1004.174125	27.512344	25.397817	592.635637	76.702673	28.187195	1004.397824	6.190177	12.082513	
3/18/2019 10:30:11.271417449	81.343521	27.189576	1003.391683	27.089611	25.166579	589.926434	76.642931	28.098594	1003.974237	7.232674	12.065849	
3/18/2019 10:30:12.271417449	81.304095	27.111545	1003.852885	27.715410	25.290954	594.662780	76.670475	28.172464	1004.745088	14.271829	12.066743	
3/18/2019 10:30:13.271417449	81.336950	27.173161	1005.875266	27.079047	25.212459	591.208427	76.305262	28.083650	1004.105760	6.385363	12.057320	
3/18/2019 10:30:14.271417449	81.731206	27.139252	1004.015633	27.561809	25.255278	596.012451	76.711295	28.148080	1004.603154	14.217598	12.038172	
3/18/2019 10:30:15.271417449	81.481510	27.074043	1003.894913	26.650163	25.156129	590.975807	76.579534	28.111050	1004.593537	2.706889	12.066480	
3/18/2019 10:30:16.271417449	81.593216	27.202739	1005.270711	27.608623	25.304016	595.555768	76.707693	28.209717	1004.909414	13.477709	12.086705	
3/18/2019 10:30:17.271417449	81.323808	27.321449	1005.165918	27.054506	25.032000	590.874617	76.591519	28.102636	1004.254632	4.957466	12.031890	
3/18/2019 10:30:18.271417449	81.481510	27.122688	1003.812433	27.008029	25.219847	594.432791	76.436024	28.170083	1004.373224	9.971102	12.079543	
3/18/2019 10:30:19.271417449	81.304095	27.209840	1003.663090	27.137506	25.183845	592.756542	76.597381	28.079808	1004.483934	9.458621	12.108350	
3/18/2019 10:30:20.271417449	81.356662	27.254710	1005.265981	27.328069	25.278218	593.774381	76.848785	28.221962	1005.081785	7.863830	12.036450	
3/18/2019 10:30:21.271417449	81.422372	27.101151	1003.852885	26.596413	25.125556	591.770236	76.451427	28.122247	1003.834668	1.587882	12.061906	
3/18/2019 10:30:22.271417449	81.685210	27.191447	1004.578160	27.320692	25.239971	596.229946	76.534141	28.198721	1004.797132	15.772304	12.083604	
3/18/2019 10:30:23.271417449	81.599787	27.094307	1003.733267	26.718593	25.144455	593.125169	76.356674	28.114987	1004.206218	2.797274	12.109480	
3/18/2019 10:30:24.271417449	81.593216	27.112743	1003.740757	26.953974	25.202050	594.789589	76.690478	28.135529	1004.810378	16.732008	12.005212	
3/18/2019 10:30:25.271417449	81.494652	27.163441	1005.605278	27.075411	25.237400	595.073456	76.623770	28.134079	1004.392307	8.405911	12.093762	
3/18/2019 10:30:26.271417449	81.580075	27.118014	1004.501359	26.563838	25.186172	596.005872	76.625083	28.201208	1004.640058	10.205063	12.019116	
3/18/2019 10:30:27.271417449	81.553791	27.083613	1005.435512	26.407716	25.192621	595.087255	76.325580	28.089460	1004.219150	10.982416	12.061696	
3/18/2019 10:30:28.271417449	81.553791	27.154843	1003.187931	26.863046	25.190703	597.343060	76.680805	28.233688	1004.762436	6.357072	12.065389	
3/18/2019 10:30:29.271417449	81.468368	27.189426	1004.765196	26.923308	25.167681	597.247785	76.428507	28.070993	1004.477153	11.164767	12.114447	
3/18/2019 10:30:30.271417449	81.336950	27.070567	1005.597788	27.895881	25.068328	599.113933	76.692738	28.168728	1004.735942	14.979224	12.017460	
3/18/2019 10:30:31.271417449	81.468368	27.151924	1003.837193	27.022414	25.221235	599.116564	76.544024	28.111664	1004.392150	6.382742	12.110229	
3/18/2019 10:30:32.271417449	81.711493	27.174958	1004.671756	26.927528	25.159803	599.916245	76.503495	28.144144	1004.565465	13.696214	12.076428	
3/18/2019 10:30:33.271417449	81.474939	27.147400	1004.388207	27.038777	25.211847	599.765112	76.540003	28.092477	1004.385999	8.488704	12.073511	
3/18/2019 10:30:34.271417449	81.593216	27.169461	1003.039769	27.076371	25.111106	600.861807	76.465330	28.203801	1004.532191	16.352890	12.024741	
3/18/2019 10:30:35.271417449	81.323808	27.126986	1005.214413	26.863495	25.168865	599.140214	76.386321	28.103779	1004.646367	3.499698	12.074391	
3/18/2019 10:30:36.271417449	81.560362	27.232649	1005.203846	27.217077	25.237726	600.610137	76.599641	28.235243	1004.683113	4.790571	12.072131	
3/18/2019 10:30:37.271417449	81.566933	27.147550	1004.173810	27.029078	25.205643	600.763901	76.444356	28.093196	1004.210319	9.841671	12.089281	
3/18/2019 10:30:38.271417449	81.777203	27.332591	1005.172857	27.601222	25.281647	602.034063	76.533984	28.208680	1004.934650	6.182314	12.039144	
3/18/2019 10:30:39.271417449	81.560362	27.184753	1004.939851	27.118212	25.182458	601.545184	76.462518	28.078877	1004.464850	11.908587	12.115302	
3/18/2019 10:30:40.271417449	81.586645	27.221282	1003.723252	27.081193	25.143108	601.038559	76.316801	28.107102	1004.432519	13.186626	12.058398	
3/18/2019 10:30:41.271417449	81.212102	27.164040	1002.919127	27.200290	25.143639	599.829506	76.529069	28.117061	1004.069172	3.973133	12.051393	
3/18/2019 10:30:42.271417449	81.461798	27.264655	1005.225372	27.502604	25.195560	602.731239	76.569756	28.143413	1004.806277	15.800595	12.070067	
3/18/2019 10:30:43.271417449	81.277811	27.183930	1003.868497	27.185762	25.206214	602.345528	76.466277	28.092159	1004.356983	7.634840	12.111924	
3/18/2019 10:30:44.271417449	81.606358	27.201317	1004.341054	27.124090	25.168048	603.151777	76.302108	28.120691	1004.416593	5.245929	12.081672	
3/18/2019 10:30:45.271417449	81.619500	27.141829	1004.111360	25.852677	25.117556	604.257019	76.498422	27.956747	1004.470687	11.119439	12.023663	
3/18/2019 10:30:46.271417449	81.764061	27.286117	1005.542670	27.377221	25.212826	605.811701	76.506963	28.100350	1004.771267	16.438303	12.068267	
3/18/2019 10:30:47.271417449	81.461798	27.188228	1004.323786	27.082083	25.212745	605.608005	76.330495	28.102118	1004.490400	8.766682	12.103908	
3/18/2019 10:30:48.271417449	81.553791	27.238146	1004.254712	27.174236	25.177437	605.567261	76.470378	28.098382	1004.268665	8.531410	12.058555	
3/18/2019 10:30:49.271417449	81.389517	27.172338	1004.614274	26.960704	25.180743	606.131050	76.375887	28.034883	1004.206690	10.220518	12.089570	
3/18/2019 10:30:50.271417449	81.461798	27.232350	1004.486061	27.080312	25.223031	606.320947	76.350260	28.057911	1004.637064	9.397838	12.026344	
3/18/2019 10:30:51.271417449	81.566933	27.105300	1002.616573	26.764461	25.152986	606.196759	76.628080	28.111558	1004.153703	2.956306	12.057044	
3/18/2019 10:30:52.271417449	81.810058	27.206140	1003.296745	26.992211	25.215398	607.487951	76.497685	28.101800	1004.127681	10.259294	12.046307	
3/18/2019 10:30:53.271417449	81.606358	27.188827	1002.884354	27.019050	25.115841	606.891966	76.339773	28.061859	1003.872993	9.974763	12.061105	
3/18/2019 10:30:54.271417449	81.718064	27.248465	1005.227422	27.408416	25.185927	609.626799	76.530777	28.135835	1004.585178	14.403610	12.014871	
3/18/2019 10:30:55.271417449	81.488081	27.142503	1005.840019	26.697320	25.219276	608.614212	76.463622	28.118098	1004.551904	7.193899	12.058292	
3/18/2019 10:30:56.271417449	81.665497	27.363399	1006.356653	27.678496	25.301199	609.946800	76.433474	28.143826	1004.613250	8.109585	12.071408	
3/18/2019 10:30:57.271417449	81.494652	27.183930	1003.509013	26.759720	25.146455	608.427598	76.337565	28.069119	1004.354932	8.903705	12.094919	
3/18/2019 10:30:58.271417449	81.593216	27.306831	1006.035491	27.812321	25.254502	610.344340	76.670870	28.138428	1004.510742	10.957786	12.053101	
3/18/2019 10:30:59.271417449	81.363233	27.078117	1003.884189	26.466703	25.079023	608.765344	76.198629	28.055943	1004.242964	6.587102	12.056623	
3/18/2019 10:31:00.271417449	81.442085	27.294865	1004.980776	27.654268	25.283076	610.344340	76.525810	28.180867	1004.537078	4.310584	12.088072	
3/18/2019 10:31:01.271417449	81.330379	27.116293	1002.718607	26.679620	25.152986	608.706203	76.525862	28.141963	1004.040156	3.727377	12.081724	
3/18/2019 10:31:02.271417449	81.402659	27.142727	1005.652511	27.705719	25.165803	611.649331	76.427008	28.059880	1004.526196	12.842351	12.029695	
3/18/2019 10:31:03.271417449	81.343521	27.094532	1003.778922	26.640287	25.125230	609.227279	76.331599	28.093609	1003.678859	1.446927	12.059764	
3/18/2019 10:31:04.271417449	81.468368	27.231751	1003.448062	27.548899	25.196622	611.159136	76.223257	28.130650	1004.072801	7.376250	12.082697	
3/18/2019 10:31:05.271417449	81.448656	27.100819	1004.449947	26.596500	25.135189	610.147865	76.389975	28.109377	1003.954838	2.821904	12.037292	
3/18/2019 10:31:06.271417449	81.507794	27.179257	1004.556082	27.279645	25.232338	613.064059	76.527019	28.099525	1004.366129	7.966009	12.112673	
3/18/2019 10:31:07.271417449	81.665497	27.132258	1004.606704	26.902027	25.137965	611.968679	76.277428	28.050239	1004.328911	7.830297	12.076073	
3/18/2019 10:31:08.271417449	81.652355	27.158094	1005.081942	26.565304	25.123475	612.749310	76.238554	28.066114	1004.205904	7.964699	12.045479	
3/18/2019 10:31:09.271417449	81.547220	27.204942	1004.284360	27.100960	25.197438	614.014220	76.553093	28.107409	1004.293586	7.959457	12.118627	
3/18/2019 10:31:10.271417449	81.639213	27.136407	1003.867393	26.954872	25.174498	614.665400	76.437838	28.088836	1004.485827	10.259294	12.061840	
3/18/2019 10:31:11.271417449	81.514365	27.167889	1004.114986	26.984523	25.231971	614.839530	76.400567	28.099631	1004.385684	6.530249	12.102449	
3/18/2019 10:31:12.271417449	81.560362	27.116592	1003.727353	26.428844	25.126332	615.258754	76.191900	28.102224	1004.103553	2.126032	12.109283	
3/18/2019 10:31:13.271417449	81.527507	27.122014	1003.260631	26.729189	25.167150	615.422369	76.440887	28.126501	1003.972501	3.357432	12.084720	
3/18/2019 10:31:14.271417449	81.382946	27.184229	1006.223788	27.970576	25.106208	615.385573	76.388529	28.166241	1003.981017	10.710720	12.022349	
3/18/2019 10:31:15.271417449	81.560362	27.120442	1003.767016	26.982191	25.153231	616.100494	76.187038	28.130756	1004.216942	1.622726	12.111201	
3/18/2019 10:31:16.271417449	81.448656	27.147400	1004.920296	27.170848	25.202255	616.203000	76.100459	28.173406	1004.221358	2.450649	12.080883	
3/18/2019 10:31:17.271417449	81.461798	27.077069	1003.715762	26.648775	25.134618	615.860654	76.392078	28.141127	1004.216942	2.084636	12.049737	
3/18/2019 10:31:18.271417449	81.481510	27.153121	1004.470764	27.018233	25.141639	616.921205	76.213873	28.058229	1004.000416	7.765581	12.112148	
3/18/2019 10:31:19.271417449	81.389517	27.136857	1003.460047	26.833285	25.171355	616.786502	76.214373	28.152546	1004.284912	2.321218	12.108626	
3/18/2019 10:31:20.271417449	81.435514	27.180304	1005.190047	26.719025	25.133148	616.929088	76.063846	28.044841	1004.081789	6.616973	12.106247	
3/18/2019 10:31:21.271417449	81.520936	27.052506	1004.346968	27.653540	25.192907	615.426969	76.049205	28.094233	1005.120582	11.552788	12.021193	
3/18/2019 10:31:22.271417449	81.481510	27.189800	1004.672703	26.762234	25.120699	617.028310	76.063898	28.064971	1004.127838	6.985607	12.113527	
3/18/2019 10:31:23.271417449	81.409230	27.173086	1004.999227	26.817130	25.160620	616.922520	76.173791	28.073892	1004.405240	8.760129	12.085719	
3/18/2019 10:31:24.271417449	81.474939	27.195746	1004.683347	26.816289	25.208786	618.551459	76.269201	28.181703	1004.193129	6.065989	12.056111	
3/18/2019 10:31:25.271417449	81.435514	27.190699	1004.899559	26.598246	25.149843	618.453552	76.088474	28.093715	1004.777261	9.674776	12.065744	
3/18/2019 10:31:26.271417449	81.389517	27.184154	1004.955228	26.866924	25.156129	619.948441	76.080641	28.066008	1004.004360	10.247769	12.062629	
3/18/2019 10:31:27.271417449	81.376375	27.204568	1005.097711	27.021173	25.198867	619.366254	76.314383	28.129200	1004.131625	11.785709	12.049001	
3/18/2019 10:31:28.271417449	81.435514	27.190249	1004.701879	27.010489	25.177927	621.890812	76.277270	28.079914	1004.565307	9.938609	12.058424	
3/18/2019 10:31:29.271417449	81.540649	27.190773	1004.176175	26.740898	25.149313	621.045788	76.127400	28.078252	1004.110176	7.169269	12.110111	
3/18/2019 10:31:30.271417449	81.488081	27.153571	1003.776556	26.725352	25.113882	621.514954	76.196211	28.088836	1003.926452	7.296078	12.108888	
3/18/2019 10:31:31.271417449	81.356662	27.153945	1003.079589	26.630755	25.141353	621.453844	76.321007	28.148292	1004.088413	2.784439	12.089228	
3/18/2019 10:31:32.271417449	81.409230	27.121490	1002.834676	26.926223	25.131720	621.763993	76.281186	28.111251	1003.773164	5.264006	12.077663	
3/18/2019 10:31:33.271417449	81.534078	27.185202	1004.204719	27.211030	25.224664	622.576820	76.217685	28.139265	1004.622081	4.566824	12.066677	
3/18/2019 10:31:34.271417449	81.363233	27.243568	1003.008308	26.077640	25.315894	624.780061	76.129503	28.008107	1004.035740	6.305192	12.057714	
3/18/2019 10:31:35.271417449	81.468368	27.063125	1003.783180	26.511963	25.095759	621.721281	76.462755	28.046291	1003.519105	5.848523	12.060395	
3/18/2019 10:31:36.271417449	81.540649	27.337489	1003.767568	25.767499	25.183845	625.317568	76.454134	28.038513	1004.086519	9.551898	12.053364	
3/18/2019 10:31:37.271417449	81.731206	27.221207	1002.503501	26.333374	25.298873	622.643845	76.058431	28.178486	1003.954367	12.336694	12.040472	
3/18/2019 10:31:38.271417449	81.356662	27.075091	1005.510262	27.856925	25.130046	622.158250	76.268991	28.159394	1004.110019	3.353501	12.041392	
3/18/2019 10:31:39.271417449	81.685210	27.178583	1003.084162	26.993268	25.172824	622.744383	76.358277	28.079184	1004.573824	6.607800	12.058555	
3/18/2019 10:31:40.271417449	81.534078	27.189276	1004.407367	27.374146	25.222950	624.176193	76.221995	28.148186	1004.385055	5.975333	12.083696	
3/18/2019 10:31:41.271417449	81.626071	27.179481	1003.862820	26.787135	25.107351	623.101180	76.075384	28.118923	1004.285069	5.478579	12.069463	
3/18/2019 10:31:42.271417449	81.586645	27.296137	1003.183515	26.768298	25.324670	625.759789	76.182517	28.066008	1005.001198	11.930596	12.041155	
3/18/2019 10:31:43.271417449	81.606358	27.154469	1002.912503	26.815536	25.231481	624.782030	76.334910	28.196953	1004.329540	-1.632884	12.050407	
3/18/2019 10:31:44.271417449	81.711493	27.195821	1005.827561	26.907650	25.126903	626.338691	76.114205	28.185958	1003.996315	7.152502	12.059804	
3/18/2019 10:31:45.271417449	81.632642	27.169311	1004.875351	26.940391	25.161191	625.185486	76.364796	28.160431	1003.981017	4.239586	12.077847	
3/18/2019 10:31:46.271417449	81.678639	27.132034	1002.632422	26.813726	25.141353	626.021311	76.328891	28.114881	1004.004831	3.600567	12.097797	
3/18/2019 10:31:47.271417449	81.606358	27.178882	1004.432837	27.002423	25.220093	626.840053	76.242865	28.180454	1004.429368	4.432151	12.112029	
3/18/2019 10:31:48.271417449	81.691781	27.169536	1004.187766	26.848590	25.142210	627.335501	76.146456	28.077840	1004.151652	6.905436	12.111228	
3/18/2019 10:31:49.271417449	81.658926	27.137081	1003.633284	26.780280	25.181560	627.026667	76.455790	28.178073	1004.262834	3.338045	12.100425	
3/18/2019 10:31:50.271417449	81.658926	27.121265	1003.807231	26.493551	25.140537	627.121942	76.180966	28.140408	1003.838926	0.743193	12.056650	
3/18/2019 10:31:51.271417449	81.652355	27.079389	1004.580999	26.252401	25.116454	627.824380	76.224808	28.139053	1003.812747	2.732558	12.062524	
3/18/2019 10:31:52.271417449	81.711493	27.137306	1003.046944	26.594682	25.154415	628.128614	76.368869	28.089767	1004.114434	7.735709	12.076691	
3/18/2019 10:31:53.271417449	81.731206	27.189651	1003.160491	26.750798	25.135149	628.424964	76.153184	28.101387	1004.116642	7.552048	12.083433	
3/18/2019 10:31:54.271417449	81.718064	27.137905	1002.911557	26.644924	25.143353	629.765436	76.318247	28.153584	1004.079582	2.454580	12.105130	
3/18/2019 10:31:55.271417449	81.803487	27.210589	1003.977391	26.971427	25.166008	630.904842	76.385822	28.083332	1004.385841	11.017259	12.112305	
3/18/2019 10:31:56.271417449	81.823199	27.169910	1003.160648	27.008469	25.141067	631.789947	76.200732	28.067669	1004.033375	7.481051	12.109177	
3/18/2019 10:31:57.271417449	81.658926	27.252689	1004.427869	27.022750	25.187805	632.492385	76.308469	28.088624	1004.357297	9.704377	12.119087	
3/18/2019 10:31:58.271417449	81.422372	27.169237	1004.287040	26.928626	25.210786	632.885326	76.348000	28.156695	1004.092199	6.067299	12.077611	
3/18/2019 10:31:59.271417449	81.304095	27.058601	1004.514448	28.258234	25.267156	630.900895	76.315592	28.181703	1004.357612	2.435193	12.049855	
3/18/2019 10:32:00.271417449	81.573504	27.232125	1004.362422	27.402947	25.198050	633.134365	76.475897	28.146524	1004.558684	8.764061	12.098664	
3/18/2019 10:32:01.271417449	81.639213	27.238221	1004.224432	26.933055	25.138822	632.648770	76.268097	28.082401	1004.224038	10.904866	12.114776	
3/18/2019 10:32:02.271417449	81.632642	27.177802	1005.740193	28.165847	25.402062	635.374403	76.310729	28.338164	1004.286170	5.348109	12.016790	
3/18/2019 10:32:03.271417449	81.777203	27.185052	1004.669076	26.918318	25.149027	632.724994	76.321768	28.110415	1004.484248	9.604818	12.084852	
3/18/2019 10:32:04.271417449	81.842912	27.233398	1004.216705	27.773701	25.368305	636.110353	76.271856	28.214796	1004.679641	13.927825	12.091922	
3/18/2019 10:32:05.271417449	81.764061	27.237323	1004.631069	27.372832	25.196336	632.519982	76.254798	28.145487	1004.456019	8.493675	12.111517	
3/18/2019 10:32:06.271417449	81.856054	27.481328	1005.087776	27.013147	25.351610	636.614347	76.427955	28.336609	1004.329540	4.935458	12.016396	
3/18/2019 10:32:07.271417449	81.586645	27.190324	1003.642430	26.945213	25.234828	631.824775	76.182622	28.188032	1004.354932	3.574627	12.102409	
3/18/2019 10:32:08.271417449	81.553791	27.163965	1004.116880	27.433815	25.275361	635.494654	76.374626	28.221337	1004.344680	12.470056	12.081961	
3/18/2019 10:32:09.271417449	81.474939	27.128259	1003.551041	26.882845	25.149313	631.238642	76.299795	28.171427	1003.810225	1.937128	12.055611	
3/18/2019 10:32:10.271417449	81.553791	27.191747	1004.609306	27.327060	25.257523	636.262139	76.294328	28.190000	1004.318501	8.586952	12.085115	
3/18/2019 10:32:11.271417449	81.593216	27.164264	1003.994187	26.739689	25.126046	632.985201	76.106478	28.154621	1003.926609	1.384833	12.082723	
3/18/2019 10:32:12.271417449	81.770632	27.296661	1004.631069	28.078427	25.348753	637.178788	76.499921	28.260452	1004.666079	4.606910	12.032363	
3/18/2019 10:32:13.271417449	81.665497	27.168638	1004.836872	26.897454	25.125189	633.559503	76.115309	28.139783	1003.899644	2.858057	12.091778	
3/18/2019 10:32:14.271417449	81.685210	27.148823	1003.786334	27.097116	25.300587	637.458708	76.145299	28.224448	1004.377167	5.038948	12.089925	
3/18/2019 10:32:15.271417449	81.665497	27.189576	1003.892311	26.917245	25.121801	635.043224	76.270147	28.051170	1004.431419	9.397838	12.051353	
3/18/2019 10:32:16.271417449	81.810058	27.265553	1004.877558	27.554417	25.344549	639.732258	76.241261	28.233782	1004.653304	12.400099	12.095392	
3/18/2019 10:32:17.271417449	81.632642	27.186175	1005.446708	26.991978	25.227236	636.093260	76.160097	28.095683	1004.440564	7.004995	12.039000	
3/18/2019 10:32:18.271417449	81.816628	27.223228	1003.367160	27.658905	25.296342	640.834205	76.271698	28.224967	1004.591801	12.939559	12.085943	
3/18/2019 10:32:19.271417449	81.856054	27.163740	1003.956022	26.894563	25.110168	636.878490	76.241051	28.125983	1003.871100	2.362614	12.098480	
3/18/2019 10:32:20.271417449	81.915193	27.160564	1003.112154	27.177840	25.224991	641.551094	76.191506	28.268749	1004.272766	5.996031	12.033296	
3/18/2019 10:32:21.271417449	81.836341	27.159516	1002.724915	26.580410	25.124372	638.692727	75.988306	28.139783	1003.970136	3.153073	12.099860	
3/18/2019 10:32:22.271417449	81.691781	27.254935	1004.679878	27.487412	25.334630	644.128878	76.451716	28.204107	1004.697303	11.680908	12.098572	
3/18/2019 10:32:23.271417449	81.415801	27.170584	1002.945463	27.088634	25.197193	641.745591	75.914475	28.223411	1005.139188	4.812580	12.016948	
3/18/2019 10:32:24.271417449	81.645784	27.186325	1003.177601	27.144562	25.245073	643.747104	76.336304	28.160325	1004.405869	10.475448	12.076625	
3/18/2019 10:32:25.271417449	81.711493	27.269253	1004.163481	27.196189	25.213072	642.671439	76.168481	28.174125	1004.458069	9.299589	12.115144	
3/18/2019 10:32:26.271417449	81.928334	27.254336	1005.121445	27.786867	25.312751	645.496294	76.176156	28.246440	1004.451289	11.439084	12.067032	
3/18/2019 10:32:27.271417449	81.875767	27.284396	1003.126742	27.289008	25.201969	643.452070	76.222100	28.181491	1004.354775	6.177072	12.089833	
3/18/2019 10:32:28.271417449	81.829770	27.270601	1004.879609	27.585477	25.304587	645.395757	76.225911	28.232745	1004.902948	12.848904	12.092501	
3/18/2019 10:32:29.271417449	81.658926	27.237397	1003.300137	27.018337	25.181886	643.469152	76.203282	28.150154	1004.361870	11.511392	12.094997	
3/18/2019 10:32:30.271417449	81.619500	27.245139	1005.142736	27.736906	25.327854	645.238056	76.371971	28.249033	1004.844438	9.730317	12.068596	
3/18/2019 10:32:31.271417449	81.606358	27.185502	1002.881671	26.887386	25.113596	643.142573	76.005811	28.150366	1003.869364	6.803256	12.099203	
3/18/2019 10:32:32.271417449	81.731206	27.185502	1004.431733	27.735224	25.245073	646.381399	76.321559	28.187926	1004.546538	13.429760	12.062287	
3/18/2019 10:32:33.271417449	81.704922	27.253063	1003.593227	27.242122	25.236583	645.000184	76.266993	28.150154	1004.573824	6.751376	12.079858	
3/18/2019 10:32:34.271417449	81.836341	27.228425	1003.252826	27.325241	25.271687	647.872350	76.185881	28.203589	1005.004827	11.869812	12.035281	
3/18/2019 10:32:35.271417449	81.757490	27.221731	1004.026595	27.062965	25.211031	645.276821	76.135916	28.168315	1004.348152	7.101932	12.116629	
3/18/2019 10:32:36.271417449	81.764061	27.228949	1004.157015	27.254232	25.281076	645.964797	76.414104	28.202552	1004.515472	12.771353	12.050604	
3/18/2019 10:32:37.271417449	81.790345	27.158319	1003.945693	26.638100	25.134251	645.218995	76.177155	28.191143	1004.179882	1.462383	12.097679	
3/18/2019 10:32:38.271417449	81.560362	27.239194	1004.553637	27.337191	25.305975	646.438562	76.137125	28.299261	1004.594166	5.085587	12.059054	
3/18/2019 10:32:39.271417449	81.586645	27.212011	1003.972029	26.744062	25.139679	645.822863	76.234428	28.133348	1004.068857	6.618284	12.113330	
3/18/2019 10:32:40.271417449	81.619500	27.259758	1003.991979	27.799274	25.318711	649.141197	76.365452	28.279957	1004.285698	6.534181	12.009142	
3/18/2019 10:32:41.271417449	81.619500	27.253288	1005.643285	27.011578	25.227195	647.163997	76.088421	28.211685	1004.412020	4.862879	12.099032	
3/18/2019 10:32:42.271417449	81.737777	27.240317	1004.111360	27.379449	25.330385	648.999263	76.273801	28.284730	1004.646052	4.365085	12.043245	
3/18/2019 10:32:43.271417449	81.895480	27.211861	1003.174447	26.916027	25.141925	646.785508	76.234033	28.128057	1003.932918	7.398258	12.097797	
3/18/2019 10:32:44.271417449	81.698351	27.248315	1005.221508	27.560857	25.311649	648.744309	76.280530	28.233994	1004.734364	2.397728	12.033954	
3/18/2019 10:32:45.271417449	81.632642	27.233173	1005.677348	26.936691	25.150456	647.879571	75.934083	28.104086	1004.217257	10.961718	12.105235	
3/18/2019 10:32:46.271417449	81.698351	27.236873	1004.488269	27.772803	25.338303	650.575638	76.321007	28.273004	1004.810221	4.608220	12.027159	
3/18/2019 10:32:47.271417449	81.836341	27.153121	1004.313851	27.003760	25.139639	648.273828	76.051256	28.188550	1003.969664	3.230623	12.091988	
3/18/2019 10:32:48.271417449	81.672068	27.175706	1003.335541	27.175045	25.359815	648.882296	75.970748	28.375005	1004.158590	2.811690	12.025148	
3/18/2019 10:32:49.271417449	81.593216	27.195821	1003.308416	26.814703	25.135965	648.719996	76.186828	28.132830	1004.037634	5.652027	12.107114	
3/18/2019 10:32:50.271417449	81.757490	27.154918	1004.807776	27.112981	25.216174	650.089380	76.123037	28.175363	1003.994264	8.989118	12.032087	
3/18/2019 10:32:51.271417449	81.856054	27.268804	1003.452320	27.293213	25.197152	651.557334	75.972904	28.138534	1004.602211	5.499277	12.096036	
3/18/2019 10:32:52.271417449	81.744348	27.238894	1003.273958	28.142524	25.274830	654.626628	76.187380	28.190825	1005.365967	13.421897	12.018236	
3/18/2019 10:32:53.271417449	81.560362	27.148374	1004.457675	26.932991	25.121229	650.057183	76.056171	28.153478	1003.982911	2.755878	12.081540	
3/18/2019 10:32:54.271417449	81.691781	27.179855	1003.717103	27.384542	25.313608	653.564762	76.087922	28.282232	1004.287592	2.182884	12.070212	
3/18/2019 10:32:55.271417449	81.888909	27.216908	1005.049455	26.735348	25.136006	652.037666	76.117307	28.117886	1003.998680	7.412404	12.106168	
3/18/2019 10:32:56.271417449	81.862625	27.107246	1002.609555	26.964859	25.222950	650.852265	76.098908	28.245509	1003.451607	6.487543	12.042943	
3/18/2019 10:32:57.271417449	81.777203	27.450744	1005.220247	27.994889	25.294750	655.452581	76.259213	28.349584	1005.178928	5.185145	12.028631	
3/18/2019 10:32:58.271417449	81.619500	27.201242	1003.547572	26.898495	25.168293	655.032705	75.940654	28.113113	1004.318186	10.591773	12.106654	
3/18/2019 10:32:59.271417449	81.921764	27.399223	1005.517280	27.777495	25.213439	655.766677	76.321007	28.280476	1005.118846	6.632429	12.010495	
3/18/2019 10:33:00.271417449	81.665497	27.290266	1004.948525	27.200971	25.226093	655.686516	76.149320	28.153372	1004.394515	6.301260	12.098191	
3/18/2019 10:33:01.271417449	81.994044	27.366394	1005.340889	27.071012	25.211724	657.611142	76.001001	28.281619	1005.029742	8.771924	12.011941	
3/18/2019 10:33:02.271417449	81.908622	27.232949	1005.194462	26.955705	25.179070	656.271986	76.232772	28.114669	1004.304939	10.470206	12.111267	
3/18/2019 10:33:03.271417449	81.888909	27.309226	1006.463339	28.240372	25.190784	657.820101	76.226568	28.344599	1005.320547	6.853555	12.008419	
3/18/2019 10:33:04.271417449	81.566933	27.264880	1004.113568	27.288159	25.168008	656.265418	75.928668	28.156896	1004.321973	11.018570	12.091949	
3/18/2019 10:33:05.271417449	81.849483	27.360897	1004.810455	27.797912	25.247400	657.673567	76.227253	28.247795	1005.143132	12.198360	12.055677	
3/18/2019 10:33:06.271417449	81.698351	27.137830	1003.928030	26.605286	25.140496	655.392134	76.049048	28.201726	1004.213470	0.791142	12.077243	
3/18/2019 10:33:07.271417449	82.013757	27.349305	1005.442450	27.916168	25.218460	657.760306	76.058878	28.258897	1005.004827	16.010196	12.071855	
3/18/2019 10:33:08.271417449	81.888909	27.206215	1005.394745	26.908795	25.221807	656.681357	75.974455	28.173607	1003.895071	1.056285	12.054612	
3/18/2019 10:33:09.271417449	81.777203	27.282193	1004.260704	27.514818	25.216541	657.644654	76.244968	28.307558	1004.867466	3.595325	12.069121	
3/18/2019 10:33:10.271417449	81.718064	27.222929	1005.134377	26.907850	25.147598	657.740592	75.942309	28.136047	1004.197701	11.151932	12.099492	
3/18/2019 10:33:11.271417449	82.040041	27.230147	1004.693992	26.683935	25.185641	659.406327	75.854784	28.222681	1005.143132	17.440714	12.019839	
3/18/2019 10:33:12.271417449	81.948047	27.249214	1004.641556	26.858817	25.154129	658.730834	75.909849	28.115706	1004.018392	8.954275	12.113909	
3/18/2019 10:33:13.271417449	81.790345	27.296960	1003.351468	27.168885	25.189274	658.486394	76.166616	28.303515	1004.656777	9.284134	12.036319	
