
Time stamp	Inside_humidity (in %rH)	Inside_temperature (in °C)	Inside_pressure (in mbar)	Soil_moisture (in %VWC)	Soil_temperature (in °C)	Inside_CO2_ratio (in ppm)	Outside_humidity (in %rH)	Outside_temperature (in °C)	Outside_pressure (in mbar)	Outside_PAR (in µmol m^-2 s^-1)	Power_box_charge (in V)	
3/18/2019 10:54:53.924304549	80.430159	27.486193	1004.891357	31.515564	25.228419	545.470667	76.378647	28.720513	1003.507752	12.904716	12.010022	
3/18/2019 10:54:54.924304549	80.239602	27.648425	1003.771746	30.490679	25.283076	547.279651	76.218841	28.544430	1004.241700	50.704517	11.997774	
3/18/2019 10:54:55.924304549	80.305311	27.548109	1002.943098	30.011246	25.288178	546.495737	76.293119	28.553563	1004.024701	55.323578	12.057806	
3/18/2019 10:54:56.924304549	80.351308	27.580714	1004.059554	30.669184	25.303240	546.225015	76.425248	28.533222	1004.138091	37.923362	12.055388	
3/18/2019 10:54:57.924304549	80.449872	27.595482	1003.532195	30.442650	25.286994	545.763733	76.374940	28.554600	1004.114277	41.033045	12.013820	
3/18/2019 10:54:58.924304549	80.647001	27.707539	1004.877244	31.271313	25.357080	545.389843	76.229880	28.524713	1003.960990	75.336451	12.035951	
3/18/2019 10:54:59.924304549	80.594433	27.674635	1004.838765	29.709704	25.153027	546.669868	76.361693	28.580127	1003.842870	81.519392	12.017500	
3/18/2019 10:55:00.924304549	80.837558	27.588189	1005.277572	30.718283	25.306016	546.924822	76.422645	28.534365	1004.283333	8.496296	11.988982	
3/18/2019 10:55:01.924304549	80.876984	27.623039	1003.713554	30.635221	25.325037	546.039054	76.328891	28.592160	1003.871257	71.992808	12.079254	
3/18/2019 10:55:02.924304549	80.975548	27.702342	1004.218204	30.986563	25.429900	546.550932	76.568495	28.587281	1003.575879	69.550706	12.026160	
3/18/2019 10:55:03.924304549	80.949264	27.558803	1004.654803	30.497827	25.300342	545.997658	76.622324	28.524925	1004.132411	90.172997	12.029117	
3/18/2019 10:55:04.924304549	80.955835	27.659119	1004.559788	30.975314	25.368387	547.794813	76.480023	28.597864	1004.064441	93.904662	12.057451	
3/18/2019 10:55:05.924304549	80.817845	27.512478	1003.546626	29.979434	25.247971	545.687509	76.274720	28.508839	1004.166478	102.684805	12.086626	
3/18/2019 10:55:06.924304549	80.929551	27.653847	1005.057971	31.413089	25.400103	547.182398	76.594779	28.613739	1003.771114	105.094685	12.070278	
3/18/2019 10:55:07.924304549	80.784990	27.548109	1004.062157	30.308239	25.281361	547.013529	76.638620	28.579090	1004.234448	94.731274	12.079792	
3/18/2019 10:55:08.924304549	80.870413	27.685329	1004.215601	31.315192	25.382551	546.884079	76.579743	28.575449	1003.825208	104.947177	12.048462	
3/18/2019 10:55:09.924304549	80.765278	27.582660	1005.527530	30.306232	25.307730	545.757818	76.351311	28.481968	1003.976602	101.811825	12.034716	
3/18/2019 10:55:10.924304549	80.962406	27.665289	1004.448844	31.255447	25.380836	547.255338	76.707536	28.524819	1004.079110	92.488289	11.984277	
3/18/2019 10:55:11.924304549	80.995261	27.528069	1003.777818	29.939003	25.234338	546.414913	76.598695	28.531148	1003.843977	84.067606	12.081843	
3/18/2019 10:55:12.924304549	81.238385	27.681479	1004.372200	30.744406	25.328180	548.239665	76.567153	28.560199	1003.864634	112.524481	12.071053	
3/18/2019 10:55:13.924304549	81.185818	27.563700	1003.944432	29.919865	25.290994	548.528132	76.459154	28.542980	1004.267564	113.066563	12.087362	
3/18/2019 10:55:14.924304549	81.179247	27.680057	1004.515237	31.237194	25.415124	551.615163	76.539609	28.647150	1004.289799	118.647949	12.058358	
3/18/2019 10:55:15.924304549	81.093825	27.547885	1003.618144	30.203718	25.276545	550.636751	76.631996	28.546610	1004.138248	109.658204	12.085627	
3/18/2019 10:55:16.924304549	81.047828	27.664466	1002.846189	30.647055	25.336630	553.506940	76.595540	28.569851	1004.401296	98.798040	12.051156	
3/18/2019 10:55:17.924304549	81.060970	27.622814	1003.214662	30.598306	25.339201	552.004821	76.478919	28.637085	1003.683117	108.991934	12.057793	
3/18/2019 10:55:18.924304549	80.936122	27.611447	1003.908632	30.715888	25.328139	554.547778	76.588812	28.603568	1004.744616	121.789854	12.021022	
3/18/2019 10:55:19.924304549	81.093825	27.627936	1004.908705	30.614115	25.339732	551.755781	76.548992	28.536133	1004.195022	109.858632	12.036739	
3/18/2019 10:55:20.924304549	81.146392	27.691499	1005.016180	30.631013	25.312547	553.972822	76.440597	28.547023	1004.001045	101.707024	12.007578	
3/18/2019 10:55:21.924304549	81.021544	27.670261	1005.040781	30.682898	25.318220	552.735509	76.413657	28.550134	1003.365818	130.547988	12.066545	
3/18/2019 10:55:22.924304549	81.146392	27.718308	1002.986939	30.665181	25.359611	554.552377	76.586210	28.579915	1003.937019	151.421276	12.058765	
3/18/2019 10:55:23.924304549	81.120108	27.558952	1003.526046	29.789105	25.256992	554.361164	76.341481	28.549721	1004.573981	159.655676	12.063812	
3/18/2019 10:55:24.924304549	81.409230	27.638256	1005.592031	30.846765	25.368101	555.039941	76.474451	28.664580	1004.276395	159.408610	12.046543	
3/18/2019 10:55:25.924304549	81.336950	27.659718	1002.770255	30.519977	25.327282	553.200075	76.590021	28.574105	1003.803602	180.180757	12.086271	
3/18/2019 10:55:26.924304549	81.304095	27.680805	1006.036280	31.272628	25.398715	554.551062	76.479523	28.671428	1004.042364	203.696573	12.063168	
3/18/2019 10:55:27.924304549	81.067541	27.585462	1002.941994	29.919124	25.256707	553.361723	76.527361	28.542980	1004.026595	241.156294	12.070448	
3/18/2019 10:55:28.924304549	81.126679	27.664391	1004.592905	30.471608	25.317649	554.692995	76.483335	28.592054	1003.375121	285.878912	12.064246	
3/18/2019 10:55:29.924304549	81.179247	27.665214	1005.307377	30.530242	25.314832	554.069413	76.327840	28.564972	1004.002466	305.480440	12.072801	
3/18/2019 10:55:30.924304549	81.376375	27.608945	1003.020056	30.583999	25.329037	555.586647	76.565236	28.603780	1003.453343	288.136042	12.039368	
3/18/2019 10:55:31.924304549	81.415801	27.617168	1002.536461	30.246195	25.270340	555.232470	76.325080	28.543911	1003.989691	246.672963	12.098296	
3/18/2019 10:55:32.924304549	81.343521	27.638555	1005.054659	29.767336	25.273157	555.095136	76.616594	28.572549	1003.331122	150.395546	12.009615	
3/18/2019 10:55:33.924304549	81.310666	27.633583	1004.628467	30.262723	25.319649	556.283822	76.522760	28.590392	1003.884346	149.875473	12.095904	
3/18/2019 10:55:34.924304549	81.192389	27.569646	1003.898934	29.997493	25.253033	559.209868	76.256611	28.578360	1004.064127	163.392583	12.064482	
3/18/2019 10:55:35.924304549	81.212102	27.579965	1004.253923	30.416606	25.292137	559.698748	76.378542	28.595377	1004.335377	274.897183	12.111017	
3/18/2019 10:55:36.924304549	81.205531	27.510607	1002.658759	29.981295	25.246257	559.786140	76.386873	28.620174	1004.035897	272.879257	12.058108	
3/18/2019 10:55:37.924304549	81.251527	27.628910	1006.039040	32.106239	25.319935	558.522545	76.252800	28.725286	1003.494662	286.233401	12.056584	
3/18/2019 10:55:38.924304549	81.606358	27.728552	1002.817013	30.768932	25.243400	561.984782	76.437523	28.543911	1004.199123	282.572734	12.054862	
3/18/2019 10:55:39.924304549	81.422372	27.584863	1002.957448	30.293794	25.295240	562.877118	76.328287	28.587493	1004.260941	215.087293	12.092159	
3/18/2019 10:55:40.924304549	81.356662	27.584713	1004.001914	30.368442	25.294668	564.050690	76.468774	28.614469	1004.324338	240.609241	12.102423	
3/18/2019 10:55:41.924304549	81.271240	27.595706	1003.622560	30.339835	25.284749	564.163710	76.453135	28.602331	1004.247851	228.597849	12.103001	
3/18/2019 10:55:42.924304549	81.501223	27.664840	1004.399483	30.515029	25.339446	564.540222	76.240157	28.599526	1003.788304	234.828467	12.104985	
3/18/2019 10:55:43.924304549	81.573504	27.554803	1003.638567	30.020936	25.247114	564.941710	76.463465	28.550240	1004.260469	263.639826	12.100425	
3/18/2019 10:55:44.924304549	81.593216	27.595856	1005.673799	30.605221	25.336670	565.872157	76.309730	28.680561	1003.801237	244.075762	12.039999	
3/18/2019 10:55:45.924304549	81.547220	27.592231	1005.660001	30.218153	25.325037	565.786734	76.496714	28.654209	1003.853280	182.491078	12.045610	
3/18/2019 10:55:46.924304549	81.501223	27.596455	1003.140621	30.352594	25.323037	567.484666	76.506806	28.623285	1004.188713	143.884057	12.065034	
3/18/2019 10:55:47.924304549	81.409230	27.639453	1003.751876	30.237721	25.289321	565.837329	76.357330	28.599007	1003.717813	195.423398	12.092658	
3/18/2019 10:55:48.924304549	81.330379	27.665439	1004.125868	30.480033	25.328139	567.639083	76.314593	28.635942	1003.794771	288.566770	12.116629	
3/18/2019 10:55:49.924304549	81.310666	27.606175	1003.898934	30.337868	25.295240	568.752861	76.555353	28.633456	1004.204167	165.657576	12.095129	
3/18/2019 10:55:50.924304549	81.501223	27.649773	1004.263149	30.443527	25.327282	568.679920	76.400068	28.623804	1003.656781	75.972850	12.083893	
3/18/2019 10:55:51.924304549	81.645784	27.648949	1004.197307	30.693340	25.345977	569.413240	76.284498	28.638123	1003.790355	57.844541	12.068937	
3/18/2019 10:55:52.924304549	81.428943	27.664316	1002.629900	28.856126	25.278259	571.391756	76.638410	28.518385	1003.462489	155.486731	12.036266	
3/18/2019 10:55:53.924304549	81.435514	27.759435	1003.714106	28.983242	25.320180	569.272622	76.359538	28.575142	1004.480147	246.248788	12.050552	
3/18/2019 10:55:54.924304549	81.455227	27.564823	1002.657892	29.964795	25.218460	570.380484	76.213322	28.560929	1004.050880	164.545122	12.048173	
3/18/2019 10:55:55.924304549	81.422372	27.595706	1002.960917	30.105373	25.262381	571.136801	76.525206	28.578360	1003.913048	65.242116	12.051209	
3/18/2019 10:55:56.924304549	81.402659	27.612420	1003.283183	30.289986	25.302056	572.240064	76.436182	28.626090	1003.939541	76.434760	12.069266	
3/18/2019 10:55:57.924304549	81.323808	27.559027	1004.300919	29.789514	25.248176	571.379925	76.204438	28.582508	1004.338371	118.975186	12.071316	
3/18/2019 10:55:58.924304549	81.376375	27.617991	1003.310229	30.303154	25.281402	572.995065	76.540555	28.678381	1004.337427	137.130745	12.042680	
3/18/2019 10:55:59.924304549	81.389517	27.606549	1003.643929	30.287531	25.286464	572.822250	76.401119	28.629826	1004.208426	125.758371	12.078846	
3/18/2019 10:56:00.924304549	81.428943	27.665364	1004.748794	30.616647	25.336915	573.797378	76.209458	28.646737	1003.836561	62.405439	12.073905	
3/18/2019 10:56:01.924304549	81.251527	27.537266	1002.419997	29.814861	25.218460	572.542982	76.346239	28.589980	1004.202431	108.289510	12.012979	
3/18/2019 10:56:02.924304549	81.271240	27.490717	1005.017047	30.326608	25.145394	575.580734	76.501287	28.567046	1003.575722	148.050382	12.039552	
3/18/2019 10:56:03.924304549	81.277811	27.585911	1003.819374	30.060150	25.231767	574.877643	76.121880	28.602743	1004.131782	211.919449	12.064535	
3/18/2019 10:56:04.924304549	81.389517	27.585462	1004.336481	30.153012	25.272014	575.840288	76.434211	28.587906	1004.212684	202.475658	12.092356	
3/18/2019 10:56:05.924304549	81.330379	27.534015	1003.353913	30.091240	25.252788	575.232472	76.332755	28.568602	1004.293429	125.804739	12.089688	
3/18/2019 10:56:06.924304549	81.448656	27.607448	1004.040551	30.291340	25.288668	578.218313	76.227120	28.600150	1004.031167	95.487929	12.033218	
3/18/2019 10:56:07.924304549	81.336950	27.632984	1002.522505	30.349614	25.200907	577.923278	76.454529	28.606892	1004.042206	127.088019	12.033126	
3/18/2019 10:56:08.924304549	81.645784	27.654446	1004.864706	30.519529	25.328425	579.711233	76.436182	28.696436	1004.158118	159.593582	12.071342	
3/18/2019 10:56:09.924304549	81.685210	27.617617	1004.162929	30.570732	25.319078	579.260466	76.217185	28.692594	1003.756924	136.372779	12.037909	
3/18/2019 10:56:10.924304549	81.750919	27.618441	1004.084787	30.344247	25.277973	579.854482	76.242760	28.633456	1004.194707	96.002760	12.081080	
3/18/2019 10:56:11.924304549	81.606358	27.665813	1004.455862	30.076640	25.244543	578.519263	76.328339	28.542874	1003.928030	64.560390	12.046819	
3/18/2019 10:56:12.924304549	81.566933	27.686002	1004.317872	30.751984	25.344834	580.175799	76.332650	28.688033	1003.797136	50.352649	12.079267	
3/18/2019 10:56:13.924304549	81.225244	27.696846	1004.972654	29.732213	25.228379	580.102206	76.202835	28.586868	1004.628547	87.789057	12.022730	
3/18/2019 10:56:14.924304549	81.396088	27.686077	1004.117432	30.605718	25.306301	581.667404	76.414708	28.632937	1003.891284	69.695592	12.082079	
3/18/2019 10:56:15.924304549	81.626071	27.655494	1002.957448	30.577930	25.296423	582.264704	76.315749	28.660951	1004.105132	42.674475	12.025056	
3/18/2019 10:56:16.924304549	81.704922	27.569870	1004.421798	30.098253	25.260380	583.270061	76.120776	28.614469	1004.245644	42.882767	12.073800	
3/18/2019 10:56:17.924304549	81.704922	27.708288	1002.605772	29.797325	25.431248	582.631364	76.105084	28.568295	1004.529668	55.301569	12.002190	
3/18/2019 10:56:18.924304549	81.599787	27.627712	1003.918805	30.318017	25.297240	583.858815	76.191453	28.629720	1003.692263	54.374087	12.078610	
3/18/2019 10:56:19.924304549	81.645784	27.655344	1003.431108	30.718430	25.355610	583.889043	76.145956	28.644557	1003.621613	57.848472	12.032363	
3/18/2019 10:56:20.924304549	81.514365	27.675983	1004.669943	30.432278	25.321323	587.014186	76.493954	28.682635	1003.981017	44.601747	12.067833	
3/18/2019 10:56:21.924304549	81.626071	27.734123	1004.184535	29.902751	25.263809	585.629687	76.273564	28.605855	1004.118221	53.142687	12.036937	
3/18/2019 10:56:22.924304549	81.757490	27.596380	1004.422902	30.284463	25.294097	588.428914	76.140437	28.643002	1004.195494	34.300430	12.063983	
3/18/2019 10:56:23.924304549	81.816628	27.607223	1005.572161	30.638825	25.327854	588.582015	76.431162	28.703389	1004.136198	34.970361	12.049001	
3/18/2019 10:56:24.924304549	81.810058	27.609019	1002.510439	29.602983	25.480883	592.598188	76.569047	28.722788	1003.313303	41.064228	11.991203	
3/18/2019 10:56:25.924304549	81.691781	27.562802	1004.293034	30.233084	25.251074	587.763935	76.270095	28.650886	1004.567201	30.312524	12.015016	
3/18/2019 10:56:26.924304549	81.698351	27.620237	1002.780427	31.427202	25.389898	592.291323	76.543367	28.653373	1003.677280	24.564243	11.994791	
3/18/2019 10:56:27.924304549	81.599787	27.622590	1004.506406	30.120022	25.272014	589.582772	76.183174	28.666761	1004.110176	56.926233	12.046451	
3/18/2019 10:56:28.924304549	81.580075	27.623338	1002.799903	30.974534	25.413981	592.627754	76.332545	28.709400	1004.445137	98.012823	12.049264	
3/18/2019 10:56:29.924304549	81.507794	27.629733	1004.368336	30.197893	25.275442	588.149646	76.217737	28.601494	1003.816220	68.620603	12.080476	
3/18/2019 10:56:30.924304549	81.553791	27.733899	1004.773869	31.479516	25.440881	591.260337	76.171136	28.667692	1003.828045	23.600607	12.054363	
3/18/2019 10:56:31.924304549	81.724635	27.676207	1004.278761	30.502094	25.332956	589.613653	76.307260	28.721338	1003.686904	13.119289	12.068149	
3/18/2019 10:56:32.924304549	81.829770	27.607897	1003.752033	30.769049	25.324180	592.041621	76.278531	28.698192	1004.398931	49.397917	12.047385	
3/18/2019 10:56:33.924304549	81.928334	27.639079	1004.529903	30.548428	25.316506	591.383210	76.113653	28.715422	1004.031167	130.681350	12.058227	
3/18/2019 10:56:34.924304549	81.875767	27.680805	1004.163718	30.894851	25.348630	594.205434	76.291911	28.620056	1004.109862	104.290081	12.028132	
3/18/2019 10:56:35.924304549	81.856054	27.613318	1004.219702	31.707949	25.299811	590.981722	76.275167	28.780689	1003.315511	30.926914	12.015029	
3/18/2019 10:56:36.924304549	81.921764	27.718158	1003.699518	31.524077	25.368958	594.786305	75.986255	28.717909	1003.545756	42.870972	11.987734	
3/18/2019 10:56:37.924304549	81.711493	27.580938	1003.660882	30.488838	25.297525	594.946637	76.141935	28.708056	1004.385684	33.350939	12.031509	
3/18/2019 10:56:38.924304549	81.744348	27.696771	1004.888677	31.155631	25.370346	597.600646	76.281186	28.723412	1004.154332	137.869323	12.027028	
3/18/2019 10:56:39.924304549	81.645784	27.591781	1004.418092	29.999742	25.263523	595.614247	75.972404	28.630238	1004.374331	158.465672	12.080147	
3/18/2019 10:56:40.924304549	81.711493	27.687125	1004.295004	31.025562	25.348834	598.443039	76.035354	28.663543	1004.374488	52.023951	12.053758	
3/18/2019 10:56:41.924304549	81.540649	27.666711	1002.831129	29.910904	25.263238	595.979591	76.215872	28.597864	1003.752980	57.331021	12.019931	
3/18/2019 10:56:42.924304549	81.612929	27.738572	1004.814004	30.800850	25.387653	600.027950	76.081246	28.706395	1003.930867	42.659019	12.011875	
3/18/2019 10:56:43.924304549	81.593216	27.649249	1004.075955	30.380675	25.316220	598.931918	76.171478	28.654622	1004.153860	53.519184	12.066361	
3/18/2019 10:56:44.924304549	81.882338	27.780373	1004.767009	31.420326	25.373408	599.303830	76.134075	28.683154	1003.750458	106.570530	12.034466	
3/18/2019 10:56:45.924304549	81.757490	27.501785	1005.151410	30.437722	25.222705	600.200113	75.865061	28.628683	1004.547645	47.830376	12.007341	
3/18/2019 10:56:46.924304549	82.007186	27.759734	1003.696444	31.124073	25.404960	600.805949	76.145747	28.703802	1003.968085	40.002073	12.036674	
3/18/2019 10:56:47.924304549	81.737777	27.610367	1003.552145	29.938306	25.236542	599.514105	76.106083	28.582296	1003.711032	54.925072	12.040380	
3/18/2019 10:56:48.924304549	81.770632	27.750463	1003.872518	30.450676	25.297035	600.966281	76.013591	28.638429	1004.199595	47.982855	12.026489	
3/18/2019 10:56:49.924304549	81.652355	27.681254	1003.867236	30.472543	25.298668	599.924129	75.773121	28.638017	1003.821107	112.172614	12.078991	
3/18/2019 10:56:50.924304549	81.718064	27.696771	1004.987714	30.736751	25.334099	603.061102	76.108976	28.698616	1004.077374	68.131712	12.014372	
3/18/2019 10:56:51.924304549	81.580075	27.613169	1004.015713	30.239279	25.282218	602.359327	75.769205	28.609696	1004.387420	39.678767	12.069463	
3/18/2019 10:56:52.924304549	81.645784	27.655419	1004.394121	30.479945	25.289035	603.493471	75.943099	28.690732	1004.521623	38.959577	12.030524	
3/18/2019 10:56:53.924304549	81.632642	27.628236	1003.683749	30.071565	25.257033	601.690401	75.839434	28.600870	1003.784996	35.447456	12.064285	
3/18/2019 10:56:54.924304549	81.862625	27.613767	1003.805338	30.386431	25.266095	603.850931	75.825084	28.693430	1004.533927	80.192365	12.040091	
3/18/2019 10:56:55.924304549	81.816628	27.577163	1003.736184	30.067055	25.228419	602.865289	75.553467	28.588212	1004.172944	71.560769	12.071014	
3/18/2019 10:56:56.924304549	81.829770	27.635529	1003.769538	30.317831	25.260748	604.393690	75.839724	28.620999	1004.385370	46.994590	12.045623	
3/18/2019 10:56:57.924304549	81.796916	27.670336	1004.552218	30.948139	25.324711	604.156481	75.722104	28.692912	1003.886397	34.075372	12.063155	
3/18/2019 10:56:58.924304549	81.810058	27.655943	1003.226647	30.607383	25.333813	607.064781	75.687541	28.764814	1004.132097	36.528999	11.994975	
3/18/2019 10:56:59.924304549	81.461798	27.675608	1004.888520	29.849142	25.094942	606.418201	75.620071	28.569226	1004.751554	45.036406	12.011047	
3/18/2019 10:57:00.924304549	81.652355	27.629957	1004.683270	30.139414	25.343161	607.119976	75.678762	28.716047	1004.547960	45.793061	11.991716	
3/18/2019 10:57:01.924304549	81.803487	27.539137	1004.999857	30.707132	25.290178	607.811899	75.516249	28.692700	1003.527622	14.066158	12.017421	
3/18/2019 10:57:02.924304549	81.691781	27.724029	1004.678380	30.748751	25.365529	608.849452	75.707544	28.713454	1004.174202	16.320668	12.029656	
3/18/2019 10:57:03.924304549	81.790345	27.686002	1005.491496	30.702632	25.325854	608.647724	75.653635	28.695505	1003.976602	10.110746	12.061394	
3/18/2019 10:57:04.924304549	81.967760	27.698118	1005.383154	30.886299	25.360713	609.844294	75.523320	28.754231	1004.072958	19.691562	12.035899	
3/18/2019 10:57:05.924304549	81.980902	27.627787	1004.059397	30.211656	25.266340	610.065736	75.493620	28.650886	1004.409813	21.935858	12.074181	
3/18/2019 10:57:06.924304549	81.921764	27.645324	1003.968560	30.329345	25.322751	608.883617	75.586322	28.676719	1004.134147	17.092778	12.040144	
3/18/2019 10:57:07.924304549	81.829770	27.608196	1003.660567	29.866528	25.203969	608.697004	75.311998	28.585101	1004.202117	17.286924	12.010259	
3/18/2019 10:57:08.924304549	81.915193	27.757157	1003.264337	31.144283	25.426186	610.291777	75.279695	28.647669	1003.825208	26.637711	11.995987	
3/18/2019 10:57:09.924304549	81.921764	27.570844	1005.196907	30.128574	25.341446	609.847578	75.376499	28.690001	1004.304625	10.842771	12.020233	
3/18/2019 10:57:10.924304549	81.777203	27.671160	1003.862426	30.768601	25.380836	610.368654	75.734931	28.742504	1004.344365	17.105884	12.019471	
3/18/2019 10:57:11.924304549	81.790345	27.629134	1002.554518	30.114334	25.271442	609.841010	75.439001	28.623910	1004.052616	29.616653	12.061657	
3/18/2019 10:57:12.924304549	81.790345	27.619638	1003.421331	30.491282	25.364713	611.399639	75.364119	28.682942	1004.420694	26.099561	12.054626	
3/18/2019 10:57:13.924304549	81.849483	27.613393	1002.605929	30.272794	25.268340	610.348287	75.233147	28.668422	1004.225616	23.991249	12.057990	
3/18/2019 10:57:14.924304549	81.836341	27.661888	1003.917306	30.828512	25.313975	611.027064	75.613552	28.653479	1004.400981	26.494135	12.032784	
3/18/2019 10:57:15.924304549	81.934905	27.654521	1002.757166	30.356695	25.295525	611.436436	75.438450	28.652029	1004.004988	21.960488	12.044835	
3/18/2019 10:57:16.924304549	81.856054	27.671983	1002.749044	30.940025	25.326180	612.395796	75.285819	28.648494	1004.186505	26.223750	12.042837	
3/18/2019 10:57:17.924304549	81.764061	27.608645	1002.608689	30.459978	25.275157	611.531058	75.598597	28.638747	1004.096300	18.858668	12.046793	
3/18/2019 10:57:18.924304549	81.718064	27.735396	1002.807078	30.780620	25.342630	612.753909	75.452853	28.660739	1004.155753	24.293857	12.033704	
3/18/2019 10:57:19.924304549	81.777203	27.707764	1005.212519	30.412875	25.302342	611.634217	75.232647	28.629614	1003.950266	22.661330	12.062248	
3/18/2019 10:57:20.924304549	81.744348	27.703390	1003.153630	30.318582	25.299811	611.883256	75.373187	28.619443	1003.696206	17.672325	12.063759	
3/18/2019 10:57:21.924304549	81.770632	27.673106	1003.255663	31.080603	25.411165	616.258857	75.796330	28.842632	1003.858796	21.414474	11.978929	
3/18/2019 10:57:22.924304549	81.672068	27.628535	1003.365032	29.978820	25.263605	612.769024	75.157607	28.601907	1003.824422	20.556950	12.023151	
3/18/2019 10:57:23.924304549	81.724635	27.635005	1004.369992	30.852083	25.400674	615.729235	75.684519	28.817211	1004.432205	11.524497	12.033375	
3/18/2019 10:57:24.924304549	81.573504	27.634780	1002.571628	30.049825	25.261850	615.011030	75.411167	28.641647	1004.179410	15.640252	12.063930	
3/18/2019 10:57:25.924304549	81.691781	27.698717	1005.851689	31.335335	25.459290	616.649168	75.380967	28.728185	1004.112698	20.677207	12.007775	
3/18/2019 10:57:26.924304549	81.672068	27.692547	1003.308731	30.140729	25.400389	615.553788	75.087587	28.836822	1004.280654	5.302781	11.978140	
3/18/2019 10:57:27.924304549	81.547220	27.630931	1005.148019	30.248269	25.422512	616.389614	75.559776	28.695081	1004.571616	11.236035	11.978666	
3/18/2019 10:57:28.924304549	81.626071	27.524519	1003.272065	30.711057	25.497292	616.513149	75.206416	28.757448	1003.330494	15.914569	12.000573	
3/18/2019 10:57:29.924304549	81.724635	27.760857	1005.724501	31.608387	25.476597	619.878132	75.268761	28.716766	1004.140928	18.476929	12.009733	
3/18/2019 10:57:30.924304549	81.632642	27.650072	1003.536691	30.029206	25.258993	617.835222	75.280142	28.607304	1003.906582	16.503019	12.071579	
3/18/2019 10:57:31.924304549	81.875767	27.755436	1003.643062	31.976102	25.466678	619.612010	75.218953	28.705664	1004.366286	18.290646	12.001059	
3/18/2019 10:57:32.924304549	81.724635	27.597877	1003.682802	29.976415	25.253890	619.119846	75.182577	28.658358	1004.271036	16.102163	12.062813	
3/18/2019 10:57:33.924304549	81.816628	27.771476	1004.094802	31.009940	25.410022	622.503227	75.436794	28.736588	1004.169315	10.443226	12.024504	
3/18/2019 10:57:34.924304549	81.764061	27.596829	1002.956030	29.891657	25.223848	620.723156	75.083723	28.708681	1003.812276	11.009667	12.000915	
3/18/2019 10:57:35.924304549	81.902051	27.766878	1004.542283	31.482165	25.393613	621.886213	75.184338	28.712723	1003.819056	14.317157	12.038842	
3/18/2019 10:57:36.924304549	81.849483	27.603074	1004.334430	30.255311	25.245971	621.825103	75.285610	28.618925	1004.118693	12.274600	12.066585	
3/18/2019 10:57:37.924304549	81.994044	27.797686	1004.771819	31.317393	25.376061	624.563219	75.304428	28.745510	1004.004831	9.507881	12.038474	
3/18/2019 10:57:38.924304549	81.842912	27.672058	1003.691082	30.299423	25.234379	623.154407	75.070082	28.663956	1004.076745	14.762030	12.031785	
3/18/2019 10:57:39.924304549	81.948047	27.671609	1005.788687	31.881175	25.238665	624.952876	75.111111	28.695081	1004.326546	19.112016	11.981123	
3/18/2019 10:57:40.924304549	81.895480	27.624311	1003.890103	30.550629	25.278830	624.385804	75.311841	28.641858	1004.221515	12.429971	12.036911	
3/18/2019 10:57:41.924304549	81.980902	27.719880	1003.814878	30.680959	25.310914	625.304422	75.166438	28.704839	1004.409341	10.664352	12.032810	
3/18/2019 10:57:42.924304549	81.856054	27.644725	1004.554268	30.087939	25.256707	626.056139	75.114265	28.678487	1004.506169	12.552849	12.027199	
3/18/2019 10:57:43.924304549	82.112321	27.687649	1003.435919	30.888257	25.339201	626.847937	75.409906	28.807665	1004.171522	13.506000	11.984251	
3/18/2019 10:57:44.924304549	81.895480	27.581313	1003.832935	30.025076	25.188131	626.526620	75.126960	28.686890	1004.460434	11.629298	12.011192	
3/18/2019 10:57:45.924304549	82.066324	27.699915	1003.488511	30.189652	25.224705	626.594298	75.036123	28.720407	1004.226088	21.701626	11.983278	
3/18/2019 10:57:46.924304549	82.000615	27.696921	1004.483933	30.459297	25.293811	627.362445	75.309238	28.729847	1004.083368	9.130344	12.055927	
3/18/2019 10:57:47.924304549	82.099179	27.757981	1004.531559	30.895007	25.354223	627.815181	75.324536	28.828525	1004.214735	12.039328	12.034887	
3/18/2019 10:57:48.924304549	82.040041	27.739844	1005.026825	30.565288	25.334344	627.401210	75.167437	28.675682	1003.733739	13.059816	12.058765	
3/18/2019 10:57:49.924304549	82.053182	27.631155	1003.074542	30.476662	25.312873	631.000780	75.409249	28.793346	1004.276081	13.394917	12.007643	
3/18/2019 10:57:50.924304549	81.895480	27.665738	1004.928023	29.755131	25.394143	628.996636	75.502898	28.737731	1003.571306	9.238806	12.015450	
3/18/2019 10:57:51.924304549	82.079466	27.704064	1004.880004	30.936558	25.359284	631.535655	75.527026	28.824683	1004.274188	10.729067	12.021942	
3/18/2019 10:57:52.924304549	81.842912	27.628910	1003.145194	30.081841	25.271157	630.163640	75.211226	28.661988	1004.370072	11.220579	12.047660	
3/18/2019 10:57:53.924304549	81.908622	27.756109	1004.483696	30.784195	25.377693	630.995518	75.262637	28.735657	1004.020757	15.833088	12.042154	
3/18/2019 10:57:54.924304549	81.842912	27.693071	1004.646052	30.270534	25.272014	632.696081	75.437136	28.739287	1003.669870	9.938609	11.990244	
3/18/2019 10:57:55.924304549	81.823199	27.692771	1004.137854	30.607891	25.369815	635.505822	75.383227	28.746748	1004.039999	17.646384	12.035912	
3/18/2019 10:57:56.924304549	81.829770	27.666936	1004.321735	29.993645	25.230664	632.992431	75.045349	28.658146	1003.846814	18.791331	12.022691	
3/18/2019 10:57:57.924304549	81.908622	27.672058	1004.628152	31.024511	25.368917	636.056464	75.326139	28.779958	1004.187134	10.390035	11.985565	
3/18/2019 10:57:58.924304549	81.921764	27.693744	1004.240676	29.803948	25.242583	634.621370	75.410852	28.705357	1004.455075	20.043430	12.027264	
3/18/2019 10:57:59.924304549	82.020328	27.729899	1005.152120	31.422751	25.417941	637.626924	75.482238	28.770518	1004.123423	13.834819	12.043784	
3/18/2019 10:58:00.924304549	81.882338	27.645399	1003.686272	30.514201	25.299240	636.287105	75.217850	28.688234	1004.352567	20.490924	12.068175	
3/18/2019 10:58:01.924304549	81.777203	27.677180	1003.559873	30.961424	25.316261	638.207794	75.115579	28.733890	1004.444980	25.015669	11.989258	
3/18/2019 10:58:02.924304549	81.639213	27.692921	1003.852805	29.797043	25.232624	636.945515	75.414663	28.668941	1004.160012	23.187956	12.017119	
3/18/2019 10:58:03.924304549	81.652355	27.740593	1003.962094	30.536466	25.311445	637.985037	75.364119	28.711993	1004.330961	24.901694	12.046688	
3/18/2019 10:58:04.924304549	81.718064	27.661140	1004.105998	30.407889	25.275973	636.913318	75.187150	28.700690	1004.298002	20.707079	12.063851	
3/18/2019 10:58:05.924304549	81.823199	27.751511	1004.108520	31.080233	25.357366	636.902151	75.243581	28.754855	1004.177517	22.624137	12.031430	
3/18/2019 10:58:06.924304549	81.718064	27.729525	1003.770170	29.768680	25.320180	634.296106	75.293784	28.786605	1003.941120	18.856047	11.992175	
3/18/2019 10:58:07.924304549	81.882338	27.783741	1004.342947	30.475999	25.322221	635.161497	75.310999	28.721232	1003.965563	32.729997	11.961253	
3/18/2019 10:58:08.924304549	81.829770	27.665289	1003.992926	30.707668	25.307689	636.358729	75.366169	28.791272	1004.219307	13.992540	12.019169	
3/18/2019 10:58:09.924304549	81.895480	27.813651	1004.184849	31.006452	25.368387	636.645218	75.238614	28.755162	1003.959097	24.495596	12.037147	
3/18/2019 10:58:10.924304549	81.678639	27.639004	1003.330494	29.850291	25.252176	635.576784	75.420235	28.705463	1003.766384	23.757018	11.997918	
3/18/2019 10:58:11.924304549	81.731206	27.710159	1004.434335	30.648057	25.289933	638.554740	75.451644	28.802892	1004.252110	10.506631	11.988785	
3/18/2019 10:58:12.924304549	81.744348	27.750089	1005.334817	30.638669	25.291321	637.017793	75.273124	28.670179	1003.925980	22.418196	12.015713	
3/18/2019 10:58:13.924304549	81.875767	27.736369	1005.211967	30.957460	25.347977	639.475988	75.456349	28.829562	1004.190764	18.118779	12.034229	
3/18/2019 10:58:14.924304549	81.790345	27.702791	1003.933707	30.353783	25.365244	637.401535	75.628850	28.807559	1003.044104	8.892181	12.015897	
3/18/2019 10:58:15.924304549	81.783774	27.645848	1004.094012	30.065585	25.271197	639.205919	75.457715	28.692488	1004.298002	12.912308	12.066309	
3/18/2019 10:58:16.924304549	81.961189	27.973231	1005.572713	31.362168	25.390551	639.414215	75.434191	28.712511	1003.985118	20.822093	12.030129	
3/18/2019 10:58:17.924304549	81.888909	27.744817	1005.564828	30.618167	25.347365	640.788862	75.339333	28.765851	1003.950266	12.389885	12.059409	
3/18/2019 10:58:18.924304549	82.040041	27.846480	1004.522018	30.972197	25.336956	640.558221	75.374948	28.707950	1003.884346	26.733338	12.025845	
3/18/2019 10:58:19.924304549	81.987473	27.692023	1005.626884	30.453648	25.314792	642.225272	75.554362	28.763777	1004.166950	15.389525	12.055375	
3/18/2019 10:58:20.924304549	82.026899	27.810101	1003.355884	30.915869	25.345201	643.082779	75.491122	28.814512	1004.249745	19.024252	11.976878	
3/18/2019 10:58:21.924304549	81.764061	27.687949	1003.827258	30.508026	25.287035	643.136005	75.276279	28.715221	1004.217100	17.328591	12.052339	
3/18/2019 10:58:22.924304549	81.994044	27.842182	1004.567121	30.882636	25.321690	642.152331	75.595391	28.750801	1004.186191	20.271108	12.031115	
3/18/2019 10:58:23.924304549	81.987473	27.656467	1003.328129	30.365724	25.246828	644.448879	75.482343	28.716872	1004.192971	13.240856	12.059041	
3/18/2019 10:58:24.924304549	81.790345	27.794435	1004.691864	30.559219	25.304056	643.659050	75.400180	28.747277	1004.333012	23.447857	12.033861	
3/18/2019 10:58:25.924304549	81.941476	27.698118	1004.393411	30.375844	25.296954	646.882761	75.384174	28.779027	1004.129260	8.960828	12.064403	
3/18/2019 10:58:26.924304549	82.092608	27.720703	1004.260389	30.282768	25.279116	647.002350	75.628245	28.802998	1004.571931	20.804016	12.033612	
3/18/2019 10:58:27.924304549	81.915193	27.677554	1004.118141	30.128116	25.251074	647.683758	75.470857	28.727455	1004.192814	13.961358	12.066112	
3/18/2019 10:58:28.924304549	81.829770	27.768824	1004.296108	30.827771	25.381979	648.525498	75.529838	28.858612	1004.020129	16.252291	12.036740	
3/18/2019 10:58:29.924304549	81.823199	27.672283	1004.127524	30.114324	25.273197	648.762707	75.448832	28.725899	1004.304311	11.578728	12.059882	
3/18/2019 10:58:30.924304549	82.013757	27.731696	1004.004831	30.842752	25.404919	650.667629	75.790259	28.842113	1004.182090	12.355042	12.037305	
3/18/2019 10:58:31.924304549	81.994044	27.683051	1003.560819	29.946737	25.250788	649.770032	75.456112	28.699335	1004.153703	16.562492	12.065823	
3/18/2019 10:58:32.924304549	81.810058	27.677180	1005.259515	30.635425	25.360427	652.031099	75.398524	28.769893	1004.547802	15.155293	12.037607	
3/18/2019 10:58:33.924304549	81.665497	27.655868	1004.779941	30.208247	25.240869	651.244553	75.249600	28.703071	1004.193129	12.931696	12.057543	
3/18/2019 10:58:34.924304549	81.816628	27.731172	1005.142499	30.960986	25.387939	653.146191	75.743368	28.808490	1004.254318	7.465595	12.045584	
3/18/2019 10:58:35.924304549	81.954618	27.777272	1003.311965	30.470011	25.342304	650.722161	75.502608	28.740737	1003.471006	15.043940	12.027369	
3/18/2019 10:58:36.924304549	82.020328	27.767551	1003.739891	30.791100	25.360468	651.733432	75.403597	28.741149	1003.798557	19.322929	11.971096	
3/18/2019 10:58:37.924304549	81.829770	27.692622	1003.962094	29.998194	25.250462	652.153318	75.492725	28.694256	1004.052616	11.753487	12.061184	
3/18/2019 10:58:38.924304549	81.777203	27.756708	1004.379770	31.118142	25.372918	652.907004	75.488862	28.785874	1004.101188	7.959727	12.049803	
3/18/2019 10:58:39.924304549	81.777203	27.677854	1003.900748	29.893001	25.256747	651.484393	75.291286	28.660739	1003.903902	16.627207	12.069397	
3/18/2019 10:58:40.924304549	82.026899	27.787816	1004.545832	30.852375	25.358753	653.096902	75.631557	28.794796	1004.105918	9.038378	12.008498	
3/18/2019 10:58:41.924304549	81.948047	27.693595	1004.029592	30.073163	25.246338	651.000113	75.487810	28.702447	1003.627608	16.632449	12.010246	
3/18/2019 10:58:42.924304549	81.823199	27.820345	1005.476908	31.024812	25.345487	653.422165	75.531100	28.816999	1004.206218	7.293457	12.026502	
3/18/2019 10:58:43.924304549	81.908622	27.602550	1003.850126	31.774746	25.358998	650.908775	75.378811	28.861724	1003.296270	13.590103	12.007683	
3/18/2019 10:58:44.924304549	81.994044	27.789088	1004.860605	31.116407	25.351120	653.114647	75.740451	28.814618	1004.146922	16.288445	12.039026	
3/18/2019 10:58:45.924304549	81.915193	27.778694	1003.596696	30.461663	25.231236	653.597611	75.514646	28.676201	1004.455547	16.265126	12.013728	
3/18/2019 10:58:46.924304549	82.007186	27.726499	1002.577700	30.357980	25.317159	655.170039	75.475772	28.809115	1004.420223	8.694374	12.003004	
3/18/2019 10:58:47.924304549	82.072895	27.723879	1005.270949	30.525266	25.329813	655.874445	75.378759	28.757448	1004.066335	7.751436	12.058949	
3/18/2019 10:58:48.924304549	81.875767	27.742539	1003.515717	30.574520	25.295280	656.009148	75.734380	28.872826	1003.519734	13.384432	11.989639	
3/18/2019 10:58:49.924304549	81.711493	27.777122	1004.026043	30.075413	25.288178	656.157650	75.436399	28.689377	1003.755502	15.394496	12.061407	
3/18/2019 10:58:50.924304549	81.678639	27.673705	1002.571313	30.224698	25.318220	658.786692	75.612948	28.781207	1004.621924	24.323729	12.017355	
3/18/2019 10:58:51.924304549	81.698351	27.688847	1003.706379	29.988892	25.236338	658.253785	75.448385	28.721751	1004.111755	16.818732	12.029893	
3/18/2019 10:58:52.924304549	81.882338	27.740892	1004.215758	31.060763	25.402062	660.258582	75.495932	28.808596	1003.751558	15.710210	12.015897	
3/18/2019 10:58:53.924304549	81.908622	27.781870	1005.045434	30.605193	25.334058	659.398444	75.493120	28.780689	1003.880088	11.260665	12.060066	
3/18/2019 10:58:54.924304549	81.941476	27.724478	1004.594798	31.076279	25.375122	659.452323	75.741003	28.824471	1004.263935	10.368026	11.995238	
3/18/2019 10:58:55.924304549	81.941476	27.698567	1004.311406	30.123986	25.284504	658.226840	75.569369	28.715835	1003.875673	25.618263	12.070448	
3/18/2019 10:58:56.924304549	82.059753	27.766653	1004.229480	31.553258	25.407450	659.372815	75.685386	28.787842	1003.821421	20.652577	11.988023	
3/18/2019 10:58:57.924304549	81.888909	27.682901	1004.027304	30.090548	25.250502	660.115333	75.321381	28.704214	1004.267407	15.168128	12.069699	
3/18/2019 10:58:58.924304549	81.704922	27.783592	1005.336159	30.615818	25.349977	660.744830	75.437398	28.769788	1004.323866	12.185525	11.971753	
3/18/2019 10:58:59.924304549	81.757490	27.673031	1003.155286	30.006736	25.250216	661.051695	75.592184	28.726005	1004.225459	14.930236	12.046083	
3/18/2019 10:59:00.924304549	82.086037	27.883010	1004.495682	31.091707	25.369775	660.874933	75.647064	28.718533	1003.788462	18.482171	12.048672	
3/18/2019 10:59:01.924304549	81.967760	27.745116	1003.511773	30.483647	25.319078	662.256148	75.544741	28.800606	1004.028960	12.010767	11.975551	
3/18/2019 10:59:02.924304549	81.770632	27.762279	1003.191480	30.992047	25.314547	663.149799	75.525081	28.811919	1004.523517	14.031315	11.990060	
3/18/2019 10:59:03.924304549	81.862625	27.731097	1003.798477	30.575095	25.300097	663.107087	75.408407	28.740737	1004.137934	13.493165	12.065073	
3/18/2019 10:59:04.924304549	81.967760	27.762130	1005.671514	30.617367	25.365284	664.499469	75.457058	28.702553	1004.348152	25.778606	11.951896	
3/18/2019 10:59:05.924304549	82.059753	27.803931	1004.688867	30.642711	25.342304	663.057145	75.613552	28.739181	1003.527779	23.790551	12.028250	
3/18/2019 10:59:06.924304549	81.974331	27.858372	1003.597800	31.376027	25.364468	663.649846	75.542533	28.772074	1003.868892	25.732238	12.008813	
3/18/2019 10:59:07.924304549	81.790345	27.771775	1004.409812	30.792260	25.327813	664.050018	75.388037	28.790235	1003.713869	17.711370	12.069686	
3/18/2019 10:59:08.924304549	81.915193	27.788414	1003.382694	30.698549	25.292137	664.130179	75.631767	28.783588	1003.950266	30.215316	11.966969	
3/18/2019 10:59:09.924304549	81.856054	27.661439	1002.761739	29.732876	25.266626	665.599448	75.438450	28.710130	1004.440407	15.921122	12.026318	
3/18/2019 10:59:10.924304549	82.092608	27.805128	1005.387727	30.597079	25.363284	666.094895	75.421496	28.769893	1004.177831	22.722114	12.032429	
3/18/2019 10:59:11.924304549	82.270024	27.840685	1005.165366	31.114615	25.366427	668.275138	75.547843	28.799569	1004.388049	18.857357	12.008445	
3/18/2019 10:59:12.924304549	81.882338	27.724478	1004.107891	30.347530	25.269728	667.576647	75.511229	28.754231	1004.212684	13.175101	12.055033	
3/18/2019 10:59:13.924304549	81.816628	27.804530	1003.499315	30.705923	25.329078	669.839019	75.478032	28.828513	1004.188556	12.592934	11.981846	
3/18/2019 10:59:14.924304549	81.770632	27.714158	1003.564525	29.977642	25.247359	667.774428	75.245789	28.701103	1003.959097	22.048251	12.067058	
3/18/2019 10:59:15.924304549	81.895480	27.736968	1005.543537	30.533544	25.370999	670.657762	75.664359	28.843669	1003.993635	16.375169	11.969164	
3/18/2019 10:59:16.924304549	81.961189	27.763103	1002.339884	30.009638	25.247971	669.169442	75.416581	28.710543	1004.426689	20.757378	12.044401	
3/18/2019 10:59:17.924304549	82.000615	27.725825	1003.882139	30.104009	25.291607	673.066014	75.435742	28.835160	1004.668130	19.956706	12.026555	
3/18/2019 10:59:18.924304549	82.059753	27.788340	1003.091969	30.966967	25.279973	671.830018	75.207467	28.777778	1004.050880	18.308723	12.004621	
3/18/2019 10:59:19.924304549	82.079466	27.831862	1004.818577	30.723544	25.364672	673.102811	75.500033	28.845743	1004.149445	22.277241	11.984619	
3/18/2019 10:59:20.924304549	81.967760	27.756259	1003.801237	30.367458	25.301199	673.175751	75.450488	28.765332	1004.033218	11.840211	12.041839	
3/18/2019 10:59:21.924304549	81.882338	27.832536	1004.192025	30.906510	25.420512	674.448545	75.493172	28.810776	1004.074694	21.197280	12.045426	
3/18/2019 10:59:22.924304549	81.757490	27.824644	1005.491496	30.275083	25.268626	674.606245	75.186703	28.843150	1003.385531	16.932436	11.995040	
3/18/2019 10:59:23.924304549	82.066324	27.710833	1003.925033	30.815323	25.408062	676.960619	75.390193	28.826545	1004.330961	10.092669	12.025293	
3/18/2019 10:59:24.924304549	81.948047	27.724403	1003.608761	30.041118	25.245931	673.515466	75.358389	28.698923	1003.928030	19.503969	12.059147	
3/18/2019 10:59:25.924304549	81.790345	27.804081	1004.352330	31.100132	25.323323	676.307461	75.312103	28.786699	1004.304939	12.995101	12.011284	
3/18/2019 10:59:26.924304549	81.836341	27.704812	1003.653864	30.505483	25.281402	675.963146	75.226576	28.766158	1004.229875	10.065418	12.064154	
3/18/2019 10:59:27.924304549	81.941476	27.861323	1004.176333	30.860352	25.313322	676.292347	75.244790	28.748621	1003.945535	18.271258	12.009300	
3/18/2019 10:59:28.924304549	81.967760	27.715431	1003.084319	29.957334	25.256462	675.812014	75.300565	28.712617	1004.496709	14.557670	12.030274	
3/18/2019 10:59:29.924304549	82.118892	27.803706	1003.700070	30.505941	25.293892	676.954041	75.182340	28.741149	1004.335691	17.156183	12.027186	
3/18/2019 10:59:30.924304549	81.941476	27.699540	1002.778692	29.686094	25.252747	676.366602	75.310685	28.706913	1004.665451	16.164257	12.026515	
3/18/2019 10:59:31.924304549	81.961189	27.915390	1004.703849	30.907084	25.370958	676.926443	75.396868	28.761491	1003.785782	17.293477	12.035833	
3/18/2019 10:59:32.924304549	81.869196	27.868317	1003.035038	28.593205	25.168334	678.053367	75.338729	28.616744	1004.181775	19.815751	11.984106	
3/18/2019 10:59:33.924304549	81.796916	27.763552	1004.655355	30.410079	25.303240	677.769499	75.280694	28.818661	1004.387577	15.119139	12.018696	
3/18/2019 10:59:34.924304549	81.737777	27.677704	1003.553092	29.986642	25.210255	676.950757	75.241426	28.708363	1004.096615	17.178192	12.055322	
3/18/2019 10:59:35.924304549	81.823199	27.737567	1004.411626	30.599065	25.315159	678.994981	75.323931	28.871164	1004.667501	10.011187	11.991834	
3/18/2019 10:59:36.924304549	81.816628	27.709934	1003.969821	30.123450	25.256462	677.905518	75.374396	28.739075	1004.347680	14.066158	12.061433	
3/18/2019 10:59:37.924304549	81.803487	27.743288	1003.458311	30.120167	25.280871	680.643633	75.351923	28.791166	1004.676332	14.419336	11.997432	
3/18/2019 10:59:38.924304549	81.718064	27.682078	1003.699204	30.085766	25.242543	678.776823	75.103436	28.742398	1004.190921	17.861228	12.061433	
3/18/2019 10:59:39.924304549	81.941476	27.605319	1005.453174	31.072675	25.311118	683.067000	75.438187	28.846780	1004.425424	13.927825	11.978955	
3/18/2019 10:59:40.924304549	81.994044	27.725002	1003.619958	30.096480	25.221888	679.649445	75.335023	28.712511	1004.033061	18.881716	12.067347	
3/18/2019 10:59:41.924304549	82.171459	27.798060	1004.333878	31.140553	25.460678	682.283086	75.401836	28.858189	1004.013505	15.648115	12.017750	
3/18/2019 10:59:42.924304549	81.915193	27.777945	1003.394285	30.080360	25.254747	680.907124	75.093606	28.722682	1004.197387	19.665622	12.055769	
3/18/2019 10:59:43.924304549	81.849483	27.731546	1004.505222	30.939158	25.315118	683.765491	75.358994	28.789917	1004.175466	19.619254	11.978758	
3/18/2019 10:59:44.924304549	81.869196	27.803781	1003.321505	30.799584	25.338589	682.133922	75.442156	28.813994	1003.775215	16.618304	12.061026	
3/18/2019 10:59:45.924304549	81.810058	27.904172	1003.368106	31.229323	25.270667	684.226110	75.292995	28.762210	1004.532033	18.875434	11.989784	
3/18/2019 10:59:46.924304549	81.856054	27.735845	1003.853595	30.378785	25.294995	684.114405	75.196481	28.765946	1004.043628	13.085756	12.054797	
3/18/2019 10:59:47.924304549	82.138605	27.851378	1003.247464	30.717768	25.280259	684.076293	75.195929	28.744991	1004.480147	23.732388	12.013938	
3/18/2019 10:59:48.924304549	82.072895	27.735620	1004.257235	30.674357	25.298628	684.190629	75.409748	28.819804	1003.720492	14.938099	12.016278	
3/18/2019 10:59:49.924304549	82.053182	27.826815	1003.446248	31.116982	25.346059	685.368800	75.356891	28.818767	1004.022336	20.991610	12.018223	
3/18/2019 10:59:50.924304549	81.737777	27.715132	1003.657965	29.453484	25.241400	684.419954	75.027844	28.754125	1004.057346	20.946282	12.006224	
3/18/2019 10:59:51.924304549	81.849483	27.741865	1003.678544	30.290949	25.259319	686.451033	75.418579	28.814925	1004.632805	23.092058	12.027698	
3/18/2019 10:59:52.924304549	82.092608	27.777646	1003.723332	30.060637	25.260421	685.008708	75.299461	28.712617	1004.007196	23.381831	12.060750	
3/18/2019 10:59:53.924304549	82.013757	27.770022	1003.181308	30.084032	25.303240	688.166710	75.311998	28.885483	1004.674124	17.732069	12.002833	
3/18/2019 10:59:54.924304549	81.954618	27.830290	1004.318109	30.415905	25.299771	686.139568	75.122545	28.756093	1003.624293	21.246268	12.022533	
3/18/2019 10:59:55.924304549	81.902051	27.721302	1003.284997	30.162654	25.314261	689.780534	75.506105	28.825402	1004.342000	22.522996	12.043350	
3/18/2019 10:59:56.924304549	81.908622	27.767776	1004.019025	30.340936	25.296954	688.664788	75.269261	28.767301	1004.127052	17.646655	12.068083	
3/18/2019 10:59:57.924304549	81.875767	27.799108	1004.385527	30.983135	25.436064	690.753693	75.261481	28.866804	1004.016185	19.658030	12.026962	
3/18/2019 10:59:58.924304549	81.724635	27.714757	1003.718759	29.853067	25.235767	689.265373	75.127907	28.707432	1004.240914	8.361894	12.032324	
3/18/2019 10:59:59.924304549	82.040041	27.851603	1004.307937	30.908936	25.345406	689.538062	75.268761	28.792615	1004.060026	11.122060	12.053548	
3/18/2019 11:00:00.924304549	82.145176	27.782768	1003.346580	30.785958	25.338875	689.742421	75.134530	28.824058	1003.724908	8.427920	12.058857	
