
Time stamp	Inside_humidity (in %rH)	Inside_temperature (in °C)	Inside_pressure (in mbar)	Soil_moisture (in %VWC)	Soil_temperature (in °C)	Inside_CO2_ratio (in ppm)	Outside_humidity (in %rH)	Outside_temperature (in °C)	Outside_pressure (in mbar)	Outside_PAR (in µmol m^-2 s^-1)	Power_box_charge (in V)	
3/18/2019 10:10:11.271417449	80.673284	26.731325	1003.077144	26.694388	25.134006	551.759065	75.843088	27.694666	1003.387582	32.882747	12.126025	
3/18/2019 10:10:12.271417449	80.745565	26.794139	1004.440170	27.659818	25.225236	553.392604	76.043371	27.689269	1003.514218	34.460772	12.142755	
3/18/2019 10:10:13.271417449	80.811274	26.704891	1004.771110	27.752533	25.094330	553.504972	76.010516	27.706180	1003.385374	43.789279	12.105209	
3/18/2019 10:10:14.271417449	80.844129	26.825621	1004.489768	27.961949	25.205969	553.824973	76.106978	27.696116	1003.604108	40.351319	12.144700	
3/18/2019 10:10:15.271417449	80.771848	26.787595	1004.654803	27.382019	25.166293	553.140281	76.018848	27.674844	1003.855331	38.866300	12.116156	
3/18/2019 10:10:16.271417449	80.955835	26.884061	1004.020918	27.545358	25.129475	552.065268	75.804582	27.548671	1003.195183	42.470116	12.096995	
3/18/2019 10:10:17.271417449	80.732423	26.779147	1002.951220	27.108448	25.144210	552.538380	75.959867	27.658144	1003.591019	33.477749	12.120374	
3/18/2019 10:10:18.271417449	80.752136	26.916217	1006.095734	28.553661	25.163232	555.201589	76.036063	27.703376	1003.554587	41.141507	12.090187	
3/18/2019 10:10:19.271417449	80.344737	26.804683	1004.026595	26.722357	25.275361	552.736824	76.006810	27.751530	1003.680437	30.110786	12.105261	
3/18/2019 10:10:20.271417449	80.830987	27.058334	1005.214333	28.065700	25.159232	553.290751	76.074280	27.820214	1003.339482	30.382482	12.078307	
3/18/2019 10:10:21.271417449	80.738994	26.773650	1005.465632	26.910437	25.144782	554.384162	75.845953	27.634797	1003.556323	32.441535	12.121794	
3/18/2019 10:10:22.271417449	80.798132	26.915318	1004.099217	28.195530	25.315935	555.476910	76.225202	27.770716	1003.945850	25.732238	12.118364	
3/18/2019 10:10:23.271417449	80.752136	26.788792	1004.925263	27.329959	25.250135	555.639873	76.196106	27.705874	1003.616883	27.782388	12.118140	
3/18/2019 10:10:24.271417449	81.041257	26.784119	1005.084859	27.558485	25.265483	555.602414	76.176551	27.699852	1003.328600	30.254362	12.093525	
3/18/2019 10:10:25.271417449	80.955835	26.793840	1005.272919	27.357623	25.128046	557.115711	76.232825	27.648703	1003.172634	24.528089	12.076507	
3/18/2019 10:10:26.271417449	80.916409	27.068354	1006.271888	29.315224	25.491292	559.154674	76.240709	27.658450	1003.370391	28.799215	12.087086	
3/18/2019 10:10:27.271417449	80.719281	26.835641	1005.541646	27.148639	25.160048	556.860756	75.994877	27.678167	1003.816534	32.045650	12.127366	
3/18/2019 10:10:28.271417449	80.922980	26.994098	1005.838915	28.200079	25.328956	557.931822	76.091785	27.756916	1004.011297	28.233814	12.101805	
3/18/2019 10:10:29.271417449	80.863842	26.777874	1002.506103	27.170648	25.216133	556.517094	75.913765	27.738660	1004.032589	27.228782	12.140889	
3/18/2019 10:10:30.271417449	81.093825	26.978581	1003.346186	28.216025	25.308302	557.631525	75.937999	27.755879	1004.136198	28.211805	12.117417	
3/18/2019 10:10:31.271417449	81.120108	26.835865	1003.177049	27.469680	25.207969	557.224785	75.903383	27.691449	1003.772850	33.899303	12.149996	
3/18/2019 10:10:32.271417449	81.323808	26.894380	1003.270646	27.782206	25.232909	558.146686	75.951535	27.669658	1003.568941	32.608430	12.126314	
3/18/2019 10:10:33.271417449	81.271240	26.805581	1003.532827	27.271796	25.157232	557.637440	76.056513	27.650778	1003.798872	31.890550	12.126590	
3/18/2019 10:10:34.271417449	81.093825	26.794214	1002.487100	26.986828	25.337977	560.888750	76.283684	27.727146	1003.522735	17.898964	12.056938	
3/18/2019 10:10:35.271417449	81.409230	26.899353	1005.297048	27.822917	25.187396	559.328141	76.009280	27.772897	1004.315035	29.168888	12.028749	
3/18/2019 10:10:36.271417449	80.870413	26.673633	1004.919901	28.022427	25.184131	558.826779	75.879964	27.523981	1002.332705	9.032096	12.064705	
3/18/2019 10:10:37.271417449	81.074112	26.959215	1005.765740	29.221443	25.452555	562.321213	75.952297	27.695491	1004.731370	24.759429	12.034242	
3/18/2019 10:10:38.271417449	81.021544	26.815451	1002.630057	26.395917	25.196336	562.901431	76.067000	27.804964	1004.437570	22.372868	12.087257	
3/18/2019 10:10:39.271417449	81.304095	26.879463	1003.864082	27.466659	25.206622	560.982709	75.974113	27.839825	1004.170893	16.239186	12.117233	
3/18/2019 10:10:40.271417449	81.238385	26.773950	1004.532662	27.032225	25.119842	561.794221	75.934530	27.649116	1003.389789	12.184215	12.146605	
3/18/2019 10:10:41.271417449	81.468368	26.901823	1003.832698	27.903841	25.223603	563.948836	76.097095	27.785353	1004.766223	17.232694	12.100556	
3/18/2019 10:10:42.271417449	81.330379	26.764603	1004.282547	27.030855	25.162946	562.556454	76.022107	27.682940	1003.087473	17.448577	12.088794	
3/18/2019 10:10:43.271417449	81.455227	26.769651	1004.067439	26.930002	25.209479	563.484923	76.327630	27.854144	1003.859904	10.745834	12.081225	
3/18/2019 10:10:44.271417449	81.396088	26.784344	1003.927793	27.125484	25.141108	562.917198	76.066396	27.637390	1003.790984	15.533101	12.147631	
3/18/2019 10:10:45.271417449	81.264669	26.785991	1003.621613	27.091244	25.183070	563.594007	76.184278	27.809007	1004.096615	11.850424	12.126932	
3/18/2019 10:10:46.271417449	81.067541	26.756787	1003.683354	27.048251	25.124903	562.857404	75.898468	27.720087	1003.684853	9.035757	12.154543	
3/18/2019 10:10:47.271417449	81.244956	26.781093	1004.102449	27.562241	25.292137	565.406276	76.132709	27.833083	1004.440564	14.014549	12.128246	
3/18/2019 10:10:48.271417449	81.277811	26.726053	1003.763310	26.681910	25.169110	563.180036	76.023711	27.732956	1003.697785	9.632069	12.157224	
3/18/2019 10:10:49.271417449	81.415801	26.843982	1004.661821	27.784025	25.301444	565.091527	76.176998	27.742396	1003.982753	19.589382	12.126223	
3/18/2019 10:10:50.271417449	81.494652	26.829064	1004.162139	27.331192	25.154619	564.389752	76.205937	27.660419	1003.875987	15.291006	12.114277	
3/18/2019 10:10:51.271417449	81.494652	26.774474	1003.341218	27.194090	25.373408	564.883884	76.455580	27.778813	1003.777423	13.318677	12.072945	
3/18/2019 10:10:52.271417449	81.501223	26.830968	1003.053490	27.413888	25.206786	566.177707	76.247675	27.705768	1003.612625	13.875944	12.127011	
3/18/2019 10:10:53.271417449	81.514365	26.809955	1004.712523	28.110128	25.310506	565.964149	76.446407	27.793650	1003.764019	8.480840	12.135606	
3/18/2019 10:10:54.271417449	81.494652	26.778099	1005.094400	26.847613	25.122413	565.393130	76.284446	27.781617	1004.046307	14.862899	12.081514	
3/18/2019 10:10:55.271417449	81.461798	26.905224	1004.204010	27.892053	25.229481	568.666122	76.222757	27.672769	1003.564683	14.253752	12.140192	
3/18/2019 10:10:56.271417449	81.238385	26.778024	1004.110019	26.925158	25.166579	567.269140	76.168876	27.594539	1004.328282	15.566634	12.096390	
3/18/2019 10:10:57.271417449	81.382946	26.937454	1003.345239	27.502549	25.206010	568.012311	76.054068	27.685533	1003.775215	11.220579	12.122648	
3/18/2019 10:10:58.271417449	81.376375	26.815676	1003.915888	27.407143	25.153803	568.921076	75.981735	27.647454	1003.838297	16.436993	12.096890	
3/18/2019 10:10:59.271417449	81.652355	26.963963	1003.644795	28.342410	25.263523	570.050621	76.279925	27.712615	1004.431419	19.958016	12.115394	
3/18/2019 10:11:00.271417449	81.468368	26.831716	1003.023368	27.332410	25.105677	569.361329	76.290307	27.673912	1003.332859	11.580039	12.106628	
3/18/2019 10:11:01.271417449	81.606358	26.880286	1004.179093	27.342052	25.177396	570.382452	76.259266	27.710541	1003.947743	12.903405	12.132241	
3/18/2019 10:11:02.271417449	81.231815	26.643050	1002.419050	25.671172	24.946729	568.066190	76.179415	27.799672	1003.862269	9.269988	12.078452	
3/18/2019 10:11:03.271417449	81.428943	26.891654	1005.266690	27.651592	25.236910	571.398323	76.283394	27.802784	1004.370230	19.829896	12.132833	
3/18/2019 10:11:04.271417449	81.396088	26.819825	1004.236023	27.373552	25.168538	571.215657	76.143801	27.663541	1003.971714	14.514963	12.115249	
3/18/2019 10:11:05.271417449	81.619500	26.790888	1003.960990	26.978579	25.215357	572.536414	76.162962	27.747169	1003.919671	12.841311	12.129758	
3/18/2019 10:11:06.271417449	81.527507	26.804458	1003.868340	27.467934	25.224093	572.776255	76.044185	27.669658	1003.903902	13.772454	12.157408	
3/18/2019 10:11:07.271417449	81.455227	26.948597	1005.195724	28.047896	25.156946	573.742183	76.214873	27.720087	1003.993950	11.038228	12.088045	
3/18/2019 10:11:08.271417449	81.396088	26.747365	1003.551436	26.888972	25.124332	571.876688	76.022712	27.691661	1003.564368	8.709830	12.158578	
3/18/2019 10:11:09.271417449	81.507794	26.803336	1004.235946	27.827740	25.277280	572.741426	76.205042	27.758366	1004.344837	10.137997	12.088913	
3/18/2019 10:11:10.271417449	81.612929	26.716632	1003.835932	26.972019	25.140251	573.090340	76.092784	27.704731	1003.628394	10.807928	12.116642	
3/18/2019 10:11:11.271417449	81.593216	27.000118	1004.383239	28.264817	25.298668	576.190517	76.237897	27.729421	1004.138406	16.938989	12.131532	
3/18/2019 10:11:12.271417449	81.290953	26.751664	1003.869759	27.361291	25.197438	576.160952	76.321454	27.668621	1003.963041	12.991169	12.155161	
3/18/2019 10:11:13.271417449	81.547220	26.989500	1005.732703	28.062360	25.260135	577.171560	76.389476	27.729421	1004.374331	12.993790	12.096995	
3/18/2019 10:11:14.271417449	81.409230	26.736298	1004.170104	26.935650	25.143312	577.373288	76.259765	27.725484	1003.559953	4.990999	12.151705	
3/18/2019 10:11:15.271417449	81.593216	26.825471	1003.983068	27.336453	25.155639	578.234080	76.229118	27.746037	1003.770170	8.395698	12.094012	
3/18/2019 10:11:16.271417449	81.547220	26.783895	1003.545916	27.268072	25.216419	580.140318	76.125139	27.707323	1003.814012	9.441855	12.154635	
3/18/2019 10:11:17.271417449	81.619500	26.828465	1002.928747	27.727784	25.252992	579.033108	76.101011	27.821463	1004.543387	17.825074	12.092133	
3/18/2019 10:11:18.271417449	81.652355	26.867796	1003.628317	27.621422	25.201152	581.153558	75.973009	27.680241	1004.059397	14.328681	12.133464	
3/18/2019 10:11:19.271417449	81.685210	26.844955	1004.399246	28.055392	25.293199	582.622828	76.075122	27.729845	1004.019657	14.306672	12.114973	
3/18/2019 10:11:20.271417449	81.678639	26.789541	1003.850678	27.122889	25.193479	579.940558	76.037457	27.737835	1003.505387	7.935098	12.125381	
3/18/2019 10:11:21.271417449	81.777203	26.837213	1004.460277	28.040464	25.238542	581.952587	75.992722	27.685014	1003.619563	11.280052	12.141217	
3/18/2019 10:11:22.271417449	81.599787	26.794214	1004.083131	27.271740	25.196009	581.162757	75.948276	27.703175	1004.021707	7.720254	12.124816	
3/18/2019 10:11:23.271417449	81.803487	26.984826	1004.471553	27.653018	25.333773	581.162094	76.062689	27.717907	1004.083840	10.643654	12.070803	
3/18/2019 10:11:24.271417449	81.639213	26.741794	1003.820083	26.935145	25.162579	579.899162	76.100302	27.704943	1003.800608	7.089098	12.153045	
3/18/2019 10:11:25.271417449	81.691781	26.973534	1003.379934	27.878244	25.268340	581.489989	76.222443	27.739591	1004.131311	8.805457	12.105169	
3/18/2019 10:11:26.271417449	81.501223	26.772827	1004.487245	27.208267	25.205888	580.332847	76.289203	27.685120	1003.959732	8.941169	12.142519	
3/18/2019 10:11:27.271417449	81.580075	26.917639	1003.509251	27.540240	25.202050	580.744187	76.307365	27.761382	1004.269458	17.381241	12.107469	
3/18/2019 10:11:28.271417449	81.435514	26.778024	1003.943090	27.313773	25.182417	581.698948	76.205042	27.706805	1004.100244	12.151722	12.149497	
3/18/2019 10:11:29.271417449	81.566933	26.790963	1004.874404	27.269473	25.273402	583.219465	76.105979	27.753085	1004.195336	11.514284	12.111333	
3/18/2019 10:11:30.271417449	81.612929	26.776420	1003.620272	27.001453	25.154946	581.711431	75.944807	27.674961	1004.063655	8.067149	12.112831	
3/18/2019 10:11:31.271417449	81.672068	26.795262	1004.582418	27.012338	25.137679	582.145768	75.955346	27.647560	1003.510117	9.104404	12.154911	
3/18/2019 10:11:32.271417449	81.842912	27.010512	1004.205429	28.179343	25.317649	584.757718	76.277323	27.678886	1003.335381	13.847654	12.079359	
3/18/2019 10:11:33.271417449	81.796916	26.789316	1005.121131	26.891631	25.125475	582.414521	76.144590	27.669870	1003.606002	4.809959	12.141638	
3/18/2019 10:11:34.271417449	82.033470	26.911544	1003.988193	27.625706	25.241195	584.455453	76.218736	27.751730	1004.170579	7.620695	12.106339	
3/18/2019 10:11:35.271417449	81.915193	26.910196	1004.072092	27.408706	25.201398	585.181551	76.105427	27.694253	1004.220729	9.503949	12.114316	
3/18/2019 10:11:36.271417449	81.974331	26.839084	1004.006487	27.336934	25.173151	585.675683	76.174947	27.878633	1004.181775	11.287645	12.114776	
3/18/2019 10:11:37.271417449	81.698351	26.789840	1004.705110	27.074729	25.112453	585.075098	75.928064	27.619547	1003.676179	9.144489	12.137025	
3/18/2019 10:11:38.271417449	81.553791	26.801507	1004.611042	27.749593	25.260625	589.681341	76.169375	27.907272	1003.812590	8.487393	12.074733	
3/18/2019 10:11:39.271417449	81.593216	26.868470	1004.435045	27.338937	25.163477	586.159963	75.920993	27.626288	1003.871414	13.983366	12.159537	
3/18/2019 10:11:40.271417449	81.921764	26.938727	1003.831279	27.100198	25.213929	589.515094	76.044737	27.631780	1004.397352	15.362274	12.089688	
3/18/2019 10:11:41.271417449	81.737777	26.864096	1004.718752	27.410379	25.162048	586.418201	75.799404	27.638014	1003.851544	14.458111	12.158578	
3/18/2019 10:11:42.271417449	81.908622	27.058484	1005.030294	28.652431	25.250788	589.555174	75.866770	27.691755	1004.361084	12.727336	12.068556	
3/18/2019 10:11:43.271417449	81.777203	26.852355	1004.553322	27.313732	25.164334	588.117449	75.772464	27.638533	1003.843027	9.752326	12.157592	
3/18/2019 10:11:44.271417449	81.928334	26.853927	1004.269692	27.567591	25.162089	588.997954	75.901071	27.751530	1003.956417	13.409062	12.086166	
3/18/2019 10:11:45.271417449	81.862625	26.823568	1003.958782	27.263571	25.135353	588.464395	75.986493	27.645062	1003.623978	9.153392	12.118508	
3/18/2019 10:11:46.271417449	81.908622	26.790738	1003.923772	27.472835	25.250176	590.936390	76.181151	27.855700	1004.079267	9.119860	12.129850	
3/18/2019 10:11:47.271417449	81.842912	26.821621	1005.380552	27.042324	25.137108	589.327817	75.884065	27.634903	1003.711346	10.621645	12.145580	
3/18/2019 10:11:48.271417449	81.560362	26.900850	1003.225543	28.530979	25.267728	592.741427	75.931927	27.819177	1003.685325	8.495256	12.076875	
3/18/2019 10:11:49.271417449	81.553791	26.793915	1004.124055	27.362332	25.212174	590.808254	75.781295	27.682421	1003.967299	10.242527	12.159261	
3/18/2019 10:11:50.271417449	81.750919	26.952746	1004.208583	27.905540	25.208826	593.160650	75.718398	27.624108	1003.687218	9.630759	12.115433	
3/18/2019 10:11:51.271417449	81.626071	26.805506	1004.435911	26.929250	25.139679	591.960797	75.594102	27.638427	1003.621771	9.630759	12.113659	
3/18/2019 10:11:52.271417449	81.888909	26.854376	1003.803682	27.306515	25.239155	591.320784	75.493382	27.800604	1005.274026	22.036456	12.061512	
3/18/2019 10:11:53.271417449	81.810058	26.757310	1003.490090	26.917781	25.162865	591.459434	75.527683	27.702656	1004.017606	7.533971	12.149655	
3/18/2019 10:11:54.271417449	81.961189	26.870716	1004.410364	27.645233	25.249931	595.503857	75.821063	27.735337	1004.451289	18.395447	12.102160	
3/18/2019 10:11:55.271417449	81.974331	26.821771	1004.159222	26.980806	25.123230	591.988394	75.690144	27.641232	1003.589283	6.089308	12.146829	
3/18/2019 10:11:56.271417449	81.921764	26.853478	1005.671592	27.753197	25.330099	595.333010	75.864957	27.694348	1004.022808	14.412784	12.095838	
3/18/2019 10:11:57.271417449	81.606358	26.773800	1002.743919	27.029438	25.119229	592.069218	75.719344	27.674537	1003.529515	6.140918	12.143990	
3/18/2019 10:11:58.271417449	81.856054	26.948073	1004.766457	27.823966	25.199765	594.593776	75.617074	27.673394	1003.984804	16.321978	12.118430	
3/18/2019 10:11:59.271417449	81.704922	26.800459	1004.062471	27.097075	25.168538	592.908327	75.803953	27.712827	1004.061448	2.679638	12.124356	
3/18/2019 10:12:00.271417449	81.921764	26.906272	1003.450427	27.546303	25.219317	595.722668	75.776223	27.847403	1003.930238	2.127343	12.051563	
3/18/2019 10:12:01.271417449	81.928334	26.810404	1004.390652	27.572854	25.210786	595.195676	75.611002	27.669351	1004.164585	9.855816	12.151205	
3/18/2019 10:12:02.271417449	81.737777	26.858675	1004.911622	28.302108	25.358958	598.226859	75.751043	27.795725	1003.974237	5.770973	12.103671	
3/18/2019 10:12:03.271417449	81.783774	26.778548	1003.597642	27.242995	25.128863	594.607575	75.429723	27.631792	1003.608367	4.689702	12.132754	
3/18/2019 10:12:04.271417449	82.040041	26.905523	1003.221285	27.934149	25.225807	596.271342	75.467598	27.730458	1003.711661	8.316566	12.125881	
3/18/2019 10:12:05.271417449	81.934905	26.784943	1002.760715	26.935810	25.157803	595.108937	75.571419	27.692592	1004.024544	7.773445	12.127629	
3/18/2019 10:12:06.271417449	81.882338	26.907170	1004.930626	27.632674	25.190131	596.673482	75.735588	27.690930	1004.350360	22.744123	12.118771	
3/18/2019 10:12:07.271417449	81.750919	26.852879	1004.631621	27.576122	25.220705	596.514466	75.725206	27.659181	1004.129417	15.441135	12.144358	
3/18/2019 10:12:08.271417449	81.915193	26.785916	1003.976207	27.413790	25.229440	597.588163	75.827134	27.798117	1003.821264	10.959367	12.073944	
3/18/2019 10:12:09.271417449	82.000615	26.768229	1004.029354	27.196558	25.182703	595.956593	75.665725	27.724447	1004.008775	9.218108	12.153610	
3/18/2019 10:12:10.271417449	81.711493	27.017656	1003.905558	28.088142	25.234909	599.208555	75.658707	27.674219	1003.893335	14.552428	12.096877	
3/18/2019 10:12:11.271417449	81.704922	26.804907	1003.884898	27.019683	25.172498	596.937636	75.580303	27.710022	1003.984804	6.548326	12.155227	
3/18/2019 10:12:12.271417449	81.967760	26.885483	1002.974322	27.653706	25.163517	597.965327	75.520717	27.664991	1003.825522	13.371598	12.084300	
3/18/2019 10:12:13.271417449	81.908622	26.847532	1004.094012	27.712142	25.211357	598.617170	75.452800	27.652852	1004.026595	12.194428	12.157697	
3/18/2019 10:12:14.271417449	81.928334	26.655091	1002.746679	27.528995	25.338344	601.063535	75.438554	27.730670	1004.296266	12.687251	12.082434	
3/18/2019 10:12:15.271417449	81.645784	26.868919	1003.566891	27.565181	25.188417	599.935959	75.690800	27.665615	1003.976445	12.566994	12.155844	
3/18/2019 10:12:16.271417449	81.803487	26.827043	1004.009562	27.758162	25.254135	601.181155	75.737848	27.770822	1003.574772	5.005415	12.094814	
3/18/2019 10:12:17.271417449	81.902051	26.847083	1004.571773	27.393088	25.152986	600.518145	75.592998	27.660630	1003.779159	14.818882	12.130112	
3/18/2019 10:12:18.271417449	82.178030	26.906646	1005.074372	27.589905	25.190989	601.923011	75.578752	27.739179	1004.162377	12.736510	12.103369	
3/18/2019 10:12:19.271417449	81.606358	26.836838	1003.969664	27.345305	25.211888	602.467748	75.546344	27.688856	1004.083211	11.123371	12.157566	
3/18/2019 10:12:20.271417449	81.796916	26.859348	1003.897199	27.447502	25.263483	603.711629	75.643148	27.761076	1004.534398	11.457161	12.121544	
3/18/2019 10:12:21.271417449	82.046611	26.842110	1005.558047	27.172530	25.203398	603.092646	75.429723	27.668621	1004.028645	13.811229	12.112437	
3/18/2019 10:12:22.271417449	82.145176	26.911693	1005.888670	28.311463	25.268299	604.428518	75.585166	27.683977	1004.090306	16.572976	12.131361	
3/18/2019 10:12:23.271417449	82.040041	26.874341	1004.354695	27.491585	25.166293	602.653046	75.645698	27.626288	1003.919828	14.884908	12.145160	
3/18/2019 10:12:24.271417449	81.902051	26.954243	1003.085503	27.845326	25.136618	603.796389	75.676055	27.687607	1004.083525	14.452869	12.067767	
3/18/2019 10:12:25.271417449	81.823199	26.821696	1004.243041	27.117667	25.129761	602.651730	75.630715	27.641750	1003.567205	8.056665	12.140508	
3/18/2019 10:12:26.271417449	81.882338	26.864396	1004.122004	27.693865	25.261523	605.335968	75.910401	27.838788	1004.457755	10.637101	12.130914	
3/18/2019 10:12:27.271417449	81.928334	26.878714	1004.744064	27.270395	25.163436	603.846332	75.504816	27.645899	1003.915098	10.030304	12.143596	
3/18/2019 10:12:28.271417449	81.961189	26.837662	1005.405469	27.802102	25.054940	603.004591	75.570920	27.823125	1004.579976	7.481051	12.060316	
3/18/2019 10:12:29.271417449	81.928334	26.958392	1006.058596	27.981772	25.118413	605.186151	75.532099	27.717388	1003.916992	9.440544	12.109059	
3/18/2019 10:12:30.271417449	81.928334	26.894830	1004.721354	27.214426	25.168579	605.099412	75.759717	27.635834	1003.670185	14.716702	12.127353	
3/18/2019 10:12:31.271417449	81.888909	26.832090	1004.477545	27.189758	25.137639	604.412088	75.700079	27.609070	1003.705195	9.438194	12.149668	
3/18/2019 10:12:32.271417449	82.013757	26.785242	1003.463516	26.943250	25.107637	604.548107	75.808578	27.702762	1003.665455	4.815201	12.145778	
3/18/2019 10:12:33.271417449	82.020328	26.773575	1004.253214	27.285604	25.199397	605.598806	75.800903	27.684083	1003.988433	9.648836	12.143596	
3/18/2019 10:12:34.271417449	81.777203	26.857252	1004.496943	27.318322	25.149558	607.081211	75.636182	27.590803	1004.398459	16.681438	12.114618	
3/18/2019 10:12:35.271417449	81.934905	26.873517	1003.981492	27.546616	25.202826	607.391360	75.682179	27.676611	1004.302260	7.959457	12.116103	
3/18/2019 10:12:36.271417449	82.118892	26.869144	1003.696601	27.387297	25.160620	608.398685	75.625196	27.632310	1003.814326	10.020091	12.153321	
3/18/2019 10:12:37.271417449	81.790345	26.792760	1003.055461	26.972573	25.109106	607.020754	75.467098	27.668833	1003.858639	1.424919	12.095786	
3/18/2019 10:12:38.271417449	81.856054	26.816200	1004.385132	27.090548	25.168538	609.317302	75.679262	27.679416	1003.980388	1.300730	12.135553	
3/18/2019 10:12:39.271417449	82.020328	26.894680	1004.577293	27.275809	25.157517	610.102532	75.771203	27.625770	1003.820792	8.805457	12.150193	
3/18/2019 10:12:40.271417449	82.020328	26.794962	1003.505702	27.238486	25.158619	609.927086	75.854969	27.710234	1003.663090	1.712071	12.111188	
3/18/2019 10:12:41.271417449	81.869196	26.853253	1004.054035	27.456016	25.140210	610.773426	75.757719	27.626913	1003.785468	8.786069	12.157264	
3/18/2019 10:12:42.271417449	81.862625	26.868919	1005.289163	27.328741	25.217562	612.304458	75.833206	27.711271	1004.012876	4.665072	12.112266	
3/18/2019 10:12:43.271417449	82.099179	26.859049	1003.962646	27.284619	25.122087	611.743954	75.607191	27.622658	1003.704723	6.454010	12.157750	
3/18/2019 10:12:44.271417449	81.711493	26.695095	1002.232646	26.027694	25.118944	612.669802	75.861041	27.826342	1003.619406	-0.441569	12.099203	
3/18/2019 10:12:45.271417449	81.974331	26.788942	1003.976287	27.261841	25.194622	612.162524	75.612106	27.735443	1003.910525	4.436083	12.154648	
3/18/2019 10:12:46.271417449	82.256882	26.816649	1003.060271	27.453821	25.158660	614.039186	75.615313	27.626288	1003.652522	8.479530	12.111872	
3/18/2019 10:12:47.271417449	81.902051	26.853253	1004.186505	27.257532	25.111596	613.246073	75.736140	27.656588	1003.632338	1.937128	12.154004	
3/18/2019 10:12:48.271417449	81.895480	26.836838	1002.802505	27.429770	25.234012	614.810617	75.957844	27.696222	1004.044100	4.825415	12.139956	
3/18/2019 10:12:49.271417449	82.066324	26.895728	1003.410844	27.695964	25.186948	614.697597	75.952429	27.709091	1004.330175	5.341556	12.111609	
3/18/2019 10:12:50.271417449	82.132034	26.837512	1004.122556	27.230741	25.132863	614.907208	75.855179	27.620997	1003.891284	7.210665	12.148354	
3/18/2019 10:12:51.271417449	81.770632	26.847682	1003.640460	27.116666	25.198010	614.625972	75.746732	27.733475	1003.921093	2.076773	12.123686	
3/18/2019 10:12:52.271417449	81.882338	26.798887	1003.688479	27.099558	25.191764	615.531454	75.633712	27.668113	1004.016820	4.990999	12.130402	
3/18/2019 10:12:53.271417449	82.092608	26.832689	1005.323778	27.134294	25.127760	615.376374	75.563297	27.663023	1003.748722	3.070280	12.144174	
3/18/2019 10:12:54.271417449	81.948047	26.785691	1005.457905	28.214407	25.153272	614.570114	75.535410	27.742396	1003.958625	0.135356	12.085548	
3/18/2019 10:12:55.271417449	81.849483	26.901075	1004.451289	27.511239	25.167436	617.443597	75.800299	27.644968	1003.960204	10.157114	12.146487	
3/18/2019 10:12:56.271417449	81.915193	26.894755	1003.085346	27.484657	25.176498	617.636126	75.870818	27.678167	1003.950108	11.142758	12.141848	
3/18/2019 10:12:57.271417449	81.961189	26.811003	1004.031325	27.004465	25.124046	616.499350	75.864247	27.672156	1003.875830	0.462593	12.130849	
3/18/2019 10:12:58.271417449	82.053182	26.836988	1005.068615	27.418397	25.212459	617.988986	75.971590	27.727453	1004.381111	2.975693	12.125487	
3/18/2019 10:12:59.271417449	81.948047	26.900775	1004.479990	27.303064	25.148170	617.831938	75.853523	27.638533	1003.886869	9.672155	12.144161	
3/18/2019 10:13:00.271417449	81.980902	26.868844	1003.715919	27.325882	25.118127	618.002785	75.864010	27.668621	1004.298316	10.114407	12.111425	
3/18/2019 10:13:01.271417449	82.013757	26.815900	1003.625872	27.059456	25.158048	616.968516	75.856782	27.719674	1003.827258	1.520546	12.148432	
3/18/2019 10:13:02.271417449	82.164888	26.842110	1005.979192	28.282830	25.116127	616.163572	75.626352	27.765330	1004.789408	6.428070	12.065310	
3/18/2019 10:13:03.271417449	81.829770	26.901374	1003.892626	27.541185	25.195764	618.733473	75.651532	27.649635	1004.066178	11.190707	12.154898	
3/18/2019 10:13:04.271417449	81.941476	26.841287	1004.296266	27.411948	25.190907	618.375360	75.658655	27.697058	1004.468794	4.622365	12.106694	
3/18/2019 10:13:05.271417449	82.138605	26.847607	1004.948762	27.458106	25.216419	618.241310	75.726967	27.712202	1004.361241	3.058485	12.124461	
3/18/2019 10:13:06.271417449	82.079466	26.858675	1004.130441	27.162294	25.125760	618.770269	75.734037	27.642269	1003.462017	2.516675	12.138458	
3/18/2019 10:13:07.271417449	81.862625	26.779072	1004.561996	27.242426	25.197152	619.330774	75.816200	27.730151	1003.923772	3.694884	12.152309	
3/18/2019 10:13:08.271417449	82.053182	26.843607	1003.739733	27.221586	25.133720	620.459002	75.703443	27.638533	1003.650472	5.919792	12.135908	
3/18/2019 10:13:09.271417449	82.302878	26.769426	1005.086358	28.036451	25.106820	621.606292	75.904882	27.633135	1004.307147	10.754737	12.106772	
3/18/2019 10:13:10.271417449	82.132034	26.810853	1003.327971	27.086911	25.169600	622.114885	75.951036	27.682940	1003.910054	4.143689	12.135751	
3/18/2019 10:13:11.271417449	81.888909	26.800534	1003.833487	27.056965	25.148415	621.384850	75.902279	27.721854	1003.827416	1.276100	12.143925	
3/18/2019 10:13:12.271417449	82.013757	26.848206	1004.551429	27.101393	25.136822	622.217391	75.723260	27.631368	1003.659617	4.628918	12.137025	
3/18/2019 10:13:13.271417449	82.099179	26.816050	1003.849574	27.011433	25.137965	622.216076	75.751700	27.684813	1004.059397	3.498387	12.119297	
3/18/2019 10:13:14.271417449	82.270024	26.800683	1005.288216	27.055716	25.173396	623.055185	75.714534	27.634173	1003.644006	7.695624	12.105892	
3/18/2019 10:13:15.271417449	82.000615	26.837662	1004.672860	27.153516	25.207071	623.774705	75.880753	27.729845	1003.997736	3.676807	12.133188	
3/18/2019 10:13:16.271417449	81.882338	26.816200	1003.772141	27.110979	25.177314	623.577577	76.027365	27.720087	1004.085419	3.632789	12.155213	
3/18/2019 10:13:17.271417449	82.013757	26.912142	1002.735954	27.236363	25.119270	623.651170	75.937237	27.637390	1003.378750	9.483251	12.093184	
3/18/2019 10:13:18.271417449	82.296307	26.900251	1004.299500	27.007428	25.138822	623.999431	75.958710	27.606159	1003.702830	9.911358	12.114579	
3/18/2019 10:13:19.271417449	81.895480	26.858151	1003.952159	27.432565	25.210745	624.616446	75.945017	27.659181	1004.048358	7.365765	12.152388	
3/18/2019 10:13:20.271417449	82.224027	26.881559	1003.528017	27.254112	25.153517	624.670325	75.926355	27.664779	1003.741469	10.340775	12.094669	
3/18/2019 10:13:21.271417449	81.915193	26.815601	1004.198491	27.123802	25.164293	623.953435	75.966333	27.738660	1004.122794	2.176331	12.150141	
3/18/2019 10:13:22.271417449	82.000615	26.816574	1003.918015	27.072215	25.150701	625.689479	75.904487	27.700794	1004.201960	3.168529	12.121860	
3/18/2019 10:13:23.271417449	82.204314	26.798481	1002.993482	26.849623	25.103065	625.393782	75.792229	27.679828	1003.376700	2.761120	12.089215	
3/18/2019 10:13:24.271417449	82.099179	27.070225	1005.272919	28.133762	25.231236	628.873100	75.972799	27.739179	1004.881820	14.414094	12.073116	
3/18/2019 10:13:25.271417449	82.125463	26.864171	1003.724593	27.260695	25.135394	627.289505	76.139623	27.614774	1003.595120	6.081445	12.149549	
3/18/2019 10:13:26.271417449	82.237169	26.918612	1003.140146	28.597976	25.441983	632.010736	76.399254	27.815441	1004.557105	7.695895	12.115341	
3/18/2019 10:13:27.271417449	81.862625	26.831866	1003.785073	27.377710	25.197724	628.473591	76.132262	27.705249	1004.094407	4.945671	12.152401	
3/18/2019 10:13:28.271417449	82.204314	27.059606	1004.603235	28.282068	25.267238	630.844385	76.106031	27.722786	1004.610885	10.106814	12.115893	
3/18/2019 10:13:29.271417449	82.256882	26.922537	1004.865416	27.479803	25.138537	629.992793	75.959262	27.602010	1003.943642	10.391345	12.154083	
3/18/2019 10:13:30.271417449	81.974331	26.929231	1004.887336	28.075720	25.312792	635.241016	76.136573	27.735549	1004.383948	14.586232	12.130809	
3/18/2019 10:13:31.271417449	82.059753	26.921039	1004.784594	27.484184	25.166824	631.378607	75.859042	27.639358	1003.686904	9.582810	12.106208	
3/18/2019 10:13:32.271417449	82.394871	27.101857	1004.302889	28.433843	25.310587	632.453610	75.927564	27.741253	1004.193286	5.635261	12.103842	
3/18/2019 10:13:33.271417449	81.869196	26.816724	1005.239802	26.723085	25.125475	630.648572	75.970092	27.730363	1003.658988	1.531030	12.098572	
3/18/2019 10:13:34.271417449	82.125463	26.886681	1004.436069	27.409907	25.190131	632.477270	76.216871	27.724447	1004.180511	11.397688	12.053075	
3/18/2019 10:13:35.271417449	82.230598	26.869518	1004.969499	27.201163	25.130863	630.917325	76.018244	27.586136	1003.599693	5.117809	12.147670	
3/18/2019 10:13:36.271417449	82.066324	26.986099	1005.756594	27.959986	25.215929	632.868896	75.968094	27.617779	1003.852016	13.491855	12.107640	
3/18/2019 10:13:37.271417449	82.184601	26.963739	1005.500170	27.616240	25.200010	632.468071	75.844297	27.638946	1004.066020	6.977744	12.122582	
3/18/2019 10:13:38.271417449	82.053182	26.844431	1003.198418	27.558813	25.241971	634.130522	75.966780	27.819177	1004.322130	2.779197	12.116248	
3/18/2019 10:13:39.271417449	82.020328	26.810853	1003.826312	27.090115	25.135108	631.828059	75.961156	27.691036	1003.844764	0.472807	12.147736	
3/18/2019 10:13:40.271417449	82.408013	27.044240	1005.097554	28.268917	25.266095	634.491919	75.865166	27.635728	1004.359505	13.199460	12.130586	
3/18/2019 10:13:41.271417449	81.934905	26.831791	1003.989929	26.884399	25.162579	631.889169	75.839724	27.670801	1003.960990	1.580019	12.143675	
3/18/2019 10:13:42.271417449	82.197743	26.925156	1004.435045	27.672119	25.203724	635.984186	76.038351	27.718013	1004.429840	12.975713	12.124790	
3/18/2019 10:13:43.271417449	82.243740	26.921638	1004.664266	27.409611	25.191805	633.846655	76.012067	27.617885	1004.092828	10.547756	12.151113	
3/18/2019 10:13:44.271417449	81.961189	26.948073	1004.164033	27.844502	25.236012	634.510317	76.041873	27.724754	1004.186505	4.064828	12.129101	
3/18/2019 10:13:45.271417449	82.079466	26.810179	1003.959571	27.112157	25.112168	633.313095	75.856887	27.661562	1003.737525	-0.126127	12.131861	
3/18/2019 10:13:46.271417449	82.342304	26.913789	1003.767488	27.717892	25.190458	635.616211	75.888638	27.689893	1004.737836	10.405491	12.080095	
3/18/2019 10:13:47.271417449	81.967760	26.891055	1004.706766	27.425356	25.150701	635.357973	75.661362	27.589353	1003.974551	9.713551	12.140850	
3/18/2019 10:13:48.271417449	82.322591	26.996493	1004.827646	27.938858	25.194948	636.715527	75.907090	27.621515	1003.976759	7.685410	12.122793	
3/18/2019 10:13:49.271417449	81.921764	26.868545	1005.311241	27.264506	25.125801	635.203556	75.905039	27.591946	1004.265671	8.207834	12.095497	
3/18/2019 10:13:50.271417449	82.184601	27.023676	1003.586289	26.599783	25.109637	637.410081	76.183516	27.939751	1005.252263	5.301470	12.031325	
3/18/2019 10:13:51.271417449	82.158317	26.894081	1003.535981	27.438171	25.157884	636.488833	75.706807	27.608127	1004.124687	10.528369	12.096785	
3/18/2019 10:13:52.271417449	82.066324	27.049661	1004.872828	28.096207	25.240828	638.058630	75.639546	27.625558	1004.062076	10.860848	12.087743	
3/18/2019 10:13:53.271417449	82.086037	26.880810	1004.521386	27.424684	25.154660	636.939600	75.809025	27.588729	1003.998051	10.431431	12.146671	
3/18/2019 10:13:54.271417449	82.270024	26.875763	1004.259680	27.476807	25.278218	639.096846	76.165854	27.770209	1004.162534	7.171890	12.087310	
3/18/2019 10:13:55.271417449	81.875767	26.816724	1003.769776	26.897758	25.109310	636.615652	75.861041	27.685850	1004.037319	1.629278	12.136671	
3/18/2019 10:13:56.271417449	82.145176	26.980303	1004.517760	27.751683	25.204010	638.573791	75.810391	27.649635	1003.680752	6.412614	12.123528	
3/18/2019 10:13:57.271417449	82.171459	26.853103	1004.133990	27.531094	25.217602	638.765667	75.798301	27.654514	1004.346101	7.924613	12.148196	
3/18/2019 10:13:58.271417449	82.184601	26.939550	1004.655750	27.536236	25.234624	639.596892	75.880359	27.688337	1004.307147	13.194218	12.131361	
3/18/2019 10:13:59.271417449	82.138605	26.859423	1003.975183	27.121407	25.106780	638.201879	75.698028	27.590496	1003.632338	3.372888	12.146540	
3/18/2019 10:14:00.271417449	82.473723	27.038219	1005.038416	27.932931	25.247400	640.163964	76.037904	27.652227	1004.156068	14.533040	12.129469	
3/18/2019 10:14:01.271417449	82.046611	26.848131	1003.886002	27.018874	25.120087	639.375450	75.961865	27.647560	1003.949951	0.123561	12.146238	
3/18/2019 10:14:02.271417449	82.164888	26.903096	1004.621449	27.556259	25.197193	640.538507	75.968488	27.680453	1004.265514	10.966960	12.132912	
3/18/2019 10:14:03.271417449	82.250311	26.843308	1003.987326	26.989928	25.111882	639.552865	75.735850	27.664166	1003.890655	2.594225	12.144095	
3/18/2019 10:14:04.271417449	82.434297	27.007187	1005.759354	27.826112	25.215398	641.579344	75.683940	27.643094	1004.418644	11.514013	12.098901	
3/18/2019 10:14:05.271417449	81.948047	26.847981	1004.053877	27.427720	25.195152	641.076014	76.034987	27.621103	1004.113491	7.047701	12.102699	
3/18/2019 10:14:06.271417449	82.033470	26.865144	1003.058772	27.541090	25.294627	642.137880	76.039060	27.741359	1004.420537	2.058696	12.111648	
3/18/2019 10:14:07.271417449	82.092608	26.837587	1004.147079	27.396884	25.202581	640.787547	75.858490	27.683046	1004.186505	5.939179	12.154267	
3/18/2019 10:14:08.271417449	82.394871	27.011635	1003.788385	28.174521	25.204581	642.590616	75.813598	27.765224	1004.112069	10.039478	12.052286	
3/18/2019 10:14:09.271417449	82.237169	26.953270	1004.278051	27.651304	25.186703	642.099768	76.014380	27.671944	1004.239020	9.440544	12.141953	
3/18/2019 10:14:10.271417449	81.967760	26.890755	1004.400192	27.906662	25.355815	644.781374	76.325765	27.713240	1004.368494	4.067449	12.105669	
3/18/2019 10:14:11.271417449	82.040041	26.849179	1002.644803	27.191704	25.121801	643.020353	76.208092	27.643412	1003.700622	4.772494	12.124448	
3/18/2019 10:14:12.271417449	82.217456	26.927509	1003.968165	27.434671	25.146782	643.484919	76.174448	27.748206	1004.241071	5.847213	12.117891	
3/18/2019 10:14:13.271417449	82.099179	26.969535	1004.392465	27.715819	25.211602	644.230069	76.115861	27.654514	1004.540707	6.774695	12.100517	
3/18/2019 10:14:14.271417449	82.302878	26.965984	1004.945371	28.516570	25.328384	647.327613	76.256611	27.695079	1004.324810	10.294408	12.140889	
3/18/2019 10:14:15.271417449	81.895480	26.969610	1005.073663	27.051447	25.263442	645.943115	76.108686	27.666652	1004.161905	6.384052	12.100596	
3/18/2019 10:14:16.271417449	82.171459	26.975780	1004.018158	27.562290	25.195887	646.959638	76.258057	27.700783	1004.247223	12.907066	12.067662	
3/18/2019 10:14:17.271417449	82.059753	26.848206	1004.167896	27.207394	25.196009	645.895803	76.436971	27.676717	1004.089834	3.387034	12.148459	
3/18/2019 10:14:18.271417449	82.473723	27.233206	1005.080996	27.341196	25.282749	650.310169	76.356279	27.746545	1004.013348	7.047701	12.078728	
3/18/2019 10:14:19.271417449	82.316020	26.927509	1005.046695	27.574704	25.180743	647.607534	76.225412	27.627950	1004.147237	10.370647	12.151429	
3/18/2019 10:14:20.271417449	82.020328	26.877517	1003.648976	27.228315	25.185274	647.109455	76.176551	27.633972	1004.304625	7.060536	12.086376	
3/18/2019 10:14:21.271417449	82.079466	26.903844	1003.609628	28.752473	25.478557	653.778320	76.335410	27.799249	1004.577604	14.257683	12.107417	
3/18/2019 10:14:22.271417449	82.138605	26.891055	1003.986537	27.126421	25.139924	646.767109	76.111393	27.595163	1003.515004	4.873364	12.142939	
3/18/2019 10:14:23.271417449	82.493436	26.929305	1005.693512	28.012679	25.032081	645.630987	76.349998	27.779543	1005.374169	18.960577	12.051169	
3/18/2019 10:14:24.271417449	82.066324	26.837437	1003.969112	27.212240	25.179029	647.749468	76.404826	27.661255	1004.122951	3.799685	12.146277	
3/18/2019 10:14:25.271417449	82.092608	26.948821	1004.754157	28.552556	25.335160	651.713066	76.464121	27.678886	1004.147551	11.353671	12.106050	
3/18/2019 10:14:26.271417449	82.145176	26.848730	1005.583200	27.066961	25.105677	648.052386	76.206803	27.590178	1003.689897	10.344707	12.087296	
3/18/2019 10:14:27.271417449	82.316020	26.940523	1005.197222	27.415881	25.156170	649.569619	76.256663	27.769891	1004.342000	7.514583	12.099834	
3/18/2019 10:14:28.271417449	82.164888	26.946426	1004.760308	27.357031	25.178212	649.484196	76.104033	27.601799	1004.065234	9.225700	12.113068	
3/18/2019 10:14:29.271417449	82.243740	27.007860	1005.165681	28.293354	25.292423	652.776901	76.146665	27.640289	1004.099609	13.819092	12.087493	
3/18/2019 10:14:30.271417449	82.171459	26.921788	1004.476126	27.522212	25.190376	651.105251	76.040322	27.631061	1004.157961	9.481940	12.147118	
3/18/2019 10:14:31.271417449	82.348875	26.950693	1004.298868	27.606332	25.240257	654.144317	76.372366	27.720817	1004.766223	13.037807	12.108074	
3/18/2019 10:14:32.271417449	82.197743	26.826369	1003.873070	27.081065	25.141312	650.774072	76.294328	27.647878	1003.780423	2.445406	12.128904	
3/18/2019 10:14:33.271417449	82.447439	27.012159	1005.038258	27.883699	25.200050	653.430049	76.154840	27.625664	1004.024387	6.717843	12.106313	
3/18/2019 10:14:34.271417449	82.184601	26.817996	1004.893645	27.208186	25.003671	652.173685	76.284945	27.695291	1003.538661	0.074572	12.044414	
3/18/2019 10:14:35.271417449	82.210885	26.923060	1005.536047	27.966554	25.233440	653.889362	76.169480	27.692898	1004.269772	11.158214	12.122385	
3/18/2019 10:14:36.271417449	81.980902	26.911993	1004.437015	27.542354	25.192621	653.658069	76.003945	27.646629	1004.059711	8.767992	12.118627	
3/18/2019 10:14:37.271417449	82.184601	27.023452	1004.281678	27.783567	25.223888	654.427521	76.313332	27.711472	1004.783885	16.865100	12.083301	
3/18/2019 10:14:38.271417449	82.020328	26.926910	1004.344051	27.549203	25.195479	655.344170	76.252195	27.635834	1004.304625	8.641183	12.151744	
3/18/2019 10:14:39.271417449	81.921764	26.702388	1002.968250	27.788902	25.378224	658.452229	76.284498	27.571499	1004.055610	10.476759	12.056636	
3/18/2019 10:14:40.271417449	82.237169	26.842485	1003.935758	27.032738	25.115270	654.615450	76.047944	27.665509	1003.894914	1.252781	12.141507	
3/18/2019 10:14:41.271417449	82.500007	27.004310	1005.554024	27.606724	25.193846	657.421244	76.008019	27.714277	1004.644002	11.726236	12.108008	
3/18/2019 10:14:42.271417449	82.204314	26.943624	1003.274115	27.588953	25.053225	656.056459	76.207040	27.733581	1004.059397	4.624987	12.049526	
3/18/2019 10:14:43.271417449	82.026899	26.969086	1004.089045	27.855811	25.220705	656.880454	76.302345	27.694973	1003.959097	1.356272	12.126866	
3/18/2019 10:14:44.271417449	82.040041	26.953494	1005.870613	27.505016	25.171681	657.517182	76.193004	27.651709	1004.392150	10.362784	12.131624	
3/18/2019 10:14:45.271417449	82.086037	26.845404	1005.020673	27.092590	25.183029	659.783501	76.222048	27.724447	1003.926137	6.685620	12.084077	
3/18/2019 10:14:46.271417449	82.079466	26.889932	1003.056013	27.065583	25.139639	658.686154	76.088474	27.594433	1003.969664	9.682368	12.111885	
3/18/2019 10:14:47.271417449	82.256882	27.022853	1004.185007	27.626996	25.171151	659.825550	76.008071	27.654926	1003.976287	5.346798	12.110925	
3/18/2019 10:14:48.271417449	82.066324	26.853253	1004.099217	27.186226	25.179029	659.390560	76.060429	27.630236	1004.330804	5.688181	12.119507	
3/18/2019 10:14:49.271417449	82.105750	26.912666	1004.992366	27.865502	25.290382	659.970115	76.363192	27.783173	1004.260784	2.528199	12.090017	
3/18/2019 10:14:50.271417449	82.125463	26.858525	1003.724436	27.221122	25.178212	660.200756	76.107082	27.670282	1004.191078	5.032395	12.146566	
3/18/2019 10:14:51.271417449	82.335733	26.968380	1005.283643	27.371711	25.155639	661.319785	75.960471	27.663954	1004.173887	8.623106	12.060921	
3/18/2019 10:14:52.271417449	82.151747	26.906272	1005.416351	27.419574	25.214419	661.563572	75.969040	27.692179	1004.370072	4.311894	12.118824	
3/18/2019 10:14:53.271417449	82.263453	26.939176	1004.531164	27.854730	25.243073	662.315942	75.966333	27.699852	1004.009247	2.803827	12.112095	
3/18/2019 10:14:54.271417449	82.276594	26.891878	1004.395382	27.225422	25.108780	661.377611	76.017639	27.614668	1003.753294	7.090408	12.130940	
3/18/2019 10:14:55.271417449	82.302878	26.997915	1004.392465	27.820090	25.259278	662.920474	76.301741	27.778506	1004.506169	10.018780	12.127905	
3/18/2019 10:14:56.271417449	82.118892	26.995745	1006.285767	28.106155	25.010733	660.558216	76.205594	27.623071	1004.431576	10.299379	12.085299	
3/18/2019 10:14:57.271417449	82.486865	27.049137	1005.582648	28.416655	25.242828	662.986836	76.005259	27.645899	1004.442458	13.097280	12.123712	
3/18/2019 10:14:58.271417449	82.132034	26.949345	1002.884826	27.486066	25.154374	661.909202	75.965676	27.679416	1003.818427	2.515364	12.100517	
3/18/2019 10:14:59.271417449	82.283165	26.945720	1005.052214	27.905908	25.231195	663.538141	76.234533	27.694147	1004.587385	12.422107	12.134778	
3/18/2019 10:15:00.271417449	82.197743	26.896701	1004.094722	27.069011	25.096289	661.490632	75.778535	27.674230	1003.566733	2.331702	12.139956	
3/18/2019 10:15:01.271417449	82.230598	27.018404	1004.272137	28.506038	25.274259	662.557751	75.848555	27.809324	1005.289009	6.864040	12.027711	
3/18/2019 10:15:02.271417449	82.125463	26.964412	1005.547323	27.474421	25.178212	663.894285	76.064293	27.623695	1004.055453	10.470206	12.127064	
3/18/2019 10:15:03.271417449	81.994044	26.932556	1004.034007	27.850261	25.266299	665.683556	76.041925	27.786697	1004.008461	3.125822	12.125592	
3/18/2019 10:15:04.271417449	81.948047	26.917190	1003.459653	27.360851	25.192336	665.130282	75.852971	27.699026	1003.873150	4.331282	12.126341	
3/18/2019 10:15:05.271417449	82.158317	26.881559	1003.742256	27.348956	25.189519	667.434714	76.138571	27.752154	1004.020443	3.807548	12.089268	
3/18/2019 10:15:06.271417449	82.125463	26.975630	1005.548742	27.592540	25.188131	667.630526	76.045184	27.619441	1004.449081	10.757358	12.135251	
3/18/2019 10:15:07.271417449	82.230598	27.034370	1005.211178	28.181289	25.259564	668.909888	75.954452	27.701619	1004.532505	13.081825	12.120650	
3/18/2019 10:15:08.271417449	82.171459	26.963814	1003.751167	27.469111	25.193479	668.426271	75.850816	27.644237	1004.424795	9.519405	12.118942	
3/18/2019 10:15:09.271417449	82.237169	26.917714	1003.984567	28.000450	25.348467	671.239295	76.179653	27.771341	1004.486613	5.587312	12.125197	
3/18/2019 10:15:10.271417449	82.302878	26.916965	1004.332065	27.279205	25.154374	669.237782	75.956450	27.708467	1004.039370	4.513633	12.068661	
3/18/2019 10:15:11.271417449	82.473723	27.003562	1005.275679	27.511190	25.162375	670.933083	76.014537	27.702762	1004.464378	11.644754	12.102528	
3/18/2019 10:15:12.271417449	82.263453	26.965011	1004.179250	27.384301	25.175641	670.526343	75.845401	27.630024	1004.052774	11.313585	12.144358	
3/18/2019 10:15:13.271417449	82.250311	27.059981	1003.735712	28.338085	25.258095	672.092855	75.862354	27.757752	1004.429368	3.829557	12.076310	
3/18/2019 10:15:14.271417449	82.053182	26.948073	1004.007986	27.594399	25.194622	671.546813	76.105217	27.650153	1004.381269	9.809178	12.152020	
3/18/2019 10:15:15.271417449	81.974331	26.986997	1003.075016	26.972652	25.342834	676.391579	76.278874	27.722680	1003.853595	5.175971	12.044349	
3/18/2019 10:15:16.271417449	82.138605	27.045437	1005.343491	28.844483	25.314792	673.842698	76.019058	27.690200	1004.283648	12.156964	12.128588	
