
Time stamp	Inside_humidity (in %rH)	Inside_temperature (in °C)	Inside_pressure (in mbar)	Soil_moisture (in %VWC)	Soil_temperature (in °C)	Inside_CO2_ratio (in ppm)	Outside_humidity (in %rH)	Outside_temperature (in °C)	Outside_pressure (in mbar)	Outside_PAR (in µmol m^-2 s^-1)	Power_box_charge (in V)	
3/18/2019 11:03:24.924304549	77.709789	27.482119	1004.491581	31.390629	25.236869	521.552405	75.220400	28.785768	1004.262992	6.579509	11.989127	
3/18/2019 11:03:25.924304549	77.795211	27.736893	1004.362422	30.994628	25.429003	523.818072	74.978983	28.892743	1003.874094	11.463714	11.986130	
3/18/2019 11:03:26.924304549	77.906917	27.624686	1002.710722	29.945548	25.276585	522.183218	75.161209	28.815443	1004.052616	9.346228	12.024360	
3/18/2019 11:03:27.924304549	78.005481	27.715431	1003.552934	30.938233	25.362141	523.442214	75.037122	28.845013	1004.055296	9.683950	12.016159	
3/18/2019 11:03:28.924304549	77.933201	27.703166	1002.298803	30.027365	25.264952	521.246855	74.614479	28.773005	1004.024544	17.981485	12.051261	
3/18/2019 11:03:29.924304549	78.005481	27.793761	1003.401066	30.946658	25.371815	523.350875	75.061541	28.846568	1004.166635	10.832558	12.025806	
3/18/2019 11:03:30.924304549	78.071191	27.645324	1002.640544	30.159645	25.295240	522.635301	74.830663	28.803929	1004.376853	9.026854	12.011363	
3/18/2019 11:03:31.924304549	78.156613	27.684249	1003.606868	30.852929	25.320261	522.285724	74.740326	28.855183	1004.085890	14.606930	11.952198	
3/18/2019 11:03:32.924304549	78.294603	27.661140	1002.484497	29.853759	25.240583	521.656226	74.866225	28.800087	1003.498606	19.731648	12.009247	
3/18/2019 11:03:33.924304549	78.531157	27.662487	1002.952558	30.271586	25.259850	522.374431	74.814210	28.849373	1004.954834	11.426249	11.970439	
3/18/2019 11:03:34.924304549	78.288032	27.587258	1004.837818	31.943317	25.313975	520.935390	74.850271	28.757024	1004.158276	17.198890	12.000337	
3/18/2019 11:03:35.924304549	78.557440	27.715506	1004.989449	30.580628	25.328425	522.760805	75.190542	28.906237	1004.320079	14.014549	12.007683	
3/18/2019 11:03:36.924304549	78.445734	27.677105	1003.969112	29.913553	25.234624	522.293608	74.717406	28.748621	1004.232554	17.305001	12.058516	
3/18/2019 11:03:37.924304549	78.537728	27.656392	1004.029354	30.522022	25.341446	524.874024	74.947679	28.849786	1004.528247	15.482531	12.040393	
3/18/2019 11:03:38.924304549	78.623150	27.761456	1003.968165	30.392013	25.295811	521.868469	74.952095	28.808702	1003.632181	16.494116	12.051196	
3/18/2019 11:03:39.924304549	78.669146	27.729450	1004.201408	30.886387	25.329527	522.762773	74.842254	28.797907	1004.055296	19.624226	12.039868	
3/18/2019 11:03:40.924304549	78.688859	27.642148	1004.554268	30.084236	25.256462	521.972291	74.575001	28.856845	1003.910840	14.649636	11.990401	
3/18/2019 11:03:41.924304549	78.912271	27.846855	1005.698008	31.305043	25.402103	523.408701	75.013888	28.878011	1003.658988	19.041019	12.003885	
3/18/2019 11:03:42.924304549	78.899130	27.798060	1002.981971	30.498948	25.297525	520.889394	74.651092	28.792097	1003.705352	19.829896	12.034072	
3/18/2019 11:03:43.924304549	78.885988	27.772075	1004.787511	30.497380	25.280259	522.374431	74.890354	28.838790	1004.346416	21.166097	12.007709	
3/18/2019 11:03:44.924304549	78.925413	27.667085	1002.934266	30.381765	25.290464	523.022327	74.620997	28.826958	1004.173258	13.879876	12.034427	
3/18/2019 11:03:45.924304549	79.069974	27.741117	1002.570367	30.744484	25.296138	523.711619	75.036256	28.878011	1004.420851	13.553949	12.013570	
3/18/2019 11:03:46.924304549	79.037119	27.697894	1003.636753	30.131603	25.251033	522.524249	74.694934	28.757649	1003.959254	22.953724	12.056387	
3/18/2019 11:03:47.924304549	79.181680	27.686120	1003.599930	30.449780	25.323854	526.110022	74.781250	28.922630	1004.326546	17.137067	11.964446	
3/18/2019 11:03:48.924304549	79.470802	27.787891	1005.481404	30.239113	25.378265	525.897779	74.692778	28.848855	1004.985586	28.514413	11.930225	
3/18/2019 11:03:49.924304549	79.339383	27.749864	1003.321820	30.119779	25.247400	523.123518	74.613875	28.780371	1003.669870	27.852074	11.987510	
3/18/2019 11:03:50.924304549	79.549653	27.751511	1004.506641	30.673762	25.350875	526.550927	74.953646	29.030017	1004.166478	24.375339	11.949241	
3/18/2019 11:03:51.924304549	79.483944	27.698268	1003.480944	30.083069	25.249726	525.770297	74.618185	28.761078	1004.335220	25.544645	12.019498	
3/18/2019 11:03:52.924304549	79.562795	27.689820	1003.784678	30.049338	25.283076	529.013723	74.638398	28.858919	1004.626497	29.567394	12.019734	
3/18/2019 11:03:53.924304549	79.595650	27.725975	1004.453102	30.358730	25.305199	527.971570	74.837077	28.823846	1004.122637	19.760209	12.047950	
3/18/2019 11:03:54.924304549	79.654788	27.789163	1002.992696	30.901114	25.373448	530.484962	74.803775	28.856739	1004.233026	33.330241	12.001283	
3/18/2019 11:03:55.924304549	79.470802	27.683575	1002.713719	29.691031	25.241155	526.382712	74.618185	28.703484	1004.149287	38.849533	12.001901	
3/18/2019 11:03:56.924304549	79.451089	27.751286	1003.912733	30.663428	25.374591	530.797079	74.757726	28.831731	1004.497652	31.426289	12.036280	
3/18/2019 11:03:57.924304549	79.411663	27.708587	1003.337906	29.971340	25.240298	528.071445	74.709522	28.750177	1004.129732	36.483671	12.063418	
3/18/2019 11:03:58.924304549	79.851916	27.872765	1003.173343	31.049094	25.376346	530.191232	74.743690	28.908512	1004.081475	30.635830	12.012440	
3/18/2019 11:03:59.924304549	79.865058	27.771700	1003.682960	30.626309	25.385898	528.564924	74.542094	28.857363	1003.265046	34.922412	11.993792	
3/18/2019 11:04:00.924304549	79.891342	27.782394	1003.509802	30.373253	25.276871	530.582205	74.482456	28.803717	1004.508377	41.326479	12.025806	
3/18/2019 11:04:01.924304549	79.667930	27.768150	1004.012401	29.710522	25.326711	530.971210	74.743927	28.843150	1004.194865	29.312735	12.002163	
3/18/2019 11:04:02.924304549	79.996477	27.831413	1004.668445	30.938710	25.384265	532.282769	74.864018	28.956348	1004.204010	36.770823	12.023388	
3/18/2019 11:04:03.924304549	79.897913	27.787741	1004.958460	30.619189	25.328956	531.804404	74.669097	28.838377	1003.795085	35.077783	12.043823	
3/18/2019 11:04:04.924304549	79.983335	27.799033	1005.270711	30.579284	25.325894	532.544291	74.511999	28.842832	1004.506326	40.053683	11.986328	
3/18/2019 11:04:05.924304549	79.924197	27.693520	1005.208656	30.200884	25.254747	533.545048	74.404104	28.811602	1004.444823	35.664922	12.047963	
3/18/2019 11:04:06.924304549	79.970193	27.774021	1004.389468	30.937697	25.341446	534.438700	74.671148	28.828513	1003.862269	42.774034	12.042654	
3/18/2019 11:04:07.924304549	80.134467	27.757232	1004.999699	30.719862	25.339732	534.861870	74.619237	28.884446	1004.236813	34.628978	12.030773	
3/18/2019 11:04:08.924304549	80.134467	27.899873	1004.819367	31.388612	25.391041	535.820568	74.468262	28.814819	1003.847600	41.913889	12.037581	
3/18/2019 11:04:09.924304549	79.832204	27.725900	1002.525027	29.961103	25.277157	536.164230	74.443529	28.833286	1004.385212	34.229162	12.031693	
3/18/2019 11:04:10.924304549	79.937339	27.814924	1004.558841	31.052035	25.359896	537.921957	74.758620	28.872095	1004.202274	33.211295	12.001060	
3/18/2019 11:04:11.924304549	79.799349	27.731022	1003.508856	30.091367	25.281402	537.163671	74.565723	28.822185	1004.297844	36.197829	12.050604	
3/18/2019 11:04:12.924304549	80.147609	27.814999	1005.414773	29.971203	25.302097	538.261019	74.734597	28.859850	1004.309198	44.566633	11.970307	
3/18/2019 11:04:13.924304549	79.871629	27.719356	1003.868892	30.068293	25.240012	538.215023	74.529004	28.811602	1004.252110	34.696044	12.053785	
3/18/2019 11:04:14.924304549	80.068758	27.847079	1005.390015	30.619052	25.327568	539.524614	74.501512	28.850410	1004.735942	45.147489	12.003596	
3/18/2019 11:04:15.924304549	80.049045	27.783667	1004.474470	30.760741	25.340303	539.386627	74.688705	28.843044	1003.708981	37.258673	12.061092	
3/18/2019 11:04:16.924304549	80.108183	27.831338	1005.687126	31.184403	25.402348	540.016777	74.637399	28.840864	1004.116957	48.026872	12.005370	
3/18/2019 11:04:17.924304549	80.127896	27.788938	1004.198805	30.549820	25.345161	540.497773	74.522171	28.858612	1004.014134	37.636481	12.039631	
3/18/2019 11:04:18.924304549	80.134467	27.784191	1003.128713	30.891529	25.380020	543.333797	74.699639	28.859744	1004.251953	34.403920	12.020680	
3/18/2019 11:04:19.924304549	80.147609	27.709261	1003.764966	30.086214	25.248502	541.035933	74.602888	28.788361	1004.300524	41.596865	12.055230	
3/18/2019 11:04:20.924304549	80.252744	27.921036	1002.939391	31.311831	25.405246	543.549324	74.522985	28.891706	1003.707088	41.814330	11.984790	
3/18/2019 11:04:21.924304549	80.371021	27.815972	1004.452707	30.618974	25.334099	543.187264	74.645416	28.870433	1003.743992	40.044780	12.050788	
3/18/2019 11:04:22.924304549	80.469585	27.822067	1004.036135	30.705397	25.349732	544.768891	74.712334	28.922524	1004.094250	40.589483	11.995408	
3/18/2019 11:04:23.924304549	80.371021	27.720179	1003.613177	30.206611	25.279973	543.997460	74.444186	28.808903	1004.236184	45.298929	12.040288	
3/18/2019 11:04:24.924304549	80.311882	27.842631	1004.456413	31.081538	25.345161	544.844453	74.715436	28.919719	1003.987483	51.057424	12.034151	
3/18/2019 11:04:25.924304549	80.154180	27.751511	1002.665067	30.724352	25.294423	546.217785	74.647281	28.847606	1004.308883	41.397747	12.035741	
3/18/2019 11:04:26.924304549	80.219889	27.942273	1005.854449	31.346584	25.224419	547.344045	74.666784	28.962158	1003.584867	54.390854	11.984185	
3/18/2019 11:04:27.924304549	80.476156	27.732295	1004.464850	30.482741	25.269197	547.723188	74.601522	28.830069	1003.791777	43.913739	12.000652	
3/18/2019 11:04:28.924304549	80.344737	27.730723	1003.811961	31.071282	25.340018	551.186741	74.650540	28.823740	1004.385999	53.167317	12.047477	
3/18/2019 11:04:29.924304549	80.213318	27.757082	1003.783023	30.101068	25.269769	549.770698	74.452361	28.811083	1004.221358	47.656928	12.043061	
3/18/2019 11:04:30.924304549	80.390734	27.890003	1005.337814	31.344207	25.391613	551.992338	74.817259	28.879461	1004.083840	51.772953	12.004660	
3/18/2019 11:04:31.924304549	80.390734	27.861847	1005.327879	30.244188	25.283076	549.900801	74.480852	28.765533	1003.663404	53.772533	12.021206	
3/18/2019 11:04:32.924304549	80.541865	27.763327	1004.913358	30.170952	25.326506	553.667272	74.498804	28.881017	1004.148658	43.257953	11.977010	
3/18/2019 11:04:33.924304549	80.640430	27.861772	1003.026207	30.500536	25.400389	550.109097	74.460035	28.886414	1004.621609	54.628746	11.968533	
3/18/2019 11:04:34.924304549	80.528724	27.794360	1004.323943	30.658869	25.316261	554.426873	74.559047	28.958941	1004.247851	42.201041	12.017960	
3/18/2019 11:04:35.924304549	80.331595	27.740967	1003.891916	30.178745	25.264666	553.192191	74.533367	28.825402	1004.118221	48.681347	12.054376	
3/18/2019 11:04:36.924304549	80.305311	27.736893	1004.021784	30.085640	25.322751	556.024931	74.638897	28.881017	1004.486613	50.225840	12.028132	
3/18/2019 11:04:37.924304549	80.338166	27.736070	1003.568941	30.058796	25.243114	553.473428	74.646729	28.768232	1004.125631	53.691051	12.060395	
3/18/2019 11:04:38.924304549	80.515582	27.832311	1004.207085	30.847914	25.326139	554.301370	74.597868	28.833286	1004.083525	54.107634	12.044441	
3/18/2019 11:04:39.924304549	80.515582	27.899724	1002.795725	29.051319	25.357611	554.731107	74.500408	28.860263	1004.205432	47.430560	12.008537	
3/18/2019 11:04:40.924304549	80.633859	27.925559	1003.846262	30.940405	25.367529	555.804142	74.686155	28.812014	1004.366286	51.612340	12.004227	
3/18/2019 11:04:41.924304549	80.568149	27.735096	1003.624059	30.167495	25.256707	555.563649	74.483507	28.841901	1004.361870	46.388063	12.051380	
3/18/2019 11:04:42.924304549	80.830987	27.937376	1006.035728	30.960450	25.355365	555.971705	74.766348	28.838790	1004.002781	55.542083	12.015883	
3/18/2019 11:04:43.924304549	80.653571	27.763402	1002.636443	30.307167	25.159844	556.926466	74.630223	28.691345	1003.509802	48.772003	12.018814	
3/18/2019 11:04:44.924304549	80.758707	27.815298	1003.187379	30.479994	25.254176	557.351604	74.430940	28.803823	1003.991585	49.654157	12.060947	
3/18/2019 11:04:45.924304549	80.679855	27.825542	1005.415167	30.483228	25.344834	557.655838	74.774075	28.827582	1003.856117	48.639951	12.007315	
3/18/2019 11:04:46.924304549	80.581291	27.831862	1004.062866	30.410703	25.267524	558.276137	74.628672	28.796245	1003.774429	49.485951	12.058608	
3/18/2019 11:04:47.924304549	80.528724	27.741341	1002.435137	30.169784	25.262381	559.017340	74.606647	28.814300	1004.265357	47.636230	12.046741	
3/18/2019 11:04:48.924304549	80.456443	27.704438	1002.484260	29.969412	25.280545	560.082490	74.802224	28.768126	1004.544966	48.712530	11.971740	
3/18/2019 11:04:49.924304549	80.633859	27.852950	1003.641878	30.926029	25.343732	560.867720	74.684499	28.868878	1003.936704	43.824394	12.060566	
3/18/2019 11:04:50.924304549	80.515582	27.726574	1005.157007	29.588057	25.302954	560.545741	74.765296	28.811602	1003.886554	48.687900	12.000718	
3/18/2019 11:04:51.924304549	80.640430	27.757082	1003.990481	30.064650	25.263523	562.030778	74.768266	28.824989	1004.405554	46.898962	12.063588	
3/18/2019 11:04:52.924304549	80.673284	27.816496	1003.713554	30.861375	25.336058	562.979624	74.641210	28.875418	1003.711346	49.183343	12.023782	
3/18/2019 11:04:53.924304549	80.706139	27.815223	1004.309592	30.531811	25.335487	563.567725	74.738460	28.904575	1004.087941	42.248990	12.057438	
3/18/2019 11:04:54.924304549	80.633859	27.841283	1004.793740	30.752686	25.349651	563.456673	74.750708	28.840240	1004.022651	49.483330	12.016803	
3/18/2019 11:04:55.924304549	80.535295	27.746089	1003.329233	29.914350	25.255850	563.227347	74.560203	28.809221	1004.211263	52.708028	12.049133	
3/18/2019 11:04:56.924304549	80.601004	27.805353	1003.935600	30.384921	25.339773	566.350522	74.864912	28.894299	1003.995686	43.147910	12.036490	
3/18/2019 11:04:57.924304549	80.706139	27.762504	1004.160326	30.335160	25.269769	566.179675	74.783615	28.873651	1004.243436	43.962727	12.062931	
3/18/2019 11:04:58.924304549	80.758707	27.746988	1003.761811	30.049222	25.222705	566.893281	74.520725	28.792404	1004.054824	49.483330	12.054429	
3/18/2019 11:04:59.924304549	80.962406	27.811224	1004.378666	30.676684	25.329854	567.727138	74.944762	28.898140	1004.019814	43.625276	12.008038	
3/18/2019 11:05:00.924304549	80.942693	27.857773	1004.919035	30.845625	25.335773	567.825697	74.768266	28.836610	1003.370391	52.212584	11.987970	
3/18/2019 11:05:01.924304549	80.909838	27.832162	1004.087784	30.600274	25.338344	569.561089	74.636847	28.914534	1003.934497	44.319837	12.036201	
3/18/2019 11:05:02.924304549	80.778419	27.631679	1004.563809	31.407722	25.195560	568.623410	75.039620	28.820005	1004.442143	43.292796	11.987536	
3/18/2019 11:05:03.924304549	80.857271	27.863194	1004.291693	30.453764	25.300913	568.907278	74.727184	28.841901	1003.728694	51.193407	12.056794	
3/18/2019 11:05:04.924304549	80.798132	27.757606	1003.601506	30.092389	25.256176	571.923999	74.863965	28.835879	1004.304468	45.089327	12.041957	
3/18/2019 11:05:05.924304549	80.837558	27.846630	1004.648889	30.955746	25.336058	571.346413	74.827404	28.886414	1003.869521	43.569464	12.052024	
3/18/2019 11:05:06.924304549	80.778419	27.789388	1004.592038	30.632026	25.293566	573.163281	74.735963	28.859744	1004.383476	39.426459	12.021088	
3/18/2019 11:05:07.924304549	80.765278	27.784041	1004.120349	30.383694	25.289035	573.149482	74.897767	28.863586	1004.252110	41.744372	12.054021	
3/18/2019 11:05:08.924304549	80.784990	27.868766	1003.577457	30.957675	25.316506	572.347169	74.859102	28.785768	1003.792563	51.582739	12.038671	
3/18/2019 11:05:09.924304549	80.778419	27.830814	1004.364235	31.009034	25.313363	573.973477	74.721769	28.866391	1003.807703	42.863379	12.022363	
3/18/2019 11:05:10.924304549	80.771848	27.842182	1005.309980	30.724761	25.325323	573.910399	74.604544	28.915983	1003.864476	42.035456	12.044191	
3/18/2019 11:05:11.924304549	80.765278	27.826366	1004.524698	30.476108	25.304914	574.234347	74.855791	28.874688	1004.054981	40.948942	12.044480	
3/18/2019 11:05:12.924304549	80.725852	27.836311	1003.249829	30.281512	25.243114	574.443958	74.521382	28.790954	1004.554426	52.418255	12.027317	
3/18/2019 11:05:13.924304549	80.765278	27.810101	1004.010745	30.607929	25.296668	575.783777	74.785561	28.881123	1004.039684	41.955285	12.051774	
3/18/2019 11:05:14.924304549	80.686426	27.762130	1004.926605	29.968847	25.252176	575.782462	74.748001	28.812226	1004.337427	50.083574	12.052181	
3/18/2019 11:05:15.924304549	80.706139	27.795109	1003.013038	30.235422	25.315404	576.854843	74.715146	28.899072	1004.048201	41.465084	12.026712	
3/18/2019 11:05:16.924304549	80.732423	27.979252	1005.478564	30.537090	25.145068	576.378447	74.753810	28.890669	1003.173577	50.738050	11.990664	
3/18/2019 11:05:17.924304549	80.863842	27.763402	1003.841215	30.192001	25.296138	577.599330	74.703608	28.860263	1004.298002	43.160745	12.054692	
3/18/2019 11:05:18.924304549	80.837558	27.804979	1002.725467	29.960451	25.254462	577.770829	74.474229	28.792510	1004.230346	47.938838	12.044125	
3/18/2019 11:05:19.924304549	80.844129	27.744817	1004.664581	30.434059	25.245359	578.235395	74.544354	28.826958	1004.337742	41.926723	11.986879	
3/18/2019 11:05:20.924304549	80.883555	27.762504	1004.148183	30.025894	25.268626	580.021382	74.578103	28.831837	1004.366129	42.446796	12.054547	
3/18/2019 11:05:21.924304549	81.008402	27.821693	1003.832621	30.528207	25.327854	580.416955	74.728735	28.871058	1003.971872	36.377830	12.035820	
3/18/2019 11:05:22.924304549	81.008402	27.811224	1003.686903	30.480121	25.336058	580.656795	74.562358	28.907168	1003.787990	36.767162	12.028421	
3/18/2019 11:05:23.924304549	80.982119	27.778020	1004.151180	30.085932	25.299240	580.280936	74.509291	28.850823	1004.207640	38.332082	12.049474	
3/18/2019 11:05:24.924304549	81.054399	27.836610	1002.824031	30.531967	25.324180	581.401282	74.815708	28.917021	1004.068385	33.881226	12.029341	
3/18/2019 11:05:25.924304549	80.876984	27.910193	1005.901445	30.829866	25.139720	580.310502	74.538335	28.782339	1004.210634	40.691392	11.994962	
3/18/2019 11:05:26.924304549	81.047828	27.798883	1003.814169	30.046933	25.261809	580.391326	74.323097	28.799981	1003.827887	41.294257	12.068858	
3/18/2019 11:05:27.924304549	81.060970	27.826366	1004.133833	30.921666	25.358427	581.425595	74.694120	28.895548	1003.958939	37.499187	12.013662	
3/18/2019 11:05:28.924304549	81.014973	27.827489	1003.825208	30.216477	25.254462	581.489989	74.493942	28.807972	1003.892863	40.595764	12.059528	
3/18/2019 11:05:29.924304549	81.041257	27.800306	1002.649061	30.404976	25.294423	582.455918	74.349933	28.869809	1004.656777	32.420836	12.004634	
3/18/2019 11:05:30.924304549	80.922980	27.842256	1004.005778	30.369990	25.272014	583.193836	74.584621	28.786805	1003.903902	37.662151	12.064351	
3/18/2019 11:05:31.924304549	81.159534	27.926757	1004.226168	30.549694	25.319894	583.047303	74.421661	28.833498	1003.945850	36.178442	12.019997	
3/18/2019 11:05:32.924304549	81.133250	27.773198	1004.170499	30.264077	25.285606	586.240787	74.386494	28.832461	1004.133990	29.143219	12.055112	
3/18/2019 11:05:33.924304549	81.185818	27.848352	1004.708974	30.720973	25.345692	585.988463	74.653038	28.922418	1003.560424	26.354491	11.998523	
3/18/2019 11:05:34.924304549	81.205531	27.884132	1003.369920	30.997375	25.316220	585.937205	74.388859	28.815337	1003.854066	30.220558	12.010995	
3/18/2019 11:05:35.924304549	81.047828	27.879235	1004.719936	30.052699	25.245400	586.937962	74.277600	28.813157	1004.079424	25.990829	12.023926	
3/18/2019 11:05:36.924304549	81.041257	27.836161	1004.993708	30.058962	25.277973	588.655608	74.500408	28.815337	1004.154017	27.592173	12.038014	
3/18/2019 11:05:37.924304549	80.988690	27.820795	1003.029124	29.931728	25.241971	588.905963	74.355400	28.802786	1004.136198	26.038778	12.044664	
3/18/2019 11:05:38.924304549	81.067541	27.900772	1004.416988	30.610141	25.332956	590.484307	74.268269	28.898140	1003.814012	18.302441	12.057596	
3/18/2019 11:05:39.924304549	81.120108	27.831787	1004.261493	30.345884	25.313404	591.525144	74.476727	28.854040	1004.267564	11.520566	12.050328	
3/18/2019 11:05:40.924304549	81.304095	28.073847	1004.701089	31.308890	25.404103	593.153419	74.370302	28.809209	1004.178146	21.493335	12.020785	
3/18/2019 11:05:41.924304549	81.152963	27.794510	1003.407375	30.104224	25.267483	591.708474	74.114483	28.810670	1004.168843	21.192038	12.060579	
3/18/2019 11:05:42.924304549	81.310666	27.911989	1003.818742	30.678533	25.289402	594.369050	74.406654	28.856527	1004.781520	23.343056	12.011008	
3/18/2019 11:05:43.924304549	81.225244	27.885330	1004.397827	30.654584	25.358753	593.493145	74.358502	28.890975	1003.573514	15.421747	12.039749	
3/18/2019 11:05:44.924304549	81.356662	27.885704	1004.442220	30.888832	25.351406	597.245154	74.323045	28.966200	1004.420065	14.928925	11.971004	
3/18/2019 11:05:45.924304549	81.251527	27.889853	1003.072414	30.617183	25.339732	595.782462	74.008796	28.846780	1003.770642	17.806998	12.045899	
3/18/2019 11:05:46.924304549	81.205531	27.869439	1004.863208	31.219555	25.445983	599.750661	74.471602	28.964857	1003.966192	19.898543	12.022678	
3/18/2019 11:05:47.924304549	80.962406	27.932777	1003.890655	30.168352	25.354182	598.205830	74.246953	28.862136	1003.768277	21.073091	12.006329	
3/18/2019 11:05:48.924304549	81.179247	27.948144	1005.100866	31.677950	25.408348	598.652650	74.144683	28.887758	1003.943642	27.694353	12.042062	
3/18/2019 11:05:49.924304549	81.014973	27.796007	1003.587550	30.009795	25.263809	598.491003	74.045909	28.805897	1004.268193	25.288405	12.019498	
3/18/2019 11:05:50.924304549	81.067541	27.969456	1002.862748	30.693827	25.301811	598.877376	74.342653	28.859332	1004.315507	24.771224	12.007643	
3/18/2019 11:05:51.924304549	80.968977	27.863269	1004.047411	30.236454	25.276259	597.307579	73.973181	28.811189	1003.824893	31.295548	12.057701	
3/18/2019 11:05:52.924304549	81.152963	27.928329	1003.794928	31.381355	25.419696	598.629653	74.408152	28.903951	1004.216942	29.674816	11.970899	
3/18/2019 11:05:53.924304549	81.120108	27.785089	1003.369210	30.323004	25.249931	598.500865	74.191126	28.793134	1004.216785	28.566293	12.057162	
3/18/2019 11:05:54.924304549	81.323808	27.885555	1005.295077	30.887069	25.391898	599.673121	74.245245	28.999305	1004.116799	28.173030	12.021324	
3/18/2019 11:05:55.924304549	81.350091	27.921111	1003.890103	30.428314	25.329242	597.489593	74.268612	28.851553	1003.530144	35.606759	12.017303	
3/18/2019 11:05:56.924304549	81.264669	27.828387	1005.595185	30.798960	25.385082	599.129047	74.353639	28.969111	1003.960990	33.557920	11.951922	
3/18/2019 11:05:57.924304549	81.146392	27.804829	1003.451768	29.937416	25.237155	598.320819	74.124313	28.789398	1004.315821	30.736700	12.062287	
3/18/2019 11:05:58.924304549	81.271240	27.963136	1005.213229	30.768192	25.352508	601.466991	74.186763	28.895642	1004.447345	21.680928	11.994764	
3/18/2019 11:05:59.924304549	81.093825	27.827264	1003.473294	29.881772	25.249033	599.354425	74.302228	28.788880	1004.366443	20.298089	12.011639	
3/18/2019 11:06:00.924304549	81.212102	27.905295	1004.299263	30.754643	25.329854	603.245747	74.255784	28.887970	1004.363606	17.085186	12.014714	
3/18/2019 11:06:01.924304549	81.001831	27.816121	1003.504835	30.153499	25.252176	601.870447	74.128624	28.813263	1004.208426	27.807017	12.056518	
3/18/2019 11:06:02.924304549	81.218673	27.949866	1003.811567	31.081002	25.357937	603.210919	74.361971	28.918164	1004.063655	34.249860	11.990887	
3/18/2019 11:06:03.924304549	81.021544	27.821693	1003.806994	30.227191	25.297811	603.878529	74.148389	28.860369	1004.372123	16.005225	12.001073	
3/18/2019 11:06:04.924304549	80.936122	27.805802	1002.790914	30.391798	25.303485	605.206517	74.429574	28.951575	1004.497495	18.030745	12.021824	
3/18/2019 11:06:05.924304549	81.113538	27.769797	1003.964065	29.969489	25.252502	605.175636	74.447341	28.892743	1004.426689	14.282313	12.000810	
3/18/2019 11:06:06.924304549	81.304095	27.879834	1004.163795	31.125632	25.394715	606.445798	74.595451	28.983112	1003.983068	14.536972	12.024755	
3/18/2019 11:06:07.924304549	81.212102	27.853100	1004.034165	30.158778	25.229521	604.718953	74.251369	28.818036	1004.169000	28.934927	12.044664	
3/18/2019 11:06:08.924304549	81.297524	27.948893	1003.787675	31.506476	25.436676	606.838740	74.292950	28.864105	1003.729166	29.695514	11.992241	
3/18/2019 11:06:09.924304549	81.172676	27.899798	1005.446156	29.924520	25.397817	604.452168	74.386442	29.004078	1004.282862	19.236205	11.951606	
3/18/2019 11:06:10.924304549	81.166105	27.933226	1004.039289	30.678758	25.300383	607.265194	74.249765	28.841277	1004.120586	35.685620	12.024281	
3/18/2019 11:06:11.924304549	80.962406	27.873514	1003.708429	30.134632	25.251604	607.144289	74.384181	28.821772	1004.261098	61.991478	12.054271	
3/18/2019 11:06:12.924304549	81.225244	27.886902	1003.628394	30.720124	25.377203	610.348287	74.540937	29.000342	1004.225459	60.845491	11.990559	
3/18/2019 11:06:13.924304549	81.277811	27.804455	1003.174052	30.157822	25.246461	608.883617	74.208579	28.834430	1004.573824	41.348488	12.006487	
3/18/2019 11:06:14.924304549	81.442085	27.890527	1004.161273	31.174371	25.403777	609.335700	74.579759	28.969111	1004.106075	37.946681	12.040551	
3/18/2019 11:06:15.924304549	81.310666	27.805503	1004.094012	30.111305	25.266911	609.350815	74.176329	28.861512	1004.585020	31.419736	12.033204	
3/18/2019 11:06:16.924304549	81.481510	27.937974	1004.165846	30.176787	25.456188	610.254318	74.277652	28.884128	1005.062544	24.205823	11.948045	
3/18/2019 11:06:17.924304549	81.323808	27.800081	1003.538741	30.077828	25.247645	610.087418	74.266114	28.793134	1004.186505	21.355001	12.054087	
3/18/2019 11:06:18.924304549	81.474939	28.037243	1003.126347	30.603342	25.335813	611.797833	74.260595	28.801431	1004.132097	22.848923	12.000166	
3/18/2019 11:06:19.924304549	81.264669	27.822516	1004.901609	30.066082	25.240910	611.233392	74.414643	28.830694	1003.831674	18.788710	11.979651	
3/18/2019 11:06:20.924304549	81.409230	27.837284	1004.164033	30.358730	25.319363	613.067343	74.241486	28.878530	1004.574139	18.029434	12.019734	
3/18/2019 11:06:21.924304549	81.428943	27.911241	1004.034322	30.205394	25.285892	611.589537	74.341444	28.747171	1003.788147	22.424748	12.046451	
3/18/2019 11:06:22.924304549	81.534078	27.739812	1003.550804	31.666115	25.442350	613.473430	74.057000	28.961745	1004.891123	17.157765	11.931342	
3/18/2019 11:06:23.924304549	81.343521	27.826590	1004.001362	30.137944	25.253890	614.949920	74.172912	28.769788	1004.243436	17.266226	12.055611	
3/18/2019 11:06:24.924304549	81.297524	27.848427	1004.179172	30.755617	25.393327	617.322692	74.219118	28.903114	1004.088098	10.193538	12.000310	
3/18/2019 11:06:25.924304549	81.343521	27.895799	1004.019025	30.431128	25.310587	615.776546	73.941430	28.824365	1004.186348	10.308553	12.056268	
3/18/2019 11:06:26.924304549	81.271240	28.027822	1003.325054	30.452946	25.542601	617.758345	74.028613	28.909136	1004.300524	25.445086	11.966457	
3/18/2019 11:06:27.924304549	81.225244	27.833434	1002.489780	30.157297	25.293321	618.485749	73.962247	28.853109	1004.371966	29.946512	12.025135	
3/18/2019 11:06:28.924304549	81.356662	28.002211	1004.341054	30.825346	25.363039	617.686721	74.210577	28.818449	1004.035269	25.785159	12.026344	
3/18/2019 11:06:29.924304549	81.008402	27.933301	1003.045840	29.222266	25.296138	620.637080	74.086543	28.684392	1003.555851	21.498577	12.000481	
3/18/2019 11:06:30.924304549	81.093825	27.902119	1003.728300	30.287599	25.277443	620.403808	73.966006	28.891706	1004.479833	22.789450	12.006264	
3/18/2019 11:06:31.924304549	81.428943	27.885031	1004.266698	30.652003	25.322466	619.629092	74.193676	28.877387	1004.167107	11.825795	12.047595	
3/18/2019 11:06:32.924304549	81.481510	27.923656	1005.312739	31.143786	25.422512	622.194394	74.079972	28.837541	1004.028802	22.670504	12.009891	
3/18/2019 11:06:33.924304549	81.258098	27.852501	1004.236575	30.090929	25.226133	621.139095	74.026695	28.766052	1003.971872	26.413693	11.984120	
3/18/2019 11:06:34.924304549	81.231815	27.884582	1003.954919	30.801386	25.339732	622.545939	74.164291	28.829138	1004.340107	20.210325	12.035636	
3/18/2019 11:06:35.924304549	81.284382	27.831606	1004.366286	30.198165	25.330711	625.209147	74.274631	29.060941	1004.858950	36.655808	11.942302	
3/18/2019 11:06:36.924304549	81.054399	27.863269	1005.332767	30.558955	25.281606	622.732553	74.223824	28.840346	1004.519258	10.166288	11.984238	
3/18/2019 11:06:37.924304549	81.363233	27.875759	1004.589041	31.116826	25.537825	626.848600	74.222325	28.994214	1004.340421	13.398849	12.023243	
3/18/2019 11:06:38.924304549	81.461798	27.869589	1005.381104	30.759796	25.332670	623.591375	74.063361	28.886414	1003.698414	12.544985	12.029722	
3/18/2019 11:06:39.924304549	81.455227	27.995666	1003.701174	31.662532	25.482557	623.787188	74.232260	28.893155	1003.638011	27.841861	11.992018	
3/18/2019 11:06:40.924304549	81.284382	27.721676	1004.548040	31.718235	25.272014	624.366091	73.907971	28.842007	1003.337431	33.616083	11.994383	
3/18/2019 11:06:41.924304549	81.422372	27.995966	1005.010423	31.235752	25.371530	627.447206	74.211838	28.929371	1004.289485	22.176371	11.992649	
3/18/2019 11:06:42.924304549	81.120108	27.827339	1004.673807	30.079094	25.270054	626.847937	73.944742	28.844494	1004.442458	15.049182	12.041878	
3/18/2019 11:06:43.924304549	81.290953	27.957009	1003.218368	30.927528	25.370672	628.442047	74.230842	28.900733	1004.247380	33.200811	11.951133	
3/18/2019 11:06:44.924304549	81.304095	27.838856	1003.653864	30.103152	25.231236	627.275706	74.002777	28.774667	1003.945378	27.720293	12.051590	
3/18/2019 11:06:45.924304549	81.527507	27.822516	1004.394515	30.500662	25.354468	631.443664	74.144868	28.936843	1004.462799	18.841901	12.010364	
3/18/2019 11:06:46.924304549	81.461798	27.922159	1004.365577	30.497108	25.322996	628.256749	74.172964	28.840558	1003.878509	18.341216	12.023006	
3/18/2019 11:06:47.924304549	81.402659	28.007782	1005.762903	31.402774	25.467821	631.444317	73.948054	28.836504	1004.169157	29.202692	12.008682	
3/18/2019 11:06:48.924304549	81.185818	27.832461	1003.732006	29.897229	25.247359	630.266146	74.146523	28.769893	1004.330804	34.478849	12.059659	
3/18/2019 11:06:49.924304549	81.205531	27.921260	1004.075561	30.412710	25.326180	631.377292	74.176381	28.784307	1004.005146	30.512952	11.979927	
3/18/2019 11:06:50.924304549	81.113538	27.912363	1003.568941	30.861452	25.325037	630.515185	73.987322	28.895442	1003.794456	25.446397	12.051261	
3/18/2019 11:06:51.924304549	81.231815	27.990245	1004.975176	30.392129	25.313445	629.913937	73.961800	28.901146	1004.499231	26.277981	11.953407	
3/18/2019 11:06:52.924304549	81.284382	27.912139	1005.396558	30.493455	25.359039	630.932440	73.947949	28.891600	1003.939069	15.320878	12.040827	
3/18/2019 11:06:53.924304549	81.330379	27.875984	1003.302816	30.586024	25.340671	632.644833	74.290375	28.986647	1004.409184	16.051863	11.976892	
3/18/2019 11:06:54.924304549	81.310666	27.869140	1005.097949	30.324397	25.293852	631.682841	73.996206	28.837541	1004.276238	13.389675	12.041116	
3/18/2019 11:06:55.924304549	81.488081	27.969681	1004.484248	31.332422	25.404919	631.431171	73.992737	28.880392	1003.880560	23.502088	12.037528	
3/18/2019 11:06:56.924304549	81.461798	27.912214	1003.597485	30.852365	25.368387	632.170405	74.072297	28.863480	1003.851387	26.567754	12.019957	
3/18/2019 11:06:57.924304549	81.501223	28.012530	1004.511294	31.302130	25.374632	632.962203	73.887312	28.848124	1003.770328	34.377980	12.013163	
3/18/2019 11:06:58.924304549	81.474939	27.933750	1004.349175	30.796954	25.350263	633.090338	73.984458	28.888382	1003.661039	25.708919	12.061236	
3/18/2019 11:06:59.924304549	81.540649	28.038515	1005.334660	30.884127	25.311730	634.481404	73.985167	28.819486	1004.105603	36.443585	11.983686	
3/18/2019 11:07:00.924304549	81.415801	27.948593	1004.799654	30.575515	25.329568	635.498591	73.901453	28.917645	1003.954524	25.667523	12.056728	
3/18/2019 11:07:01.924304549	81.350091	28.129710	1004.390966	29.457464	25.399817	637.541500	73.708688	28.904363	1004.252267	29.955415	11.968717	
3/18/2019 11:07:02.924304549	81.363233	27.911914	1004.356193	30.640909	25.343446	636.601854	74.045304	28.906956	1004.144400	16.389315	12.048423	
3/18/2019 11:07:03.924304549	81.277811	27.854672	1002.974401	30.958444	25.384510	639.370198	73.992789	28.902807	1004.543544	11.678558	12.026620	
3/18/2019 11:07:04.924304549	81.297524	27.974354	1004.925501	30.221397	25.300342	636.183283	73.712551	28.825508	1003.963355	18.994380	12.042614	
3/18/2019 11:07:05.924304549	81.251527	27.896772	1004.832061	30.216555	25.343487	639.897842	74.181638	28.906744	1003.938912	8.571496	11.974933	
3/18/2019 11:07:06.924304549	81.244956	27.906867	1004.553716	30.716706	25.342630	637.251065	74.037734	28.900309	1003.983540	12.281152	12.028960	
3/18/2019 11:07:07.924304549	81.290953	27.927730	1004.123503	30.503282	25.310873	639.618575	73.847834	28.892743	1004.482198	10.193538	12.020430	
3/18/2019 11:07:08.924304549	81.271240	27.916587	1004.639743	30.925221	25.321037	639.048219	74.031506	28.915158	1003.985433	8.839260	12.046175	
3/18/2019 11:07:09.924304549	81.106967	27.897072	1005.593372	30.903442	25.184498	640.793462	74.031715	28.920344	1004.742251	10.474138	11.961883	
3/18/2019 11:07:10.924304549	81.192389	27.890602	1003.754241	30.194874	25.256992	638.174282	73.891018	28.825508	1003.938912	19.013768	12.051432	
3/18/2019 11:07:11.924304549	81.231815	27.897072	1003.059324	30.406165	25.313404	642.298212	74.211681	28.856114	1004.613407	16.285824	12.030944	
3/18/2019 11:07:12.924304549	81.218673	27.854297	1003.563579	30.126684	25.281402	640.501711	74.052085	28.871883	1004.157647	9.939919	12.013018	
3/18/2019 11:07:13.924304549	81.258098	27.886827	1003.659935	30.706264	25.330711	642.677355	73.922769	28.836398	1004.341686	16.779957	12.033665	
3/18/2019 11:07:14.924304549	81.297524	27.890527	1003.633047	30.037066	25.267197	641.299424	74.117585	28.829138	1004.088098	15.155293	12.025319	
3/18/2019 11:07:15.924304549	81.507794	28.039339	1003.621299	30.796379	25.299566	642.575501	73.996206	28.809009	1004.173730	23.777716	12.014964	
3/18/2019 11:07:16.924304549	81.520936	27.896473	1005.370774	30.654331	25.339201	643.163603	74.005432	28.913285	1004.031010	12.651097	12.043560	
3/18/2019 11:07:17.924304549	81.461798	27.924928	1002.673504	30.285320	25.254217	643.657734	74.174515	28.873651	1004.655355	22.292696	11.949872	
3/18/2019 11:07:18.924304549	81.428943	27.864168	1003.110578	30.215786	25.279933	643.793100	74.043806	28.849892	1004.252110	20.457391	12.029998	
3/18/2019 11:07:19.924304549	81.553791	27.944369	1004.348623	31.070327	25.389653	646.633722	74.061810	28.988616	1004.077059	20.040809	12.028368	
3/18/2019 11:07:20.924304549	81.468368	27.969756	1005.155274	30.672925	25.339446	643.964599	74.177775	28.816999	1003.687847	22.256543	12.018577	
3/18/2019 11:07:21.924304549	81.461798	28.002061	1004.323391	31.601704	25.442064	645.842577	74.103049	28.891388	1003.998365	22.438894	12.032166	
3/18/2019 11:07:22.924304549	81.369804	27.847978	1003.778055	29.860928	25.261238	644.720916	73.816582	28.776635	1004.210634	21.313605	12.058056	
3/18/2019 11:07:23.924304549	81.527507	27.990394	1004.538891	30.967687	25.408022	646.611377	74.243432	28.842420	1004.186977	21.194659	11.974342	
3/18/2019 11:07:24.924304549	81.534078	27.933226	1003.468878	30.762007	25.366672	646.447761	74.093666	28.915465	1003.950108	16.157704	12.041011	
3/18/2019 11:07:25.924304549	81.534078	27.890228	1004.032981	30.466202	25.274340	646.976721	73.955676	28.877175	1004.258890	13.960047	11.943879	
3/18/2019 11:07:26.924304549	81.356662	27.900846	1003.920855	29.902839	25.271157	645.593538	73.994340	28.795314	1003.998522	19.980025	12.056439	
3/18/2019 11:07:27.924304549	81.264669	27.918459	1002.870160	30.150780	25.336956	647.757351	74.137455	28.934451	1004.206532	16.673845	11.952592	
3/18/2019 11:07:28.924304549	81.205531	27.986470	1005.825825	30.626299	25.363570	646.988551	73.883948	28.864105	1003.781052	15.812390	12.036122	
3/18/2019 11:07:29.924304549	81.258098	27.965083	1004.350279	31.385953	25.434676	647.789548	74.189760	28.929265	1003.808332	16.799344	12.010311	
3/18/2019 11:07:30.924304549	81.323808	27.951288	1005.255966	30.296666	25.287974	649.827858	74.100736	29.003866	1004.943481	19.381091	11.981333	
3/18/2019 11:07:31.924304549	81.251527	27.902568	1004.824649	30.430465	25.349120	649.519024	73.805096	28.927191	1003.823000	13.502339	11.992846	
3/18/2019 11:07:32.924304549	81.428943	27.929751	1004.303284	30.760565	25.442636	652.964177	74.228030	29.006046	1004.328439	16.623546	12.015319	
3/18/2019 11:07:33.924304549	81.415801	27.922383	1003.223493	30.314823	25.297240	651.259667	73.858768	28.842420	1003.889076	18.586972	12.024570	
3/18/2019 11:07:34.924304549	81.566933	28.006659	1004.461538	31.343809	25.437779	652.544944	73.836348	28.930609	1003.732003	21.538663	11.993306	
3/18/2019 11:07:35.924304549	81.231815	27.890976	1003.879379	30.104798	25.242543	651.982472	73.962037	28.828725	1004.004674	30.472867	12.060776	
3/18/2019 11:07:36.924304549	81.317237	28.086037	1004.190211	31.298809	25.405001	652.644166	73.909837	28.872920	1003.910525	34.223919	11.981806	
3/18/2019 11:07:37.924304549	81.126679	27.875684	1003.483624	30.196744	25.243441	653.587097	73.689631	28.801537	1004.096458	32.542404	12.048699	
3/18/2019 11:07:38.924304549	81.284382	27.939696	1003.917858	30.526911	25.272095	655.168724	74.130622	28.919095	1004.606312	33.324999	12.016199	
3/18/2019 11:07:39.924304549	81.330379	27.948668	1005.575867	30.737170	25.317078	656.164881	73.923873	28.903432	1004.066178	28.073471	12.040735	
3/18/2019 11:07:40.924304549	81.317237	27.876658	1003.633756	29.746326	25.460719	658.152595	73.662244	29.018810	1004.978963	13.745474	11.935468	
3/18/2019 11:07:41.924304549	81.225244	27.918010	1003.872518	30.327416	25.266952	655.304742	74.003618	28.803717	1004.076745	19.258213	12.058279	
3/18/2019 11:07:42.924304549	81.336950	28.034067	1002.903435	31.052815	25.394184	657.320054	73.885656	28.851129	1004.335220	18.420077	12.027199	
3/18/2019 11:07:43.924304549	81.238385	27.922159	1002.623197	29.996548	25.258135	657.332537	73.743146	28.851447	1004.156068	13.940659	12.007762	
3/18/2019 11:07:44.924304549	81.645784	28.075793	1004.419196	30.556278	25.271769	658.055341	73.977045	28.813676	1004.079896	19.214196	11.970505	
3/18/2019 11:07:45.924304549	81.481510	27.976974	1004.787196	30.424505	25.292668	656.898852	73.702221	28.836091	1003.702830	22.005545	11.980742	
3/18/2019 11:07:46.924304549	81.580075	27.949940	1003.664114	30.359246	25.261033	658.102652	73.883843	28.884340	1004.488507	26.770803	12.008511	
3/18/2019 11:07:47.924304549	81.468368	27.891051	1004.579501	30.205842	25.258421	659.413558	73.899797	28.826651	1004.201488	14.852685	12.047582	
3/18/2019 11:07:48.924304549	81.540649	27.998286	1004.448449	31.413936	25.387367	657.650569	73.901400	28.889737	1004.584706	21.314915	11.976129	
3/18/2019 11:07:49.924304549	81.179247	27.942648	1004.976912	29.654370	25.291852	657.860181	73.839450	28.860993	1003.645899	11.128613	11.978482	
3/18/2019 11:07:50.924304549	81.225244	28.013204	1004.481251	31.243954	25.405164	661.027382	74.055187	28.832768	1004.224509	24.333943	11.994134	
3/18/2019 11:07:51.924304549	81.218673	27.976150	1004.430787	30.788032	25.348834	661.571456	73.906920	28.893674	1003.691476	21.088547	12.058135	
3/18/2019 11:07:52.924304549	81.251527	28.053957	1004.859659	30.406612	25.327894	663.028232	73.800733	28.876138	1004.687843	15.851165	11.993568	
3/18/2019 11:07:53.924304549	81.284382	27.988715	1004.243436	30.474997	25.325854	661.940084	73.915436	28.858507	1003.823629	19.449738	12.010495	
3/18/2019 11:07:54.924304549	81.455227	28.018775	1003.619406	30.829807	25.397327	661.799466	73.842367	28.864105	1004.157804	43.464663	12.012230	
3/18/2019 11:07:55.924304549	81.290953	27.811897	1004.858950	29.652773	25.322466	663.183964	73.881530	28.853522	1004.109547	47.885917	12.001256	
3/18/2019 11:07:56.924304549	81.481510	27.987892	1002.912975	30.674103	25.311730	663.994823	73.760151	28.845013	1004.440407	57.513372	11.974526	
3/18/2019 11:07:57.924304549	81.382946	27.976300	1004.180196	30.561635	25.267483	664.368050	73.791193	28.803823	1003.814483	53.431150	12.032324	
3/18/2019 11:07:58.924304549	81.363233	27.971402	1004.073196	30.796788	25.359039	666.403076	73.912334	28.846568	1004.206218	48.875493	12.046294	
3/18/2019 11:07:59.924304549	81.244956	27.938723	1002.844533	30.450813	25.314547	666.405044	73.704377	28.837022	1003.840505	36.266476	12.000429	
3/18/2019 11:08:00.924304549	81.389517	28.033842	1003.921012	30.693816	25.306383	666.474038	73.929735	28.813570	1004.172944	48.991819	12.027830	
3/18/2019 11:08:01.924304549	81.415801	28.008156	1005.592740	30.642467	25.380836	666.134323	73.890466	28.826545	1003.858010	57.847162	12.020417	
3/18/2019 11:08:02.924304549	81.507794	27.997837	1004.634381	30.915129	25.336425	667.086452	73.777209	28.952612	1003.901223	43.850334	11.972489	
3/18/2019 11:08:03.924304549	81.369804	27.900846	1004.732551	30.848440	25.321894	668.701592	73.881530	28.892743	1004.388049	27.457771	12.030799	
3/18/2019 11:08:04.924304549	81.330379	27.914010	1003.787990	30.399775	25.323609	669.891593	73.949552	28.911941	1004.482041	29.991840	12.020956	
3/18/2019 11:08:05.924304549	81.428943	27.843604	1005.102522	29.747271	25.314261	667.548387	73.701117	28.848749	1004.442143	33.323688	11.993555	
3/18/2019 11:08:06.924304549	81.336950	27.948593	1004.254475	31.170650	25.364672	669.348172	74.088936	28.948876	1004.199752	36.306562	12.031155	
3/18/2019 11:08:07.924304549	81.205531	27.890976	1004.051827	30.212426	25.250216	668.953915	73.922821	28.815337	1004.156068	45.071250	12.027869	
3/18/2019 11:08:08.924304549	81.304095	27.997463	1003.708587	30.714037	25.331854	669.638607	73.767878	28.851341	1004.276238	45.305481	12.029945	
3/18/2019 11:08:09.924304549	81.113538	27.943246	1002.534410	30.889981	25.291566	667.753399	73.870701	28.941616	1004.984957	29.877865	11.948492	
3/18/2019 11:08:10.924304549	81.396088	28.082038	1004.202274	31.162107	25.329894	669.670804	73.870254	28.866179	1004.464064	26.897613	11.997866	
3/18/2019 11:08:11.924304549	81.205531	27.911690	1003.405719	29.926244	25.242543	671.611207	73.675833	28.783069	1004.350517	17.580629	12.044861	
3/18/2019 11:08:12.924304549	81.369804	28.003932	1004.008695	30.845975	25.395613	672.338611	74.095007	28.890457	1004.081318	22.767442	12.030405	
3/18/2019 11:08:13.924304549	81.304095	27.954913	1004.025648	30.407956	25.281361	673.161953	74.026248	28.871682	1004.008775	30.749805	11.999653	
3/18/2019 11:08:14.924304549	81.277811	27.960035	1003.089367	31.045257	25.398103	674.560250	73.911835	28.938811	1004.145501	49.006235	12.029998	
3/18/2019 11:08:15.924304549	81.172676	27.901221	1003.414155	30.002655	25.240869	672.332696	73.909969	28.800394	1004.486299	59.994249	11.998247	
3/18/2019 11:08:16.924304549	81.231815	27.997163	1003.220496	31.114986	25.343773	674.533305	74.096373	28.898966	1004.008775	53.911137	11.963421	
3/18/2019 11:08:17.924304549	81.205531	27.918384	1004.215207	29.826087	25.341487	674.682470	73.789747	28.875312	1003.960518	54.361253	12.008695	
3/18/2019 11:08:18.924304549	81.356662	27.949866	1003.745962	30.639837	25.307485	674.539220	74.000911	28.928747	1004.453654	47.267596	12.003412	
3/18/2019 11:08:19.924304549	81.317237	27.981347	1005.207552	30.421505	25.295852	673.622572	73.917302	28.818967	1003.840662	52.887758	12.053049	
3/18/2019 11:08:20.924304549	81.336950	27.966056	1004.478334	30.939782	25.376877	675.445354	73.863026	28.967968	1004.042364	46.078903	12.023795	
3/18/2019 11:08:21.924304549	81.323808	27.996864	1002.815358	30.867550	25.354223	674.406486	73.849490	28.838059	1003.630445	57.385251	12.045150	
3/18/2019 11:08:22.924304549	81.231815	27.913486	1003.442542	30.885481	25.302628	675.549176	73.692286	28.837647	1004.326546	60.315204	12.041274	
3/18/2019 11:08:23.924304549	81.258098	27.997612	1004.271428	30.378824	25.280545	675.445354	73.802626	28.780477	1003.794299	64.517683	12.035360	
3/18/2019 11:08:24.924304549	81.468368	28.114119	1003.719940	31.158932	25.338099	676.499990	73.796870	28.836504	1004.359348	64.829465	12.002111	
3/18/2019 11:08:25.924304549	81.507794	27.996789	1005.371169	30.269317	25.277973	676.163559	73.542258	28.822809	1003.831674	62.261863	12.044585	
3/18/2019 11:08:26.924304549	81.461798	27.943920	1004.007986	30.367127	25.302913	677.661078	73.898483	28.854559	1004.138563	46.121609	12.056742	
3/18/2019 11:08:27.924304549	81.534078	28.136810	1004.111203	31.598013	25.456229	679.366893	73.739045	28.841065	1003.928817	50.708178	11.958769	
3/18/2019 11:08:28.924304549	81.323808	27.996265	1005.355871	31.196549	25.350508	678.217635	73.600793	28.847711	1003.753452	46.052962	12.035859	
3/18/2019 11:08:29.924304549	81.415801	28.071045	1003.613020	30.771853	25.342059	680.858497	73.929392	28.985917	1004.173416	35.672785	11.953788	
3/18/2019 11:08:30.924304549	81.330379	27.992116	1004.449395	30.578787	25.337487	679.233506	73.719517	28.838684	1003.763704	44.971691	12.051734	
