
Time stamp	Inside_humidity (in %rH)	Inside_temperature (in °C)	Inside_pressure (in mbar)	Soil_moisture (in %VWC)	Soil_temperature (in °C)	Inside_CO2_ratio (in ppm)	Outside_humidity (in %rH)	Outside_temperature (in °C)	Outside_pressure (in mbar)	Outside_PAR (in µmol m^-2 s^-1)	Power_box_charge (in V)	
7/20/2019 13:13:18.209850849	64.186781	33.401927	1001.424420	26.488849	26.831083	470.353521	68.586004	33.985833	1002.410771	79.130210	11.757633	
7/20/2019 13:13:19.209850849	64.173639	33.307257	1004.371491	27.289023	26.911904	470.468510	68.052364	34.151533	1002.769860	30.800104	11.706563	
7/20/2019 13:13:20.209850849	63.989653	33.302509	1003.938517	26.716983	26.882882	468.284981	67.946020	34.051924	1003.075334	86.645692	11.771800	
7/20/2019 13:13:21.209850849	64.009366	33.334590	1003.621851	26.131254	27.082078	469.745705	67.991755	34.109401	1002.953427	63.158433	11.738971	
7/20/2019 13:13:22.209850849	64.410193	33.295142	1002.151982	26.359797	26.819736	469.320567	67.587063	33.974212	1003.078799	90.320234	11.773561	
7/20/2019 13:13:23.209850849	64.548183	33.349283	1002.903515	26.902427	26.871943	468.660840	67.304170	34.088553	1003.378279	168.971347	11.774586	
7/20/2019 13:13:24.209850849	64.646747	33.371194	1002.760400	26.225731	26.770998	469.028816	67.287769	34.065937	1002.643224	258.972817	11.800751	
7/20/2019 13:13:25.209850849	64.738741	33.324495	1002.552467	27.412359	26.935294	469.449354	67.254520	34.161386	1002.600961	276.255392	11.777267	
7/20/2019 13:13:26.209850849	64.916156	33.359827	1003.930790	26.250031	26.766753	468.017544	67.282302	34.143755	1002.031968	218.826550	11.780513	
7/20/2019 13:13:27.209850849	65.270988	33.445824	1002.569895	26.425303	26.758018	469.815362	67.381813	34.205179	1003.109237	158.598764	11.740666	
7/20/2019 13:13:28.209850849	65.264417	33.343412	1003.121774	26.404680	26.861411	468.888197	67.186445	34.029615	1002.949326	153.678406	11.771024	
7/20/2019 13:13:29.209850849	65.316984	33.472259	1002.230124	26.998555	26.865085	471.496865	67.380209	34.126631	1002.526997	145.111526	11.758093	
7/20/2019 13:13:30.209850849	65.303842	33.328719	1002.911951	26.700596	26.762181	470.271381	67.098106	34.136590	1002.790995	131.815813	11.797926	
7/20/2019 13:13:31.209850849	65.376123	33.302809	1002.609083	26.952069	26.935946	471.649313	67.043882	34.158899	1003.163645	134.643315	11.774914	
7/20/2019 13:13:32.209850849	65.757238	33.387010	1002.934818	25.773763	26.856554	470.922561	66.865468	34.050475	1002.863851	89.357908	11.745016	
7/20/2019 13:13:33.209850849	65.882086	33.430458	1002.398313	27.573039	26.898230	472.211123	66.611119	34.184320	1002.837358	101.665628	11.742073	
7/20/2019 13:13:34.209850849	66.059501	33.486952	1001.128490	25.951183	26.918884	471.715675	66.833769	33.978667	1003.130371	156.868259	11.758618	
7/20/2019 13:13:35.209850849	66.158066	33.346182	1002.765130	27.005859	26.878678	474.924275	66.743484	34.206111	1002.623196	402.473369	11.804063	
7/20/2019 13:13:36.209850849	66.256630	33.434607	1001.720901	26.259513	26.824267	474.904561	66.603629	34.090108	1002.797932	894.040469	11.895714	
7/20/2019 13:13:37.209850849	66.453758	33.397254	1002.926696	27.223909	26.924925	473.546343	66.283860	34.115317	1003.351471	674.175952	11.851479	
7/20/2019 13:13:38.209850849	66.394620	33.381813	1002.931507	26.751943	26.772672	472.763744	65.978942	34.124969	1002.523846	736.752794	11.864082	
7/20/2019 13:13:39.209850849	66.644316	33.382861	1002.809366	27.239880	26.944110	475.327731	65.880035	34.122165	1003.110973	106.926329	11.772286	
7/20/2019 13:13:40.209850849	66.683741	33.412696	1003.257084	26.821639	26.812919	473.252624	65.896936	34.166783	1002.653005	123.475301	11.764913	
7/20/2019 13:13:41.209850849	67.018860	33.404472	1003.366293	26.916804	26.815776	473.903804	65.881639	34.253629	1002.994432	57.316875	11.762232	
7/20/2019 13:13:42.209850849	66.716596	33.406825	1003.788622	25.971574	26.782060	473.813128	65.804286	34.113349	1003.076277	457.845227	11.814813	
7/20/2019 13:13:43.209850849	67.097711	33.513236	1002.917313	26.750542	26.913863	474.495852	65.842712	34.107221	1002.785472	653.706425	11.822159	
7/20/2019 13:13:44.209850849	67.268556	33.360650	1003.359118	26.486766	26.758508	473.463551	65.787385	34.217106	1002.484735	281.341334	11.818480	
7/20/2019 13:13:45.209850849	67.564248	33.419689	1003.922196	26.355239	26.842145	475.574802	66.067518	34.227277	1003.536139	115.665076	11.748223	
7/20/2019 13:13:46.209850849	67.229130	33.328569	1003.950898	26.758238	26.802714	474.186356	65.932840	34.173112	1002.961944	117.970155	11.794364	
7/20/2019 13:13:47.209850849	67.340836	33.470687	1003.450821	27.256539	26.820879	475.039916	66.035373	34.273027	1002.480634	306.396398	11.774454	
7/20/2019 13:13:48.209850849	67.511681	33.407873	1004.456099	26.794175	26.795367	475.187113	65.995290	34.222504	1002.507127	551.010577	11.847089	
7/20/2019 13:13:49.209850849	67.774519	33.372317	1003.538189	26.979605	26.870718	478.038251	65.992136	34.313910	1002.646853	416.371943	11.822738	
7/20/2019 13:13:50.209850849	67.695667	33.322848	1003.516978	26.772134	26.866800	474.557615	65.858509	34.170307	1002.814966	142.468996	11.794259	
7/20/2019 13:13:51.209850849	67.689096	33.489122	1004.520205	26.440449	26.800510	476.559782	66.009246	34.259026	1002.806921	112.335577	11.739733	
7/20/2019 13:13:52.209850849	67.741664	33.392057	1002.783739	26.713547	26.783448	475.819895	66.025043	34.226028	1002.624932	183.781951	11.799792	
7/20/2019 13:13:53.209850849	68.030786	33.387384	1003.132104	27.381915	26.937906	477.944945	66.103947	34.332484	1002.667509	270.763082	11.795508	
7/20/2019 13:13:54.209850849	68.195059	33.407873	1003.352732	26.593377	26.863371	475.668762	66.073799	34.139701	1003.073755	347.404116	11.808978	
7/20/2019 13:13:55.209850849	67.971647	33.382486	1003.055303	27.014893	26.897985	475.777183	66.230845	34.269503	1003.412974	334.256953	11.805035	
7/20/2019 13:13:56.209850849	68.162204	33.488673	1004.042049	26.785821	26.998807	479.665223	66.381320	34.293051	1003.290753	251.620842	11.765676	
7/20/2019 13:13:57.209850849	68.208201	33.402077	1003.271041	26.553795	26.793407	475.633281	66.199989	34.263799	1002.714980	233.796185	11.809504	
7/20/2019 13:13:58.209850849	68.589316	33.578296	1001.974409	26.601225	26.861452	476.995435	66.266408	34.257153	1003.076120	227.455524	11.716301	
7/20/2019 13:13:59.209850849	68.300194	33.398377	1003.880325	26.286400	26.787122	476.327173	66.055191	34.290151	1002.427647	229.716585	11.805049	
7/20/2019 13:14:00.209850849	68.510465	33.453748	1004.679721	27.700088	26.912353	479.242705	66.296003	34.344929	1002.470066	160.533898	11.759788	
7/20/2019 13:14:01.209850849	68.602458	33.461790	1001.761983	26.204658	26.807817	477.101888	66.320184	34.261407	1002.600647	62.137675	11.770472	
7/20/2019 13:14:02.209850849	68.582745	33.441451	1003.677678	26.819908	26.818960	477.937714	66.398431	34.377727	1003.314567	65.121588	11.760077	
7/20/2019 13:14:03.209850849	68.379046	33.335338	1002.919758	26.816249	26.870473	475.569540	66.246852	34.228621	1003.251170	54.766040	11.741389	
7/20/2019 13:14:04.209850849	68.536748	33.455545	1002.940181	27.562875	26.979010	478.413447	66.359400	34.224885	1003.034801	54.600456	11.770354	
7/20/2019 13:14:05.209850849	68.556461	33.365623	1002.651269	27.737796	26.707811	478.567212	66.124659	34.272096	1002.635500	60.392754	11.759249	
7/20/2019 13:14:06.209850849	68.556461	33.372167	1002.974244	26.994542	26.964846	479.642877	66.250006	34.327404	1003.220733	54.108944	11.765202	
7/20/2019 13:14:07.209850849	68.727306	33.493346	1002.160813	26.157444	26.814062	479.311699	66.254974	34.162010	1002.778220	58.708618	11.767305	
7/20/2019 13:14:08.209850849	68.871867	33.486353	1004.044494	27.509734	26.896066	479.284101	66.018472	34.261513	1002.968253	57.518614	11.744373	
7/20/2019 13:14:09.209850849	68.845583	33.483177	1003.948453	25.309798	26.850023	480.951153	65.777950	34.359672	1001.904860	59.589461	11.737591	
7/20/2019 13:14:10.209850849	69.036140	33.366521	1003.169874	27.312996	26.995705	481.242904	65.869890	34.275832	1002.852970	48.113596	11.744057	
7/20/2019 13:14:11.209850849	69.101850	33.456518	1002.811022	26.865730	26.705280	482.676030	65.498920	34.205592	1002.540244	51.126071	11.734214	
7/20/2019 13:14:12.209850849	69.404113	33.530774	1003.586998	26.550287	26.782917	481.851372	65.621508	34.292225	1002.742895	55.461912	11.755293	
7/20/2019 13:14:13.209850849	69.430397	33.439804	1003.242497	26.432143	26.783734	480.978750	65.338957	34.254666	1002.419130	53.036576	11.784902	
7/20/2019 13:14:14.209850849	69.482965	33.467735	1004.150628	27.101569	26.980684	482.361934	65.268385	34.204343	1003.157494	45.037717	11.762561	
7/20/2019 13:14:15.209850849	69.075566	33.355603	1003.852176	26.849976	26.861085	480.150808	65.163749	34.237129	1003.165539	47.482440	11.752363	
7/20/2019 13:14:16.209850849	69.535532	33.262729	1003.669556	27.468093	26.812102	482.578776	65.162646	34.286003	1003.758503	49.824984	11.728786	
7/20/2019 13:14:17.209850849	69.489536	33.366895	1001.672250	26.432184	26.854881	482.237746	64.909033	34.127562	1002.977870	49.752405	11.747040	
7/20/2019 13:14:18.209850849	69.653809	33.603907	1003.339562	26.805125	26.872473	483.139934	64.912950	34.189505	1003.500500	56.463012	11.729365	
7/20/2019 13:14:19.209850849	69.588100	33.476183	1003.306208	26.174872	26.773815	482.921123	64.791413	34.169588	1002.459185	63.572124	11.755083	
7/20/2019 13:14:20.209850849	69.653809	33.414043	1002.764026	26.810899	26.959172	483.553252	64.806658	34.226134	1003.284287	78.650494	11.768633	
7/20/2019 13:14:21.209850849	69.758945	33.398826	1002.639126	26.543103	26.845492	482.484154	64.868057	34.135859	1002.865430	150.360703	11.793129	
7/20/2019 13:14:22.209850849	69.732661	33.503067	1002.288316	27.133453	26.922680	481.993959	64.698763	34.215551	1003.253221	223.820797	11.780973	
7/20/2019 13:14:23.209850849	69.594671	33.435430	1003.121774	26.384529	26.739527	482.873812	64.727097	34.214302	1002.626826	163.639649	11.766793	
7/20/2019 13:14:24.209850849	69.588100	33.413594	1003.595277	27.282609	27.011584	484.083528	64.699053	34.191886	1003.196133	60.914138	11.766609	
7/20/2019 13:14:25.209850849	69.712948	33.429859	1003.367240	26.517449	26.779203	483.142565	64.545371	34.211402	1002.629348	113.610995	11.792432	
7/20/2019 13:14:26.209850849	69.929789	33.516530	1002.463523	26.471044	26.864799	484.365417	64.544424	34.209740	1003.364560	159.818639	11.770196	
7/20/2019 13:14:27.209850849	69.929789	33.387833	1004.498836	26.800471	26.818307	482.662884	64.399312	34.122271	1002.804241	371.798149	11.829269	
7/20/2019 13:14:28.209850849	70.034924	33.508638	1003.971557	27.284931	26.996848	483.547989	64.511675	34.197390	1003.025970	117.893915	11.760629	
7/20/2019 13:14:29.209850849	69.969215	33.472483	1004.260232	26.624950	26.782305	483.628813	64.917313	34.204861	1002.628876	649.995461	11.852832	
7/20/2019 13:14:30.209850849	70.120347	33.442948	1003.333333	26.553467	26.812633	486.133006	65.264417	34.279674	1002.896811	184.873706	11.764256	
7/20/2019 13:14:31.209850849	70.100634	33.519556	1002.822770	26.290277	26.796469	485.283382	65.335041	34.199676	1002.662622	175.565628	11.788608	
7/20/2019 13:14:32.209850849	70.113776	33.498094	1003.412185	27.152907	26.909863	484.004672	65.448298	34.208491	1003.091574	209.928773	11.784455	
7/20/2019 13:14:33.209850849	70.133488	33.398751	1002.488126	26.505067	26.854921	483.163594	65.409477	34.131404	1002.966988	440.396031	11.817954	
7/20/2019 13:14:34.209850849	70.245195	33.467810	1004.029512	27.170376	26.944396	484.236629	65.594358	34.256740	1003.049941	650.941019	11.833593	
7/20/2019 13:14:35.209850849	70.442323	33.536420	1002.024636	26.092193	26.774672	484.244512	65.567075	34.208597	1002.975033	331.897644	11.790014	
7/20/2019 13:14:36.209850849	70.501462	33.493346	1002.854074	27.133117	26.900557	483.526307	65.367948	34.231425	1003.248491	257.992415	11.786505	
7/20/2019 13:14:37.209850849	70.284620	33.477306	1003.581873	26.507990	26.767610	484.204432	65.657859	34.269609	1002.585664	98.636116	11.789015	
7/20/2019 13:14:38.209850849	70.186056	33.477680	1003.975578	27.557348	26.958887	484.400245	65.668898	34.270435	1002.831206	92.916396	11.757567	
7/20/2019 13:14:39.209850849	70.350330	33.531223	1002.365117	26.275163	26.730465	484.785303	65.533773	34.244083	1002.572260	100.682604	11.752994	
7/20/2019 13:14:40.209850849	70.494891	33.490320	1003.032041	26.701997	26.819736	483.566388	65.428191	34.367557	1002.948540	152.307361	11.753782	
7/20/2019 13:14:41.209850849	70.580313	33.429559	1003.580532	26.682319	26.866800	483.034144	65.213557	34.180584	1002.971090	141.667013	11.775821	
7/20/2019 13:14:42.209850849	70.593455	33.625369	1001.619577	26.893722	26.903944	485.913532	65.203779	34.164497	1003.437260	158.523835	11.767200	
7/20/2019 13:14:43.209850849	70.133488	33.524753	1001.605304	27.335750	26.761651	485.475911	65.100800	34.206005	1003.193768	218.014354	11.768107	
7/20/2019 13:14:44.209850849	70.442323	33.475178	1002.480319	26.654919	26.878923	489.890932	65.313568	34.229870	1003.210480	631.954928	11.837023	
7/20/2019 13:14:45.209850849	70.475178	33.435729	1002.758507	26.792125	26.812633	486.610055	65.144037	34.226134	1002.852498	159.408610	11.796230	
7/20/2019 13:14:46.209850849	70.692019	33.700149	1001.347933	27.399951	26.784386	489.553185	65.132603	34.157131	1003.787361	113.058700	11.728431	
7/20/2019 13:14:47.209850849	70.659164	33.483177	1003.056802	26.603213	26.799122	487.922277	65.205830	34.226853	1002.418501	118.402193	11.778003	
7/20/2019 13:14:48.209850849	71.000853	33.489871	1002.801087	26.968472	26.935049	491.280031	65.481915	34.213783	1003.034801	250.955883	11.797965	
7/20/2019 13:14:49.209850849	70.718303	33.450946	1004.062394	26.845098	26.863942	489.397453	65.556088	34.193866	1002.973140	379.046903	11.826365	
7/20/2019 13:14:50.209850849	70.659164	33.424587	1003.059324	26.848999	26.874718	489.825222	65.591808	34.179547	1003.095990	551.387073	11.834999	
7/20/2019 13:14:51.209850849	71.027137	33.410343	1003.971400	26.847389	26.768141	490.833863	65.619800	34.247819	1002.132111	399.023615	11.809622	
7/20/2019 13:14:52.209850849	70.994282	33.499591	1001.878604	26.346637	26.859126	490.965282	65.483571	34.127044	1002.802505	205.779215	11.791815	
7/20/2019 13:14:53.209850849	70.935144	33.408921	1003.089604	26.695951	26.892270	490.106459	65.364137	34.115423	1003.135258	121.936051	11.791079	
7/20/2019 13:14:54.209850849	71.033708	33.493945	1003.148191	26.618350	26.775203	490.557226	65.381695	34.164497	1002.681077	262.579253	11.796651	
7/20/2019 13:14:55.209850849	71.171698	33.557957	1003.723489	26.227204	26.779203	491.467960	65.364190	34.187431	1002.633606	223.043444	11.765505	
7/20/2019 13:14:56.209850849	71.040279	33.562630	1002.628953	26.307264	26.796469	492.384610	65.405166	34.110544	1002.703312	207.687099	11.788214	
7/20/2019 13:14:57.209850849	70.836580	33.530474	1003.327971	26.585295	26.778060	491.304344	65.327471	34.143024	1002.541823	234.459834	11.810700	
7/20/2019 13:14:58.209850849	70.974570	33.488000	1003.339168	26.375791	26.788305	492.074460	65.421620	34.178922	1002.171537	292.020456	11.791053	
7/20/2019 13:14:59.209850849	70.994282	33.509611	1003.342874	26.449484	26.769814	491.912813	65.376280	34.152983	1002.143150	278.648235	11.776228	
7/20/2019 13:15:00.209850849	71.007424	33.505537	1004.108206	25.997829	26.716872	493.373536	65.452267	34.138770	1002.307948	412.860095	11.803458	
7/20/2019 13:15:01.209850849	71.053421	33.467062	1002.682810	26.672964	26.854309	491.876016	65.316432	34.029202	1003.104664	395.532465	11.832909	
7/20/2019 13:15:02.209850849	71.158556	33.499666	1003.782313	26.588868	26.788550	492.247275	65.344267	34.123932	1002.959579	369.372814	11.827298	
7/20/2019 13:15:03.209850849	71.263691	33.552610	1003.444041	26.350201	26.773243	493.158010	65.453661	34.155682	1002.569738	181.338538	11.790776	
7/20/2019 13:15:04.209850849	71.276833	33.503740	1003.619091	26.844826	26.842431	492.815663	65.278558	34.131404	1002.717188	156.468443	11.791158	
7/20/2019 13:15:05.209850849	71.454249	33.552385	1001.908804	26.242686	26.824267	494.476800	65.221180	34.081600	1002.865902	371.773520	11.815930	
7/20/2019 13:15:06.209850849	71.342543	33.445974	1001.898869	26.480103	26.864228	493.720482	65.305551	34.058772	1003.019189	401.530432	11.823907	
7/20/2019 13:15:07.209850849	71.401681	33.542889	1001.711124	26.265336	26.768427	494.579306	65.441885	34.194278	1002.320409	111.827299	11.785060	
7/20/2019 13:15:08.209850849	71.270262	33.473157	1003.511144	26.491884	26.872433	494.113424	65.503231	34.076827	1003.029914	698.396798	11.872177	
7/20/2019 13:15:09.209850849	71.112560	33.472259	1002.922913	26.797580	26.832512	493.674487	65.527307	34.135140	1002.841459	614.567830	11.858089	
7/20/2019 13:15:10.209850849	71.224266	33.537243	1002.134239	26.343746	26.762753	494.259957	65.583791	34.191167	1002.464865	301.137008	11.797886	
7/20/2019 13:15:11.209850849	71.289975	33.456518	1002.336652	26.513613	26.867085	493.599578	65.590257	34.093220	1003.172319	93.558037	11.765110	
7/20/2019 13:15:12.209850849	71.388539	33.468110	1003.182097	26.383456	26.852023	494.996561	65.637410	34.091664	1003.018875	613.692230	11.856959	
7/20/2019 13:15:13.209850849	71.454249	33.544087	1001.099474	26.258513	26.838186	495.445360	65.719468	34.080456	1002.986230	766.087867	11.852832	
7/20/2019 13:15:14.209850849	71.427965	33.478129	1002.963757	26.825339	26.802184	494.909169	65.550883	34.138770	1002.927248	597.912757	11.862794	
7/20/2019 13:15:15.209850849	71.349114	33.605030	1001.860310	25.991902	26.914966	493.743480	65.547914	34.086785	1002.931664	419.228006	11.795994	
7/20/2019 13:15:16.209850849	71.519958	33.530250	1004.685477	26.685410	26.803041	495.402648	65.548913	34.182245	1002.419444	648.071852	11.865882	
7/20/2019 13:15:17.209850849	71.500245	33.456443	1002.984337	26.680501	26.839859	493.974121	65.311412	34.165746	1003.135101	336.559410	11.790487	
7/20/2019 13:15:18.209850849	71.572526	33.456518	1003.312517	26.735524	26.899087	494.884855	65.273695	34.122895	1003.012566	230.086529	11.809017	
7/20/2019 13:15:19.209850849	71.671090	33.456667	1002.824111	26.803434	26.903904	494.762635	65.124324	34.102766	1002.741159	243.249149	11.791591	
7/20/2019 13:15:20.209850849	71.618522	33.573698	1002.724443	26.263109	26.850635	497.571062	65.237633	34.116048	1002.859436	447.276150	11.810857	
7/20/2019 13:15:21.209850849	71.677661	33.536420	1003.603242	26.640078	26.774957	496.721438	65.298980	34.186394	1002.552862	847.337424	11.898146	
7/20/2019 13:15:22.209850849	71.815651	33.542815	1002.306767	26.379756	26.845492	497.987002	65.446852	34.104110	1003.003263	673.551349	11.864450	
7/20/2019 13:15:23.209850849	71.822222	33.573623	1002.981419	26.317155	26.750017	497.931807	65.582582	34.245744	1002.471645	445.447128	11.836589	
7/20/2019 13:15:24.209850849	71.848505	33.495742	1001.261592	26.535262	26.845778	498.046796	65.580269	34.104110	1003.079749	437.268543	11.829269	
7/20/2019 13:15:25.209850849	71.927357	33.622118	1002.877493	26.056248	26.858840	499.081066	65.644822	34.124863	1003.180521	599.251578	11.823631	
7/20/2019 13:15:26.209850849	71.894502	33.574222	1002.363541	26.237809	26.841533	500.005598	65.672919	34.157237	1002.786736	707.035980	11.871126	
7/20/2019 13:15:27.209850849	71.907644	33.573548	1003.292647	26.308033	26.773815	499.068582	65.682907	34.223954	1002.554755	867.721803	11.891036	
7/20/2019 13:15:28.209850849	71.901073	33.564127	1002.636523	26.435347	26.693647	501.935488	65.622165	34.329584	1002.141100	531.058498	11.830163	
7/20/2019 13:15:29.209850849	71.960212	33.585289	1003.668532	26.216136	26.853738	501.113461	65.797820	34.178404	1003.167746	331.549708	11.806258	
7/20/2019 13:15:30.209850849	71.999637	33.548386	1003.174764	26.274691	26.838716	501.313874	65.766673	34.134928	1002.826005	487.326779	11.827377	
7/20/2019 13:15:31.209850849	71.907644	33.505088	1003.952711	26.263678	26.856595	500.522075	65.849783	34.223954	1003.263945	822.745599	11.861808	
7/20/2019 13:15:32.209850849	71.947070	33.542590	1003.735555	26.426689	26.772427	501.550430	65.916044	34.249268	1002.174216	943.426123	11.872716	
7/20/2019 13:15:33.209850849	71.848505	33.516230	1002.420629	26.780624	26.897659	501.148942	65.857011	34.192204	1002.992853	736.531668	11.882993	
7/20/2019 13:15:34.209850849	71.986495	33.520604	1001.228947	26.501671	26.888883	501.189685	65.747512	34.144993	1003.161437	525.510648	11.823999	
7/20/2019 13:15:35.209850849	71.881360	33.609853	1000.971261	27.066905	26.810143	500.601584	65.823552	34.165640	1003.268676	562.599099	11.827179	
7/20/2019 13:15:36.209850849	72.039063	33.595010	1001.670751	26.332092	26.791122	501.386814	65.823552	34.318895	1002.445623	778.876603	11.879747	
7/20/2019 13:15:37.209850849	71.973353	33.527298	1001.567220	26.773488	26.882637	500.138986	65.711898	34.236717	1003.108608	888.505727	11.898737	
7/20/2019 13:15:38.209850849	72.045634	33.510435	1002.345326	27.051183	26.876433	500.254638	65.574407	34.241490	1002.785000	836.089249	11.869339	
7/20/2019 13:15:39.209850849	72.078489	33.563378	1002.810864	26.486462	26.806674	501.475521	65.731506	34.325012	1002.952956	754.101114	11.853437	
7/20/2019 13:15:40.209850849	71.940499	33.648852	1003.632495	25.951960	26.798755	502.587984	65.738681	34.280499	1002.924254	627.774461	11.840072	
7/20/2019 13:15:41.209850849	72.012779	33.615798	1003.070600	26.308265	26.782060	501.889492	65.631338	34.291813	1002.321195	557.065394	11.853897	
7/20/2019 13:15:42.209850849	72.117914	33.594860	1002.539063	26.391457	26.842104	502.701004	65.644480	34.143225	1002.769231	481.921194	11.841281	
7/20/2019 13:15:43.209850849	72.216478	33.643355	1003.613020	25.886813	26.769855	503.113660	65.632442	34.301253	1002.414400	446.599667	11.803130	
7/20/2019 13:15:44.209850849	72.170482	33.644403	1003.417152	26.389430	26.889495	507.437352	65.807388	34.404809	1003.120118	415.210230	11.800869	
7/20/2019 13:15:45.209850849	71.881360	33.531597	1002.303455	26.766520	26.827409	502.901417	65.432002	34.220324	1002.843981	369.861705	11.827311	
7/20/2019 13:15:46.209850849	72.223049	33.722210	1001.920000	27.224790	26.960642	504.786616	65.487487	34.254348	1003.099934	310.363604	11.779448	
7/20/2019 13:15:47.209850849	72.032492	33.568276	1002.836254	26.948849	26.860840	504.102586	65.456078	34.174774	1002.942703	357.313476	11.824420	
7/20/2019 13:15:48.209850849	72.190195	33.622118	1003.503022	27.227289	26.968234	510.088731	65.697495	34.365376	1002.844610	504.821031	11.830189	
7/20/2019 13:15:49.209850849	72.209908	33.536345	1002.817645	26.769379	26.929130	505.318870	65.545916	34.240971	1003.082743	674.305382	11.868787	
7/20/2019 13:15:50.209850849	72.209908	33.819574	1001.605384	26.874804	26.782101	508.772562	65.758841	34.276351	1003.408244	490.769980	11.785073	
7/20/2019 13:15:51.209850849	72.032492	33.578820	1003.201415	26.504362	26.785203	506.761196	65.569992	34.287040	1002.500346	288.783964	11.819715	
7/20/2019 13:15:52.209850849	72.262475	33.723108	1003.697942	26.968704	26.978439	508.963775	65.751324	34.250200	1002.903120	422.968843	11.786085	
7/20/2019 13:15:53.209850849	72.269046	33.515407	1003.066028	26.605695	26.890883	506.730967	65.694787	34.247819	1002.962101	748.249347	11.886738	
7/20/2019 13:15:54.209850849	72.025921	33.565250	1001.782642	27.085102	26.902802	510.297027	65.896017	34.367663	1002.993167	761.753341	11.853884	
7/20/2019 13:15:55.209850849	72.209908	33.579494	1003.821030	26.584054	26.808429	508.511039	65.797558	34.296067	1002.590079	823.561726	11.894242	
7/20/2019 13:15:56.209850849	72.446462	33.639805	1003.008308	27.104941	26.964356	508.614198	65.789436	34.275726	1003.292804	703.622381	11.830386	
7/20/2019 13:15:57.209850849	72.177053	33.615873	1002.987334	26.345956	26.798224	509.432288	65.721571	34.324599	1002.555227	714.376426	11.881206	
7/20/2019 13:15:58.209850849	72.295330	33.622642	1004.108206	26.809425	26.949498	512.198003	65.815272	34.408534	1002.677605	870.197436	11.881114	
7/20/2019 13:15:59.209850849	72.393894	33.543189	1003.261105	26.436188	26.873861	508.739049	65.626476	34.245226	1003.065081	753.387166	11.873570	
7/20/2019 13:16:00.209850849	72.400465	33.709014	1003.711898	26.359516	26.916680	511.161102	65.774296	34.343173	1003.524471	426.990279	11.787373	
7/20/2019 13:16:01.209850849	72.328185	33.601330	1002.724286	26.368879	26.837859	510.971204	65.780762	34.244908	1002.762922	779.335892	11.883111	
7/20/2019 13:16:02.209850849	72.472745	33.711142	1003.516663	27.523766	26.938518	511.749204	65.837245	34.391834	1002.424175	197.424288	11.787990	
7/20/2019 13:16:03.209850849	72.354468	33.585963	1001.296602	26.630195	26.876392	509.992130	65.777607	34.277282	1002.856599	609.979955	11.849429	
7/20/2019 13:16:04.209850849	72.328185	33.597779	1001.985210	27.293141	26.989501	512.879412	65.914940	34.363821	1002.772382	588.605993	11.816929	
7/20/2019 13:16:05.209850849	72.545026	33.658872	1003.408321	26.223023	26.839288	511.295152	65.902850	34.341511	1002.480634	945.679319	11.911879	
7/20/2019 13:16:06.209850849	72.308472	33.648028	1003.624373	27.185040	26.888107	511.330633	65.759550	34.361429	1002.579198	241.255852	11.766490	
7/20/2019 13:16:07.209850849	72.485887	33.594636	1003.495846	26.535494	26.808429	511.252441	65.823552	34.349608	1002.570367	255.459658	11.807007	
7/20/2019 13:16:08.209850849	72.551597	33.690503	1004.708817	26.926031	26.900189	514.239598	65.969716	34.414863	1002.471802	701.495994	11.832870	
7/20/2019 13:16:09.209850849	72.361039	33.659021	1004.456099	26.110662	26.809817	512.956289	65.942328	34.342442	1002.421338	748.942597	11.877513	
7/20/2019 13:16:10.209850849	72.689587	33.708340	1002.290523	26.320279	26.856309	514.104232	66.023440	34.324493	1002.905013	949.112303	11.860928	
7/20/2019 13:16:11.209850849	72.341326	33.643655	1003.445696	26.310260	26.877535	513.514162	65.992241	34.255385	1002.852184	407.098981	11.824367	
7/20/2019 13:16:12.209850849	72.584451	33.728005	1002.901464	26.862462	26.919497	514.665389	66.077164	34.306227	1003.051677	232.457634	11.781249	
7/20/2019 13:16:13.209850849	72.656732	33.663695	1002.477954	26.225514	26.841002	514.459724	66.060605	34.300110	1002.752198	412.937645	11.829532	
7/20/2019 13:16:14.209850849	72.374181	33.555005	1002.906984	27.047483	27.003624	513.873591	66.140613	34.383632	1003.145983	807.998683	11.874083	
7/20/2019 13:16:15.209850849	72.433320	33.596806	1003.897673	26.593786	26.959417	513.280889	66.005435	34.309137	1003.101827	608.544196	11.847944	
7/20/2019 13:16:16.209850849	72.768438	33.738325	1003.424328	26.630947	26.848145	515.400024	66.155910	34.420366	1002.819539	693.185089	11.844606	
7/20/2019 13:16:17.209850849	72.794722	33.669715	1003.131947	26.204650	26.815776	515.411854	66.159012	34.335077	1002.581248	447.889229	11.838863	
7/20/2019 13:16:18.209850849	72.499029	33.691925	1003.054989	27.015454	26.987786	514.943341	66.219911	34.341299	1003.299427	138.306603	11.768751	
7/20/2019 13:16:19.209850849	72.577880	33.702844	1002.774750	26.106826	26.851207	515.277151	66.261940	34.364233	1002.252753	77.682927	11.750378	
7/20/2019 13:16:20.209850849	72.656732	33.712639	1003.107266	26.382462	26.867126	516.971800	66.375144	34.448073	1002.728384	474.760204	11.817757	
7/20/2019 13:16:21.209850849	72.617306	33.653974	1001.679583	26.106298	26.830471	515.676660	66.189712	34.312143	1002.528576	620.816793	11.832384	
7/20/2019 13:16:22.209850849	72.617306	33.653450	1003.831517	27.276858	26.971418	515.618834	66.090043	34.378552	1002.966674	81.043337	11.761286	
7/20/2019 13:16:23.209850849	72.610735	33.637634	1003.648030	26.345724	26.831410	516.082748	65.949951	34.407815	1002.404304	137.711331	11.791828	
7/20/2019 13:16:24.209850849	72.584451	33.559903	1002.823165	27.058287	27.064852	517.904216	66.008537	34.412895	1003.109551	352.264999	11.797466	
7/20/2019 13:16:25.209850849	72.591022	33.584241	1003.072494	26.660237	26.852105	516.507886	65.859218	34.376891	1003.058772	470.925051	11.804391	
7/20/2019 13:16:26.209850849	72.827576	33.696449	1003.465804	26.501350	26.849002	518.474572	66.079766	34.454296	1002.802191	634.518596	11.841833	
7/20/2019 13:16:27.209850849	72.748725	33.649226	1003.744858	26.700492	26.892270	517.389707	66.014661	34.262857	1003.204492	400.184018	11.808938	
7/20/2019 13:16:28.209850849	72.807864	33.707666	1003.234217	27.178730	26.999950	519.368876	66.095825	34.309444	1002.996954	369.300507	11.807414	
7/20/2019 13:16:29.209850849	72.702728	33.590636	1001.976064	26.803170	26.871902	518.140109	66.025595	34.275314	1002.738794	170.518461	11.795573	
7/20/2019 13:16:30.209850849	72.880144	33.724605	1003.790750	26.361743	26.927987	519.675742	66.282309	34.294300	1003.134630	57.895111	11.747238	
7/20/2019 13:16:31.209850849	72.860431	33.586337	1004.437805	26.305110	26.829940	520.734325	65.837298	34.205380	1002.917945	1007.377916	11.893283	
7/20/2019 13:16:32.209850849	72.939283	33.764460	1003.933944	26.914409	26.875902	520.352551	65.829623	34.224472	1002.797932	382.854806	11.809727	
7/20/2019 13:16:33.209850849	72.873573	33.649900	1001.488606	26.181472	26.880106	519.571920	65.826311	34.078901	1002.822061	348.101297	11.802223	
7/20/2019 13:16:34.209850849	72.860431	33.666165	1002.732960	27.079183	27.047871	521.301397	65.731111	34.103178	1003.247227	487.159884	11.805035	
7/20/2019 13:16:35.209850849	72.827576	33.660444	1002.004766	26.101211	26.838716	521.544521	65.790197	34.130779	1002.116971	252.612768	11.787373	
7/20/2019 13:16:36.209850849	72.873573	33.671287	1004.624603	26.837008	26.863412	521.802760	65.950555	34.204661	1002.674925	485.984026	11.803314	
7/20/2019 13:16:37.209850849	72.814435	33.628138	1003.046867	26.442348	26.918639	520.881511	65.763414	33.963111	1002.940023	536.586961	11.848141	
7/20/2019 13:16:38.209850849	72.775009	33.637634	1002.222554	26.691601	26.853166	520.361750	65.815377	34.055660	1002.830420	569.701654	11.811133	
7/20/2019 13:16:39.209850849	73.031276	33.774148	1002.316308	26.910797	26.929497	522.180587	65.939174	34.130166	1003.995057	561.099935	11.802249	
7/20/2019 13:16:40.209850849	72.715870	33.601629	1004.158750	26.780352	26.905618	520.562162	65.791748	33.972032	1002.528890	707.016593	11.853897	
7/20/2019 13:16:41.209850849	72.821005	33.766181	1003.904534	28.061040	27.028319	524.002055	65.957126	34.084605	1002.536300	903.215176	11.881718	
7/20/2019 13:16:42.209850849	72.689587	33.569848	1003.299270	26.756797	26.939620	520.138992	65.812355	33.996934	1002.949169	831.972188	11.894821	
7/20/2019 13:16:43.209850849	72.847289	33.645900	1001.778147	26.824899	27.025748	522.742407	65.923010	34.156200	1003.450192	1055.005809	11.897462	
7/20/2019 13:16:44.209850849	72.814435	33.701646	1004.275686	26.220805	26.849492	521.357907	65.589100	34.071016	1002.263792	971.492325	11.901536	
7/20/2019 13:16:45.209850849	72.932712	33.861001	1004.338846	26.937587	26.944477	521.948630	65.589757	34.055861	1003.165224	1074.462430	11.878932	
7/20/2019 13:16:46.209850849	72.847289	33.723183	1001.409360	26.335801	26.883209	521.691054	65.618091	34.019963	1003.121226	914.418293	11.890063	
7/20/2019 13:16:47.209850849	72.768438	33.691027	1003.392315	27.363373	26.999665	523.528953	65.672315	34.125794	1002.485364	522.462021	11.798096	
7/20/2019 13:16:48.209850849	72.748725	33.632512	1003.832621	26.750966	26.849492	521.215974	65.459442	34.122895	1002.974719	335.136486	11.793510	
7/20/2019 13:16:49.209850849	72.853860	33.692899	1003.109474	26.736957	26.904271	523.714251	65.539844	34.227383	1003.152606	592.033738	11.833251	
7/20/2019 13:16:50.209850849	72.775009	33.585664	1001.896661	26.791861	26.947825	521.852039	65.500024	34.022355	1002.994904	417.038213	11.826365	
7/20/2019 13:16:51.209850849	72.899857	33.775902	1004.522255	27.231654	26.881576	524.281976	65.755739	34.119878	1002.964623	435.842997	11.775808	
7/20/2019 13:16:52.209850849	72.965566	33.627540	1003.504126	26.663914	26.858595	522.990130	65.653259	34.088034	1002.638808	512.036251	11.846091	
7/20/2019 13:16:53.209850849	73.129840	33.667138	1002.350057	26.775843	27.016972	527.094349	65.848731	34.130261	1003.235716	390.467222	11.808952	
7/20/2019 13:16:54.209850849	73.050989	33.585289	1002.715060	26.686492	26.933701	523.534205	65.586945	34.109200	1002.910058	432.164254	11.814576	
7/20/2019 13:16:55.209850849	72.912999	33.723332	1002.529365	27.017888	26.967458	524.857594	65.639565	34.188574	1003.358251	453.721611	11.795402	
7/20/2019 13:16:56.209850849	72.847289	33.680259	1002.955083	26.313415	26.854635	525.408899	65.603951	34.182870	1002.358098	441.313028	11.835472	
7/20/2019 13:16:57.209850849	72.965566	33.734924	1002.537802	27.152252	27.039912	526.428707	65.671973	34.103591	1003.209694	440.222854	11.817731	
7/20/2019 13:16:58.209850849	72.978708	33.617445	1002.165228	26.522912	26.975908	524.680180	65.525204	34.078382	1003.174055	623.974152	11.823040	
7/20/2019 13:16:59.209850849	73.064130	33.736870	1004.032271	26.120649	26.872473	527.317759	65.895228	34.171662	1002.920625	941.399295	11.860731	
7/20/2019 13:17:00.209850849	73.142982	33.787269	1004.005306	26.149035	26.859697	526.524645	65.782418	34.143955	1002.418816	850.059083	11.867446	
7/20/2019 13:17:01.209850849	73.248117	33.744869	1002.717977	27.087224	27.027503	525.410868	65.684510	34.164815	1002.865902	679.234911	11.852727	
7/20/2019 13:17:02.209850849	72.932712	33.655696	1003.511696	26.712042	26.966805	524.940386	65.698651	34.127668	1002.830735	290.036333	11.807388	
7/20/2019 13:17:03.209850849	72.998421	33.738924	1001.755832	26.836985	26.994276	526.832164	65.804443	34.149871	1003.306365	183.585454	11.755793	
7/20/2019 13:17:04.209850849	73.090414	33.723407	1001.941212	26.190586	26.878964	526.938616	65.812013	34.185357	1002.445152	63.409161	11.777819	
7/20/2019 13:17:05.209850849	73.280972	33.750740	1004.498993	26.274370	26.879290	526.878159	65.945587	34.204861	1003.140938	255.462279	11.717313	
7/20/2019 13:17:06.209850849	73.129840	33.670613	1002.442707	26.283877	26.907006	527.242851	65.766069	34.119466	1002.852184	489.276058	11.839125	
7/20/2019 13:17:07.209850849	73.070701	33.844212	1003.150793	26.877559	26.948437	529.511802	66.089202	34.198215	1002.505869	775.216209	11.861164	
7/20/2019 13:17:08.209850849	73.024705	33.703218	1003.198261	26.616668	26.923170	528.335599	66.099032	34.112619	1002.661993	871.400544	11.875463	
7/20/2019 13:17:09.209850849	73.208691	33.702320	1002.062249	26.797971	26.947008	531.556028	66.279050	34.340580	1002.691009	817.442196	11.872112	
7/20/2019 13:17:10.209850849	73.267830	33.644628	1002.455087	26.368383	26.953499	528.597121	66.130283	34.115836	1002.968410	212.148438	11.804602	
7/20/2019 13:17:11.209850849	73.405820	33.702769	1003.020925	27.092470	26.968315	529.460544	66.193128	34.197496	1003.122169	48.659339	11.725672	
7/20/2019 13:17:12.209850849	73.241546	33.640179	1003.211193	26.766560	26.951784	528.985463	66.126814	34.229245	1002.784371	42.373178	11.773889	
7/20/2019 13:17:13.209850849	73.037847	33.738849	1003.508384	27.109266	26.937089	531.396348	66.308488	34.288384	1002.515801	272.427831	11.788910	
7/20/2019 13:17:14.209850849	73.103556	33.624214	1003.180598	26.708405	26.966234	529.342924	66.136540	34.205274	1002.856599	179.340270	11.795100	
7/20/2019 13:17:15.209850849	73.353252	33.697572	1003.746042	26.872786	26.926354	532.675058	66.098927	34.342760	1003.091417	60.529778	11.763218	
7/20/2019 13:17:16.209850849	73.077272	33.646499	1002.110191	26.598952	26.962356	530.241175	65.846628	34.173737	1003.246912	39.877885	11.757961	
7/20/2019 13:17:17.209850849	73.261259	33.775827	1004.283493	27.318714	26.936599	532.544291	65.981806	34.263587	1002.796039	53.336562	11.748026	
7/20/2019 13:17:18.209850849	73.359823	33.681456	1002.422205	26.426321	26.899659	532.481213	65.923167	34.193135	1002.705205	424.387836	11.824919	
7/20/2019 13:17:19.209850849	73.346681	33.787344	1003.999706	26.734643	27.012441	534.873700	66.049119	34.259121	1002.951377	430.321087	11.812671	
7/20/2019 13:17:20.209850849	73.182407	33.624064	1002.439552	26.314000	26.947253	531.929908	65.888210	34.212121	1002.942074	399.521680	11.827482	
7/20/2019 13:17:21.209850849	73.478100	33.787943	1002.458319	26.526459	26.841614	533.780289	66.152598	34.419435	1002.607270	178.376363	11.755714	
7/20/2019 13:17:22.209850849	73.083843	33.712190	1003.004681	26.532363	26.860881	532.025846	66.068332	34.256222	1002.587872	387.084534	11.829479	
7/20/2019 13:17:23.209850849	73.248117	33.765358	1002.242581	27.142848	26.955539	534.078608	66.214549	34.315466	1002.684228	202.091297	11.766819	
7/20/2019 13:17:24.209850849	73.405820	33.701870	1002.171457	26.486558	26.924027	533.617989	66.224327	34.189399	1002.869374	56.826674	11.774993	
7/20/2019 13:17:25.209850849	73.136411	33.682879	1002.768994	27.025337	27.039952	534.820474	66.449290	34.287558	1002.752355	69.837857	11.746870	
7/20/2019 13:17:26.209850849	73.392678	33.701945	1003.232404	26.509849	26.854921	533.161306	66.381425	34.254878	1002.437107	83.607006	11.785494	
7/20/2019 13:17:27.209850849	73.438674	33.702993	1004.285544	27.122585	26.987296	533.398515	66.414228	34.304058	1002.752041	727.061672	11.832870	
7/20/2019 13:17:28.209850849	73.300685	33.744270	1002.345246	26.372138	26.913823	534.537922	66.242883	34.190024	1002.797618	47.433181	11.772128	
7/20/2019 13:17:29.209850849	73.517526	33.777698	1003.273406	27.188493	27.040769	535.055052	66.224537	34.200289	1002.946804	280.121729	11.778397	
7/20/2019 13:17:30.209850849	73.287543	33.687103	1001.450204	26.558681	26.937620	534.075324	66.251215	34.186701	1002.893660	367.718550	11.821752	
7/20/2019 13:17:31.209850849	73.379536	33.767155	1002.792570	26.439367	26.896026	536.975089	66.545095	34.346284	1002.852813	162.005812	11.772128	
7/20/2019 13:17:32.209850849	73.510955	33.851879	1004.013505	27.566816	27.096323	538.058638	66.619136	34.264307	1003.356673	129.226203	11.747054	
7/20/2019 13:17:33.209850849	73.156124	33.686878	1003.375913	26.599336	26.866514	535.586643	66.481988	34.297104	1002.349267	120.326843	11.786532	
7/20/2019 13:17:34.209850849	73.451816	33.800433	1003.118148	26.226138	26.950723	537.823397	66.495234	34.345766	1003.084479	403.337446	11.757541	
7/20/2019 13:17:35.209850849	73.425532	33.630085	1003.600167	26.510530	26.984929	536.373841	66.155463	34.207348	1003.014302	450.288894	11.825510	
7/20/2019 13:17:36.209850849	73.451816	33.917944	1002.841774	26.974751	27.010563	538.280733	66.260546	34.259746	1003.100248	303.262086	11.785848	
7/20/2019 13:17:37.209850849	73.274401	33.675885	1002.671771	26.638605	26.964846	536.130717	66.126919	34.284966	1002.815752	235.389936	11.784810	
7/20/2019 13:17:38.209850849	73.543810	33.756536	1001.524954	26.824034	27.053504	540.292761	66.460382	34.346485	1003.213795	151.121289	11.742047	
7/20/2019 13:17:39.209850849	73.248117	33.692973	1003.242102	26.613609	26.937334	537.162355	66.264804	34.264625	1003.009886	99.109821	11.759670	
7/20/2019 13:17:40.209850849	73.392678	33.814302	1002.322931	26.503000	26.897209	539.339316	66.374645	34.352094	1003.351785	114.921256	11.742086	
7/20/2019 13:17:41.209850849	73.392678	33.765283	1002.576281	26.243551	26.912721	539.705975	66.087940	34.266699	1002.850448	322.486077	11.809911	
7/20/2019 13:17:42.209850849	73.504384	33.787419	1003.025261	27.067546	27.068811	539.535781	66.065230	34.316291	1003.075648	98.763196	11.765295	
7/20/2019 13:17:43.209850849	73.471529	33.722509	1002.585269	26.419297	26.922966	540.382784	66.222172	34.231414	1002.698110	120.827529	11.772404	
7/20/2019 13:17:44.209850849	73.556951	33.704415	1003.220813	26.769763	26.948968	543.001966	66.457964	34.436866	1002.677919	52.662700	11.740824	
7/20/2019 13:17:45.209850849	73.313826	33.633111	1004.184849	26.624004	26.941620	538.757782	66.213550	34.274901	1002.664358	110.029459	11.761168	
7/20/2019 13:17:46.209850849	73.333539	33.808282	1002.136290	26.971651	26.925252	540.186309	66.434597	34.370668	1002.653791	65.241845	11.745398	
7/20/2019 13:17:47.209850849	73.432103	33.749767	1002.449725	26.281578	26.924599	540.612110	66.490214	34.233394	1002.692745	422.367288	11.830767	
7/20/2019 13:17:48.209850849	73.550380	33.772052	1003.009017	26.969449	27.027993	541.219262	66.410469	34.296575	1003.027549	137.983297	11.748302	
7/20/2019 13:17:49.209850849	73.570093	33.724305	1003.038350	26.348856	26.926558	540.416950	66.438856	34.241172	1003.027077	278.534531	11.798832	
7/20/2019 13:17:50.209850849	73.543810	33.725428	1002.286108	26.588619	26.956070	541.619435	66.328910	34.315466	1003.471641	187.938061	11.782721	
7/20/2019 13:17:51.209850849	73.346681	33.796690	1002.962416	26.181663	26.902230	540.775726	66.384737	34.286415	1002.539772	403.863801	11.823815	
7/20/2019 13:17:52.209850849	73.596377	33.876817	1003.180284	26.948752	26.921252	541.417707	66.445741	34.304576	1002.706463	177.943014	11.750313	
7/20/2019 13:17:53.209850849	73.484671	33.660369	1002.162311	27.071783	26.955784	539.196066	66.294347	34.281230	1002.439157	545.690405	11.818821	
7/20/2019 13:17:54.209850849	73.478100	33.656519	1002.389482	27.052369	27.085833	541.248175	66.304387	34.316609	1002.999634	560.449392	11.837115	
7/20/2019 13:17:55.209850849	73.412391	33.791718	1002.530784	26.310283	26.886066	541.283004	66.442562	34.248231	1002.532991	1007.328656	11.900130	
7/20/2019 13:17:56.209850849	73.340110	33.750964	1004.179410	26.828526	26.885004	542.193738	66.208530	34.474743	1002.323088	1003.299360	11.871113	
7/20/2019 13:17:57.209850849	73.313826	33.707741	1002.856914	26.830866	26.879004	540.750097	66.382976	34.251660	1002.697475	1044.793309	11.906425	
7/20/2019 13:17:58.209850849	73.543810	33.886837	1003.951292	26.850136	26.960356	542.457228	66.310406	34.251755	1002.587557	546.685223	11.821344	
7/20/2019 13:17:59.209850849	73.445245	33.703592	1002.298488	26.532371	26.961989	541.184434	66.451051	34.213889	1002.917945	142.008667	11.783640	
7/20/2019 13:18:00.209850849	73.497813	33.672709	1002.391138	26.959990	27.065423	543.350880	66.329015	34.289739	1002.992853	258.437559	11.796204	
7/20/2019 13:18:01.209850849	73.543810	33.682804	1002.368351	26.550055	26.959132	542.223303	66.458726	34.181939	1003.030228	63.129872	11.759880	
7/20/2019 13:18:02.209850849	73.668657	33.904374	1001.560359	26.662488	26.922925	544.095366	66.442929	34.203200	1002.939709	48.752616	11.734477	
7/20/2019 13:18:03.209850849	73.359823	33.697946	1002.479373	26.476467	26.907292	544.481740	66.334877	34.119878	1002.867009	489.915077	11.836957	
7/20/2019 13:18:04.209850849	73.576664	33.893830	1003.800528	26.656346	27.056647	545.970061	66.471473	34.114174	1002.622882	85.428437	11.735554	
7/20/2019 13:18:05.209850849	73.550380	33.703517	1002.121624	26.451166	26.950641	545.217028	66.345364	34.117392	1002.957057	272.174482	11.812027	
7/20/2019 13:18:06.209850849	73.478100	33.655995	1002.878125	27.126125	26.960927	546.849914	66.601578	34.306756	1003.019189	56.692001	11.726092	
7/20/2019 13:18:07.209850849	73.537239	33.682280	1002.081647	26.750101	26.963703	545.793299	66.355798	34.127562	1002.867953	54.178902	11.775782	
7/20/2019 13:18:08.209850849	73.727796	33.892932	1002.757560	26.565832	26.923497	547.771815	66.586885	34.229139	1002.589608	52.768811	11.749130	
7/20/2019 13:18:09.209850849	73.333539	33.677382	1001.891851	26.641809	26.977010	546.445794	66.381583	34.108989	1002.744945	463.758050	11.835183	
7/20/2019 13:18:10.209850849	73.596377	33.787494	1004.747770	27.185489	26.988072	549.267367	66.653147	34.291188	1002.526368	145.960147	11.756713	
7/20/2019 13:18:11.209850849	73.681799	33.770929	1003.069339	26.420602	26.871085	548.106278	66.611908	34.223647	1002.441365	49.827334	11.778909	
7/20/2019 13:18:12.209850849	73.602948	33.835764	1001.667992	26.586328	26.928068	549.304163	66.599213	34.285590	1002.920468	85.699862	11.754439	
7/20/2019 13:18:13.209850849	73.648945	33.714360	1001.343046	26.663778	26.932518	547.390041	66.372804	34.136896	1002.909114	93.343463	11.762416	
7/20/2019 13:18:14.209850849	73.767222	33.824771	1003.227042	26.808544	27.014767	547.515545	66.499255	34.167714	1003.312674	41.199940	11.741797	
7/20/2019 13:18:15.209850849	73.596377	33.682430	1003.748802	26.478357	26.951498	547.949230	66.186110	34.144781	1002.926462	41.100382	11.771418	
7/20/2019 13:18:16.209850849	73.754080	33.772801	1002.362989	26.972300	26.978153	550.176785	66.489425	34.376372	1002.983707	88.791468	11.741494	
7/20/2019 13:18:17.209850849	73.543810	33.802336	1002.559328	26.183618	26.877861	549.712219	66.456256	34.256740	1002.590079	45.990868	11.765886	
7/20/2019 13:18:18.209850849	73.570093	33.883361	1002.086062	27.206881	26.867983	550.109760	66.494078	34.441745	1002.837201	59.849362	11.719626	
7/20/2019 13:18:19.209850849	73.721225	33.666988	1002.820248	26.700532	26.976724	548.947355	66.378613	34.232251	1002.712143	46.358462	11.779356	
7/20/2019 13:18:20.209850849	73.537239	33.788018	1003.307392	27.177352	27.044769	549.988193	66.406605	34.282161	1003.220576	41.422377	11.752757	
7/20/2019 13:18:21.209850849	73.596377	33.618792	1004.017763	26.072034	27.056076	548.730513	66.379665	34.256952	1002.397367	61.728956	11.756976	
7/20/2019 13:18:22.209850849	73.852644	33.777474	1002.684228	26.732105	27.044769	551.947658	66.472315	34.309762	1003.152763	66.952193	11.749537	
7/20/2019 13:18:23.209850849	73.524097	33.766331	1002.275621	26.317083	26.910149	551.636193	66.360451	34.238061	1002.806449	131.994232	11.789278	
7/20/2019 13:18:24.209850849	73.708083	33.814377	1003.796507	26.813894	26.882719	551.503458	66.227586	34.394745	1002.916052	235.354822	11.784100	
7/20/2019 13:18:25.209850849	73.458387	33.693348	1004.054272	26.603445	26.979296	550.397564	66.043757	34.223954	1002.918260	198.760760	11.795297	
7/20/2019 13:18:26.209850849	73.445245	33.671362	1004.182090	26.880363	26.825450	552.115873	65.949556	34.396195	1002.047108	120.669537	11.740404	
7/20/2019 13:18:27.209850849	73.892070	33.926360	1002.537959	26.638284	26.959254	552.981264	66.222724	34.318789	1003.572413	109.096735	11.740259	
7/20/2019 13:18:28.209850849	73.445245	33.745543	1003.347527	26.572986	26.874188	551.821491	66.170708	34.277081	1002.587872	198.541984	11.804050	
7/20/2019 13:18:29.209850849	73.510955	33.781773	1002.693849	27.659722	27.130325	553.388004	66.290746	34.240960	1003.047576	303.096772	11.790330	
7/20/2019 13:18:30.209850849	73.616090	33.797289	1002.969434	26.311309	26.882147	552.675062	66.273188	34.283622	1002.288078	201.229842	11.786177	
7/20/2019 13:18:31.209850849	73.859215	33.816773	1001.344779	26.826749	27.037667	555.357321	66.394120	34.303221	1003.134472	160.103441	11.738406	
7/20/2019 13:18:32.209850849	73.721225	33.744944	1002.868347	26.370056	26.864840	553.743497	66.049671	34.319932	1002.428276	69.479437	11.782274	
7/20/2019 13:18:33.209850849	73.701512	33.992949	1003.901300	26.751085	26.981908	555.345491	66.017973	34.240548	1003.104035	137.180004	11.745161	
7/20/2019 13:18:34.209850849	73.668657	33.802711	1002.199924	26.382438	26.922639	555.011691	65.930632	34.216482	1002.653319	76.830374	11.776899	
7/20/2019 13:18:35.209850849	73.694941	33.778147	1002.461001	27.766646	27.043055	557.606559	66.009589	34.352507	1002.597017	51.973381	11.756292	
7/20/2019 13:18:36.209850849	73.786934	33.755114	1003.235716	26.402534	26.826307	555.404632	65.808754	34.332071	1002.289971	117.795396	11.789936	
7/20/2019 13:18:37.209850849	73.944637	33.836588	1003.405561	26.445758	26.924925	556.705024	65.900090	34.369525	1003.196133	56.589821	11.736671	
7/20/2019 13:18:38.209850849	73.570093	33.791718	1002.849896	26.256933	26.877249	555.896796	65.799975	34.301465	1002.544659	91.303257	11.762692	
7/20/2019 13:18:39.209850849	73.714654	33.830492	1003.740522	27.029919	27.037993	555.431567	65.686218	34.298967	1003.034329	70.500196	11.754715	
7/20/2019 13:18:40.209850849	73.655516	33.776351	1002.751017	26.564400	26.938518	554.417674	65.478446	34.335701	1002.345323	50.190726	11.719823	
7/20/2019 13:18:41.209850849	73.905212	33.772651	1002.352422	27.075411	27.084118	557.728779	65.335593	34.291389	1003.014774	50.029344	11.762653	
7/20/2019 13:18:42.209850849	73.537239	33.724530	1001.722872	26.490907	26.865697	556.203661	65.351285	34.344104	1002.119965	202.701755	11.775598	
7/20/2019 13:18:43.209850849	73.865786	33.874165	1002.547580	26.273673	26.934559	558.048780	65.250223	34.328123	1003.143146	134.281234	11.750024	
7/20/2019 13:18:44.209850849	73.839502	33.823873	1002.637470	26.177595	26.899985	557.846399	65.132446	34.306026	1002.679813	72.578636	11.775361	
7/20/2019 13:18:45.209850849	73.734367	33.883062	1004.093460	26.993877	27.005950	558.538312	65.020397	34.251131	1002.944439	45.517704	11.747408	
7/20/2019 13:18:46.209850849	73.694941	33.729503	1003.293041	26.729910	26.881535	557.749145	64.931558	34.266911	1002.629505	64.555147	11.777411	
7/20/2019 13:18:47.209850849	73.931495	33.836588	1001.759538	26.548213	26.986643	560.928830	65.154314	34.300522	1002.751883	44.469966	11.738406	
7/20/2019 13:18:48.209850849	73.537239	33.808282	1003.762443	26.379347	26.873902	559.689549	65.009805	34.267017	1002.401939	96.911894	11.784416	
7/20/2019 13:18:49.209850849	73.773793	33.809030	1003.119647	26.900714	26.901740	561.238980	65.085950	34.266604	1003.146769	86.474594	11.755333	
7/20/2019 13:18:50.209850849	73.859215	33.723856	1003.015168	26.795225	26.908190	559.871563	65.066789	34.127668	1002.861486	48.373497	11.768816	
7/20/2019 13:18:51.209850849	73.602948	33.808956	1004.651334	27.383573	26.925742	562.220675	65.082743	34.204237	1002.143779	56.593753	11.737302	
7/20/2019 13:18:52.209850849	73.773793	33.818901	1002.816936	26.171636	26.915537	562.423066	65.041004	34.076932	1002.421338	67.777224	11.774297	
7/20/2019 13:18:53.209850849	73.990634	33.789365	1002.221607	26.587578	26.919497	563.341684	65.139516	34.159312	1002.616101	111.810533	11.765649	
7/20/2019 13:18:54.209850849	73.576664	33.714585	1003.657018	26.869198	26.978153	561.126612	64.895996	34.103909	1002.959736	66.106193	11.766464	
7/20/2019 13:18:55.209850849	73.957779	33.915666	1003.403668	26.746584	26.944763	564.225473	64.975899	34.084605	1003.267732	61.071859	11.732427	
7/20/2019 13:18:56.209850849	73.872357	33.740945	1001.100183	27.039746	26.857452	564.307612	64.643146	34.101729	1003.218368	58.372477	11.751850	
7/20/2019 13:18:57.209850849	73.714654	33.820473	1002.228468	27.118228	27.066281	563.902841	64.926801	34.102035	1002.896339	51.225900	11.766057	
7/20/2019 13:18:58.209850849	73.832931	33.734700	1004.073038	26.889685	26.885821	562.721385	64.968829	34.165334	1002.408248	49.193557	11.763008	
7/20/2019 13:18:59.209850849	73.760651	33.836213	1002.613814	26.370016	26.935089	565.812363	65.220023	34.213370	1002.722710	85.014475	11.758500	
7/20/2019 13:19:00.209850849	73.826360	33.766331	1003.585579	26.469571	26.845002	563.349567	65.047076	34.171250	1002.417079	48.987887	11.779291	
7/20/2019 13:19:01.209850849	73.892070	33.850308	1003.176183	27.044711	26.912231	564.320095	65.092573	34.206005	1002.747782	70.360281	11.760537	
7/20/2019 13:19:02.209850849	73.629232	33.814302	1002.802663	26.502608	26.932803	564.820805	65.149451	34.105253	1002.535042	54.829445	11.748959	
7/20/2019 13:19:03.209850849	73.885499	33.899701	1002.043719	27.044864	27.067138	566.376804	65.165405	34.145924	1002.806921	58.919530	11.732860	
7/20/2019 13:19:04.209850849	73.885499	33.803833	1002.756614	26.168217	26.885168	566.100167	65.254139	34.146030	1002.289342	78.425436	11.754295	
7/20/2019 13:19:05.209850849	73.951208	33.763829	1002.712220	26.569077	27.006522	566.244069	65.407874	34.235680	1003.103720	82.922930	11.757791	
7/20/2019 13:19:06.209850849	73.708083	33.724530	1003.120041	26.741619	26.918394	564.667041	65.371602	34.154126	1002.292179	78.971179	11.758513	
7/20/2019 13:19:07.209850849	73.852644	33.955971	1002.971484	26.627519	26.940804	567.105524	65.552225	34.190955	1002.865745	69.218226	11.756673	
7/20/2019 13:19:08.209850849	73.813218	33.850757	1002.413768	26.260546	26.896556	566.642273	65.396335	34.196353	1002.589922	50.797523	11.772089	
7/20/2019 13:19:09.209850849	73.878928	33.751713	1003.770013	27.314822	26.986113	568.012974	65.400251	34.299697	1002.765602	140.897253	11.771957	
7/20/2019 13:19:10.209850849	73.924924	33.741543	1003.618224	26.422293	26.936477	566.291381	65.372416	34.200088	1002.604905	118.720528	11.771800	
7/20/2019 13:19:11.209850849	73.740938	33.836139	1004.313456	26.862550	26.917864	567.848042	65.722175	34.407402	1002.384434	57.693101	11.737512	
7/20/2019 13:19:12.209850849	73.865786	33.725877	1001.611770	26.463989	26.986358	566.210557	65.751875	34.219699	1002.891452	43.731388	11.769014	
7/20/2019 13:19:13.209850849	73.892070	33.852029	1004.319765	27.352850	26.998032	567.099608	65.903007	34.268879	1002.734693	52.503668	11.753782	
7/20/2019 13:19:14.209850849	73.714654	33.730700	1002.819538	26.841502	26.929987	566.117250	65.876014	34.283410	1002.622882	46.369986	11.771458	
7/20/2019 13:19:15.209850849	73.852644	33.782970	1004.237364	27.106206	26.987827	570.046684	66.199884	34.396713	1002.866216	146.997401	11.759998	
7/20/2019 13:19:16.209850849	73.865786	33.746516	1003.794693	26.907562	26.967663	566.763830	65.978442	34.270953	1002.707728	230.651930	11.793970	
7/20/2019 13:19:17.209850849	74.102340	33.863396	1002.033862	26.943587	26.893781	569.981627	66.127314	34.451915	1002.981814	224.468719	11.761812	
7/20/2019 13:19:18.209850849	73.852644	33.778297	1003.859589	26.964940	26.949539	568.453879	65.921117	34.298036	1002.570052	142.165078	11.771340	
7/20/2019 13:19:19.209850849	73.786934	33.841186	1003.575250	26.572881	27.124406	569.762154	66.026699	34.331965	1002.305897	116.950707	11.740167	
7/20/2019 13:19:20.209850849	73.846073	33.724904	1002.699526	26.505989	26.965663	569.651764	66.112464	34.294088	1002.650954	98.866687	11.779737	
7/20/2019 13:19:21.209850849	73.911782	33.720007	1003.765203	26.617140	26.956029	570.603894	66.075298	34.272921	1002.749204	107.962543	11.782234	
7/20/2019 13:19:22.209850849	74.154907	33.908673	1001.389095	26.775298	26.856595	573.266450	66.083472	34.388098	1002.068714	102.983752	11.746344	
