
Time stamp	Inside_humidity (in %rH)	Inside_temperature (in °C)	Inside_pressure (in mbar)	Soil_moisture (in %VWC)	Soil_temperature (in °C)	Inside_CO2_ratio (in ppm)	Outside_humidity (in %rH)	Outside_temperature (in °C)	Outside_pressure (in mbar)	Outside_PAR (in µmol m^-2 s^-1)	Power_box_charge (in V)	
7/20/2019 12:50:13.048918849	66.026647	33.387159	1004.015004	27.079807	28.416726	473.650165	66.130283	34.641670	1004.525096	1451.191501	11.986157	
7/20/2019 12:50:14.048918849	65.901799	33.362971	1004.271980	28.142252	28.474280	475.848808	67.101075	34.839650	1003.932446	1437.704016	11.984961	
7/20/2019 12:50:15.048918849	65.790092	33.351678	1004.434573	28.107765	28.436890	473.654764	67.466236	34.721986	1003.414389	1437.592663	11.982293	
7/20/2019 12:50:16.048918849	65.960937	33.467660	1004.417382	28.399868	28.475709	475.429584	67.914007	34.776870	1003.797450	1466.612264	11.992465	
7/20/2019 12:50:17.048918849	67.229130	33.381588	1005.302962	27.198223	28.379376	475.181861	67.761324	34.739829	1003.752508	1421.404761	11.956495	
7/20/2019 12:50:18.048918849	67.741664	33.499367	1004.481883	28.238899	28.437502	473.214511	67.894004	34.769610	1003.746828	1367.405061	11.966142	
7/20/2019 12:50:19.048918849	67.997931	33.403873	1002.402729	27.324337	28.446482	471.960115	66.997648	34.724473	1004.142192	1109.868029	11.951028	
7/20/2019 12:50:20.048918849	68.536748	33.384283	1005.151962	27.452395	28.436890	473.093607	66.824990	34.790046	1004.391521	786.142390	11.847681	
7/20/2019 12:50:21.048918849	68.267340	33.425186	1004.037634	27.566935	28.362926	470.421199	66.286278	34.820558	1003.685167	647.131536	11.888644	
7/20/2019 12:50:22.048918849	68.405329	33.400024	1004.620819	28.545956	28.576286	472.385917	66.148183	34.858530	1003.961619	651.991107	11.861795	
7/20/2019 12:50:23.048918849	68.576174	33.428661	1004.949866	27.456208	28.363824	469.827845	65.996394	34.751661	1003.339639	1169.371037	11.914441	
7/20/2019 12:50:24.048918849	68.911292	33.634416	1003.683906	27.904827	28.493873	470.965273	65.953210	34.694586	1004.076902	1688.947175	12.016685	
7/20/2019 12:50:25.048918849	69.016428	33.423838	1004.018158	27.391197	28.364355	469.302168	65.997998	34.707773	1003.547335	826.213428	11.917504	
7/20/2019 12:50:26.048918849	69.338404	33.463137	1004.754157	27.772467	28.384519	470.446828	66.014057	34.757165	1004.077374	258.082800	11.803143	
7/20/2019 12:50:27.048918849	69.450110	33.434906	1005.024459	27.297097	28.361498	470.086083	65.660829	34.622377	1003.588654	331.831618	11.824091	
7/20/2019 12:50:28.048918849	69.732661	33.433783	1004.864864	27.160299	28.365172	469.716139	65.473531	34.562614	1003.386953	817.160287	11.873781	
7/20/2019 12:50:29.048918849	70.074350	33.483252	1003.252746	29.619972	28.749398	473.075209	65.419412	34.647480	1004.577290	1106.733721	11.910854	
7/20/2019 12:50:30.048918849	70.140059	33.371568	1003.472585	27.737756	28.480770	469.139205	65.407217	34.482098	1004.091728	1107.323750	11.954840	
7/20/2019 12:50:31.048918849	70.652593	33.705346	1005.811712	28.081366	28.483464	472.061306	65.613176	34.499010	1004.342157	1319.115124	11.940436	
7/20/2019 12:50:32.048918849	70.593455	33.423838	1005.171123	27.125940	28.321251	470.498739	65.240288	34.493305	1003.063502	1409.100996	11.971766	
7/20/2019 12:50:33.048918849	70.600026	33.527897	1004.439775	26.711559	28.574041	470.621611	65.261709	34.526092	1005.157328	1226.811601	11.905912	
7/20/2019 12:50:34.048918849	70.777441	33.434532	1004.700695	27.314533	28.349865	470.183990	64.987333	34.446200	1003.441833	1264.969489	11.968086	
7/20/2019 12:50:35.048918849	71.000853	33.452069	1003.223493	28.341136	28.565550	471.707139	65.108265	34.536675	1004.182719	1333.967101	11.950568	
7/20/2019 12:50:36.048918849	71.237407	33.488000	1003.797925	27.340947	28.367743	470.188589	64.910033	34.430219	1003.378279	1356.225542	11.955891	
7/20/2019 12:50:37.048918849	71.644806	33.629443	1005.604016	28.170108	28.542080	471.753787	65.023842	34.370657	1003.873622	1433.253169	11.947585	
7/20/2019 12:50:38.048918849	71.441107	33.377888	1002.857780	27.618586	28.453871	469.322535	64.847687	34.407190	1003.479522	1416.000494	11.972804	
7/20/2019 12:50:39.048918849	71.638235	33.452219	1004.888597	28.248373	28.323618	471.569805	64.944648	34.550476	1004.621452	1436.103985	11.942407	
7/20/2019 12:50:40.048918849	71.730228	33.508713	1002.134791	27.429657	28.402847	469.902753	64.670876	34.404174	1004.312827	1477.221681	11.990047	
7/20/2019 12:50:41.048918849	71.894502	33.358447	1003.800528	27.985472	28.600655	471.550091	64.711405	34.505032	1004.306833	1464.996777	11.989981	
7/20/2019 12:50:42.048918849	72.104772	33.439879	1003.826312	27.488317	28.374274	469.334365	64.460054	34.486045	1003.448928	1467.904445	12.010364	
7/20/2019 12:50:43.048918849	72.420178	33.535597	1004.128313	28.547502	28.487342	472.454910	64.766024	34.529309	1003.609153	1421.821072	11.987287	
7/20/2019 12:50:44.048918849	72.321614	33.341284	1003.442385	27.634109	28.462361	469.828497	64.709540	34.406460	1004.061762	1415.413356	12.002676	
7/20/2019 12:50:45.048918849	72.564739	33.529651	1004.281443	27.612210	28.395867	471.726190	64.762869	34.546115	1004.115699	1449.280729	11.968323	
7/20/2019 12:50:46.048918849	72.505600	33.428811	1003.662143	27.644432	28.380519	470.756977	64.658838	34.522049	1003.385216	1426.625096	11.998326	
7/20/2019 12:50:47.048918849	72.650161	33.462912	1003.273720	27.965192	28.460402	473.988574	64.940128	34.625076	1004.277817	1403.443380	11.945180	
7/20/2019 12:50:48.048918849	73.024705	33.440477	1004.130678	27.311441	28.412195	470.694552	64.694900	34.441109	1004.058925	1389.275751	11.988640	
7/20/2019 12:50:49.048918849	73.149553	33.552835	1003.536533	28.259339	28.565224	472.209155	64.866900	34.538125	1003.910840	1374.465172	11.959860	
7/20/2019 12:50:50.048918849	73.044418	33.465639	1004.093303	27.282496	28.336598	471.306967	64.846084	34.539998	1003.696364	1311.409712	11.978416	
7/20/2019 12:50:51.048918849	73.123269	33.662721	1002.828604	28.107884	28.385050	470.644609	65.055750	34.477007	1004.531562	1348.653492	11.934719	
7/20/2019 12:50:52.048918849	73.202120	33.487850	1003.235084	27.250796	28.398316	471.273454	64.740397	34.505751	1003.796349	1359.393382	11.989876	
7/20/2019 12:50:53.048918849	73.451816	33.441900	1004.785855	28.027656	28.451952	471.650629	65.150293	34.740253	1003.956417	1352.709767	11.939805	
7/20/2019 12:50:54.048918849	73.734367	33.508938	1003.057668	27.378438	28.423828	469.963863	65.227593	34.505232	1003.943170	1335.246447	11.980663	
7/20/2019 12:50:55.048918849	73.924924	33.488374	1003.277269	28.439073	28.562367	469.919836	65.196105	34.604111	1004.319765	1248.762196	11.964315	
7/20/2019 12:50:56.048918849	73.747509	33.404323	1003.961385	27.772524	28.453830	467.481353	65.055959	34.537818	1003.890970	1246.929244	11.965419	
7/20/2019 12:50:57.048918849	73.681799	33.645558	1003.076435	28.556840	28.438931	468.362521	65.160438	34.648317	1003.652680	1266.428566	11.918910	
7/20/2019 12:50:58.048918849	73.898641	33.435655	1003.141330	27.377942	28.431175	467.798733	65.371050	34.521626	1003.980074	1286.419670	11.975328	
7/20/2019 12:50:59.048918849	73.997205	33.421785	1002.887428	28.370914	28.474321	469.133953	65.590651	34.758202	1004.057661	1391.800370	11.942342	
7/20/2019 12:51:00.048918849	74.102340	33.404847	1002.411166	27.697678	28.457544	466.824257	65.301792	34.617192	1003.941277	1496.107919	11.996723	
7/20/2019 12:51:01.048918849	74.286326	33.426383	1003.998603	28.287539	28.618207	469.079411	65.282631	34.627044	1004.101502	1466.415768	11.994160	
7/20/2019 12:51:02.048918849	74.476884	33.482578	1004.541731	27.389379	28.412766	467.577291	65.212953	34.579833	1004.023915	1435.849327	11.994462	
7/20/2019 12:51:03.048918849	74.857999	33.522775	1002.488441	28.107788	28.509425	468.406538	65.328970	34.579526	1004.375117	1161.046263	11.916058	
7/20/2019 12:51:04.048918849	74.733151	33.471810	1004.927708	27.249009	28.364927	469.152351	65.228802	34.537818	1003.440097	1124.097487	11.949504	
7/20/2019 12:51:05.048918849	74.595161	33.637859	1003.071152	27.017543	28.476280	469.654367	65.310913	34.615636	1004.109547	1257.784149	11.908146	
7/20/2019 12:51:06.048918849	74.476884	33.399275	1003.327971	27.465579	28.443952	468.922363	64.769545	34.462074	1004.009090	1327.753258	11.981439	
7/20/2019 12:51:07.048918849	74.706867	33.431356	1003.479051	28.070546	28.605186	472.014657	64.822560	34.499740	1004.178146	786.051735	11.894571	
7/20/2019 12:51:08.048918849	75.035414	33.478653	1002.053889	27.660523	28.443094	470.820055	64.599252	34.351883	1004.087626	1055.735212	11.919448	
7/20/2019 12:51:09.048918849	75.265397	33.614451	1003.339010	28.068679	28.467790	472.183526	64.776458	34.395040	1004.054667	1283.421345	11.960490	
7/20/2019 12:51:10.048918849	75.140549	33.394153	1004.204799	27.666682	28.478525	470.392286	64.618703	34.374404	1003.941277	1191.687917	11.962291	
7/20/2019 12:51:11.048918849	75.225972	33.478504	1004.850276	27.911650	28.445135	471.759703	64.634709	34.503994	1003.888290	1191.109682	11.924981	
7/20/2019 12:51:12.048918849	75.383674	33.520529	1002.272704	27.043974	28.406521	472.380001	64.403727	34.343480	1003.523049	1211.671160	11.944694	
7/20/2019 12:51:13.048918849	75.317965	33.462538	1002.705202	28.402519	28.530691	473.247371	64.408538	34.493411	1003.690055	1141.535143	11.931040	
7/20/2019 12:51:14.048918849	75.311394	33.536345	1002.700867	27.248281	28.388683	471.755103	64.233986	34.329679	1003.936704	1133.291850	11.932301	
7/20/2019 12:51:15.048918849	75.324536	33.556909	1003.706616	28.117343	28.444278	471.841179	64.564532	34.433330	1003.444041	1174.660292	11.897843	
7/20/2019 12:51:16.048918849	75.344249	33.487476	1004.033455	27.252582	28.339660	471.001417	64.542059	34.426176	1003.369762	1171.048889	11.944352	
7/20/2019 12:51:17.048918849	75.699080	33.527523	1004.552455	27.692311	28.415950	472.059337	64.266342	34.452846	1004.215206	1172.936072	11.902811	
7/20/2019 12:51:18.048918849	75.679367	33.426009	1004.122004	27.527057	28.432890	470.711634	64.034703	34.333415	1003.857853	1191.306449	11.950345	
7/20/2019 12:51:19.048918849	75.791073	33.411017	1003.561214	28.305472	28.597226	473.093607	64.296279	34.480129	1004.057661	1175.344638	11.950818	
7/20/2019 12:51:20.048918849	75.856782	33.525726	1004.727031	27.044734	28.319536	472.621157	64.524897	34.399401	1003.918570	1150.151271	11.920736	
7/20/2019 12:51:21.048918849	76.053911	33.579044	1003.168061	28.203843	28.539182	471.437723	64.435031	34.416419	1004.129732	1155.798675	11.947848	
7/20/2019 12:51:22.048918849	76.297036	33.752419	1002.682967	28.262133	28.504730	471.762987	64.451984	34.488945	1004.805805	1218.318351	11.917687	
7/20/2019 12:51:23.048918849	75.823928	33.383010	1002.736586	28.029995	28.450197	470.445512	64.279983	34.455746	1004.015713	1269.627318	11.941790	
7/20/2019 12:51:24.048918849	76.001343	33.496415	1003.134864	27.875569	28.528161	473.437269	64.603958	34.560752	1004.740044	1289.412752	11.951751	
7/20/2019 12:51:25.048918849	75.948775	33.530250	1002.869608	27.411516	28.385867	473.357761	64.376235	34.403655	1003.960676	1147.890212	11.940002	
7/20/2019 12:51:26.048918849	76.014485	33.500040	1004.661664	29.111222	28.499465	473.847293	64.659285	34.569768	1003.648578	1063.657821	11.925730	
7/20/2019 12:51:27.048918849	76.099907	33.472184	1003.198970	27.551045	28.360681	472.558732	64.684912	34.528272	1003.448928	1133.831039	11.934667	
7/20/2019 12:51:28.048918849	76.553302	33.636512	1003.651656	27.946010	28.514568	473.218448	64.641990	34.459576	1004.527303	1027.565523	11.913627	
7/20/2019 12:51:29.048918849	76.303606	33.487326	1003.435761	27.416570	28.379091	472.891879	64.602959	34.499634	1003.529987	963.026323	11.908094	
7/20/2019 12:51:30.048918849	76.415313	33.476525	1003.408873	27.650447	28.472566	474.293461	64.724495	34.580881	1004.324652	981.130252	11.893927	
7/20/2019 12:51:31.048918849	76.244468	33.477007	1004.422350	27.300365	28.340558	474.225783	64.796066	34.566975	1003.606473	961.630650	11.931040	
7/20/2019 12:51:32.048918849	76.441596	33.526250	1002.081172	28.573548	28.599185	475.557056	64.909481	34.530854	1004.129417	965.698993	11.911537	
7/20/2019 12:51:33.048918849	76.441596	33.435505	1004.735785	27.698847	28.437461	472.814339	64.736086	34.520906	1004.324181	999.006231	11.897975	
7/20/2019 12:51:34.048918849	76.796427	33.536644	1004.092199	28.118224	28.519139	474.399251	64.860434	34.561059	1004.160483	983.726141	11.914389	
7/20/2019 12:51:35.048918849	76.329890	33.426234	1004.784594	27.225799	28.460402	474.288862	64.783134	34.571854	1003.904059	967.692017	11.910919	
7/20/2019 12:51:36.048918849	76.671579	33.601330	1003.652365	27.454685	28.407745	476.762173	64.900702	34.657038	1004.445137	867.728085	11.890523	
7/20/2019 12:51:37.048918849	76.901562	33.509911	1003.082191	27.481685	28.411909	474.355887	64.880937	34.524324	1003.977866	860.068267	11.912431	
7/20/2019 12:51:38.048918849	76.599299	33.573847	1005.162449	27.891572	28.559836	477.324646	64.995455	34.577028	1003.656938	820.376078	11.860691	
7/20/2019 12:51:39.048918849	76.697863	33.426159	1003.256058	27.654276	28.459544	473.538459	64.765287	34.497666	1003.799501	745.028584	11.890852	
7/20/2019 12:51:40.048918849	77.203826	33.621295	1003.670265	28.223858	28.527303	474.298713	64.689642	34.560847	1004.032904	970.064430	11.911314	
7/20/2019 12:51:41.048918849	76.908133	33.520904	1004.518549	27.561385	28.437135	473.686961	64.591025	34.548295	1003.838140	1089.354498	11.930067	
7/20/2019 12:51:42.048918849	76.770144	33.466431	1002.535042	28.119498	28.448523	474.617409	64.751278	34.728739	1003.652680	1149.517224	11.910538	
7/20/2019 12:51:43.048918849	76.973843	33.426758	1003.288703	27.404196	28.441952	473.714559	64.781373	34.544972	1004.238706	1113.066782	11.942933	
7/20/2019 12:51:44.048918849	77.170971	33.511557	1002.137394	28.417745	28.592981	475.603052	64.908586	34.683696	1004.258890	1304.093902	11.963829	
7/20/2019 12:51:45.048918849	76.796427	33.599982	1002.287684	27.189381	28.382438	475.614883	64.804450	34.573610	1003.688954	1097.359898	11.930146	
7/20/2019 12:51:46.048918849	77.256393	33.710842	1003.050336	27.670101	28.449952	475.116141	64.815542	34.554306	1004.702826	1308.204678	11.936086	
7/20/2019 12:51:47.048918849	77.289248	33.582744	1003.051282	27.377261	28.372560	475.755501	64.893184	34.621340	1003.359038	920.858507	11.898527	
7/20/2019 12:51:48.048918849	77.124975	33.560577	1003.831437	27.461189	28.504608	475.250191	65.103402	34.715869	1004.718123	826.051775	11.873097	
7/20/2019 12:51:49.048918849	77.177542	33.583717	1004.054035	27.097507	28.379050	476.652436	65.291043	34.621340	1003.551279	1016.938022	11.930159	
7/20/2019 12:51:50.048918849	77.184113	33.516829	1004.152994	28.491983	28.594695	477.476431	65.351994	34.737861	1003.821421	728.985281	11.889511	
7/20/2019 12:51:51.048918849	77.105262	33.526550	1002.616968	27.331064	28.379050	476.302859	65.322608	34.596851	1004.397830	748.199048	11.859837	
7/20/2019 12:51:52.048918849	77.269535	33.574746	1003.890103	28.577880	28.454238	476.987552	65.602847	34.757059	1003.818899	939.815758	11.867959	
7/20/2019 12:51:53.048918849	77.348387	33.573922	1003.293671	27.342942	28.454687	476.157641	65.622060	34.628600	1004.293114	1102.990537	11.929699	
7/20/2019 12:51:54.048918849	77.282677	33.570222	1004.405554	27.632578	28.485913	476.381052	65.746803	34.702482	1004.812586	469.726144	11.797058	
7/20/2019 12:51:55.048918849	77.374670	33.605404	1003.121380	27.084733	28.405664	477.195195	65.907660	34.614281	1003.916363	969.042633	11.897883	
7/20/2019 12:51:56.048918849	77.506089	33.557732	1005.230024	28.780314	28.509996	478.042851	65.828362	34.782680	1003.873779	1202.399248	11.920526	
7/20/2019 12:51:57.048918849	77.177542	33.552760	1004.066652	27.029429	28.373703	476.580812	65.641773	34.734855	1003.759289	689.303299	11.852951	
7/20/2019 12:51:58.048918849	77.657221	33.564351	1003.036300	28.420387	28.538937	476.613661	65.673077	34.730908	1003.908632	1142.501398	11.909185	
7/20/2019 12:51:59.048918849	77.446951	33.614900	1002.235563	27.456039	28.403459	477.841123	65.630129	34.667303	1003.905953	1302.282959	11.949543	
7/20/2019 12:52:00.048918849	77.604654	33.523449	1004.123898	27.855218	28.481056	475.718041	65.430951	34.748963	1004.372437	1396.373056	11.932511	
7/20/2019 12:52:01.048918849	77.663792	33.516006	1003.891522	27.914030	28.369702	476.306143	65.278163	34.683802	1003.715448	1432.673624	11.995474	
7/20/2019 12:52:02.048918849	77.374670	33.580242	1004.530692	28.601620	28.497792	478.956869	65.614780	34.781749	1003.652994	1183.898401	11.952106	
7/20/2019 12:52:03.048918849	77.466664	33.489796	1002.696214	27.692423	28.367457	476.429679	65.391472	34.764943	1003.223570	1248.944276	11.956942	
7/20/2019 12:52:04.048918849	77.939772	33.679585	1004.190684	27.175204	28.413664	478.222234	65.340665	34.699983	1004.122794	1370.835694	11.932722	
7/20/2019 12:52:05.048918849	77.644079	33.541767	1004.805096	27.782952	28.382479	476.148442	65.235425	34.709329	1003.847286	1262.414727	11.955234	
7/20/2019 12:52:06.048918849	77.512660	33.645526	1002.267342	28.239980	28.403745	478.793253	65.091417	34.918092	1003.799186	1075.944556	11.901010	
7/20/2019 12:52:07.048918849	77.492947	33.533019	1003.108922	27.476039	28.380805	475.813979	64.860881	34.716176	1003.759446	1177.238103	11.921722	
7/20/2019 12:52:08.048918849	77.644079	33.548835	1004.977149	28.077178	28.545958	476.466475	65.246702	34.751449	1003.600164	1150.255801	11.884478	
7/20/2019 12:52:09.048918849	77.722931	33.533468	1003.876147	27.624682	28.362314	476.549267	65.028809	34.749587	1003.545284	998.184862	11.922103	
7/20/2019 12:52:10.048918849	77.939772	33.601704	1004.539760	28.159816	28.396683	477.432404	65.035038	34.824082	1003.751244	1092.938379	11.913863	
7/20/2019 12:52:11.048918849	77.933201	33.553209	1004.680667	27.446644	28.324353	478.554066	64.879490	34.823257	1003.810540	956.719201	11.899171	
7/20/2019 12:52:12.048918849	77.808353	33.681157	1001.845879	27.507658	28.488444	480.388680	64.855414	34.788385	1004.210319	940.462911	11.891588	
7/20/2019 12:52:13.048918849	77.657221	33.538067	1004.483144	27.769560	28.388397	479.333381	64.687382	34.757884	1003.671921	1014.781764	11.938373	
7/20/2019 12:52:14.048918849	77.887204	33.632063	1004.340739	28.109615	28.467790	481.533339	64.772200	34.842549	1003.799658	992.946175	11.915821	
7/20/2019 12:52:15.048918849	77.985768	33.604880	1003.045840	27.258701	28.406847	480.877560	64.677894	34.752487	1004.223409	744.451659	11.879734	
7/20/2019 12:52:16.048918849	77.874062	33.522475	1003.508856	27.484368	28.452197	479.217729	64.487651	34.733183	1004.247380	944.979787	11.898882	
7/20/2019 12:52:17.048918849	77.966055	33.631657	1002.808182	27.600333	28.483382	479.631700	64.682310	34.858223	1004.873932	989.753974	11.894295	
7/20/2019 12:52:18.048918849	77.952914	33.637410	1002.777036	27.255337	28.412195	479.029147	64.341881	34.704862	1004.159697	869.741039	11.888355	
7/20/2019 12:52:19.048918849	78.018623	33.654423	1004.038186	28.617503	28.547631	484.778735	64.649008	34.789834	1004.083683	585.314232	11.857327	
7/20/2019 12:52:20.048918849	77.966055	33.494843	1003.521551	27.658913	28.458646	479.441802	64.396604	34.702894	1003.959097	534.103464	11.856460	
7/20/2019 12:52:21.048918849	78.393167	33.831872	1003.517610	27.949614	28.495342	481.325696	64.719527	34.724886	1004.479361	515.166630	11.812145	
7/20/2019 12:52:22.048918849	78.235464	33.557957	1003.443489	27.434166	28.392112	480.899242	64.637864	34.619985	1004.019342	992.885662	11.924351	
7/20/2019 12:52:23.048918849	78.261748	33.550632	1003.592123	27.793066	28.510527	480.974803	64.826423	34.799286	1004.564207	948.036276	11.878880	
7/20/2019 12:52:24.048918849	77.979197	33.595309	1002.834046	27.721761	28.457259	481.438717	64.709802	34.631712	1004.409341	835.775118	11.885950	
7/20/2019 12:52:25.048918849	78.044907	33.605703	1004.222619	28.826406	28.645719	483.785861	64.737190	34.699983	1004.057661	1175.920252	11.946166	
7/20/2019 12:52:26.048918849	78.189468	33.673565	1003.313778	27.228314	28.387581	483.036775	64.620516	34.628188	1003.947901	1346.141437	11.984422	
7/20/2019 12:52:27.048918849	78.386596	33.769881	1003.988667	27.561737	28.438074	485.044857	64.703573	34.693867	1004.138091	1328.908146	11.952789	
7/20/2019 12:52:28.048918849	78.255177	33.573922	1004.079110	27.246799	28.353865	483.682040	64.640019	34.751355	1003.503651	821.133772	11.908501	
7/20/2019 12:52:29.048918849	78.288032	33.614194	1003.256295	27.364406	28.411133	487.026658	64.828421	34.811636	1004.057504	442.603900	11.831924	
7/20/2019 12:52:30.048918849	78.104045	33.599908	1003.765912	27.430834	28.419869	484.368048	64.536198	34.653502	1003.991427	857.986937	11.913942	
7/20/2019 12:52:31.048918849	78.202609	33.737277	1003.280424	28.140738	28.548529	484.835898	64.537958	34.721044	1004.306990	859.865218	11.899972	
7/20/2019 12:52:32.048918849	78.209180	33.689380	1003.435367	27.081321	28.372560	484.872042	64.710644	34.694279	1003.982753	1373.595855	11.973146	
7/20/2019 12:52:33.048918849	78.583724	33.764909	1003.146140	27.835354	28.414562	483.758917	64.719527	34.747089	1004.529354	1121.217069	11.902771	
7/20/2019 12:52:34.048918849	78.294603	33.543937	1002.836569	27.465875	28.431747	483.060425	64.780479	34.737342	1003.499078	1085.137609	11.921367	
7/20/2019 12:52:35.048918849	78.518015	33.691701	1004.685240	27.551845	28.456483	487.367035	64.960392	34.782268	1004.250216	1580.605396	11.991663	
7/20/2019 12:52:36.048918849	78.235464	33.595384	1003.269148	27.239895	28.416440	484.189318	64.627639	34.684627	1003.872521	1546.649996	12.013281	
7/20/2019 12:52:37.048918849	78.071191	33.685531	1005.542670	28.090529	28.450809	486.235512	64.800639	34.873262	1003.904531	560.334107	11.822777	
7/20/2019 12:52:38.048918849	78.360312	33.574671	1003.924167	26.531841	28.552162	484.041469	64.697659	34.820346	1003.523049	1413.524863	11.949727	
7/20/2019 12:52:39.048918849	78.426022	33.644328	1003.007046	27.698397	28.376315	485.138164	65.022186	34.845767	1003.860218	1530.963550	11.961476	
7/20/2019 12:52:40.048918849	78.320886	33.774704	1002.180840	27.295919	28.397500	484.011903	64.655079	34.773134	1003.608209	935.735122	11.896647	
7/20/2019 12:52:41.048918849	78.577153	33.623465	1003.752428	27.831262	28.530365	483.141249	64.629295	34.836527	1004.164270	1389.921322	11.970859	
7/20/2019 12:52:42.048918849	78.426022	33.585065	1004.526434	27.524863	28.462075	482.248913	64.409194	34.766700	1004.002152	203.504009	11.821476	
7/20/2019 12:52:43.048918849	78.366883	33.811458	1004.174914	28.034256	28.505465	485.048141	64.550391	34.756942	1004.074537	429.116938	11.835840	
7/20/2019 12:52:44.048918849	78.242035	33.559154	1003.805652	27.729514	28.386397	483.370575	64.467019	34.782574	1003.837983	289.720620	11.828638	
7/20/2019 12:52:45.048918849	78.537728	33.692300	1003.923930	27.575737	28.391295	485.425316	64.470883	34.957726	1004.020600	1751.639974	12.005147	
7/20/2019 12:52:46.048918849	78.596866	33.664742	1003.395232	27.206177	28.385867	484.954834	64.243764	34.779156	1003.917306	415.661656	11.850809	
7/20/2019 12:52:47.048918849	78.531157	33.602976	1004.441116	28.169756	28.579388	486.061381	64.218085	34.915594	1004.151652	1547.260452	12.002242	
7/20/2019 12:52:48.048918849	78.393167	33.695925	1003.686351	27.318474	28.413378	485.067855	64.152718	34.719700	1003.987012	190.246801	11.804181	
7/20/2019 12:52:49.048918849	78.570582	33.833070	1004.701247	28.051347	28.494730	485.929962	64.153926	34.796269	1004.243121	1456.731480	11.978587	
7/20/2019 12:52:50.048918849	78.432592	33.548236	1003.382142	27.711060	28.442237	484.605257	64.018801	34.794819	1003.678230	862.692717	11.909224	
7/20/2019 12:52:51.048918849	78.669146	33.683028	1003.976839	27.397556	28.484485	487.894017	64.155635	34.881358	1004.394201	109.430525	11.775295	
7/20/2019 12:52:52.048918849	78.504873	33.665416	1002.336415	27.937690	28.407133	487.079221	63.967180	34.819933	1003.282866	485.811888	11.832725	
7/20/2019 12:52:53.048918849	78.623150	33.671811	1003.855250	28.429959	28.501465	490.714274	64.279222	34.894534	1003.792877	139.955626	11.798267	
7/20/2019 12:52:54.048918849	78.564011	33.568126	1003.270409	27.392206	28.442237	487.416968	63.975617	34.693655	1004.262520	132.542867	11.776005	
7/20/2019 12:52:55.048918849	78.491731	33.780650	1004.290037	27.791184	28.409460	488.362530	64.010522	34.812049	1003.770799	461.435935	11.834841	
7/20/2019 12:52:56.048918849	78.485160	33.618493	1002.898152	27.507843	28.341374	487.566785	63.926203	34.752180	1003.507752	469.388422	11.851334	
7/20/2019 12:52:57.048918849	78.636292	33.683328	1003.938755	27.768406	28.423869	488.578057	64.244501	34.858223	1004.241543	553.741140	11.827600	
7/20/2019 12:52:58.048918849	78.636292	33.591834	1004.858398	27.701450	28.403419	486.364300	63.979271	34.732051	1003.779316	403.902576	11.832003	
7/20/2019 12:52:59.048918849	78.649434	33.703068	1004.250454	28.451328	28.465218	488.562943	64.061986	34.833522	1003.532509	636.716252	11.868629	
7/20/2019 12:53:00.048918849	78.445734	33.685755	1003.408793	27.144522	28.392643	487.424199	63.652983	34.712016	1004.242650	167.775061	11.792117	
7/20/2019 12:53:01.048918849	78.728285	33.807908	1002.173902	27.995219	28.500934	487.189611	63.620233	34.852614	1004.566886	206.090997	11.769592	
7/20/2019 12:53:02.048918849	78.610008	33.612098	1003.589758	27.376252	28.443666	486.924804	63.826273	34.755185	1004.065391	1017.522809	11.938636	
7/20/2019 12:53:03.048918849	78.649434	33.623765	1003.329627	28.129798	28.495220	487.501076	64.003294	34.858837	1004.034954	262.169223	11.806836	
7/20/2019 12:53:04.048918849	78.734856	33.649151	1003.987958	27.111548	28.333741	487.334176	63.761325	34.846391	1003.797293	329.686882	11.794982	
7/20/2019 12:53:05.048918849	78.964839	33.854232	1002.670981	27.801685	28.485913	490.632135	63.740613	34.756423	1004.146765	1180.589876	11.932327	
7/20/2019 12:53:06.048918849	78.728285	33.697347	1002.591815	27.404597	28.344517	489.149729	63.838364	34.831035	1003.354936	838.626976	11.894400	
7/20/2019 12:53:07.048918849	78.603437	33.709687	1004.998123	27.992496	28.406031	490.082145	63.910302	34.973082	1003.801237	1400.429330	11.961884	
7/20/2019 12:53:08.048918849	78.518015	33.611948	1003.048837	27.704229	28.467749	488.651650	63.762482	34.798449	1003.901380	1476.215341	12.007446	
7/20/2019 12:53:09.048918849	78.741427	33.734026	1003.771984	27.616464	28.514813	491.833967	63.906938	34.817435	1004.302732	1497.075484	11.994896	
7/20/2019 12:53:10.048918849	78.833420	33.749018	1004.106944	27.218222	28.387295	490.607169	64.115894	34.788596	1004.024387	1438.419274	11.994002	
7/20/2019 12:53:11.048918849	78.853133	33.676259	1002.677290	27.246495	28.348762	490.712959	64.227153	34.881358	1003.783889	1412.253109	11.971950	
7/20/2019 12:53:12.048918849	78.971410	33.670763	1004.439223	27.535699	28.456401	489.486160	64.187990	34.835490	1003.807231	1411.659689	11.976616	
7/20/2019 12:53:13.048918849	78.984552	33.729577	1003.780343	27.062571	28.365988	491.370054	64.186781	34.849714	1003.784518	1125.676821	11.930330	
7/20/2019 12:53:14.048918849	78.892559	33.664892	1004.973837	26.837577	28.383622	491.465992	64.163205	34.843586	1003.457916	991.982540	11.897160	
7/20/2019 12:53:15.048918849	78.951697	33.643430	1003.867788	27.405734	28.413052	490.435006	64.226154	34.838708	1004.089834	1174.384936	11.959847	
7/20/2019 12:53:16.048918849	78.945126	33.654797	1004.283965	27.436129	28.364314	491.218921	64.456690	34.935205	1003.389318	969.566366	11.929068	
7/20/2019 12:53:17.048918849	79.004265	33.643281	1004.197939	27.424443	28.452442	491.270832	64.413006	34.855619	1004.043785	901.793834	11.913180	
7/20/2019 12:53:18.048918849	78.991123	33.775153	1003.624610	27.219768	28.392683	492.483832	64.565793	34.860392	1003.862426	1156.660130	11.941224	
7/20/2019 12:53:19.048918849	78.721714	33.644553	1002.137551	27.580199	28.430318	491.911497	64.677000	34.893803	1003.833725	1166.903269	11.947546	
7/20/2019 12:53:20.048918849	78.734856	33.703143	1003.622560	27.523125	28.349865	492.461487	64.930297	34.940496	1003.398463	929.665892	11.924180	
7/20/2019 12:53:21.048918849	78.774282	33.707966	1003.669713	27.279982	28.351007	493.054188	65.037036	34.953260	1003.317247	752.702820	11.899893	
7/20/2019 12:53:22.048918849	78.656005	33.638533	1004.232949	27.858021	28.391540	492.181566	65.047628	34.919849	1003.641326	716.684124	11.891877	
7/20/2019 12:53:23.048918849	78.669146	33.639281	1004.626654	27.126117	28.411623	492.631018	65.160990	34.872531	1003.892234	680.534957	11.854488	
7/20/2019 12:53:24.048918849	78.734856	33.692749	1003.734214	27.579190	28.348722	493.048273	65.127635	34.870669	1003.383009	703.318463	11.893322	
7/20/2019 12:53:25.048918849	78.747998	33.644478	1003.898540	27.655173	28.443054	492.649416	65.009411	34.847322	1003.720178	719.853278	11.891391	
7/20/2019 12:53:26.048918849	78.839991	33.702844	1005.474386	27.242795	28.349334	493.599578	65.263155	34.855313	1004.018235	718.260838	11.873321	
7/20/2019 12:53:27.048918849	78.899130	33.771378	1003.625872	27.179562	28.366069	494.441319	65.223283	34.782574	1003.820321	698.282824	11.871113	
7/20/2019 12:53:28.048918849	79.043690	33.544536	1004.683270	27.264395	28.494077	492.201932	64.903224	34.819203	1004.043942	694.800849	11.854685	
7/20/2019 12:53:29.048918849	78.991123	33.700897	1004.679326	27.103002	28.334639	494.085174	64.899151	34.783823	1003.221519	658.651409	11.850020	
7/20/2019 12:53:30.048918849	79.083116	33.723108	1003.497108	27.041315	28.343089	494.418321	64.833993	34.755079	1003.499235	650.292826	11.852767	
7/20/2019 12:53:31.048918849	78.997694	33.677158	1002.419288	27.882466	28.432604	493.545036	64.928037	34.792851	1003.271355	659.635743	11.859876	
7/20/2019 12:53:32.048918849	78.991123	33.718884	1005.268741	27.140189	28.352436	494.645015	64.975295	34.830622	1003.396255	654.439760	11.876672	
7/20/2019 12:53:33.048918849	78.938555	33.672185	1004.140613	27.463425	28.351007	494.062829	64.831838	34.806651	1003.751401	638.095158	11.847904	
7/20/2019 12:53:34.048918849	78.905700	33.691776	1003.287047	27.853216	28.364600	494.203447	64.819143	34.853027	1003.478893	660.035558	11.873189	
7/20/2019 12:53:35.048918849	78.977981	33.777249	1003.439625	27.264836	28.404847	495.589262	64.820904	34.752074	1004.024544	602.905691	11.874622	
7/20/2019 12:53:36.048918849	78.728285	33.803684	1002.148513	27.857261	28.348191	494.625301	64.649664	34.895677	1003.391840	546.187159	11.842398	
7/20/2019 12:53:37.048918849	78.991123	33.692150	1004.371728	27.560263	28.469994	494.710725	64.581747	34.827606	1004.196443	545.464308	11.846445	
7/20/2019 12:53:38.048918849	78.905700	33.771079	1004.165926	27.348083	28.408521	494.753436	64.562481	34.808514	1003.883875	564.804618	11.849981	
7/20/2019 12:53:39.048918849	78.853133	33.733801	1004.943558	27.053729	28.390152	496.953395	64.906064	34.820346	1003.755345	597.417314	11.858352	
7/20/2019 12:53:40.048918849	78.774282	33.666539	1004.012244	27.632090	28.364886	495.672054	64.862537	34.902312	1003.544655	617.055259	11.872834	
7/20/2019 12:53:41.048918849	78.853133	33.728904	1002.405174	27.321942	28.425542	495.806104	64.922071	34.742316	1004.427475	589.618888	11.843738	
7/20/2019 12:53:42.048918849	78.682288	33.677083	1003.963198	27.631418	28.385009	495.582031	64.698816	34.878553	1003.549071	574.751440	11.854147	
7/20/2019 12:53:43.048918849	78.715143	33.676933	1003.336960	27.518512	28.385009	496.015716	64.559222	34.905530	1003.496870	642.944516	11.879011	
7/20/2019 12:53:44.048918849	78.971410	33.744495	1004.353276	26.904109	28.373090	496.975077	64.516984	34.895878	1003.693212	715.181300	11.866526	
7/20/2019 12:53:45.048918849	78.991123	33.650274	1004.830248	27.604995	28.407664	495.850784	64.747862	34.897952	1003.765755	804.847607	11.905216	
7/20/2019 12:53:46.048918849	79.023977	33.681756	1004.453259	27.589617	28.360029	496.460568	64.699815	34.931776	1003.432215	785.419269	11.896950	
7/20/2019 12:53:47.048918849	79.096258	33.781698	1002.450749	27.174436	28.440278	495.499239	64.752435	34.762858	1004.395465	819.866490	11.882126	
7/20/2019 12:53:48.048918849	79.023977	33.730476	1004.089045	27.489807	28.345619	496.634699	64.678603	34.954403	1003.544970	851.203759	11.910210	
7/20/2019 12:53:49.048918849	78.951697	33.702320	1003.181702	27.703924	28.420930	495.548518	64.548683	34.924822	1003.612311	927.000046	11.920276	
7/20/2019 12:53:50.048918849	79.030548	33.786820	1003.139517	27.102562	28.408276	497.074299	64.555359	34.871081	1003.930395	997.036255	11.930659	
7/20/2019 12:53:51.048918849	78.918842	33.724380	1004.489530	27.856684	28.333986	497.099265	64.553703	34.981792	1003.295326	856.275551	11.887921	
7/20/2019 12:53:52.048918849	78.945126	33.719108	1003.124062	27.422970	28.426114	496.770718	64.586505	34.872225	1004.116485	930.575296	11.916045	
7/20/2019 12:53:53.048918849	78.945126	33.697422	1004.453891	27.761479	28.426073	496.404058	64.839907	34.911646	1003.509645	989.448746	11.913640	
7/20/2019 12:53:54.048918849	78.997694	33.807384	1002.932611	27.027852	28.409990	497.731394	64.861276	34.829680	1003.936704	1037.265273	11.938636	
7/20/2019 12:53:55.048918849	78.938555	33.734700	1004.094564	27.135808	28.420971	496.422456	64.767285	34.908535	1004.019342	1054.219283	11.921170	
7/20/2019 12:53:56.048918849	78.899130	33.767080	1003.955471	27.438588	28.330598	497.690651	64.826975	34.973908	1003.411081	1087.966418	11.944365	
7/20/2019 12:53:57.048918849	78.918842	33.718809	1003.424722	27.524062	28.439952	497.525719	64.747072	34.852921	1003.658831	1393.484775	11.980716	
7/20/2019 12:53:58.048918849	78.977981	33.745169	1002.495222	27.370125	28.456687	497.756360	64.708751	34.860392	1003.723964	1378.782928	11.966575	
7/20/2019 12:53:59.048918849	78.892559	33.723931	1003.637463	27.659090	28.414195	498.498879	64.793174	34.853863	1003.742255	758.846981	11.885924	
7/20/2019 12:54:00.048918849	78.931984	33.751414	1004.078006	27.256258	28.341946	499.727646	64.641385	34.858011	1003.468641	791.918957	11.899026	
7/20/2019 12:54:01.048918849	78.951697	33.818377	1003.719311	26.919087	28.364069	500.336777	64.861723	34.766912	1003.551750	794.194162	11.900997	
7/20/2019 12:54:02.048918849	78.879417	33.746291	1004.403189	27.407024	28.354110	499.906376	64.924725	34.852201	1003.260473	590.193192	11.873321	
7/20/2019 12:54:03.048918849	78.892559	33.708639	1003.786177	27.638418	28.400847	499.299876	64.746863	34.764213	1003.448456	984.294162	11.934719	
7/20/2019 12:54:04.048918849	78.938555	33.737170	1004.113411	27.594039	28.334598	499.512119	64.680154	34.761207	1003.634703	822.799830	11.881495	
7/20/2019 12:54:05.048918849	79.332812	33.921462	1002.281455	28.003820	28.513751	500.238861	64.709907	34.705074	1004.645895	597.932144	11.828336	
7/20/2019 12:54:06.048918849	78.938555	33.698694	1003.734608	27.609112	28.430033	499.468092	64.393949	34.638877	1003.857853	804.451723	11.879537	
7/20/2019 12:54:07.048918849	79.096258	33.694770	1003.482914	28.277831	28.526691	505.226226	64.370163	34.773346	1003.838455	1140.655611	11.924784	
7/20/2019 12:54:08.048918849	79.175109	33.814302	1003.908475	27.190022	28.372519	500.690291	63.677112	34.522144	1004.141878	946.929065	11.902298	
7/20/2019 12:54:09.048918849	79.352525	33.989398	1003.911472	28.158311	28.472321	502.639231	63.885017	34.544972	1004.088413	820.855794	11.878130	
7/20/2019 12:54:10.048918849	79.280244	33.745767	1002.373396	27.445484	28.441380	499.975370	63.524824	34.513741	1003.898700	814.012102	11.900603	
7/20/2019 12:54:11.048918849	79.194822	33.874838	1005.157797	27.297793	28.362436	502.644494	63.503850	34.702693	1004.284912	1183.129952	11.907765	
7/20/2019 12:54:12.048918849	79.010836	33.761733	1002.918180	27.654596	28.435135	501.333587	63.059995	34.474001	1003.671606	926.538407	11.901891	
7/20/2019 12:54:13.048918849	78.958268	33.841261	1003.465567	28.275749	28.613390	504.387770	63.069667	34.527330	1004.228139	776.865501	11.860533	
7/20/2019 12:54:14.048918849	79.037119	33.746142	1003.544813	27.709964	28.369131	501.585911	63.167023	34.595613	1003.586446	690.135153	11.880522	
7/20/2019 12:54:15.048918849	79.424805	33.993997	1004.387182	27.939723	28.442645	503.538798	63.112457	34.552962	1004.254475	679.964314	11.851268	
7/20/2019 12:54:16.048918849	79.247390	33.813853	1002.880647	27.117835	28.397500	503.091977	62.955806	34.526092	1004.033061	335.793582	11.834999	
7/20/2019 12:54:17.048918849	79.109400	33.776843	1004.160012	27.235418	28.458116	502.325798	62.959065	34.595401	1004.039841	892.471619	11.871691	
7/20/2019 12:54:18.048918849	79.155396	33.819050	1004.458859	27.224045	28.352722	503.400811	62.777838	34.529828	1003.549700	681.481555	11.881928	
7/20/2019 12:54:19.048918849	79.227677	33.831166	1004.059240	28.504597	28.566081	504.280001	62.882369	34.544972	1003.541498	369.366262	11.807309	
7/20/2019 12:54:20.048918849	79.221106	33.751563	1003.813065	27.583531	28.431175	502.674060	62.748243	34.481061	1003.811804	436.135391	11.851820	
7/20/2019 12:54:21.048918849	79.188251	33.831316	1003.552225	27.837990	28.395010	504.423250	62.801967	34.621140	1004.031167	1037.235401	11.894374	
7/20/2019 12:54:22.048918849	79.030548	33.731299	1002.798642	27.147870	28.423542	503.306841	62.538182	34.410714	1003.634546	594.984387	11.848180	
7/20/2019 12:54:23.048918849	79.253960	33.841410	1003.417310	27.734111	28.523017	507.637765	62.782701	34.481473	1004.107968	215.265713	11.799319	
7/20/2019 12:54:24.048918849	79.299957	33.851805	1003.858562	27.027419	28.389785	505.418092	62.756969	34.411127	1003.800765	451.167116	11.848312	
7/20/2019 12:54:25.048918849	79.122542	33.873940	1005.228211	28.475315	28.441462	505.874112	62.795448	34.494967	1003.801394	308.597715	11.808978	
7/20/2019 12:54:26.048918849	79.194822	33.813928	1003.993083	27.363165	28.316760	505.123057	62.723667	34.388617	1003.326392	339.481228	11.839809	
7/20/2019 12:54:27.048918849	79.227677	33.778522	1003.323950	27.635229	28.440319	507.671930	62.808985	34.418292	1003.820950	528.135100	11.812474	
7/20/2019 12:54:28.048918849	79.004265	33.813778	1003.383246	27.394729	28.335170	506.047590	62.733393	34.318895	1003.514532	525.830022	11.865330	
7/20/2019 12:54:29.048918849	79.207964	33.798561	1003.412027	28.292321	28.566653	506.909697	62.930626	34.238992	1003.825522	275.388695	11.786703	
7/20/2019 12:54:30.048918849	79.240819	33.771902	1004.344760	27.333547	28.398357	505.337269	62.755471	34.231944	1003.886083	176.800959	11.775834	
7/20/2019 12:54:31.048918849	79.181680	33.872668	1004.681377	27.597569	28.345129	507.782319	62.773528	34.270647	1003.995686	251.965886	11.793917	
7/20/2019 12:54:32.048918849	79.109400	33.766556	1003.066737	27.725774	28.410807	505.876743	62.604286	34.092807	1003.838297	495.449822	11.862242	
7/20/2019 12:54:33.048918849	79.240819	33.773100	1003.760393	28.321522	28.504894	508.762710	62.916275	34.203412	1004.068543	183.012190	11.801369	
7/20/2019 12:54:34.048918849	79.181680	33.750515	1003.370394	27.803207	28.405419	505.905656	62.718200	34.057629	1004.066178	204.580038	11.800620	
7/20/2019 12:54:35.048918849	79.069974	33.872293	1002.741868	28.447138	28.445135	507.677182	62.714442	34.151840	1003.761811	261.399463	11.801369	
7/20/2019 12:54:36.048918849	79.083116	33.787643	1003.262367	27.585036	28.338272	506.600864	62.575295	34.089696	1003.481573	280.941518	11.832410	
7/20/2019 12:54:37.048918849	79.260531	33.839432	1005.287350	27.420343	28.371417	507.321037	62.992210	34.238696	1003.685167	366.408019	11.796717	
7/20/2019 12:54:38.048918849	79.313099	33.767304	1002.809129	27.351928	28.400888	506.419502	62.721460	34.031795	1003.800608	344.467882	11.831017	
7/20/2019 12:54:39.048918849	79.050261	33.883736	1004.959722	28.156901	28.455259	509.680012	62.833271	34.170932	1003.586760	371.487678	11.807506	
7/20/2019 12:54:40.048918849	79.037119	33.819949	1003.753375	27.094793	28.336803	508.139780	62.657458	34.099549	1003.321505	399.186579	11.848811	
7/20/2019 12:54:41.048918849	79.365667	33.883137	1004.717096	26.931147	28.482566	508.219288	62.666132	34.084192	1004.733420	380.446509	11.795126	
7/20/2019 12:54:42.048918849	79.352525	33.861974	1004.086128	27.254191	28.307087	508.277114	62.900873	34.149459	1003.446406	368.072768	11.841846	
7/20/2019 12:54:43.048918849	79.076545	33.810453	1003.935443	27.617641	28.504608	509.957964	62.794344	34.106914	1003.945693	325.004688	11.787688	
7/20/2019 12:54:44.048918849	79.069974	33.804208	1003.623664	27.378879	28.305944	509.290354	62.663477	34.154126	1003.312674	377.273422	11.846656	
7/20/2019 12:54:45.048918849	79.359096	34.026826	1001.963922	27.752284	28.470933	510.823355	62.946975	34.062402	1003.943328	371.235370	11.775611	
7/20/2019 12:54:46.048918849	79.385379	33.883960	1003.003655	27.089707	28.353824	510.942291	63.081810	34.103591	1003.334437	408.224269	11.824814	
7/20/2019 12:54:47.048918849	79.326241	33.822643	1003.584238	27.419966	28.441421	511.165702	63.016101	34.210365	1004.260784	445.228623	11.832476	
7/20/2019 12:54:48.048918849	79.109400	33.833187	1004.371019	27.084653	28.391785	510.983687	62.860106	34.141363	1004.149287	407.463683	11.810594	
7/20/2019 12:54:49.048918849	79.148825	33.862648	1004.363763	28.457510	28.434318	513.168531	63.207053	34.309031	1003.455551	440.522840	11.840203	
7/20/2019 12:54:50.048918849	79.076545	33.877790	1001.927808	27.895449	28.402888	509.810115	63.139293	34.200713	1003.737683	440.913482	11.819071	
7/20/2019 12:54:51.048918849	79.345954	33.885457	1003.956417	27.946459	28.447952	510.623596	63.092245	34.274901	1004.175466	427.292887	11.826614	
7/20/2019 12:54:52.048918849	79.214535	33.799011	1003.030071	27.448975	28.313862	511.506080	63.079603	34.294300	1003.599535	498.119602	11.829519	
7/20/2019 12:54:53.048918849	79.391950	33.874539	1003.577772	27.685647	28.470280	514.034586	63.634507	34.282986	1004.113963	521.821692	11.842555	
7/20/2019 12:54:54.048918849	79.359096	33.935706	1004.256211	27.308606	28.351579	510.864099	63.414169	34.263587	1003.636753	536.494995	11.841701	
7/20/2019 12:54:55.048918849	79.470802	33.947298	1002.512018	28.107739	28.370070	511.640783	63.306431	34.341712	1003.378908	605.042562	11.824866	
7/20/2019 12:54:56.048918849	79.372237	33.830343	1004.043942	27.440430	28.305413	510.248400	63.145312	34.323044	1003.474950	677.024150	11.890602	
7/20/2019 12:54:57.048918849	79.470802	33.864444	1004.177674	26.495191	28.501180	511.161102	63.352823	34.515414	1003.477157	758.487250	11.819031	
7/20/2019 12:54:58.048918849	79.444518	33.831615	1002.118785	27.226576	28.386397	510.157061	63.357685	34.261407	1004.008461	797.253543	11.901365	
7/20/2019 12:54:59.048918849	79.319670	33.788018	1004.533846	27.142639	28.367457	509.736522	63.453043	34.294924	1003.344055	997.675274	11.905203	
7/20/2019 12:55:00.048918849	79.674501	34.094013	1004.467847	29.089901	28.465381	512.301814	63.432436	34.421086	1003.726801	941.692728	11.870850	
7/20/2019 12:55:01.048918849	79.339383	33.784467	1003.635098	27.554826	28.396316	509.850196	63.218249	34.268360	1003.901380	578.663103	11.871928	
7/20/2019 12:55:02.048918849	79.523369	33.940946	1003.430005	27.249810	28.394969	513.656095	63.786191	34.462911	1004.556319	860.282840	11.873794	
7/20/2019 12:55:03.048918849	79.339383	33.882987	1003.814564	27.063420	28.305127	511.709123	63.573161	34.311318	1003.455551	955.734868	11.924206	
7/20/2019 12:55:04.048918849	79.267102	33.988500	1003.403274	28.604271	28.553060	514.354587	63.548348	34.325625	1004.013348	248.023580	11.793497	
7/20/2019 12:55:05.048918849	79.056832	33.820772	1001.949491	27.421929	28.436849	511.150587	63.259830	34.266392	1003.991585	253.972288	11.820832	
7/20/2019 12:55:06.048918849	79.319670	33.990521	1004.654094	27.465177	28.346027	512.921460	63.391144	34.449004	1004.424795	373.630833	11.777175	
7/20/2019 12:55:07.048918849	79.148825	33.877416	1003.249987	27.056348	28.309903	513.350546	63.489499	34.276869	1003.521156	146.897842	11.798425	
7/20/2019 12:55:08.048918849	79.299957	33.959489	1003.817243	27.705310	28.542529	516.624854	63.429966	34.340156	1004.142664	114.497351	11.769145	
7/20/2019 12:55:09.048918849	79.267102	33.904374	1002.970852	27.155326	28.361743	513.792114	63.197328	34.241691	1003.789412	111.427754	11.795968	
7/20/2019 12:55:10.048918849	79.444518	33.999643	1002.728070	28.055552	28.489056	513.815765	63.056288	34.311000	1004.142349	106.812625	11.779304	
7/20/2019 12:55:11.048918849	79.227677	33.830867	1003.893415	27.434143	28.338272	513.396541	62.847963	34.333214	1003.510117	112.290250	11.800423	
7/20/2019 12:55:12.048918849	79.280244	33.885682	1005.001198	27.766316	28.409419	516.661651	63.200772	34.458656	1004.088255	112.005719	11.775033	
7/20/2019 12:55:13.048918849	79.332812	33.895103	1004.724509	26.962264	28.308189	515.236408	62.989765	34.354581	1003.242811	113.001848	11.770512	
7/20/2019 12:55:14.048918849	79.372237	33.922286	1004.111360	28.713349	28.520160	516.933025	62.874405	34.352401	1003.714026	106.226526	11.789147	
7/20/2019 12:55:15.048918849	79.464231	33.925462	1002.938525	27.202973	28.310760	516.782555	62.762541	34.333934	1003.839876	107.644209	11.772733	
7/20/2019 12:55:16.048918849	79.418234	33.865492	1003.870548	28.199622	28.371743	516.135311	62.966083	34.433754	1004.157961	108.659454	11.779987	
7/20/2019 12:55:17.048918849	79.188251	33.889007	1002.366930	26.891086	28.318393	516.015723	62.922399	34.288278	1003.593069	99.147286	11.771458	
7/20/2019 12:55:18.048918849	79.102829	33.832963	1003.672315	28.205565	28.568326	518.199251	62.849067	34.405010	1003.897908	97.861384	11.781801	
7/20/2019 12:55:19.048918849	79.352525	33.916116	1002.544740	26.915931	28.351824	517.273403	62.765353	34.257565	1003.785311	93.971998	11.790119	
7/20/2019 12:55:20.048918849	79.536511	33.920789	1004.618926	27.953859	28.462728	516.413264	62.649784	34.343374	1004.302103	91.401776	11.761391	
7/20/2019 12:55:21.048918849	79.240819	33.957018	1004.088493	27.074825	28.329455	517.416652	62.919377	34.313804	1003.579665	95.174837	11.793957	
7/20/2019 12:55:22.048918849	79.069974	33.827391	1003.351390	27.858285	28.421297	518.989081	62.910361	34.494036	1004.133676	99.610236	11.766753	
7/20/2019 12:55:23.048918849	79.135683	33.952495	1002.577779	27.671327	28.212142	518.434492	62.485562	34.486045	1002.774433	99.013924	11.748841	
7/20/2019 12:55:24.048918849	79.332812	34.069076	1003.294065	27.725269	28.450728	518.510053	62.515210	34.325625	1003.989062	85.619962	11.782629	
7/20/2019 12:55:25.048918849	79.313099	33.885083	1003.829624	27.340491	28.396031	516.402749	62.448240	34.274276	1003.849179	78.735907	11.789291	
7/20/2019 12:55:26.048918849	79.497085	33.964835	1003.778607	27.136440	28.334027	519.276885	62.798446	34.428875	1003.927716	92.633176	11.752153	
7/20/2019 12:55:27.048918849	79.194822	33.873267	1004.132571	27.383629	28.288392	517.635463	62.539681	34.382913	1003.356830	87.138243	11.799818	
7/20/2019 12:55:28.048918849	79.004265	33.831615	1003.834591	28.394126	28.540039	519.767080	62.512950	34.412376	1004.309827	80.038305	11.766267	
7/20/2019 12:55:29.048918849	79.122542	33.826493	1001.887987	27.258781	28.379907	517.444902	62.224328	34.353132	1004.022336	77.067226	11.776031	
7/20/2019 12:55:30.048918849	79.444518	33.980576	1003.109789	27.180595	28.363784	521.077324	62.455310	34.415593	1003.952002	94.248666	11.761812	
7/20/2019 12:55:31.048918849	79.359096	33.888858	1004.366918	27.450698	28.343946	519.531840	62.332118	34.374922	1003.354779	87.385309	11.798491	
7/20/2019 12:55:32.048918849	79.181680	34.012956	1003.702278	27.430675	28.508813	522.743722	62.386394	34.358423	1003.849494	75.222747	11.746265	
7/20/2019 12:55:33.048918849	79.056832	33.904748	1003.545759	27.349269	28.295208	519.832790	62.172812	34.373885	1003.172791	78.017757	11.795692	
7/20/2019 12:55:34.048918849	79.214535	33.959114	1003.553486	27.988468	28.480239	520.420229	62.389653	34.340262	1004.129574	67.155242	11.782169	
7/20/2019 12:55:35.048918849	79.181680	33.963114	1002.194876	26.771189	28.308189	520.864428	62.496287	34.352401	1003.478893	75.425796	11.783049	
7/20/2019 12:55:36.048918849	79.273673	33.938625	1002.600330	27.445707	28.351007	521.967691	62.745536	34.528484	1003.527307	80.536369	11.758566	
7/20/2019 12:55:37.048918849	79.096258	33.920864	1002.131322	28.006577	28.413623	518.806404	62.492633	34.381251	1004.127524	69.829994	11.770301	
7/20/2019 12:55:38.048918849	79.398521	33.947672	1003.032988	28.457710	28.434318	522.685896	62.671100	34.451385	1003.917306	76.084203	11.756713	
7/20/2019 12:55:39.048918849	79.319670	33.883212	1003.681384	27.571076	28.327496	519.996406	62.379770	34.376891	1003.659303	70.408230	11.788464	
7/20/2019 12:55:40.048918849	79.529940	33.964835	1004.109310	27.600678	28.425542	520.958388	62.525487	34.415487	1004.457283	71.015027	11.768028	
7/20/2019 12:55:41.048918849	79.148825	33.899926	1003.219472	27.174813	28.299453	521.550436	62.513345	34.369112	1003.494820	77.442142	11.794916	
7/20/2019 12:55:42.048918849	79.129113	33.958366	1003.815825	27.687874	28.425257	523.373220	62.585573	34.481167	1003.772850	78.439581	11.779934	
7/20/2019 12:55:43.048918849	79.188251	33.879362	1003.578876	27.073392	28.396316	521.384189	62.307595	34.302078	1003.929767	66.085494	11.791867	
7/20/2019 12:55:44.048918849	79.299957	33.984127	1003.263628	28.148971	28.368355	523.095920	62.702089	34.499115	1003.857853	79.259641	11.754755	
7/20/2019 12:55:45.048918849	79.345954	33.879886	1003.678230	27.217358	28.396316	521.659510	62.498757	34.342548	1003.868892	62.598275	11.792669	
7/20/2019 12:55:46.048918849	79.549653	33.855547	1002.653871	27.938522	28.440564	523.571001	62.660113	34.474944	1003.919671	68.931074	11.747763	
7/20/2019 12:55:47.048918849	79.076545	33.938176	1004.137382	26.957538	28.304189	523.942261	62.582865	34.452010	1003.023762	74.723372	11.772601	
7/20/2019 12:55:48.048918849	79.253960	34.075396	1004.268274	27.611154	28.399745	526.321602	62.769007	34.409984	1003.764491	73.903313	11.753493	
7/20/2019 12:55:49.048918849	79.161967	33.905272	1003.399095	27.357383	28.302556	524.097993	62.892147	34.409371	1003.424799	72.334191	11.799529	
7/20/2019 12:55:50.048918849	79.437947	33.981175	1002.794383	27.456608	28.407950	525.443065	62.876008	34.434473	1004.404611	67.283362	11.771524	
7/20/2019 12:55:51.048918849	79.385379	33.989324	1004.598976	27.035893	28.313291	525.445696	62.898323	34.373049	1003.673657	75.672863	11.768659	
7/20/2019 12:55:52.048918849	79.273673	33.927034	1002.736981	28.575030	28.440278	526.412940	62.910414	34.543004	1003.707403	80.982553	11.767791	
7/20/2019 12:55:53.048918849	79.451089	34.221363	1005.177195	28.345422	28.424399	527.453125	63.045934	34.398057	1003.812118	84.091965	11.767607	
7/20/2019 12:55:54.048918849	79.017407	33.884185	1002.941205	27.138803	28.273942	525.318876	62.990264	34.456264	1003.590862	84.001580	11.757606	
7/20/2019 12:55:55.048918849	79.260531	33.978298	1005.350195	27.239078	28.364069	528.628665	63.246479	34.633078	1004.236970	88.677493	11.752731	
7/20/2019 12:55:56.048918849	79.234248	33.895776	1002.851157	27.137802	28.355212	525.171027	62.799916	34.344411	1004.023915	118.618348	11.802263	
7/20/2019 12:55:57.048918849	79.543082	33.985249	1005.152672	27.677278	28.605145	525.943112	62.939562	34.411222	1004.350360	375.817236	11.802381	
7/20/2019 12:55:58.048918849	79.214535	33.978930	1002.309132	27.008765	28.310189	525.981887	63.113851	34.390585	1003.706616	367.150529	11.820871	
7/20/2019 12:55:59.048918849	79.411663	34.006337	1003.613886	27.730594	28.445707	525.082320	63.002407	34.543110	1004.566572	134.243770	11.779290	
7/20/2019 12:56:00.048918849	79.326241	33.885083	1003.790592	27.580816	28.399459	523.867352	62.861315	34.400237	1003.564525	425.909008	11.825589	
7/20/2019 12:56:01.048918849	79.017407	33.900974	1003.551673	28.223898	28.480525	527.740277	63.033553	34.563133	1003.950423	867.362073	11.871796	
7/20/2019 12:56:02.048918849	79.240819	33.963563	1003.458391	27.047106	28.341905	525.998969	62.579763	34.411127	1003.901223	457.877720	11.852556	
7/20/2019 12:56:03.048918849	79.503656	34.043091	1004.108915	27.808981	28.338925	526.368913	62.833560	34.526610	1003.578401	1157.198008	11.902219	
7/20/2019 12:56:04.048918849	79.280244	33.901048	1003.667505	27.393760	28.378723	525.368156	62.694072	34.439659	1004.006253	1502.545777	11.994567	
7/20/2019 12:56:05.048918849	79.201393	33.928306	1002.966280	27.498744	28.469423	525.823523	62.941613	34.510111	1004.306361	339.057324	11.815260	
7/20/2019 12:56:06.048918849	79.273673	33.937877	1005.066250	27.287918	28.300270	526.328833	62.782806	34.496417	1003.160016	111.189591	11.769763	
7/20/2019 12:56:07.048918849	79.286815	34.011908	1003.420069	28.369145	28.460402	526.552896	62.893408	34.478880	1003.589283	296.282406	11.796217	
7/20/2019 12:56:08.048918849	79.253960	33.990222	1003.401146	26.678907	28.278432	526.866992	62.969947	34.470890	1003.899015	110.501583	11.766425	
7/20/2019 12:56:09.048918849	79.405092	33.939000	1003.320639	27.641724	28.336598	526.871591	62.956910	34.640644	1004.076273	109.676281	11.736461	
7/20/2019 12:56:10.048918849	79.142254	33.905946	1003.158283	27.057470	28.334803	527.899946	62.716097	34.423784	1003.909739	217.612188	11.811777	
7/20/2019 12:56:11.048918849	79.405092	34.084892	1002.315204	28.113043	28.454973	529.463175	62.710078	34.521520	1004.138091	86.626304	11.782353	
7/20/2019 12:56:12.048918849	79.201393	33.979977	1003.685877	27.016447	28.345293	528.302086	62.443981	34.448793	1004.032746	84.882694	11.766149	
7/20/2019 12:56:13.048918849	79.332812	33.971305	1003.369210	27.724220	28.436890	528.073413	62.640952	34.570711	1004.041735	197.495556	11.778817	
7/20/2019 12:56:14.048918849	79.313099	33.981100	1002.886404	27.156480	28.392643	528.225862	62.652438	34.497041	1004.175152	243.152212	11.793103	
7/20/2019 12:56:15.048918849	79.102829	33.948720	1002.859279	28.059405	28.448197	530.333829	62.652438	34.587623	1003.630916	590.577281	11.845052	
7/20/2019 12:56:16.048918849	79.129113	33.864744	1004.077454	27.463024	28.365988	528.178551	62.309251	34.471515	1003.711189	405.376070	11.845447	
7/20/2019 12:56:17.048918849	79.615362	34.059056	1003.081245	27.791353	28.444523	528.810017	62.245801	34.490289	1004.205432	575.893765	11.848496	
7/20/2019 12:56:18.048918849	79.089687	33.937652	1004.482987	27.259686	28.283003	529.275246	62.652281	34.560022	1003.775058	567.497446	11.829519	
7/20/2019 12:56:19.048918849	79.260531	33.924531	1001.860862	28.055769	28.428645	532.115869	62.957961	34.653514	1003.902166	438.260469	11.824998	
