
Time stamp	Inside_humidity (in %rH)	Inside_temperature (in °C)	Inside_pressure (in mbar)	Soil_moisture (in %VWC)	Soil_temperature (in °C)	Inside_CO2_ratio (in ppm)	Outside_humidity (in %rH)	Outside_temperature (in °C)	Outside_pressure (in mbar)	Outside_PAR (in µmol m^-2 s^-1)	Power_box_charge (in V)	
7/20/2019 12:19:56.995391349	71.828793	29.833352	1004.377877	26.784652	26.433060	485.676323	72.801345	31.473477	1004.746667	37.760399	11.763560	
7/20/2019 12:19:57.995391349	71.933928	29.730940	1004.113725	26.130734	26.378894	485.789344	72.686670	31.353739	1003.663561	38.553208	11.816009	
7/20/2019 12:19:58.995391349	72.347897	29.866663	1004.020129	27.088970	26.430570	485.824825	72.420730	31.368471	1004.422902	45.014398	11.786794	
7/20/2019 12:19:59.995391349	72.538455	29.809345	1003.450821	25.997869	26.259336	488.280391	72.113604	31.405618	1004.315507	43.186685	11.793773	
7/20/2019 12:20:00.995391349	72.610735	29.846548	1003.595672	26.496402	26.371547	489.403368	72.072574	31.492251	1004.490872	33.745513	11.801908	
7/20/2019 12:20:01.995391349	72.801293	29.678820	1005.699821	25.917713	26.402406	489.197040	71.734854	31.383308	1004.974704	42.523036	11.760774	
7/20/2019 12:20:02.995391349	72.985279	29.790728	1004.220569	26.046821	26.302726	490.135372	72.024817	31.531790	1004.547802	49.238885	11.792524	
7/20/2019 12:20:03.995391349	73.208691	29.781638	1003.813617	25.781084	26.308074	489.579467	71.894397	31.383827	1004.151181	51.640902	11.816429	
7/20/2019 12:20:04.995391349	73.188978	29.840528	1004.534713	26.925054	26.444163	490.640018	71.887274	31.366396	1004.022494	61.643542	11.801697	
7/20/2019 12:20:05.995391349	73.320397	29.688016	1003.304552	25.849354	26.341830	491.953556	71.524321	31.434362	1003.689583	58.426708	11.821213	
7/20/2019 12:20:06.995391349	73.510955	29.693887	1003.515874	26.340038	26.405263	492.092859	71.531392	31.505226	1003.587389	62.198459	11.784902	
7/20/2019 12:20:07.995391349	73.635803	29.781863	1002.769546	25.661210	26.275214	492.297871	71.238064	31.394928	1004.002309	53.601977	11.816587	
7/20/2019 12:20:08.995391349	74.062914	29.772966	1003.238948	26.165541	26.316931	493.434646	71.528237	31.537706	1004.092042	64.852784	11.794772	
7/20/2019 12:20:09.995391349	73.734367	29.692764	1003.766069	25.994433	26.324523	493.078501	71.558727	31.412052	1003.636596	63.598064	11.823368	
7/20/2019 12:20:10.995391349	74.253472	29.830059	1004.634933	26.937909	26.462572	493.029874	71.272917	31.370651	1003.887026	68.026911	11.806967	
7/20/2019 12:20:11.995391349	74.260043	29.760401	1004.199200	25.841802	26.280929	493.294028	71.056575	31.386726	1004.256211	54.006764	11.807651	
7/20/2019 12:20:12.995391349	74.365178	29.684241	1004.153860	26.560227	26.479512	495.541298	71.012287	31.425334	1004.127996	66.981794	11.803235	
7/20/2019 12:20:13.995391349	74.503168	29.681247	1005.090536	26.094284	26.325095	494.565507	70.945579	31.408422	1003.709453	62.615041	11.798543	
7/20/2019 12:20:14.995391349	74.417745	29.756626	1002.558224	26.496113	26.343545	495.020874	71.111508	31.486759	1004.113963	67.224928	11.792235	
7/20/2019 12:20:15.995391349	74.812002	29.673323	1002.348321	25.922999	26.304726	495.256115	70.935249	31.394728	1004.182404	59.536541	11.790356	
7/20/2019 12:20:16.995391349	74.720009	29.751579	1003.971477	26.504403	26.399344	496.148451	71.049662	31.444945	1003.808332	63.407850	11.810266	
7/20/2019 12:20:17.995391349	75.068269	29.687792	1004.599608	26.355456	26.344647	495.694399	71.018910	31.345336	1003.757081	65.524025	11.811974	
7/20/2019 12:20:18.995391349	75.002559	29.737484	1005.242325	26.808152	26.477512	496.527593	71.104675	31.380821	1004.678854	58.790100	11.774638	
7/20/2019 12:20:19.995391349	75.133978	29.713403	1003.798872	25.661747	26.281460	497.479724	70.911567	31.352596	1004.063498	55.760859	11.821949	
7/20/2019 12:20:20.995391349	75.298252	29.794203	1004.273084	26.410824	26.368526	497.557916	70.863915	31.359750	1004.077374	69.937145	11.786335	
7/20/2019 12:20:21.995391349	75.626799	29.765298	1004.838290	25.854304	26.270643	496.884391	70.868935	31.301130	1003.981967	69.129151	11.784219	
7/20/2019 12:20:22.995391349	75.541377	29.877132	1004.173496	26.744719	26.368159	498.922049	71.136793	31.390568	1004.052774	71.286723	11.788437	
7/20/2019 12:20:23.995391349	75.416529	29.766496	1003.538189	25.896945	26.278031	497.991601	71.117317	31.358512	1004.050723	56.860207	11.821305	
7/20/2019 12:20:24.995391349	75.666225	29.725968	1003.265836	26.695046	26.441224	496.552560	71.136478	31.348341	1003.913205	64.781516	11.789173	
7/20/2019 12:20:25.995391349	75.534806	29.872833	1002.818512	25.328107	26.311788	498.322780	70.675670	31.379478	1004.216942	58.753946	11.784455	
7/20/2019 12:20:26.995391349	76.067052	29.861466	1003.882928	26.284141	26.321176	498.830711	70.877766	31.381752	1004.247537	99.290862	11.789567	
7/20/2019 12:20:27.995391349	75.909350	29.770945	1002.714271	25.841785	26.278602	498.986443	70.829062	31.369614	1004.124687	87.609327	11.795402	
7/20/2019 12:20:28.995391349	75.869924	29.709029	1003.288308	26.757638	26.453184	500.957076	70.926365	31.401988	1003.863055	68.526286	11.809990	
7/20/2019 12:20:29.995391349	76.178759	29.714226	1004.366680	26.340647	26.384037	499.021271	70.794185	31.329567	1003.674286	66.573074	11.822816	
7/20/2019 12:20:30.995391349	76.382458	29.662255	1003.798477	26.114594	26.359423	499.537748	70.800151	31.426065	1004.153860	112.281347	11.809044	
7/20/2019 12:20:31.995391349	76.329890	29.745334	1003.462650	26.242358	26.349178	499.191455	70.417248	31.329355	1004.527146	77.010374	11.794404	
7/20/2019 12:20:32.995391349	76.310177	29.866812	1004.391913	26.026293	26.324891	500.821710	70.531714	31.354882	1004.400824	124.470119	11.808492	
7/20/2019 12:20:33.995391349	76.283894	29.730416	1003.936862	26.171925	26.359913	500.094306	70.571587	31.298124	1003.856117	179.912992	11.839165	
7/20/2019 12:20:34.995391349	76.546731	29.798352	1004.010193	26.331396	26.398487	502.616897	70.674619	31.413502	1004.127209	185.785732	11.827994	
7/20/2019 12:20:35.995391349	76.678150	29.755428	1004.022888	25.375898	26.406692	499.462177	70.520675	31.443389	1005.032899	320.223976	11.782839	
7/20/2019 12:20:36.995391349	76.894991	29.810393	1004.137696	25.988169	26.277214	502.530157	70.865466	31.388187	1004.415964	3.925184	11.787084	
7/20/2019 12:20:37.995391349	76.546731	29.703832	1004.165688	26.615114	26.369587	501.024754	70.657561	31.297193	1003.886711	83.037944	11.819702	
7/20/2019 12:20:38.995391349	76.730718	29.872608	1005.363756	26.956627	26.379506	501.517570	70.772736	31.306421	1004.184455	202.792411	11.801329	
7/20/2019 12:20:39.995391349	76.750431	29.692315	1003.424485	26.415565	26.337871	501.946003	71.011393	31.327281	1003.460917	47.910547	11.814944	
7/20/2019 12:20:40.995391349	76.986985	29.683343	1003.945141	27.150121	26.510126	502.932961	71.138239	31.339526	1004.125473	38.277851	11.806258	
7/20/2019 12:20:41.995391349	77.170971	29.793455	1004.108206	26.182249	26.272357	501.029353	71.080099	31.296156	1004.234605	25.443776	11.813788	
7/20/2019 12:20:42.995391349	76.914704	29.726267	1004.580210	26.691561	26.394282	501.729160	70.978985	31.366196	1004.223723	63.960145	11.796493	
7/20/2019 12:20:43.995391349	76.875279	29.741184	1004.783253	26.095229	26.369832	502.132616	71.021171	31.240542	1003.628551	100.366891	11.825445	
7/20/2019 12:20:44.995391349	77.197255	29.793904	1004.432600	25.930664	26.272929	501.813268	71.172355	31.308708	1004.012719	106.406256	11.821791	
7/20/2019 12:20:45.995391349	77.368100	29.792931	1005.574211	27.714153	26.552333	504.851673	71.389800	31.298738	1004.009247	57.706207	11.798228	
7/20/2019 12:20:46.995391349	77.486377	29.656759	1005.026430	26.008946	26.398446	502.652377	71.305115	31.267931	1003.834196	52.945920	11.793589	
7/20/2019 12:20:47.995391349	77.308961	29.780857	1004.492370	25.877714	26.337585	507.409092	71.331504	31.323439	1004.315507	26.412654	11.766727	
7/20/2019 12:20:48.995391349	77.223539	29.709778	1004.063261	25.516996	26.261948	504.142014	71.131668	31.225704	1004.586914	16.003914	11.742401	
7/20/2019 12:20:49.995391349	77.604654	29.914709	1005.422975	26.441362	26.318074	507.168589	71.150539	31.361729	1004.363606	38.769362	11.776728	
7/20/2019 12:20:50.995391349	77.440380	29.681771	1005.099999	26.078761	26.321707	506.770395	71.288319	31.330710	1003.643377	60.848112	11.807099	
7/20/2019 12:20:51.995391349	77.466664	29.757599	1004.448449	27.447551	26.543271	507.008919	71.358734	31.282250	1003.723329	84.247336	11.776465	
7/20/2019 12:20:52.995391349	77.466664	29.767095	1003.177996	25.986096	26.270112	506.944526	70.989472	31.237324	1004.128631	106.599091	11.815628	
7/20/2019 12:20:53.995391349	77.814924	29.748028	1004.432757	26.747065	26.438203	508.861932	71.099970	31.321471	1004.304153	9.007195	11.782957	
7/20/2019 12:20:54.995391349	77.512660	29.751204	1003.823395	26.170948	26.311176	506.955693	71.090796	31.180567	1004.193129	3.526678	11.807125	
7/20/2019 12:20:55.995391349	77.946343	29.861391	1004.318424	25.425346	26.426897	510.520437	71.124807	31.333822	1004.725218	35.922472	11.749301	
7/20/2019 12:20:56.995391349	77.532373	29.676050	1003.810305	26.079843	26.318850	508.618145	71.338627	31.291277	1003.816062	135.921353	11.825787	
7/20/2019 12:20:57.995391349	77.749214	29.846398	1004.427317	27.075323	26.374363	508.292881	71.505003	31.308083	1004.296266	388.614881	11.856630	
7/20/2019 12:20:58.995391349	77.933201	29.735089	1004.622395	26.662464	26.388854	506.656058	71.336419	31.205056	1004.098980	213.616420	11.841123	
7/20/2019 12:20:59.995391349	77.906917	29.684616	1003.367160	26.000311	26.361954	509.771350	71.419581	31.404486	1003.908789	340.025931	11.838324	
7/20/2019 12:21:00.995391349	77.703218	29.750830	1003.842556	25.889104	26.273786	507.702811	71.159213	31.271360	1004.151338	61.110634	11.818493	
7/20/2019 12:21:01.995391349	78.005481	29.876383	1004.865021	26.550167	26.354607	508.056325	71.246948	31.275815	1004.264413	61.220678	11.776005	
7/20/2019 12:21:02.995391349	78.058049	29.781938	1005.501589	26.271768	26.328483	507.372948	70.998803	31.209099	1004.461699	102.775460	11.799003	
7/20/2019 12:21:03.995391349	78.110616	29.767095	1003.111130	27.220002	26.501595	509.622186	71.046798	31.259210	1004.342157	134.665324	11.810805	
7/20/2019 12:21:04.995391349	77.821495	29.756252	1004.007434	26.256118	26.331054	506.958977	70.709472	31.214496	1004.551275	45.574556	11.773087	
7/20/2019 12:21:05.995391349	78.025194	29.721669	1003.661039	26.092994	26.383180	509.934966	70.817314	31.382176	1004.145186	64.264064	11.801237	
7/20/2019 12:21:06.995391349	78.156613	29.955761	1003.657965	24.675613	26.250886	510.532267	70.737464	31.098494	1004.100402	32.514113	11.758382	
7/20/2019 12:21:07.995391349	78.090903	29.856044	1002.764736	26.621201	26.367669	510.268766	70.738672	31.302379	1004.026437	29.370897	11.790080	
7/20/2019 12:21:08.995391349	78.005481	29.692390	1003.516426	26.095084	26.326238	509.571591	70.752157	31.249675	1003.825051	23.581220	11.814734	
7/20/2019 12:21:09.995391349	78.215751	29.708954	1003.710637	27.049942	26.452898	511.991675	70.713730	31.266999	1003.786097	188.174643	11.825274	
7/20/2019 12:21:10.995391349	78.136900	29.682969	1003.541344	26.613440	26.379180	509.510481	70.409573	31.172164	1004.190921	95.990965	11.798451	
7/20/2019 12:21:11.995391349	78.228893	29.774687	1005.047641	26.593241	26.363342	511.410141	70.636192	31.277689	1004.514843	85.890076	11.798662	
7/20/2019 12:21:12.995391349	78.439163	29.776815	1003.875515	26.057866	26.271255	510.630826	70.612720	31.217820	1004.085419	179.997366	11.812881	
7/20/2019 12:21:13.995391349	78.498302	29.804373	1004.618769	26.950795	26.411263	511.526446	70.789322	31.210242	1004.447188	10.031615	11.769329	
7/20/2019 12:21:14.995391349	78.130329	29.681771	1003.416443	26.145494	26.336157	511.979845	70.706212	31.251231	1003.789883	35.469736	11.799319	
7/20/2019 12:21:15.995391349	78.406309	29.830358	1004.073196	26.949931	26.405834	514.608226	70.659321	31.295426	1004.425267	28.690482	11.805285	
7/20/2019 12:21:16.995391349	78.504873	29.755728	1002.692350	25.992679	26.315176	512.916861	70.754574	31.239917	1004.183668	29.312735	11.795271	
7/20/2019 12:21:17.995391349	78.498302	29.754124	1003.443489	26.865954	26.421713	513.550958	70.935196	31.308919	1004.770953	27.694353	11.762955	
7/20/2019 12:21:18.995391349	78.301174	29.708131	1005.019097	26.272937	26.344647	513.711290	71.064198	31.271360	1003.779002	25.570585	11.807112	
7/20/2019 12:21:19.995391349	78.780853	29.866438	1003.795008	26.664410	26.332524	514.924943	70.784721	31.297087	1004.190292	26.516144	11.790264	
7/20/2019 12:21:20.995391349	78.373454	29.767619	1003.331992	26.553772	26.322523	512.907662	70.762196	31.200283	1004.377167	11.969371	11.804483	
7/20/2019 12:21:21.995391349	78.334028	29.725294	1005.217487	27.075274	26.467634	516.351501	70.988316	31.289721	1003.721121	70.039596	11.788766	
7/20/2019 12:21:22.995391349	78.669146	29.751653	1003.795717	26.566122	26.336973	513.344630	70.848013	31.171751	1004.328911	73.447955	11.815378	
7/20/2019 12:21:23.995391349	78.787423	29.725668	1004.122556	26.200909	26.345831	516.571628	70.973256	31.344617	1004.291378	89.601314	11.804878	
7/20/2019 12:21:24.995391349	78.524586	29.735763	1004.062157	26.725641	26.352239	513.635066	70.694884	31.156395	1004.075166	77.179620	11.802328	
7/20/2019 12:21:25.995391349	78.859704	29.845350	1004.515947	26.596532	26.362566	516.219419	70.934197	31.291902	1004.138091	52.369266	11.788661	
7/20/2019 12:21:26.995391349	78.761140	29.682445	1004.031562	26.421411	26.369302	515.185813	70.931623	31.222180	1003.625714	149.142137	11.830163	
7/20/2019 12:21:27.995391349	78.702001	29.810318	1003.467932	27.480805	26.531066	515.741054	70.730393	31.234001	1003.991899	100.839015	11.781406	
7/20/2019 12:21:28.995391349	78.596866	29.709628	1003.330494	26.459679	26.376935	515.598468	70.786772	31.219481	1003.805967	48.905095	11.805811	
7/20/2019 12:21:29.995391349	78.912271	29.805346	1004.584863	26.469081	26.352035	516.304190	70.905601	31.297807	1004.534713	40.860908	11.774573	
7/20/2019 12:21:30.995391349	78.833420	29.666404	1004.966740	26.320655	26.361954	516.232565	71.008371	31.251749	1003.739733	47.188736	11.816784	
7/20/2019 12:21:31.995391349	78.662576	29.788707	1003.002551	26.764830	26.441306	516.298927	70.929020	31.221862	1004.466901	54.134614	11.773547	
7/20/2019 12:21:32.995391349	78.445734	29.693737	1005.569558	26.666814	26.146023	515.367827	70.948181	31.213565	1004.132097	57.518614	11.780316	
7/20/2019 12:21:33.995391349	78.807136	29.704880	1005.207709	26.006783	26.508412	518.711129	70.872194	31.386737	1004.018392	74.617261	11.775203	
7/20/2019 12:21:34.995391349	78.945126	29.772666	1002.910767	25.833367	26.320850	517.566469	70.851929	31.263369	1003.551908	114.318661	11.807283	
7/20/2019 12:21:35.995391349	78.833420	29.733186	1003.395784	26.368406	26.390854	518.169022	71.087722	31.243653	1004.241071	106.250885	11.773232	
7/20/2019 12:21:36.995391349	78.807136	29.746606	1003.723884	26.653791	26.388813	516.854832	70.789874	31.213459	1004.145029	61.206261	11.808702	
7/20/2019 12:21:37.995391349	79.122542	29.877281	1004.659141	26.493149	26.364771	517.877924	70.686604	31.260152	1004.394515	38.351740	11.773824	
7/20/2019 12:21:38.995391349	78.945126	29.687642	1003.777660	26.273105	26.352321	518.344469	70.631277	31.317947	1003.678544	42.940929	11.818217	
7/20/2019 12:21:39.995391349	78.754569	29.714675	1003.865186	26.168080	26.281705	518.611906	70.620343	31.277064	1004.103238	65.319666	11.811646	
7/20/2019 12:21:40.995391349	78.853133	29.660609	1003.838297	26.201463	26.319135	519.052159	70.658060	31.294388	1003.855960	85.900561	11.820964	
7/20/2019 12:21:41.995391349	79.194822	29.746007	1004.457123	26.552522	26.337830	518.132226	70.564806	31.226222	1004.375274	157.415312	11.823684	
7/20/2019 12:21:42.995391349	78.918842	29.746307	1003.054909	26.514366	26.332157	518.234732	70.503170	31.206093	1004.280811	307.722114	11.846445	
7/20/2019 12:21:43.995391349	78.813707	29.809869	1004.444033	25.519623	26.482329	518.943738	70.670993	31.177455	1004.462799	227.737433	11.803498	
7/20/2019 12:21:44.995391349	79.010836	29.767769	1002.448541	25.671910	26.432734	518.998933	70.380372	31.451591	1003.326864	485.013838	11.864318	
7/20/2019 12:21:45.995391349	79.267102	29.639895	1005.081390	27.123987	26.231293	520.652185	70.169760	31.247907	1004.494816	42.137636	11.780421	
7/20/2019 12:21:46.995391349	78.912271	29.693662	1004.228848	26.234605	26.369587	520.447173	70.341104	31.154109	1004.729476	131.414686	11.762981	
7/20/2019 12:21:47.995391349	79.109400	29.688316	1003.792406	26.418248	26.363056	521.142381	70.477281	31.257041	1003.882453	161.254399	11.829939	
7/20/2019 12:21:48.995391349	79.267102	29.808746	1005.485425	26.222431	26.299297	520.510252	70.523225	31.241991	1004.328439	58.995770	11.808413	
7/20/2019 12:21:49.995391349	78.977981	29.714076	1002.951692	25.903232	26.318605	521.593148	70.296159	31.288378	1004.392307	173.093925	11.809714	
7/20/2019 12:21:50.995391349	79.253960	29.760775	1003.312831	26.051979	26.275786	520.895310	70.367440	31.211279	1004.127052	117.276904	11.816955	
7/20/2019 12:21:51.995391349	79.115971	29.687642	1003.561371	26.219595	26.345790	522.592589	70.566671	31.268248	1003.636911	49.861138	11.818769	
7/20/2019 12:21:52.995391349	79.030548	29.685888	1005.147152	26.283862	26.369628	521.851387	70.507033	31.198209	1003.569884	144.261594	11.792853	
7/20/2019 12:21:53.995391349	79.201393	29.734116	1003.548676	25.763007	26.261336	522.139191	70.632486	31.245209	1004.028331	72.758637	11.816495	
7/20/2019 12:21:54.995391349	79.161967	29.682145	1003.402012	26.052211	26.336157	523.098552	70.767401	31.296262	1003.809753	44.917460	11.817389	
7/20/2019 12:21:55.995391349	79.280244	29.719423	1003.599930	26.048366	26.301502	522.538047	70.594164	31.267624	1003.894127	49.249369	11.808426	
7/20/2019 12:21:56.995391349	79.378808	29.703158	1004.703455	26.682856	26.371302	522.047199	70.487820	31.224254	1003.812118	80.946399	11.819137	
7/20/2019 12:21:57.995391349	79.293386	29.739463	1005.300439	26.305527	26.357097	521.714705	70.634589	31.221238	1004.442143	48.625806	11.789489	
7/20/2019 12:21:58.995391349	79.227677	29.556742	1004.587937	26.780497	26.197006	522.497967	71.042934	31.213565	1004.178146	46.835558	11.782497	
7/20/2019 12:21:59.995391349	79.069974	29.723946	1003.423776	25.993255	26.290521	523.491493	70.888543	31.291383	1003.932289	53.845111	11.817376	
7/20/2019 12:22:00.995391349	79.227677	29.730715	1004.172312	26.658868	26.356240	522.346834	70.827144	31.230583	1004.226088	52.193197	11.815877	
7/20/2019 12:22:01.995391349	79.464231	29.762497	1004.132886	26.498684	26.331585	522.426342	70.813660	31.224148	1004.191235	52.234593	11.811922	
7/20/2019 12:22:02.995391349	79.398521	29.736287	1002.364879	27.106415	26.371261	521.744934	71.017859	31.207649	1003.965877	53.997590	11.777963	
7/20/2019 12:22:03.995391349	79.523369	29.734565	1003.052149	26.135299	26.329054	523.871951	71.164128	31.339007	1003.604108	44.319837	11.801277	
7/20/2019 12:22:04.995391349	79.352525	29.757075	1004.029354	26.250936	26.312033	522.834398	71.148778	31.284430	1004.221515	39.876574	11.809648	
7/20/2019 12:22:05.995391349	79.359096	29.813644	1005.012868	26.251104	26.298155	524.053966	71.319361	31.269592	1004.343893	39.324279	11.795455	
7/20/2019 12:22:06.995391349	79.451089	29.736586	1003.065081	26.718978	26.361913	523.762215	71.068823	31.386737	1003.834511	38.748664	11.796073	
7/20/2019 12:22:07.995391349	79.345954	29.751579	1004.109547	26.521671	26.355382	524.998212	71.062252	31.216052	1004.035426	45.043999	11.813026	
7/20/2019 12:22:08.995391349	79.470802	29.772217	1004.152284	26.082766	26.281460	525.438465	71.158161	31.279657	1004.536606	39.473097	11.782418	
7/20/2019 12:22:09.995391349	79.457660	29.663079	1003.784521	26.351042	26.358770	525.853752	71.180582	31.265856	1004.147079	46.931185	11.764926	
7/20/2019 12:22:10.995391349	79.267102	29.708655	1004.203221	26.518643	26.390527	525.815640	71.291027	31.307670	1003.938912	47.880675	11.793142	
7/20/2019 12:22:11.995391349	79.595650	29.735314	1005.625070	26.133016	26.355382	525.582367	71.165784	31.344193	1004.157647	40.536291	11.784192	
7/20/2019 12:22:12.995391349	79.359096	29.724695	1005.250684	26.275291	26.369016	526.947816	71.322830	31.277064	1003.536610	52.563141	11.796296	
7/20/2019 12:22:13.995391349	79.306528	29.744959	1004.023520	26.278632	26.378078	526.931386	71.291079	31.271042	1003.973765	49.586821	11.793221	
7/20/2019 12:22:14.995391349	79.707356	29.786760	1003.718364	25.931809	26.329054	527.183709	71.269658	31.294388	1004.175152	42.408021	11.813591	
7/20/2019 12:22:15.995391349	79.477373	29.728844	1004.203301	25.991269	26.306686	529.011092	70.971967	31.358512	1003.930081	38.982896	11.805876	
7/20/2019 12:22:16.995391349	79.451089	29.829460	1005.160004	25.912018	26.283174	528.931584	70.993888	31.335790	1004.242807	42.149431	11.793747	
7/20/2019 12:22:17.995391349	79.661359	29.714301	1002.295254	26.166190	26.342116	529.976368	71.225317	31.385806	1003.980546	49.085095	11.786900	
7/20/2019 12:22:18.995391349	79.464231	29.767843	1004.867466	26.280818	26.306073	528.607636	71.040674	31.285467	1004.447188	46.529018	11.811541	
7/20/2019 12:22:19.995391349	79.648217	29.702335	1003.543709	26.042792	26.313747	531.038888	70.740276	31.354363	1003.930238	41.956595	11.813459	
7/20/2019 12:22:20.995391349	79.457660	29.757150	1004.919429	26.337651	26.365587	529.715499	70.661976	31.278101	1004.072644	53.319796	11.793326	
7/20/2019 12:22:21.995391349	79.536511	29.676799	1004.670180	26.082485	26.268683	531.774176	70.765508	31.398464	1003.672078	45.903104	11.778384	
7/20/2019 12:22:22.995391349	79.608791	29.720097	1005.679714	26.569958	26.356240	530.846359	70.794290	31.296050	1004.377010	46.178461	11.802801	
7/20/2019 12:22:23.995391349	79.359096	29.681621	1004.923293	26.395029	26.363913	532.710539	70.743378	31.346892	1003.779159	50.782067	11.817822	
7/20/2019 12:22:24.995391349	79.707356	29.793829	1004.752658	26.292864	26.274643	531.471257	70.425422	31.312031	1004.271980	48.933656	11.807112	
7/20/2019 12:22:25.995391349	79.516798	29.762048	1004.078558	26.039597	26.279460	531.147309	70.557393	31.308813	1004.131782	46.181083	11.812158	
7/20/2019 12:22:26.995391349	79.595650	29.686744	1004.494578	26.350074	26.352280	532.433902	70.625810	31.406761	1003.606473	50.366795	11.815378	
7/20/2019 12:22:27.995391349	79.628504	29.703158	1002.714823	26.015769	26.312604	531.677585	70.789532	31.359549	1004.004674	46.060826	11.813591	
7/20/2019 12:22:28.995391349	79.490514	29.703607	1005.185079	26.391561	26.366199	531.416062	70.859552	31.356544	1003.790041	52.876233	11.817349	
7/20/2019 12:22:29.995391349	79.713927	29.729368	1003.575407	25.684965	26.297052	530.644631	70.853980	31.346373	1003.995686	43.151842	11.817836	
7/20/2019 12:22:30.995391349	79.740210	29.724920	1003.968403	26.241213	26.400446	529.781208	70.564359	31.295013	1004.017921	52.955094	11.811699	
7/20/2019 12:22:31.995391349	79.621933	29.719723	1004.258339	26.553195	26.381506	530.603235	70.438564	31.278101	1004.087941	52.568383	11.818506	
7/20/2019 12:22:32.995391349	79.733639	29.719947	1002.827738	26.212371	26.365016	531.110513	70.524486	31.337970	1003.939541	53.052032	11.813893	
7/20/2019 12:22:33.995391349	79.779636	29.719947	1003.614990	26.518162	26.422570	531.833317	70.558997	31.301966	1003.796978	59.156112	11.812566	
7/20/2019 12:22:34.995391349	79.569366	29.778013	1004.938038	26.342497	26.358811	531.287927	70.601629	31.301860	1004.261098	52.482970	11.789528	
7/20/2019 12:22:35.995391349	79.497085	29.719124	1005.510500	28.819535	26.387466	533.217154	70.857344	31.307659	1004.551589	56.080233	11.768711	
7/20/2019 12:22:36.995391349	79.779636	29.697961	1003.742493	26.090039	26.309502	533.474739	70.595610	31.380609	1003.899172	47.667412	11.814025	
7/20/2019 12:22:37.995391349	79.720497	29.741858	1005.973988	27.223549	26.541312	536.319310	70.745086	31.427302	1004.528404	50.647665	11.789147	
7/20/2019 12:22:38.995391349	79.648217	29.792257	1003.506806	25.854585	26.284031	532.820928	70.665892	31.383933	1004.516579	47.282012	11.780854	
7/20/2019 12:22:39.995391349	79.930768	29.806019	1005.273314	26.673925	26.371342	535.051768	70.847014	31.505957	1004.713865	50.395356	11.778344	
7/20/2019 12:22:40.995391349	79.602221	29.741559	1004.256525	26.430943	26.326197	533.704065	70.983743	31.333197	1004.372909	51.739150	11.804825	
7/20/2019 12:22:41.995391349	80.042474	29.925028	1005.621916	27.316528	26.445877	534.761985	70.944475	31.382790	1004.471316	76.182451	11.790947	
7/20/2019 12:22:42.995391349	79.727068	29.808746	1004.195574	26.177171	26.332157	533.858482	70.870039	31.365253	1004.267093	69.157442	11.808229	
7/20/2019 12:22:43.995391349	79.694214	29.842025	1005.127202	26.872971	26.471838	537.086794	71.081465	31.471085	1004.808485	44.673015	11.782287	
7/20/2019 12:22:44.995391349	79.746781	29.740436	1003.512957	26.554036	26.389997	534.241571	71.133376	31.445982	1003.868735	53.573415	11.783614	
7/20/2019 12:22:45.995391349	79.766494	29.757449	1003.407217	26.577382	26.396528	535.572844	71.389381	31.488314	1004.197072	62.893019	11.795876	
7/20/2019 12:22:46.995391349	79.608791	29.703308	1004.943952	26.023402	26.343259	535.312637	70.995886	31.429695	1003.608838	57.557389	11.800449	
7/20/2019 12:22:47.995391349	79.904484	29.930674	1004.912569	26.040212	26.277296	538.008043	71.284456	31.322921	1003.970293	63.703905	11.736855	
7/20/2019 12:22:48.995391349	79.654788	29.745408	1003.969901	25.640434	26.382608	536.431667	71.013548	31.470778	1004.072329	53.331591	11.785178	
7/20/2019 12:22:49.995391349	79.792778	29.762572	1004.586991	27.348758	26.475512	536.693190	71.196483	31.414846	1003.828202	52.832216	11.789384	
7/20/2019 12:22:50.995391349	79.878200	29.725518	1002.644803	25.997260	26.361913	536.701736	71.211966	31.392029	1003.702987	55.725744	11.812290	
7/20/2019 12:22:51.995391349	79.950481	29.691759	1003.551436	26.490594	26.417468	537.531646	71.269948	31.406136	1004.505854	54.283432	11.755123	
7/20/2019 12:22:52.995391349	79.727068	29.707756	1003.539845	26.111527	26.304073	536.747732	70.962085	31.429589	1003.706616	77.530447	11.802368	
7/20/2019 12:22:53.995391349	79.963622	29.782761	1003.757238	26.512331	26.384649	538.857004	70.877214	31.503046	1004.118221	55.568023	11.794312	
7/20/2019 12:22:54.995391349	79.904484	29.725294	1003.619406	26.109052	26.378078	537.931819	70.842599	31.402612	1003.696364	57.349097	11.817744	
7/20/2019 12:22:55.995391349	79.753352	29.814842	1006.507338	27.216125	26.398773	540.547053	70.772236	31.432901	1004.356983	50.213005	11.773232	
7/20/2019 12:22:56.995391349	79.727068	29.829909	1004.884734	26.020583	26.299012	538.425950	70.855294	31.416201	1003.884346	51.792341	11.796204	
7/20/2019 12:22:57.995391349	79.937339	29.741409	1002.370636	26.229150	26.429672	542.150373	71.077445	31.541442	1003.792720	57.012957	11.798517	
7/20/2019 12:22:58.995391349	80.127896	29.903267	1002.954374	24.823759	26.440408	538.824807	70.783066	31.482504	1003.733267	51.282752	11.767397	
7/20/2019 12:22:59.995391349	79.963622	29.817012	1004.513344	26.673028	26.354035	539.265060	70.968498	31.475445	1004.293114	57.879384	11.768751	
7/20/2019 12:23:00.995391349	79.884771	29.720321	1004.052379	26.286240	26.375506	538.971340	71.023064	31.367433	1003.968085	58.554557	11.817152	
7/20/2019 12:23:01.995391349	80.042474	29.825685	1003.583449	26.756757	26.456041	540.941310	71.108039	31.392336	1004.145343	58.289414	11.784771	
7/20/2019 12:23:02.995391349	79.924197	29.697886	1004.760071	26.353405	26.357383	540.647591	71.016650	31.511555	1003.650157	55.848622	11.814813	
7/20/2019 12:23:03.995391349	79.943910	29.715049	1004.017921	27.051551	26.502779	541.733771	70.996990	31.451686	1004.110176	66.018158	11.805995	
7/20/2019 12:23:04.995391349	79.904484	29.709703	1003.233823	26.524153	26.405834	539.497016	70.938508	31.373244	1004.534398	56.384151	11.792629	
7/20/2019 12:23:05.995391349	79.911055	29.838549	1002.948302	26.227613	26.311584	541.144354	71.116975	31.522551	1004.078795	45.141207	11.769973	
7/20/2019 12:23:06.995391349	79.911055	29.809719	1003.861322	26.204722	26.308931	539.854477	71.026690	31.443908	1004.398931	46.124231	11.812986	
7/20/2019 12:23:07.995391349	80.259315	29.846398	1004.068780	27.267695	26.410161	541.063530	71.077102	31.409766	1004.637693	67.882025	11.788398	
7/20/2019 12:23:08.995391349	79.976764	29.740660	1003.178311	26.909036	26.377833	540.288815	71.143259	31.427821	1003.809911	54.339244	11.792051	
7/20/2019 12:23:09.995391349	79.865058	29.724321	1002.496878	27.056710	26.432203	544.097998	71.380812	31.560735	1004.026752	56.640391	11.796901	
7/20/2019 12:23:10.995391349	79.720497	29.669548	1003.981255	25.726141	26.312931	543.311452	71.186234	31.512804	1003.755502	49.248059	11.789778	
7/20/2019 12:23:11.995391349	79.924197	29.678221	1004.200698	26.333879	26.398487	547.083839	71.357236	31.596739	1003.794613	92.714658	11.804418	
7/20/2019 12:23:12.995391349	79.865058	29.778013	1005.854449	26.968304	26.190801	543.688626	71.333107	31.323958	1004.333169	109.977578	11.784823	
7/20/2019 12:23:13.995391349	80.141038	29.852344	1004.346416	26.833540	26.368485	545.151318	71.188099	31.435811	1004.722853	59.214275	11.789738	
7/20/2019 12:23:14.995391349	79.924197	29.804822	1004.998438	26.349064	26.336402	544.964704	71.203239	31.395553	1004.311248	51.294276	11.810305	
7/20/2019 12:23:15.995391349	80.095041	29.799026	1004.284832	26.953463	26.480941	546.748060	71.122285	31.465687	1003.884975	59.740630	11.797808	
7/20/2019 12:23:16.995391349	79.937339	29.919008	1003.211507	25.514545	26.333871	546.245382	70.877819	31.512486	1004.221201	50.933506	11.782826	
7/20/2019 12:23:17.995391349	80.035903	29.762871	1004.197939	26.606240	26.460246	547.547089	70.935801	31.522445	1004.615458	54.600456	11.789015	
7/20/2019 12:23:18.995391349	79.878200	29.788407	1004.207874	26.514831	26.331626	545.345163	70.815815	31.390780	1004.188713	56.102241	11.815588	
7/20/2019 12:23:19.995391349	80.364450	29.916131	1003.824971	26.033189	26.290848	546.981985	70.921055	31.555443	1004.645580	53.498486	11.765833	
7/20/2019 12:23:20.995391349	80.068758	29.709029	1003.510197	26.457957	26.369587	546.037086	70.894115	31.404580	1004.263149	61.105392	11.801579	
7/20/2019 12:23:21.995391349	80.160751	29.856268	1005.944025	27.375500	26.189985	545.701960	71.092899	31.559592	1003.533774	48.107314	11.784981	
7/20/2019 12:23:22.995391349	80.180464	29.773565	1005.376373	26.360646	26.404691	545.189430	70.860708	31.375836	1003.853909	59.787268	11.795284	
7/20/2019 12:23:23.995391349	80.049045	29.830283	1005.888276	26.655304	26.438163	548.147674	71.021066	31.509681	1004.589121	72.851913	11.783456	
7/20/2019 12:23:24.995391349	79.891342	29.730865	1003.246280	26.593017	26.371261	545.667795	70.725268	31.380091	1004.418801	56.936446	11.786045	
7/20/2019 12:23:25.995391349	80.318453	29.790578	1003.521551	26.545963	26.354566	547.827010	70.705056	31.506263	1004.556476	54.988477	11.770183	
7/20/2019 12:23:26.995391349	80.127896	29.757300	1003.466908	26.415701	26.360199	547.616082	70.404658	31.364735	1004.287277	59.522125	11.808899	
7/20/2019 12:23:27.995391349	80.035903	29.777115	1004.438514	26.803089	26.409875	548.997298	70.619843	31.470260	1004.146922	65.051901	11.790514	
7/20/2019 12:23:28.995391349	80.022761	29.804522	1005.609693	26.305719	26.304114	548.100362	70.508689	31.410909	1003.996315	51.110615	11.796480	
7/20/2019 12:23:29.995391349	80.180464	29.729593	1004.225931	26.567467	26.373547	549.807494	70.554686	31.442553	1003.783417	60.492313	11.815247	
7/20/2019 12:23:30.995391349	79.996477	29.778013	1004.275844	27.833810	26.607601	554.018165	70.845910	31.517047	1004.121844	63.273448	11.795902	
7/20/2019 12:23:31.995391349	79.924197	29.788108	1004.160721	26.118720	26.321380	549.882403	70.632933	31.377392	1004.348623	55.190216	11.806783	
7/20/2019 12:23:32.995391349	80.410447	29.748927	1003.946797	26.344907	26.424039	553.068003	70.914275	31.528573	1004.654726	64.379349	11.752087	
7/20/2019 12:23:33.995391349	80.068758	29.687118	1004.973600	26.175585	26.338402	551.981823	70.817366	31.498792	1003.619248	60.245247	11.813499	
7/20/2019 12:23:34.995391349	80.219889	29.882927	1004.358401	27.113734	26.466858	551.374660	70.708473	31.481149	1004.372123	70.258101	11.779790	
7/20/2019 12:23:35.995391349	80.311882	29.809794	1003.719468	25.645986	26.289705	551.038229	70.684134	31.419111	1004.107497	54.698975	11.795140	
7/20/2019 12:23:36.995391349	80.417018	29.841875	1004.694623	27.621094	26.433632	551.429865	70.713835	31.487065	1004.316450	54.669103	11.777937	
7/20/2019 12:23:37.995391349	80.114754	29.740511	1004.050328	26.575204	26.400773	550.268776	70.450445	31.398252	1004.022179	64.703966	11.819807	
7/20/2019 12:23:38.995391349	80.029332	29.754423	1003.459180	26.370889	26.412651	554.796827	70.503669	31.616762	1004.089520	79.108473	11.782169	
7/20/2019 12:23:39.995391349	80.200176	29.681696	1002.392005	26.033470	26.319135	551.793894	70.383789	31.505120	1003.768277	70.805425	11.810108	
7/20/2019 12:23:40.995391349	80.213318	29.890295	1003.945141	26.358243	26.317462	550.956753	70.324098	31.476588	1004.937015	92.850370	11.790645	
7/20/2019 12:23:41.995391349	80.246173	29.703458	1004.573981	26.156371	26.317992	551.883916	70.205269	31.452205	1003.873622	56.979153	11.812934	
7/20/2019 12:23:42.995391349	80.259315	29.955986	1004.084629	26.571272	26.374445	552.742740	70.318736	31.493913	1004.214892	56.499437	11.799621	
7/20/2019 12:23:43.995391349	80.331595	29.698560	1002.508231	25.757112	26.285174	552.363597	70.174018	31.415270	1004.074694	95.308199	11.790409	
7/20/2019 12:23:44.995391349	80.147609	29.746906	1004.856427	26.682487	26.503636	555.614907	70.116483	31.474514	1003.963827	73.740349	11.794207	
7/20/2019 12:23:45.995391349	80.141038	29.703532	1003.906424	26.157108	26.354566	553.460945	70.001518	31.450236	1003.811489	64.870861	11.817809	
7/20/2019 12:23:46.995391349	80.265886	29.795700	1003.185329	27.032865	26.376404	554.765936	70.143319	31.447125	1004.526039	87.607746	11.759013	
7/20/2019 12:23:47.995391349	80.160751	29.783510	1003.326315	26.335873	26.357097	553.455029	69.927686	31.354257	1004.140771	55.113976	11.795731	
7/20/2019 12:23:48.995391349	80.403876	29.915832	1004.828750	27.021661	26.371342	555.518306	70.070092	31.399183	1004.620188	84.515100	11.789804	
7/20/2019 12:23:49.995391349	80.226460	29.744136	1003.359038	26.095685	26.293297	555.654324	70.182849	31.449718	1003.536296	54.423347	11.795508	
7/20/2019 12:23:50.995391349	80.114754	29.798352	1004.932676	26.528430	26.530535	554.817183	70.281019	31.537907	1004.044100	64.186784	11.789055	
7/20/2019 12:23:51.995391349	80.377592	29.782536	1004.140456	26.162762	26.289379	556.388959	70.274790	31.398252	1004.275924	176.123165	11.821371	
7/20/2019 12:23:52.995391349	80.246173	29.799849	1003.804391	25.972624	26.366199	558.968060	70.424266	31.480737	1004.319608	110.916855	11.805417	
7/20/2019 12:23:53.995391349	80.075328	29.725144	1004.621843	26.015993	26.443836	555.398717	70.267667	31.344817	1004.372595	215.380727	11.804812	
7/20/2019 12:23:54.995391349	80.377592	29.795251	1004.972891	26.451734	26.420611	557.507989	70.442323	31.444320	1004.287120	401.453922	11.828283	
7/20/2019 12:23:55.995391349	80.055616	29.735389	1004.187766	26.453448	26.381506	556.920551	70.522121	31.367021	1003.937176	128.236627	11.822514	
7/20/2019 12:23:56.995391349	80.522153	29.926450	1004.341448	26.876230	26.403589	558.615852	70.518310	31.384758	1004.313613	57.576776	11.796979	
7/20/2019 12:23:57.995391349	80.252744	29.806843	1003.709139	25.939971	26.269786	557.877933	70.365679	31.414338	1003.972343	55.610730	11.792551	
7/20/2019 12:23:58.995391349	80.075328	29.815066	1005.586749	26.628586	26.488860	559.472706	70.591851	31.489552	1004.735628	56.932786	11.773876	
7/20/2019 12:23:59.995391349	80.154180	29.730416	1003.264180	26.358042	26.410692	558.497579	70.591299	31.408316	1003.919357	225.753310	11.842332	
7/20/2019 12:24:00.995391349	80.351308	29.739505	1004.601264	26.630115	26.433060	559.196070	70.789532	31.434150	1004.201645	107.015403	11.770512	
7/20/2019 12:24:01.995391349	80.265886	29.788482	1002.740055	25.945505	26.297869	558.895120	70.733757	31.453866	1004.195022	47.537982	11.794312	
7/20/2019 12:24:02.995391349	80.219889	29.873806	1004.321578	26.675119	26.448939	559.364938	70.865728	31.449506	1004.233183	62.736338	11.786965	
7/20/2019 12:24:03.995391349	80.344737	29.842174	1005.263931	26.294986	26.340075	558.406240	70.751262	31.364735	1004.247851	57.328399	11.811725	
7/20/2019 12:24:04.995391349	80.141038	29.787584	1003.965091	26.531322	26.407834	561.647035	70.975122	31.531885	1003.804231	52.717202	11.792919	
7/20/2019 12:24:05.995391349	80.121325	29.904839	1004.684531	25.250978	26.261622	561.909221	70.929520	31.423048	1004.173416	55.089346	11.793352	
7/20/2019 12:24:06.995391349	80.206747	29.705104	1004.500807	26.419993	26.432530	563.128788	71.043224	31.579933	1003.871571	58.338673	11.788832	
7/20/2019 12:24:07.995391349	80.121325	29.804522	1004.288381	26.557872	26.385180	559.397798	70.568222	31.404580	1003.926137	53.453158	11.813131	
7/20/2019 12:24:08.995391349	80.377592	29.772891	1004.057741	26.555237	26.389466	561.689747	70.650385	31.551401	1004.081318	61.701705	11.780079	
7/20/2019 12:24:09.995391349	80.095041	29.748777	1004.249507	26.263335	26.347219	561.456475	70.587331	31.458427	1003.424328	58.156322	11.793878	
7/20/2019 12:24:10.995391349	80.088470	29.972475	1003.534246	27.092775	26.430856	562.860688	70.626966	31.422423	1003.911312	57.065877	11.771773	
7/20/2019 12:24:11.995391349	80.377592	29.788707	1004.140613	26.644996	26.332483	560.970226	70.653198	31.386525	1004.322130	52.264465	11.809556	
7/20/2019 12:24:12.995391349	80.219889	29.778911	1004.131782	26.793311	26.395915	565.567923	70.875506	31.528880	1004.298316	69.019108	11.805325	
7/20/2019 12:24:13.995391349	80.627288	29.709852	1003.627765	27.176288	26.289379	560.370294	70.937851	31.399183	1004.403189	46.860187	11.777411	
7/20/2019 12:24:14.995391349	80.463014	29.884499	1003.487330	25.926955	26.322278	565.058014	70.943818	31.538944	1004.551746	46.188946	11.793510	
7/20/2019 12:24:15.995391349	80.141038	29.745558	1004.309355	26.324364	26.378078	564.104569	70.882419	31.475339	1003.671764	54.951013	11.810687	
7/20/2019 12:24:16.995391349	80.594433	30.083784	1003.633756	25.206702	26.360852	566.885397	70.837579	31.545791	1004.579819	53.843801	11.770551	
7/20/2019 12:24:17.995391349	80.311882	29.761973	1003.512562	26.412057	26.365342	563.528297	70.769662	31.430932	1003.869049	55.217466	11.818585	
7/20/2019 12:24:18.995391349	80.154180	29.825685	1005.066645	26.142226	26.440163	564.874684	70.676722	31.610127	1003.716548	51.701685	11.777122	
7/20/2019 12:24:19.995391349	80.469585	29.793155	1004.242884	26.650050	26.403304	563.051901	70.687051	31.444627	1003.879616	51.501257	11.814721	
7/20/2019 12:24:20.995391349	80.325024	29.668725	1005.080286	26.462426	26.517229	564.017177	70.715491	31.509893	1004.163163	57.659569	11.776728	
7/20/2019 12:24:21.995391349	80.364450	29.713627	1003.463753	26.094179	26.339830	565.058014	70.648834	31.543199	1003.645742	49.057844	11.818677	
7/20/2019 12:24:22.995391349	80.311882	29.786429	1004.016422	26.501439	26.448408	564.151880	70.618135	31.544236	1004.873775	51.490773	11.766228	
7/20/2019 12:24:23.995391349	80.344737	29.773265	1003.671369	25.953378	26.319135	564.941710	70.588040	31.529610	1004.180196	40.928244	11.812395	
7/20/2019 12:24:24.995391349	80.305311	29.834956	1002.603169	25.757961	26.312890	564.243871	70.485822	31.595077	1003.846971	37.980485	11.794969	
7/20/2019 12:24:25.995391349	80.456443	30.019923	1006.116473	27.688027	26.477022	566.129733	70.698300	31.536245	1004.523831	43.463623	11.775558	
7/20/2019 12:24:26.995391349	80.213318	29.714301	1003.374020	25.972392	26.355137	565.964149	70.848670	31.570281	1003.711189	48.320577	11.815864	
7/20/2019 12:24:27.995391349	80.252744	29.763844	1004.299972	27.042333	26.577314	567.127869	70.982587	31.546416	1004.176567	49.489883	11.754177	
7/20/2019 12:24:28.995391349	80.430159	29.810992	1004.786327	26.511507	26.326197	564.897682	70.534369	31.446394	1004.626654	45.481280	11.790014	
7/20/2019 12:24:29.995391349	80.233031	29.817611	1003.654416	26.141553	26.377547	567.996544	70.736912	31.690125	1004.201802	51.085985	11.788621	
7/20/2019 12:24:30.995391349	80.344737	29.809046	1003.674366	25.914877	26.280317	566.827571	70.556946	31.455316	1003.973765	43.190617	11.785980	
7/20/2019 12:24:31.995391349	80.673284	29.962156	1004.780807	27.230541	26.473960	567.002355	70.558997	31.489246	1004.431733	56.530348	11.768172	
7/20/2019 12:24:32.995391349	80.272457	29.746232	1003.714343	25.967682	26.323095	568.710149	70.326648	31.468598	1004.138720	43.369036	11.814130	
7/20/2019 12:24:33.995391349	80.371021	29.947238	1003.825445	27.634870	26.311502	570.403482	70.201458	31.401352	1004.210948	50.236324	11.745963	
7/20/2019 12:24:34.995391349	80.456443	29.761823	1004.696437	25.966905	26.340688	569.868607	69.987429	31.492357	1004.076745	47.011627	11.800147	
7/20/2019 12:24:35.995391349	80.331595	29.742158	1003.553801	26.396607	26.469920	571.609914	70.297605	31.513735	1004.160169	54.970400	11.790001	
7/20/2019 12:24:36.995391349	80.147609	29.755877	1002.833652	26.313760	26.347178	570.718231	70.226876	31.474408	1003.893020	51.292966	11.804483	
7/20/2019 12:24:37.995391349	80.449872	29.869582	1003.229170	26.527685	26.320850	570.706400	69.857114	31.507819	1004.378904	45.972791	11.758579	
7/20/2019 12:24:38.995391349	80.456443	29.762497	1004.452550	26.075838	26.378363	570.603241	69.961540	31.419005	1003.867156	50.245227	11.813985	
7/20/2019 12:24:39.995391349	80.390734	29.878479	1004.507430	26.706987	26.458041	570.923243	70.078818	31.418794	1004.114434	51.924122	11.791631	
7/20/2019 12:24:40.995391349	80.265886	29.930300	1002.812046	25.678302	26.432203	568.165412	69.951867	31.554512	1003.465961	42.845302	11.782602	
7/20/2019 12:24:41.995391349	80.522153	29.869432	1004.661821	27.247521	26.448612	571.860921	70.103736	31.471709	1004.491186	44.910907	11.796927	
7/20/2019 12:24:42.995391349	80.246173	29.751653	1002.957054	25.690724	26.355668	571.987741	69.714709	31.524943	1003.425428	51.636970	11.772641	
7/20/2019 12:24:43.995391349	80.305311	29.854664	1003.930238	26.391729	26.352280	572.663234	69.877774	31.494643	1004.617823	43.737670	11.779133	
7/20/2019 12:24:44.995391349	80.495869	29.867187	1004.055533	25.931272	26.294767	571.345097	69.765620	31.403956	1004.274188	44.869511	11.792590	
7/20/2019 12:24:45.995391349	80.541865	29.863561	1003.668766	26.911614	26.441306	571.074375	69.802286	31.391299	1004.657248	52.726105	11.784731	
7/20/2019 12:24:46.995391349	80.226460	29.735538	1003.828362	26.377665	26.363913	572.614607	69.930998	31.460714	1003.459495	51.952683	11.816337	
7/20/2019 12:24:47.995391349	80.502440	29.846847	1006.390954	27.389773	26.245498	573.964278	69.858218	31.393573	1004.632648	48.636290	11.775755	
7/20/2019 12:24:48.995391349	80.390734	29.783510	1003.268833	25.999887	26.302114	572.642204	69.858061	31.467042	1004.112069	43.431130	11.812763	
7/20/2019 12:24:49.995391349	80.147609	29.719273	1003.315906	26.613096	26.454653	572.837365	70.023124	31.575160	1003.649050	75.481338	11.757212	
7/20/2019 12:24:50.995391349	80.541865	29.767394	1003.405482	26.378202	26.386037	574.014220	69.789591	31.386631	1003.634703	60.269877	11.802302	
7/20/2019 12:24:51.995391349	80.463014	29.801197	1004.114986	26.711080	26.422039	573.008864	69.866235	31.494231	1004.322287	56.054293	11.794088	
7/20/2019 12:24:52.995391349	80.436730	29.836603	1003.953420	26.411920	26.326238	572.666518	69.777658	31.422117	1004.136355	45.610710	11.807283	
7/20/2019 12:24:53.995391349	80.771848	29.794428	1005.322123	27.483688	26.205863	574.476155	70.026907	31.481149	1004.337113	41.775555	11.750115	
7/20/2019 12:24:54.995391349	80.246173	29.740735	1002.479373	26.067997	26.331054	575.093170	70.350724	31.507819	1003.575564	45.959956	11.810397	
7/20/2019 12:24:55.995391349	80.502440	29.825835	1003.919751	26.882694	26.441551	576.411959	70.328462	31.547347	1003.672392	92.441651	11.809688	
7/20/2019 12:24:56.995391349	80.410447	29.884050	1002.662622	26.039652	26.554292	574.882243	69.968925	31.389012	1005.026748	43.305631	11.746541	
7/20/2019 12:24:57.995391349	80.423588	29.821236	1004.104027	26.580563	26.425958	576.106410	70.491684	31.515598	1004.473209	42.987568	11.777845	
7/20/2019 12:24:58.995391349	80.469585	29.873956	1004.592748	26.133785	26.310359	575.802176	70.484851	31.459158	1004.282862	40.006005	11.809661	
7/20/2019 12:24:59.995391349	80.627288	29.817536	1004.333012	26.385970	26.403875	576.626170	70.476938	31.504708	1004.261413	48.879154	11.773061	
7/20/2019 12:25:00.995391349	80.371021	29.720770	1003.838612	25.937087	26.335585	577.663071	70.505877	31.523387	1003.556166	46.571725	11.807414	
7/20/2019 12:25:01.995391349	80.515582	29.969150	1003.134312	26.529840	26.348647	577.920647	70.649938	31.500760	1004.324495	39.487242	11.785204	
7/20/2019 12:25:02.995391349	80.535295	29.816189	1004.222619	26.226644	26.353954	577.330577	70.655196	31.403437	1004.282547	45.659699	11.810765	
7/20/2019 12:25:03.995391349	80.561578	29.909961	1004.148026	26.851098	26.451755	579.865650	70.669546	31.506983	1004.201802	41.514343	11.790422	
7/20/2019 12:25:04.995391349	80.311882	29.793829	1003.977391	26.509985	26.415223	578.857009	70.413384	31.411534	1004.079110	48.070890	11.811488	
7/20/2019 12:25:05.995391349	80.752136	29.732063	1005.555760	26.990986	26.246070	581.411796	70.544803	31.588336	1004.241385	40.360493	11.769092	
7/20/2019 12:25:06.995391349	80.456443	29.851521	1003.764808	25.800498	26.283990	580.156085	70.562808	31.452617	1004.238706	37.536652	11.810713	
7/20/2019 12:25:07.995391349	80.489298	29.858589	1005.958848	25.949901	26.399956	579.847904	70.662319	31.514772	1004.147079	44.359923	11.754847	
7/20/2019 12:25:08.995391349	80.574720	29.847895	1004.302574	26.197731	26.293909	580.255307	70.310300	31.405618	1004.357455	38.152352	11.805706	
7/20/2019 12:25:09.995391349	80.482727	29.935722	1005.051900	26.767802	26.375016	580.920286	70.171968	31.432795	1004.218993	39.967230	11.775414	
7/20/2019 12:25:10.995391349	80.476156	29.837277	1005.541724	26.505116	26.360485	580.151486	69.950106	31.426265	1004.098980	40.571135	11.789633	
7/20/2019 12:25:11.995391349	80.456443	29.799700	1004.185007	26.860244	26.487472	583.032852	70.212892	31.502009	1003.880560	48.218397	11.804365	
7/20/2019 12:25:12.995391349	80.311882	29.836528	1004.141955	26.339542	26.347709	579.629093	70.083681	31.371063	1004.331118	41.204912	11.791184	
7/20/2019 12:25:13.995391349	80.601004	29.752851	1004.922189	26.459198	26.383751	582.599167	70.152440	31.588336	1004.107497	49.429099	11.791355	
7/20/2019 12:25:14.995391349	80.390734	29.802651	1004.629019	26.501791	26.407753	579.057422	69.652206	31.416719	1004.284755	42.605828	11.786440	
7/20/2019 12:25:15.995391349	80.850700	29.932396	1003.283893	26.537008	26.327381	580.136371	69.767276	31.498792	1004.698567	42.542423	11.770893	
7/20/2019 12:25:16.995391349	80.463014	29.872833	1003.410134	26.008978	26.283990	579.691519	69.762651	31.398664	1004.271980	38.173050	11.797689	
7/20/2019 12:25:17.995391349	80.653571	29.889771	1003.434578	27.529925	26.487757	580.345330	69.598035	31.454797	1004.679012	45.293686	11.766714	
7/20/2019 12:25:18.995391349	80.436730	29.762122	1003.941277	26.452543	26.379220	581.315858	69.679594	31.404993	1003.737368	47.619464	11.816889	
7/20/2019 12:25:19.995391349	80.068758	29.894744	1004.353196	25.799576	26.485186	579.775627	69.734921	31.411428	1003.843342	44.189096	11.784114	
7/20/2019 12:25:20.995391349	80.745565	29.874854	1004.181143	26.721147	26.475022	586.936657	70.082867	31.628076	1004.773475	39.440875	11.790303	
7/20/2019 12:25:21.995391349	80.489298	29.767694	1004.661269	25.498727	26.349178	582.408606	69.633097	31.527948	1004.184140	38.612952	11.777595	
7/20/2019 12:25:22.995391349	80.778419	29.901213	1004.381978	26.557014	26.334238	584.230074	69.821947	31.588960	1004.818580	40.526078	11.781459	
7/20/2019 12:25:23.995391349	80.548436	29.836678	1004.270876	26.095925	26.309788	582.936914	69.787489	31.475657	1004.208426	37.213346	11.802788	
7/20/2019 12:25:24.995391349	80.436730	29.967952	1003.073912	27.522212	26.602009	582.583390	69.648999	31.558248	1005.245640	37.049072	11.728339	
7/20/2019 12:25:25.995391349	80.692997	29.831705	1005.665205	26.579345	26.392813	583.118928	69.697099	31.398664	1004.438357	42.688621	11.802052	
7/20/2019 12:25:26.995391349	80.417018	29.841276	1003.772535	27.082964	26.486615	588.001144	70.060813	31.602856	1004.016027	45.715511	11.802144	
7/20/2019 12:25:27.995391349	80.456443	29.794353	1002.802505	26.421388	26.304400	586.541737	69.848678	31.606391	1003.955945	38.653037	11.774126	
7/20/2019 12:25:28.995391349	80.666713	29.833053	1005.725605	26.719265	26.412937	584.963393	70.144161	31.575054	1004.777733	37.993320	11.772299	
7/20/2019 12:25:29.995391349	80.410447	29.889622	1003.542605	25.872685	26.302114	584.671642	69.830173	31.500866	1004.254318	36.508300	11.808255	
7/20/2019 12:25:30.995391349	80.647001	29.916805	1003.748485	27.145835	26.464858	585.186803	69.917304	31.567794	1004.690051	45.667562	11.754663	
7/20/2019 12:25:31.995391349	80.489298	29.815066	1003.501366	26.045788	26.298440	586.277583	70.098531	31.536351	1004.002623	37.558660	11.800528	
7/20/2019 12:25:32.995391349	80.528724	30.026991	1004.238863	26.636450	26.360852	587.975515	70.329408	31.558142	1004.371016	36.553628	11.777832	
7/20/2019 12:25:33.995391349	80.607575	29.820488	1002.950430	26.572513	26.407263	586.158647	70.001622	31.446183	1004.103081	45.793061	11.807007	
7/20/2019 12:25:34.995391349	80.692997	29.921852	1004.589593	27.079055	26.409794	589.706307	70.294108	31.583351	1004.371016	33.741582	11.781104	
7/20/2019 12:25:35.995391349	80.377592	29.884574	1003.876462	26.931726	26.366730	587.309221	70.374353	31.483330	1003.836247	39.012497	11.783180	
7/20/2019 12:25:36.995391349	80.692997	29.853766	1003.227357	26.224377	26.364199	592.612639	70.481539	31.692093	1004.252110	40.022771	11.789489	
7/20/2019 12:25:37.995391349	80.522153	29.851670	1003.297062	25.748766	26.293052	589.280506	70.234970	31.529917	1004.374173	34.303051	11.786821	
7/20/2019 12:25:38.995391349	80.463014	29.947463	1004.498836	26.198291	26.306155	590.814822	70.590248	31.654322	1004.507905	38.302480	11.769027	
7/20/2019 12:25:39.995391349	80.719281	29.869058	1003.665849	25.959505	26.297869	590.018425	70.292899	31.562291	1004.398931	34.826785	11.807414	
7/20/2019 12:25:40.995391349	80.561578	29.895043	1004.086994	27.166067	26.473634	590.333174	70.520280	31.524625	1004.563100	45.046620	11.753073	
7/20/2019 12:25:41.995391349	80.430159	29.823707	1003.219472	26.224017	26.312931	589.591971	70.590590	31.523069	1004.580133	36.900253	11.773784	
7/20/2019 12:25:42.995391349	80.449872	29.838325	1006.133503	27.361140	26.322523	591.890488	70.745638	31.534372	1003.998680	46.421596	11.744832	
7/20/2019 12:25:43.995391349	80.495869	29.831630	1004.066730	26.503490	26.376118	590.342373	70.541492	31.492357	1004.398931	40.229752	11.806836	
7/20/2019 12:25:44.995391349	80.364450	29.758048	1004.566883	26.611173	26.418896	593.398522	70.780044	31.622054	1004.046465	48.236474	11.758632	
7/20/2019 12:25:45.995391349	80.647001	29.783435	1002.795330	26.541149	26.388568	591.059262	70.654144	31.515079	1004.024230	44.233113	11.803340	
7/20/2019 12:25:46.995391349	80.541865	29.832379	1004.199515	26.440553	26.405875	592.196037	70.523882	31.579721	1004.572088	45.821352	11.784652	
7/20/2019 12:25:47.995391349	80.463014	29.868085	1004.019734	25.868776	26.327095	591.556025	70.536524	31.583351	1003.809753	38.244318	11.774678	
7/20/2019 12:25:48.995391349	80.706139	29.969075	1005.350352	26.533244	26.394813	593.405090	70.521070	31.659095	1004.119007	38.931015	11.789449	
7/20/2019 12:25:49.995391349	80.502440	29.832304	1004.399877	26.487062	26.389139	590.643323	70.006538	31.498167	1003.890813	43.672954	11.776702	
7/20/2019 12:25:50.995391349	80.581291	29.916430	1004.318738	26.977186	26.392527	594.788936	70.171915	31.602443	1004.440879	37.620754	11.799292	
7/20/2019 12:25:51.995391349	80.686426	29.741035	1004.991105	25.990092	26.346647	593.999107	70.277944	31.649242	1003.792091	44.564282	11.811909	
7/20/2019 12:25:52.995391349	80.679855	29.816339	1004.803203	25.755221	26.372730	597.187991	70.093011	31.692612	1004.177517	46.866740	11.771366	
7/20/2019 12:25:53.995391349	80.502440	29.777788	1004.824177	26.363705	26.342933	594.903925	70.130781	31.560004	1003.715762	50.448276	11.812750	
7/20/2019 12:25:54.995391349	80.522153	29.837426	1004.060816	26.421635	26.395670	594.622689	70.315557	31.623821	1004.344680	50.377008	11.776728	
7/20/2019 12:25:55.995391349	80.456443	29.783584	1002.174374	25.965960	26.352321	595.056374	69.964852	31.594146	1003.415968	47.170659	11.801382	
7/20/2019 12:25:56.995391349	80.692997	29.894145	1003.752585	26.687918	26.416120	596.094580	70.307645	31.633769	1003.891441	48.211844	11.783667	
7/20/2019 12:25:57.995391349	80.541865	29.783360	1005.183975	26.333583	26.385466	594.147608	70.188107	31.543717	1003.827258	61.172729	11.813118	
7/20/2019 12:25:58.995391349	80.522153	29.841650	1004.411231	26.397833	26.408161	598.624400	70.077110	31.690950	1004.480147	64.876103	11.765649	
