
Time stamp	Inside_humidity (in %rH)	Inside_temperature (in °C)	Inside_pressure (in mbar)	Soil_moisture (in %VWC)	Soil_temperature (in °C)	Inside_CO2_ratio (in ppm)	Outside_humidity (in %rH)	Outside_temperature (in °C)	Outside_pressure (in mbar)	Outside_PAR (in µmol m^-2 s^-1)	Power_box_charge (in V)	
7/20/2019 13:22:56.209850849	63.687389	33.878763	1001.753466	26.791035	27.012277	480.388017	68.876335	36.398897	1003.775850	991.042225	11.868984	
7/20/2019 13:22:57.209850849	63.411409	33.718435	1002.179264	26.544745	26.988929	479.330097	69.241600	36.223957	1002.718452	1005.677015	11.914415	
7/20/2019 13:22:58.209850849	63.871376	33.909347	1003.180993	27.463569	27.043667	487.378856	69.665952	36.281339	1002.498610	1341.511899	11.940239	
7/20/2019 13:22:59.209850849	63.812237	33.744270	1003.322452	26.297228	26.932844	485.405602	69.515715	36.195012	1002.206390	1562.328307	11.995224	
7/20/2019 13:23:00.209850849	63.983082	33.683702	1002.760005	27.107215	27.062362	490.831895	69.596512	36.266195	1002.577304	1567.334068	11.977641	
7/20/2019 13:23:01.209850849	64.298487	33.671586	1002.534490	26.521735	27.050157	489.110301	68.956685	36.097277	1002.583456	1550.541995	11.998904	
7/20/2019 13:23:02.209850849	64.581038	33.778297	1002.848240	27.015533	26.960968	497.311508	68.605218	36.201140	1002.765287	1452.948982	11.948912	
7/20/2019 13:23:03.209850849	64.758454	33.771229	1001.754413	26.696679	26.956070	496.660328	68.110846	35.992790	1002.598282	1131.161533	11.924994	
7/20/2019 13:23:04.209850849	64.988437	33.819425	1003.688244	27.785451	27.077424	501.445293	67.681579	36.057950	1002.102303	1344.220451	11.934023	
7/20/2019 13:23:05.209850849	65.021292	33.686204	1004.153388	26.720811	26.937946	500.532590	67.401131	36.101532	1002.357626	1561.341354	11.981885	
7/20/2019 13:23:06.209850849	65.343268	33.813928	1001.453358	26.854445	27.091507	509.841660	67.447575	36.032836	1002.804241	1559.341779	11.974526	
7/20/2019 13:23:07.209850849	65.395836	33.634982	1002.291865	27.140029	27.011339	506.391905	67.091140	35.970279	1002.635971	1498.461982	11.990099	
7/20/2019 13:23:08.209850849	65.612677	33.725204	1002.753776	27.205640	26.997787	511.609901	66.952598	36.103924	1002.655684	1152.968285	11.909237	
7/20/2019 13:23:09.209850849	65.822947	33.745393	1001.455251	26.555109	26.982725	510.956090	66.777338	35.867453	1003.202756	1300.288354	11.919120	
7/20/2019 13:23:10.209850849	66.118640	33.834791	1001.367726	27.327668	27.075179	516.547967	66.724718	35.840265	1002.631870	1560.847222	11.956640	
7/20/2019 13:23:11.209850849	66.085785	33.777324	1002.605851	26.550672	27.034279	516.206936	66.564203	35.842245	1002.596546	1552.143336	11.975498	
7/20/2019 13:23:12.209850849	66.296055	33.783494	1002.281535	27.169071	27.145632	522.057714	66.570826	35.847843	1002.857228	1551.178392	11.980637	
7/20/2019 13:23:13.209850849	66.434045	33.755787	1002.364250	26.437566	26.958887	520.803318	66.296607	35.781021	1002.656948	1512.579309	11.985868	
7/20/2019 13:23:14.209850849	66.427474	33.783045	1003.037009	26.752871	26.958642	527.135745	66.442272	35.967993	1002.664044	1430.357025	11.944326	
7/20/2019 13:23:15.209850849	66.473471	33.761134	1002.972668	26.765926	26.920639	525.685536	66.228243	35.894335	1002.128482	1551.275329	11.977798	
7/20/2019 13:23:16.209850849	66.749451	33.733801	1003.168298	27.449007	27.096119	528.443357	65.943142	35.981794	1001.942392	1562.288221	11.954314	
7/20/2019 13:23:17.209850849	66.834873	33.655995	1001.226976	26.791444	27.022360	527.658790	65.796269	35.748859	1001.932775	1556.110535	11.972371	
7/20/2019 13:23:18.209850849	66.907154	33.741618	1004.131153	27.168870	27.001175	534.294798	65.932997	35.708082	1002.859750	1556.864568	11.963290	
7/20/2019 13:23:19.209850849	66.894012	33.681456	1003.530856	26.895908	27.034564	530.238543	65.614490	35.640434	1002.445309	1524.695479	11.968060	
7/20/2019 13:23:20.209850849	67.091140	33.815350	1001.379317	27.353682	27.069709	533.736262	65.856906	35.610558	1003.086215	1544.898526	11.947730	
7/20/2019 13:23:21.209850849	67.209417	33.740645	1002.270811	26.349192	26.949866	534.146949	65.719810	35.438529	1002.539772	1561.043718	11.971162	
7/20/2019 13:23:22.209850849	67.367120	33.813853	1002.501688	27.166395	27.112528	535.747628	65.609812	35.453049	1002.865116	1556.502487	11.967114	
7/20/2019 13:23:23.209850849	67.202846	33.697572	1002.701024	26.637596	27.028033	535.233782	65.393575	35.380522	1002.514857	1563.490018	12.001073	
7/20/2019 13:23:24.209850849	67.367120	33.724605	1003.062164	27.576443	27.120121	538.341843	65.490589	35.440910	1002.511385	1570.993418	11.986275	
7/20/2019 13:23:25.209850849	67.531394	33.724904	1002.926382	26.642282	26.947294	536.891634	65.368500	35.451186	1002.294859	1570.838047	11.969940	
7/20/2019 13:23:26.209850849	67.813944	33.708041	1002.155608	26.759880	27.086445	539.530529	65.207091	35.536264	1003.243446	1562.690658	11.956430	
7/20/2019 13:23:27.209850849	67.708809	33.704490	1003.165381	26.784461	26.968846	538.974624	65.046576	35.521639	1002.292336	1568.474810	11.939792	
7/20/2019 13:23:28.209850849	67.945363	33.901273	1003.580454	26.868949	27.035829	541.455819	65.075620	35.476914	1002.675240	1565.126202	11.937492	
7/20/2019 13:23:29.209850849	67.938792	33.682055	1001.702055	27.847979	26.911292	539.781537	65.359564	35.431671	1003.018089	1569.339156	11.975065	
7/20/2019 13:23:30.209850849	68.089924	33.804507	1003.460679	27.440551	27.018155	544.940391	65.526151	35.594472	1002.310156	1580.063315	11.976379	
7/20/2019 13:23:31.209850849	68.221343	33.751114	1002.089531	26.669601	26.950396	543.777334	65.423328	35.591773	1002.108140	1574.258194	11.988364	
7/20/2019 13:23:32.209850849	68.287052	33.683328	1002.927248	27.169503	27.082159	547.163347	65.497212	35.640022	1002.578412	1553.734464	11.979888	
7/20/2019 13:23:33.209850849	68.372475	33.745767	1003.026759	26.359292	26.947580	546.203986	65.551435	35.560648	1002.200081	1574.175402	11.993450	
7/20/2019 13:23:34.209850849	68.674738	33.797738	1002.038672	26.967606	27.072036	547.539858	65.646688	35.577560	1003.071233	1564.223352	11.975577	
7/20/2019 13:23:35.209850849	68.549890	33.687327	1003.880563	27.133966	27.033707	547.043095	65.882480	35.566977	1002.495302	1583.193690	11.988470	
7/20/2019 13:23:36.209850849	68.799586	33.839764	1002.832785	27.364647	27.073424	548.782424	65.842765	35.551821	1002.593866	1576.115775	11.957113	
7/20/2019 13:23:37.209850849	68.865296	33.803459	1002.604668	26.305919	26.974520	549.580800	65.872860	35.490608	1002.412507	1577.601831	11.959439	
7/20/2019 13:23:38.209850849	68.885009	33.666988	1002.348401	26.973069	27.166327	550.653834	65.954366	35.601213	1002.808657	1581.579514	11.987484	
7/20/2019 13:23:39.209850849	69.095279	33.766107	1002.179659	26.537545	27.004563	550.612438	65.809306	35.483243	1002.782635	1577.995093	12.000310	
7/20/2019 13:23:40.209850849	69.358117	33.768352	1003.251485	26.667470	26.928640	553.367638	66.006881	35.672607	1003.086844	1581.006251	11.949451	
7/20/2019 13:23:41.209850849	69.266124	33.712789	1002.327821	26.656233	27.055300	550.922587	65.961936	35.535333	1002.868267	1539.454174	11.986170	
7/20/2019 13:23:42.209850849	69.384401	33.871545	1003.285786	27.134198	27.000032	554.720593	66.107653	35.613352	1002.609478	1550.523918	11.969020	
7/20/2019 13:23:43.209850849	69.298978	33.665341	1001.226187	26.808512	27.073995	552.475302	65.920460	35.623004	1002.550339	1547.420795	11.985355	
7/20/2019 13:23:44.209850849	69.502678	33.705089	1002.639915	27.158962	27.154122	553.652158	65.998812	35.623829	1002.491044	1546.431491	11.953118	
7/20/2019 13:23:45.209850849	69.555245	33.745094	1002.832153	26.655928	27.056117	553.319011	65.878274	35.609203	1002.646539	1543.894807	11.979073	
7/20/2019 13:23:46.209850849	69.581529	33.709687	1002.935922	27.012738	27.071995	555.562333	66.125054	35.706113	1002.740373	1548.145226	11.976839	
7/20/2019 13:23:47.209850849	69.463252	33.712564	1002.746364	27.214562	26.996929	554.643716	66.121347	35.667517	1002.401625	1553.655333	11.995448	
7/20/2019 13:23:48.209850849	69.712948	33.819949	1003.687850	27.002246	26.982235	556.321934	66.201355	35.677063	1002.237928	1559.033659	11.949898	
7/20/2019 13:23:49.209850849	69.758945	33.830717	1002.704178	26.222967	26.963172	555.990103	66.125815	35.608685	1002.489150	1546.845181	11.989889	
7/20/2019 13:23:50.209850849	69.673522	33.730326	1004.344602	26.683905	26.950396	555.603729	66.059606	35.737969	1002.327032	1466.348432	11.957047	
7/20/2019 13:23:51.209850849	69.791799	33.729727	1003.714343	26.611950	26.932844	556.370561	66.439907	35.746890	1002.070608	1438.835856	11.977877	
7/20/2019 13:23:52.209850849	69.752374	33.745618	1001.141659	26.637564	27.037993	556.176717	66.279707	35.623522	1002.821904	1515.737974	11.988286	
7/20/2019 13:23:53.209850849	69.758945	33.745393	1003.034329	26.527621	26.923782	557.623641	66.321840	35.709225	1002.173902	1554.113310	11.979467	
7/20/2019 13:23:54.209850849	69.942931	33.698096	1001.381445	27.851174	26.928599	557.875965	66.272032	35.748964	1001.858654	1553.762754	11.953867	
7/20/2019 13:23:55.209850849	69.962644	33.835689	1002.095208	26.417856	26.977337	559.440510	66.431838	35.649568	1002.671296	1530.637624	11.982989	
7/20/2019 13:23:56.209850849	69.929789	33.820547	1003.343821	26.549590	26.993501	561.131874	66.494682	35.764014	1002.283348	1508.174830	11.936861	
7/20/2019 13:23:57.209850849	70.015211	33.697347	1001.470469	27.045929	26.996889	559.144159	66.400139	35.776459	1002.646696	1522.387784	11.963474	
7/20/2019 13:23:58.209850849	70.159772	33.767529	1002.081804	26.801552	27.050443	560.564139	66.295661	35.680068	1002.799826	1525.396591	11.989521	
7/20/2019 13:23:59.209850849	70.113776	33.713238	1003.429533	26.512163	27.011910	560.739585	66.166949	35.809352	1001.937033	1548.264172	11.959636	
7/20/2019 13:24:00.209850849	70.317475	33.777324	1002.000902	26.385538	26.941620	562.988823	66.159222	35.769612	1002.403361	1525.246463	11.984619	
7/20/2019 13:24:01.209850849	70.317475	33.766855	1002.813230	26.489754	26.939089	562.580767	66.352225	35.821491	1002.151824	1502.202813	11.987904	
7/20/2019 13:24:02.209850849	70.100634	33.892782	1001.060205	26.729670	26.909088	564.530370	66.226482	35.698017	1002.764816	1508.383121	11.949175	
7/20/2019 13:24:03.209850849	70.225482	33.740046	1001.589378	26.790475	27.055259	562.658960	66.095773	35.751557	1002.493251	1510.526543	11.974473	
7/20/2019 13:24:04.209850849	70.245195	33.766256	1003.209931	26.611878	26.956641	563.717542	66.098927	35.846287	1002.070136	1530.667496	11.985789	
7/20/2019 13:24:05.209850849	70.107205	33.755712	1003.315514	26.540900	27.063505	562.758182	66.209924	35.851897	1002.298488	1510.042624	11.951699	
7/20/2019 13:24:06.209850849	70.278049	33.734475	1003.318431	27.221667	26.994929	564.128882	66.232449	35.777708	1002.294701	1494.943586	11.988496	
7/20/2019 13:24:07.209850849	70.429181	33.713836	1002.908482	27.155960	27.026441	563.647233	66.355299	35.800018	1002.075967	1494.534868	11.962462	
7/20/2019 13:24:08.209850849	70.521174	33.729877	1002.023060	27.248185	26.981622	565.481184	66.333825	35.853452	1002.281455	1510.713865	11.985657	
7/20/2019 13:24:09.209850849	70.619739	33.755114	1003.095124	26.947664	26.981337	565.086927	66.253423	35.842763	1002.316150	1523.370805	11.995816	
7/20/2019 13:24:10.209850849	70.915431	33.852703	1002.185573	26.630219	26.986113	567.248773	66.421113	35.730910	1002.705520	1468.309503	11.959715	
7/20/2019 13:24:11.209850849	70.928573	33.792840	1003.179732	26.437093	27.049341	565.977947	66.501306	35.758510	1002.804556	1443.333341	11.963382	
7/20/2019 13:24:12.209850849	70.823438	33.814751	1002.414005	26.315746	27.001134	568.033340	66.714835	35.755293	1002.646381	1480.728281	11.985210	
7/20/2019 13:24:13.209850849	70.777441	33.740945	1002.615707	26.626327	27.053831	566.783544	66.515761	35.778121	1002.837201	1492.822444	11.980874	
7/20/2019 13:24:14.209850849	70.652593	33.712564	1002.491358	27.001037	27.003134	567.663397	66.542545	35.868078	1001.961319	1530.786442	11.965011	
7/20/2019 13:24:15.209850849	70.856293	33.793439	1002.293126	26.458093	27.010481	568.859966	66.362422	35.764109	1002.694324	1539.010613	11.993477	
7/20/2019 13:24:16.209850849	70.823438	33.739672	1002.718372	27.111925	26.991256	568.123363	66.449238	35.822528	1002.060198	1534.678441	11.993726	
7/20/2019 13:24:17.209850849	70.961428	33.771902	1002.987491	26.639069	26.979051	568.949989	66.659903	35.871708	1002.256540	1563.849477	11.982148	
7/20/2019 13:24:18.209850849	71.066563	33.829968	1002.624380	26.534445	27.010481	570.578928	66.499255	35.801774	1002.657106	1557.014696	11.990217	
7/20/2019 13:24:19.209850849	71.197982	33.850757	1003.286732	26.781985	27.000889	570.575644	66.395776	35.792747	1002.602854	1552.557297	11.990336	
7/20/2019 13:24:20.209850849	71.303117	33.873042	1003.577852	26.444534	26.994644	571.366126	66.312062	35.835291	1002.375446	1556.433841	11.975406	
7/20/2019 13:24:21.209850849	71.158556	33.756012	1003.128478	27.229676	27.024115	569.902119	66.271375	35.845462	1002.388535	1547.061065	11.997196	
7/20/2019 13:24:22.209850849	71.178269	33.760835	1001.600417	26.958604	26.982194	570.536216	66.513738	35.909998	1002.182733	1507.883747	11.987063	
7/20/2019 13:24:23.209850849	71.368826	33.830642	1001.395718	26.504635	27.048769	571.236023	66.463931	35.781645	1002.401625	1457.706639	11.950240	
7/20/2019 13:24:24.209850849	71.283404	33.830792	1002.287921	26.293945	26.989501	572.304458	66.493683	35.805616	1002.943967	1226.656230	11.924482	
7/20/2019 13:24:25.209850849	71.158556	33.835615	1003.005153	26.216600	26.980439	572.255178	66.394724	35.842033	1002.460292	1092.226013	11.911984	
7/20/2019 13:24:26.209850849	71.263691	33.814826	1002.309527	26.385811	27.020400	572.544298	66.246852	35.827714	1002.758035	1000.845736	11.910315	
7/20/2019 13:24:27.209850849	71.296546	33.829594	1002.218138	26.431398	26.980765	572.456906	66.153702	35.901383	1002.414557	1132.955439	11.929896	
7/20/2019 13:24:28.209850849	71.283404	33.724081	1001.555786	26.867980	27.089016	570.845050	66.201250	35.875962	1003.095361	1146.899327	11.913824	
7/20/2019 13:24:29.209850849	71.533100	33.857002	1002.159789	26.171580	26.997460	572.868246	66.322944	35.835185	1002.440736	1342.238952	11.957797	
7/20/2019 13:24:30.209850849	71.638235	33.767379	1001.511787	26.422997	27.032319	572.223634	66.185506	35.862786	1002.778062	1384.422467	11.969795	
7/20/2019 13:24:31.209850849	71.559384	33.835764	1003.859194	26.304269	27.011624	573.614048	66.162586	35.833524	1002.880885	1500.831771	11.969703	
7/20/2019 13:24:32.209850849	71.375397	33.745693	1002.225708	26.752015	27.096364	572.642204	66.118640	35.846393	1002.638179	1526.142760	11.992425	
7/20/2019 13:24:33.209850849	71.395110	33.661267	1003.874963	26.201750	27.159266	571.745269	66.422902	35.930540	1002.500346	1315.710702	11.928753	
7/20/2019 13:24:34.209850849	71.434536	33.823274	1003.154971	26.495457	27.013134	575.086602	66.280706	35.964670	1002.159712	1373.886938	11.951580	
7/20/2019 13:24:35.209850849	71.565955	33.862199	1002.685727	26.244704	27.021257	575.806775	66.161982	35.864130	1002.637707	1308.859152	11.954406	
7/20/2019 13:24:36.209850849	71.500245	33.760910	1002.915500	26.845098	27.017624	575.530138	66.133333	35.928984	1002.384277	1400.406011	11.974421	
7/20/2019 13:24:37.209850849	71.611951	33.824547	1002.287606	26.555341	26.963744	576.563092	66.283860	35.947864	1002.248023	1471.319351	11.967797	
7/20/2019 13:24:38.209850849	71.598810	33.798337	1004.319450	26.860740	27.029503	575.319211	66.169604	36.000992	1002.283191	1394.106756	11.955497	
7/20/2019 13:24:39.209850849	71.809080	33.772950	1000.857952	26.687942	27.071709	574.630572	66.029511	35.906262	1002.775854	1268.979397	11.946140	
7/20/2019 13:24:40.209850849	71.815651	33.730326	1003.080378	27.115929	27.097466	573.631131	65.956127	35.885296	1002.641808	1257.444077	11.952448	
7/20/2019 13:24:41.209850849	71.914215	33.872069	1002.538906	26.567755	27.012767	575.348124	65.963092	35.908124	1002.486628	1429.456796	11.971898	
7/20/2019 13:24:42.209850849	71.736799	33.769101	1002.157029	26.613968	27.079343	574.200834	66.061814	35.857082	1002.614051	1521.102155	11.968625	
7/20/2019 13:24:43.209850849	71.605380	33.772950	1002.748020	26.782138	27.085588	574.166006	65.948452	35.918401	1002.456191	1505.985041	11.991334	
7/20/2019 13:24:44.209850849	71.730228	33.743115	1002.314337	27.474293	27.188737	579.157307	66.055086	36.124878	1002.469752	1469.249818	11.938780	
7/20/2019 13:24:45.209850849	71.789367	33.746366	1002.349899	26.719242	27.071709	574.077299	65.807597	35.946520	1002.515329	1479.592511	11.982503	
7/20/2019 13:24:46.209850849	72.111343	33.880260	1004.042049	27.231213	26.986194	577.003345	66.106392	36.075804	1003.364403	1545.353612	11.917241	
7/20/2019 13:24:47.209850849	71.717087	33.784542	1003.917071	26.956418	27.014236	575.785093	65.750167	35.994039	1002.169015	1553.147056	11.965222	
7/20/2019 13:24:48.209850849	71.881360	33.909871	1002.984022	27.386368	27.196696	578.584309	65.328680	35.946615	1002.673189	1552.680175	11.969033	
7/20/2019 13:24:49.209850849	71.795938	33.765882	1002.634158	26.568436	26.979377	578.450269	65.038849	36.014168	1002.022823	1556.160834	11.994672	
7/20/2019 13:24:50.209850849	72.019350	33.809480	1002.619965	27.568177	27.266945	582.117518	65.197446	36.029831	1002.815123	1533.831403	11.977089	
7/20/2019 13:24:51.209850849	71.822222	33.762481	1003.123825	26.954913	27.063505	579.569299	64.997663	35.979307	1002.362199	1549.878348	11.987852	
7/20/2019 13:24:52.209850849	71.966783	33.916265	1001.656558	26.491859	27.046238	581.790939	65.153210	36.035334	1003.018246	1549.703860	11.959623	
7/20/2019 13:24:53.209850849	71.933928	33.772426	1003.897358	26.982736	27.103181	579.871565	64.794672	35.979201	1002.651269	1549.505783	11.974263	
7/20/2019 13:24:54.209850849	72.150769	33.840662	1002.003190	27.737451	27.153142	581.478159	64.641385	36.011882	1002.130532	1532.918069	11.942250	
7/20/2019 13:24:55.209850849	71.809080	33.782970	1002.050263	26.336834	27.208860	578.126974	64.823349	36.012093	1002.012255	1292.418668	11.903520	
7/20/2019 13:24:56.209850849	72.058776	33.843132	1001.270108	27.299572	27.192451	581.574097	64.638126	36.002854	1003.188088	1362.749854	11.916045	
7/20/2019 13:24:57.209850849	72.085060	33.761957	1001.638501	26.748315	27.016196	580.322332	64.574967	35.937905	1002.825847	1535.303314	11.965576	
7/20/2019 13:24:58.209850849	71.874789	33.789590	1004.436543	27.016374	27.015420	582.248937	64.586400	36.063454	1002.677290	1552.861215	11.927518	
7/20/2019 13:24:59.209850849	72.098201	33.772876	1002.944439	26.620800	27.037136	580.408408	64.451118	35.884884	1003.242339	1538.489230	11.944300	
7/20/2019 13:25:00.209850849	72.262475	33.832139	1001.535916	27.136649	27.071505	580.067378	64.423940	36.074037	1002.576518	1550.888620	11.940922	
7/20/2019 13:25:01.209850849	71.947070	33.904973	1003.485517	26.082798	27.011624	581.561614	64.294229	35.918707	1002.653162	1541.166869	11.964420	
7/20/2019 13:25:02.209850849	72.124485	33.957542	1004.217889	27.164361	27.116202	581.928926	64.419419	35.981688	1002.837358	1424.778270	11.944076	
7/20/2019 13:25:03.209850849	72.177053	33.821446	1003.447984	26.748115	27.095221	579.778911	64.251439	36.011575	1002.708199	1544.893284	11.976905	
7/20/2019 13:25:04.209850849	72.229620	33.841635	1002.240216	27.193995	27.077138	584.157144	64.298435	36.077148	1002.730120	1530.069874	11.957218	
7/20/2019 13:25:05.209850849	72.163911	33.793814	1002.926145	26.861613	27.087547	580.357813	64.109690	35.983244	1002.867324	1544.021616	11.983121	
7/20/2019 13:25:06.209850849	72.466174	33.843432	1002.693297	26.917982	27.145999	581.163410	64.475194	36.066777	1003.060351	1558.953488	11.970045	
7/20/2019 13:25:07.209850849	72.117914	33.793589	1002.185888	26.569790	27.086976	580.845377	64.368113	35.918602	1002.732013	1490.734834	11.981807	
7/20/2019 13:25:08.209850849	72.288759	33.857077	1002.657892	27.439838	27.159306	582.472347	64.380203	36.019353	1002.557120	1442.789950	11.959176	
7/20/2019 13:25:09.209850849	72.446462	33.789140	1003.588339	26.639550	27.066076	580.822379	64.345640	36.019047	1002.594495	1544.436617	11.959544	
7/20/2019 13:25:10.209850849	72.170482	33.888858	1004.440407	27.031288	27.135754	587.187664	64.858964	35.996314	1002.598282	1556.461091	11.968113	
7/20/2019 13:25:11.209850849	72.367610	33.829968	1002.773804	26.416894	26.986153	584.622363	64.737085	35.979720	1002.344380	1525.816834	11.985959	
7/20/2019 13:25:12.209850849	72.426749	33.821970	1003.422909	26.568515	27.001991	586.755948	64.725599	36.111702	1002.650482	1325.257969	11.905163	
7/20/2019 13:25:13.209850849	72.262475	33.830268	1002.380966	26.361838	27.013910	585.828131	64.615496	35.987085	1002.059883	969.506893	11.880089	
7/20/2019 13:25:14.209850849	72.531884	33.882912	1002.426700	27.352128	27.048565	587.160720	64.807710	36.017385	1002.423546	939.826243	11.876146	
7/20/2019 13:25:15.209850849	72.295330	33.799535	1002.410851	26.645509	27.075097	585.810386	64.641385	35.902939	1002.867953	1158.324876	11.932038	
7/20/2019 13:25:16.209850849	72.433320	34.027125	1001.720349	27.521956	27.084486	589.789099	64.780427	35.900240	1002.699525	1493.745992	11.937663	
7/20/2019 13:25:17.209850849	72.367610	33.883661	1001.673354	26.392338	27.061790	587.671281	64.770387	35.799594	1002.725390	1551.760558	11.992241	
7/20/2019 13:25:18.209850849	72.584451	33.806603	1002.589922	26.791284	27.139713	588.577416	64.853759	35.889763	1002.922676	1391.530256	11.951015	
7/20/2019 13:25:19.209850849	72.676445	33.810453	1003.577063	26.390256	27.062362	587.263226	64.608531	35.822528	1003.014931	766.239307	11.855185	
7/20/2019 13:25:20.209850849	72.577880	34.001365	1003.092049	26.762971	27.084526	588.473594	64.732774	35.837884	1002.734378	304.068000	11.761746	
7/20/2019 13:25:21.209850849	72.709299	33.789739	1002.052393	26.831771	27.131223	586.401771	64.570156	35.816824	1002.290128	244.049821	11.789830	
7/20/2019 13:25:22.209850849	72.459603	33.851131	1003.776084	27.868634	27.115140	588.173959	64.880385	35.898790	1002.386485	611.829404	11.839796	
7/20/2019 13:25:23.209850849	72.715870	33.814452	1002.528576	26.496762	27.101466	585.699996	64.606875	35.788704	1003.075491	1539.966383	11.955904	
7/20/2019 13:25:24.209850849	72.492458	33.862498	1001.584330	26.895868	27.134325	589.411272	64.820299	35.846181	1002.780113	1556.959155	11.970386	
7/20/2019 13:25:25.209850849	72.584451	33.772277	1002.818040	26.948545	27.079098	585.935237	64.508258	35.806241	1002.533149	1558.212290	11.995855	
7/20/2019 13:25:26.209850849	72.584451	33.814527	1004.203064	26.966309	27.073464	587.937403	64.768731	35.891943	1002.788787	1336.905952	11.912063	
7/20/2019 13:25:27.209850849	72.630448	33.816174	1003.435761	25.300979	27.125835	588.825139	65.012303	35.669485	1003.042846	1053.199836	11.896187	
7/20/2019 13:25:28.209850849	72.650161	33.873042	1001.664917	27.442889	27.116242	589.296273	64.844033	35.824496	1002.072973	1307.868268	11.910407	
7/20/2019 13:25:29.209850849	72.696158	33.841635	1004.036924	26.297373	27.036850	589.712875	64.708146	35.822528	1001.786426	1465.322704	11.943840	
7/20/2019 13:25:30.209850849	72.393894	33.830043	1002.706149	27.589034	27.171797	592.241380	64.869056	35.915078	1002.485049	1386.041886	11.938228	
7/20/2019 13:25:31.209850849	72.630448	33.789365	1001.912510	26.627536	27.091262	590.255634	64.800744	35.770755	1002.607427	1084.706881	11.925310	
7/20/2019 13:25:32.209850849	72.912999	33.858873	1003.488828	25.659944	27.219677	593.502344	64.650059	35.978376	1002.219951	827.660981	11.836878	
7/20/2019 13:25:33.209850849	72.584451	33.883810	1002.326085	26.289091	27.050443	594.867129	64.994903	35.788598	1002.462185	781.703063	11.874976	
7/20/2019 13:25:34.209850849	72.689587	33.883436	1001.380816	27.075666	27.142611	593.929450	65.062768	35.855727	1002.674611	1007.474853	11.879261	
7/20/2019 13:25:35.209850849	72.683016	33.856403	1002.938525	26.598855	27.010522	594.384165	65.059061	35.886651	1002.138735	1227.760819	11.947743	
7/20/2019 13:25:36.209850849	72.768438	33.957093	1002.476218	27.492234	27.261598	594.138409	64.973744	35.865792	1002.102303	1256.036610	11.907240	
7/20/2019 13:25:37.209850849	72.715870	33.862199	1003.048128	26.389366	27.004848	594.437391	65.192031	36.112020	1004.133997	1134.166140	11.864818	
7/20/2019 13:25:38.209850849	72.531884	33.778896	1002.931901	26.925935	27.048484	592.715798	64.910742	35.829587	1002.288078	1124.285080	11.928280	
7/20/2019 13:25:39.209850849	72.958995	34.206296	1003.550175	27.424860	27.226779	594.326339	64.927800	35.868691	1002.744945	1405.369338	11.936572	
7/20/2019 13:25:40.209850849	72.867002	33.815350	1001.053267	26.480135	27.074567	592.257147	65.084084	35.832593	1002.815280	1524.995465	11.971766	
7/20/2019 13:25:41.209850849	72.683016	33.821970	1002.671376	27.766878	27.218208	597.283929	65.447589	35.974015	1002.516430	1535.727488	11.964328	
7/20/2019 13:25:42.209850849	72.637019	33.805106	1002.052708	26.803843	27.110814	592.100099	64.999528	35.791403	1002.644645	1387.212500	11.971885	
7/20/2019 13:25:43.209850849	72.880144	33.844030	1002.465731	27.078061	27.147673	593.382092	64.905275	35.993838	1002.922361	1319.820168	11.930317	
7/20/2019 13:25:44.209850849	72.899857	33.861600	1003.916282	26.971291	27.013665	592.826851	64.788444	35.871814	1002.029603	1304.514145	11.938596	
7/20/2019 13:25:45.209850849	72.998421	33.919816	1003.195581	27.778298	27.164164	592.908980	64.824163	35.824390	1002.858650	822.981141	11.847155	
7/20/2019 13:25:46.209850849	72.623877	33.840812	1003.202599	26.674878	27.015339	592.732228	64.751383	35.851685	1001.985290	1354.951437	11.943984	
7/20/2019 13:25:47.209850849	72.742154	33.906245	1003.134234	27.843365	27.122447	596.469786	64.820956	35.873888	1002.577619	1522.708468	11.970373	
7/20/2019 13:25:48.209850849	72.840718	33.862199	1002.902568	26.528959	26.984725	593.985308	64.717976	35.824190	1002.000745	1532.325689	11.992136	
7/20/2019 13:25:49.209850849	72.952424	33.863322	1003.369605	26.777708	27.047381	596.584122	65.178128	35.855315	1002.685964	1487.384644	11.952816	
7/20/2019 13:25:50.209850849	72.952424	33.874015	1001.464949	26.622555	27.054157	594.593776	64.897495	35.711405	1002.428118	988.047831	11.889906	
7/20/2019 13:25:51.209850849	73.070701	33.953169	1002.868662	27.071798	27.182859	595.392805	64.841221	35.840689	1002.909429	1021.203900	11.867315	
7/20/2019 13:25:52.209850849	73.037847	33.798561	1002.356365	26.629146	27.079383	594.923639	64.730566	35.758510	1001.935612	1377.458254	11.944352	
7/20/2019 13:25:53.209850849	73.307255	33.974256	1003.951135	26.600609	27.170082	597.264868	64.667065	35.730804	1002.552862	1545.346020	11.945443	
7/20/2019 13:25:54.209850849	73.050989	33.788242	1002.769783	26.944436	27.084200	595.157564	64.813019	35.750520	1002.419130	1550.619545	11.990822	
7/20/2019 13:25:55.209850849	73.070701	33.889756	1003.392787	26.885144	27.138040	600.106153	64.999476	35.868078	1002.366300	1359.647000	11.933497	
7/20/2019 13:25:56.209850849	72.821005	33.836737	1004.091647	26.899176	26.967703	597.393003	64.645196	35.902008	1001.453987	1359.877029	11.931316	
7/20/2019 13:25:57.209850849	72.912999	33.895851	1003.166800	26.723838	27.006563	599.042308	64.810469	35.912178	1002.885143	1444.827261	11.924206	
7/20/2019 13:25:58.209850849	72.834147	33.805405	1001.902733	26.888140	27.108242	597.492877	64.882250	35.760066	1002.453668	639.324207	11.857445	
7/20/2019 13:25:59.209850849	72.985279	33.910170	1003.718050	27.449857	27.149142	598.569858	64.935974	35.875031	1002.495774	903.294037	11.863214	
7/20/2019 13:26:00.209850849	72.998421	33.895252	1002.287292	26.450829	27.081343	598.686163	64.843981	35.712442	1002.644173	901.474190	11.879050	
7/20/2019 13:26:01.209850849	73.050989	33.894429	1002.812678	27.240913	27.120733	601.213352	65.100747	35.862987	1002.513121	758.133033	11.861046	
7/20/2019 13:26:02.209850849	73.057560	33.862798	1001.838389	26.537072	26.974520	599.790741	65.074911	35.827820	1002.208283	258.425764	11.793589	
7/20/2019 13:26:03.209850849	73.175837	33.917014	1002.777668	26.731703	27.054729	603.055849	65.391158	35.910410	1002.611371	477.136550	11.811291	
7/20/2019 13:26:04.209850849	72.998421	33.820772	1004.087863	27.083652	27.047953	599.029825	65.049284	35.836434	1002.355261	824.812513	11.854830	
7/20/2019 13:26:05.209850849	73.188978	33.864295	1003.506491	27.520185	27.008318	602.039978	64.946961	35.844731	1003.033700	861.969596	11.848180	
7/20/2019 13:26:06.209850849	72.853860	33.793664	1003.708824	27.349678	26.963213	601.810653	64.919021	35.931789	1001.863069	968.064582	11.867525	
7/20/2019 13:26:07.209850849	73.083843	33.831316	1003.236031	28.640793	26.949620	604.122968	64.908691	35.986567	1001.816863	734.698715	11.823250	
7/20/2019 13:26:08.209850849	72.998421	33.761883	1003.792486	26.144004	27.179675	599.995753	65.212691	35.819205	1002.641966	691.060013	11.843252	
7/20/2019 13:26:09.209850849	72.972137	33.826343	1004.309435	27.242290	27.141713	604.830006	65.334384	35.940604	1002.114921	745.684369	11.843344	
7/20/2019 13:26:10.209850849	73.188978	33.883361	1002.694715	26.428628	27.045953	602.963195	65.094833	35.772311	1002.629505	707.367149	11.842989	
7/20/2019 13:26:11.209850849	73.037847	33.858574	1003.276955	27.179017	27.061586	603.864730	65.106214	36.018116	1002.377339	717.048826	11.847930	
7/20/2019 13:26:12.209850849	72.926141	33.820248	1001.518096	26.883358	27.067219	602.362611	64.904223	35.880323	1002.366458	793.579773	11.865015	
7/20/2019 13:26:13.209850849	73.116698	33.962889	1003.656546	27.404893	27.139468	604.061858	64.985834	35.951081	1002.379075	974.820509	11.865738	
7/20/2019 13:26:14.209850849	72.998421	33.841261	1004.317872	26.834294	26.994072	602.831776	65.257636	35.894948	1002.248338	879.052770	11.870298	
7/20/2019 13:26:15.209850849	73.110127	33.941876	1002.972983	27.429770	27.130692	605.346483	65.389160	35.884259	1002.640387	780.752263	11.864450	
7/20/2019 13:26:16.209850849	73.156124	33.936904	1001.799595	26.360765	27.012767	603.653803	65.250775	35.884778	1002.204182	777.268978	11.856946	
7/20/2019 13:26:17.209850849	73.280972	33.875362	1004.082659	26.410911	27.115345	604.268186	65.382089	35.989477	1002.557120	934.383196	11.825077	
7/20/2019 13:26:18.209850849	73.261259	33.840887	1003.568312	26.574964	27.008032	602.407954	65.041661	35.942996	1002.229097	1009.337407	11.900432	
7/20/2019 13:26:19.209850849	73.208691	33.970482	1002.302352	26.838899	27.098976	602.007119	65.273038	35.921512	1002.972826	874.860509	11.873925	
7/20/2019 13:26:20.209850849	73.064130	33.862423	1001.791946	26.712297	27.017053	602.189796	65.035038	35.979825	1001.944128	952.681001	11.881416	
7/20/2019 13:26:21.209850849	73.261259	34.005214	1002.851709	27.188989	27.124488	604.490944	64.919073	35.907087	1002.491044	1090.505725	11.894979	
7/20/2019 13:26:22.209850849	73.241546	33.827241	1002.305663	26.695414	27.111671	602.031432	64.662045	35.904706	1002.528419	1048.972733	11.920526	
7/20/2019 13:26:23.209850849	73.320397	33.837411	1002.424492	27.395955	27.158735	605.994378	64.679445	36.032847	1002.137470	835.917112	11.873242	
7/20/2019 13:26:24.209850849	73.142982	33.831016	1002.121072	26.990073	27.036034	603.230633	64.254751	35.944446	1002.093157	725.199118	11.874056	
7/20/2019 13:26:25.209850849	73.129840	33.876635	1002.002401	27.263995	27.143714	606.195443	64.213512	36.041981	1002.675240	761.667928	11.850559	
7/20/2019 13:26:26.209850849	73.149553	33.910544	1003.641721	26.526732	27.012196	606.291382	64.153822	35.869316	1002.252124	857.562762	11.856092	
7/20/2019 13:26:27.209850849	73.320397	33.915517	1003.012646	27.512457	27.084526	607.623970	64.175795	36.005659	1002.226260	931.694031	11.861953	
7/20/2019 13:26:28.209850849	73.287543	33.874240	1003.484807	27.015718	27.000889	607.341418	64.000087	35.974121	1001.999009	790.701703	11.879497	
7/20/2019 13:26:29.209850849	73.418962	33.910619	1001.998537	27.320164	27.097507	610.611125	64.035045	35.980545	1002.489150	703.343093	11.845999	
7/20/2019 13:26:30.209850849	73.221833	33.952270	1001.697245	26.388357	27.037136	609.240425	64.164703	35.939355	1002.622096	655.893867	11.841241	
7/20/2019 13:26:31.209850849	72.972137	33.843656	1004.065468	26.660806	26.987582	608.438765	64.091633	36.005553	1002.353211	678.864967	11.833777	
7/20/2019 13:26:32.209850849	73.241546	33.964012	1003.672473	27.369269	27.278293	608.902668	64.261374	35.913098	1002.424175	738.429066	11.790724	
7/20/2019 13:26:33.209850849	73.267830	33.882912	1002.769308	26.250359	26.976806	609.737188	64.126039	35.962183	1002.024401	697.017892	11.829663	
7/20/2019 13:26:34.209850849	73.379536	33.901872	1003.003735	27.280422	27.134325	613.514173	64.404517	36.093753	1002.636600	617.630873	11.829243	
7/20/2019 13:26:35.209850849	73.346681	33.853826	1002.803689	26.934281	27.033462	609.264076	64.149616	35.974015	1002.283191	714.874490	11.871178	
7/20/2019 13:26:36.209850849	73.589806	34.001140	1002.501845	26.571006	27.071505	611.328015	64.201027	36.010844	1003.038116	801.048609	11.854685	
7/20/2019 13:26:37.209850849	73.392678	33.878688	1001.627305	26.736365	27.007706	610.745828	64.024715	36.004728	1002.012255	877.909135	11.888683	
7/20/2019 13:26:38.209850849	73.537239	34.105830	1001.747710	27.110371	27.131549	610.983690	64.062695	35.921088	1002.871896	834.151766	11.852990	
7/20/2019 13:26:39.209850849	73.110127	33.841410	1002.129114	27.116634	27.090159	610.063104	64.464654	35.925555	1002.307162	702.965286	11.802670	
7/20/2019 13:26:40.209850849	73.300685	33.995120	1002.275069	27.264804	27.207146	613.210592	64.327636	36.021110	1002.565794	722.435293	11.857905	
7/20/2019 13:26:41.209850849	73.307255	33.890430	1003.555379	26.567467	27.109671	611.883256	64.180919	35.954817	1002.600647	726.263893	11.868524	
7/20/2019 13:26:42.209850849	73.484671	33.886580	1001.957376	27.448848	27.154449	613.137652	64.324324	36.077148	1002.279090	748.125159	11.824288	
7/20/2019 13:26:43.209850849	73.261259	33.911592	1003.144564	26.390262	27.020972	613.913682	64.257458	35.949420	1001.958797	712.607148	11.835446	
7/20/2019 13:26:44.209850849	73.320397	33.995793	1002.008867	26.970601	27.045463	614.350651	64.555596	36.094166	1002.473696	707.689144	11.835774	
7/20/2019 13:26:45.209850849	73.294114	33.936380	1002.605772	26.341343	27.025829	614.689713	64.452274	35.998706	1002.254489	724.636609	11.869720	
7/20/2019 13:26:46.209850849	73.333539	33.994371	1003.308101	27.152403	27.096976	616.047930	64.507706	36.022253	1002.451932	730.243931	11.854147	
7/20/2019 13:26:47.209850849	73.287543	33.822419	1002.599700	26.848030	27.102038	613.192846	64.282191	35.978682	1002.548289	723.609570	11.874832	
7/20/2019 13:26:48.209850849	73.412391	33.807426	1003.221837	27.233153	27.213677	615.307380	64.320960	36.039070	1002.432534	694.319551	11.817284	
7/20/2019 13:26:49.209850849	73.478100	33.895776	1001.673511	27.157529	27.050198	613.893969	64.400705	36.022677	1001.673036	684.210807	11.844553	
7/20/2019 13:26:50.209850849	73.648945	33.887029	1003.712136	27.095834	27.020767	615.570218	64.589607	36.148955	1002.430169	656.731732	11.834421	
7/20/2019 13:26:51.209850849	73.530668	33.896076	1004.157646	26.339101	26.978806	614.277058	64.471540	36.016655	1002.451146	592.724637	11.822606	
7/20/2019 13:26:52.209850849	73.510955	34.112000	1001.706708	26.900754	27.112283	614.834268	64.379152	35.914453	1002.764816	590.036781	11.824459	
7/20/2019 13:26:53.209850849	73.353252	33.827691	1002.405331	26.733578	27.111385	613.610101	64.202735	35.907712	1002.572574	1065.379420	11.919146	
7/20/2019 13:26:54.209850849	73.504384	33.943074	1002.310473	26.904831	27.098935	615.761432	64.259114	35.929809	1002.154346	1258.298979	11.885884	
7/20/2019 13:26:55.209850849	73.497813	33.837261	1002.030235	26.941241	27.161837	612.887297	64.223237	35.858532	1002.782006	1226.530731	11.926637	
7/20/2019 13:26:56.209850849	73.583235	33.822269	1002.574310	26.940559	27.138611	613.652813	64.344327	35.899203	1002.460449	837.509552	11.803077	
7/20/2019 13:26:57.209850849	73.366394	33.963413	1000.768062	27.345882	27.038034	615.068856	63.802959	35.764839	1002.497667	535.528739	11.815260	
7/20/2019 13:26:58.209850849	73.694941	33.885158	1003.632023	26.700443	27.187675	614.394015	63.706707	35.812569	1002.670352	902.269619	11.850992	
7/20/2019 13:26:59.209850849	73.576664	33.927258	1003.796112	26.247331	27.002562	617.029626	63.987235	35.707669	1002.357469	828.888449	11.868787	
7/20/2019 13:27:00.209850849	73.839502	34.054308	1003.217659	27.148006	27.157592	616.599225	63.755411	35.649356	1002.721289	836.217370	11.867564	
7/20/2019 13:27:01.209850849	73.451816	33.969434	1002.692193	26.388333	27.055831	617.649924	63.521065	35.630264	1002.412192	1026.947203	11.911419	
7/20/2019 13:27:02.209850849	73.530668	33.897049	1003.151502	27.595448	27.203758	616.915289	63.511682	35.761209	1002.524475	1129.011557	11.915769	
7/20/2019 13:27:03.209850849	73.583235	33.841485	1003.702515	26.589196	27.060974	616.034784	63.381919	35.704558	1002.086377	1102.299638	11.899538	
7/20/2019 13:27:04.209850849	73.471529	33.960836	1001.481193	27.423587	27.008277	617.304947	63.976748	35.761834	1002.861015	1184.246336	11.890471	
7/20/2019 13:27:05.209850849	73.530668	33.842009	1001.174933	26.567459	27.127549	616.207599	63.510078	35.760585	1002.280983	814.704041	11.867236	
7/20/2019 13:27:06.209850849	73.747509	34.011160	1003.415259	26.803290	27.041993	618.562626	63.598260	35.730391	1002.447045	483.557381	11.793628	
7/20/2019 13:27:07.209850849	73.721225	33.888858	1003.108922	26.868613	26.992072	618.279422	63.558625	35.749589	1001.392012	1153.487046	11.880470	
7/20/2019 13:27:08.209850849	73.530668	33.963713	1001.172648	27.188380	27.176613	618.498232	63.751443	35.707563	1002.045058	1362.222190	11.899276	
7/20/2019 13:27:09.209850849	73.609519	33.921313	1003.342874	26.492926	26.969663	619.408966	63.726368	35.709849	1002.324195	991.637226	11.878472	
7/20/2019 13:27:10.209850849	73.734367	33.991719	1002.766629	26.717688	27.083628	619.728314	63.727866	35.696155	1002.802505	1392.061852	11.928319	
7/20/2019 13:27:11.209850849	73.826360	33.804956	1003.246360	26.196064	27.177716	617.803025	63.535600	35.716802	1001.972201	1111.189812	11.905676	
7/20/2019 13:27:12.209850849	73.517526	33.938476	1002.111847	27.176831	27.099833	619.807823	63.665468	35.800018	1002.563429	1322.335885	11.929200	
7/20/2019 13:27:13.209850849	73.524097	33.916340	1003.009806	26.484203	26.982439	620.808579	63.529134	35.727798	1001.782010	1401.174459	11.970649	
7/20/2019 13:27:14.209850849	73.767222	34.069076	1003.082349	26.761915	27.079138	621.969005	63.356239	35.655790	1002.605534	786.293559	11.825103	
7/20/2019 13:27:15.209850849	73.813218	33.979528	1003.148191	26.497971	27.070607	621.569496	63.446315	35.645726	1002.751883	1543.991744	11.972515	
7/20/2019 13:27:16.209850849	73.740938	34.033370	1001.516518	26.912512	27.181961	624.043458	63.710309	35.666892	1002.268208	1534.276276	11.950253	
7/20/2019 13:27:17.209850849	73.484671	34.027649	1003.741784	26.405329	27.041953	623.168206	63.185946	35.593223	1002.580777	1385.369335	11.956259	
7/20/2019 13:27:18.209850849	73.543810	33.945170	1003.917149	26.248860	27.180246	623.958035	63.017809	35.844118	1002.165228	707.697007	11.825090	
7/20/2019 13:27:19.209850849	73.602948	33.984127	1002.894841	26.592960	27.017012	623.691913	63.150622	35.663156	1002.394373	751.086021	11.873675	
7/20/2019 13:27:20.209850849	73.734367	34.012133	1002.819144	26.957691	27.020767	623.973802	63.341232	35.798981	1002.126274	688.033125	11.799069	
7/20/2019 13:27:21.209850849	73.754080	33.966632	1002.489388	26.702823	27.062117	623.381764	63.106096	35.625808	1002.859121	723.856636	11.853253	
7/20/2019 13:27:22.209850849	73.911782	33.999718	1001.490576	27.145507	27.197839	623.835815	62.940561	35.695424	1002.160498	748.892297	11.836339	
7/20/2019 13:27:23.209850849	73.537239	33.873491	1003.814406	27.240472	27.046810	622.938880	63.193254	35.727280	1002.311892	718.818375	11.840794	
7/20/2019 13:27:24.209850849	73.543810	33.922435	1002.202289	27.083892	27.094364	626.335407	63.283197	35.747303	1002.314100	861.848029	11.869483	
7/20/2019 13:27:25.209850849	73.839502	34.164270	1002.837201	27.524784	27.198370	623.896925	63.090037	35.671358	1002.517694	855.611903	11.861861	
7/20/2019 13:27:26.209850849	73.556951	33.889606	1002.808262	26.859699	27.035177	623.511867	63.087829	35.685466	1002.046794	716.354266	11.871060	
7/20/2019 13:27:27.209850849	73.681799	34.000691	1002.825767	27.538335	27.201227	626.179674	63.265692	35.715341	1002.848397	748.153720	11.855198	
7/20/2019 13:27:28.209850849	73.471529	34.053260	1001.480878	26.223664	27.168368	622.285069	63.209208	35.675507	1002.070922	759.784675	11.847089	
7/20/2019 13:27:29.209850849	73.754080	33.960686	1002.097101	26.646829	27.076281	627.804013	63.364756	35.747927	1002.915423	875.834629	11.858194	
7/20/2019 13:27:30.209850849	73.642374	33.928755	1002.960683	26.807222	26.993174	625.373415	63.016153	35.741080	1001.584410	933.551613	11.875476	
7/20/2019 13:27:31.209850849	73.865786	34.080443	1003.175236	26.833027	27.082240	627.474803	63.168284	35.698536	1003.015881	832.589198	11.854567	
7/20/2019 13:27:32.209850849	73.734367	33.864669	1002.158053	26.741924	27.094935	625.541631	63.146416	35.681836	1002.691959	704.077739	11.847602	
7/20/2019 13:27:33.209850849	73.852644	33.965359	1001.661368	27.917539	27.167225	627.769838	63.215489	35.785074	1002.106561	690.639499	11.839782	
7/20/2019 13:27:34.209850849	73.734367	33.874539	1001.279964	26.993132	27.111140	626.487192	63.020464	35.703933	1002.082118	625.205551	11.834066	
7/20/2019 13:27:35.209850849	73.859215	33.891103	1002.789338	27.165266	27.245720	629.593284	62.866073	35.757367	1002.658049	628.533737	11.838127	
7/20/2019 13:27:36.209850849	73.826360	33.875063	1002.287054	26.769620	27.096078	627.198166	62.672309	35.682460	1002.550497	539.891828	11.845907	
7/20/2019 13:27:37.209850849	73.918353	33.913014	1001.258752	26.797427	27.163021	628.350056	63.065095	35.812157	1002.528261	510.030120	11.795902	
7/20/2019 13:27:38.209850849	73.846073	33.937353	1003.152764	26.474176	27.010196	628.702917	63.010581	35.701340	1001.963212	540.892927	11.839336	
7/20/2019 13:27:39.209850849	74.036630	34.081416	1002.829079	26.765102	27.084241	628.666773	62.861762	35.655896	1003.034015	553.274258	11.821726	
7/20/2019 13:27:40.209850849	73.839502	33.938176	1003.259055	26.687678	26.988684	627.851977	62.815161	35.698853	1002.265371	406.371928	11.804010	
7/20/2019 13:27:41.209850849	73.911782	33.980801	1002.708437	27.378696	27.204044	628.551784	63.001093	35.665230	1002.795567	240.682859	11.787057	
7/20/2019 13:27:42.209850849	73.852644	33.985474	1001.835630	26.421243	27.024645	628.829736	63.088776	35.632856	1002.484106	172.862314	11.774901	
7/20/2019 13:27:43.209850849	73.734367	33.917313	1003.021554	27.223340	27.182532	630.479704	63.025931	35.769094	1002.473538	235.321289	11.765268	
7/20/2019 13:27:44.209850849	73.484671	33.899701	1004.063340	27.163608	27.009134	627.929517	62.765301	35.741705	1001.887669	423.187348	11.802354	
7/20/2019 13:27:45.209850849	73.655516	34.087137	1003.550727	26.674333	27.070321	630.921925	62.767614	35.677063	1002.957214	427.346078	11.792984	
7/20/2019 13:27:46.209850849	73.550380	33.979678	1001.658057	26.422012	27.006236	630.134727	63.167470	35.709743	1001.961162	437.444341	11.820990	
7/20/2019 13:27:47.209850849	73.694941	34.122918	1003.317484	26.870904	27.069750	632.199318	63.200692	35.681105	1002.639758	1166.515248	11.913180	
7/20/2019 13:27:48.209850849	73.576664	33.890804	1002.204891	26.738960	27.102895	629.742438	62.983299	35.662331	1002.555069	897.227698	11.901181	
7/20/2019 13:27:49.209850849	73.721225	34.049411	1002.406435	27.148311	27.148204	633.052226	63.097764	35.682142	1002.677448	87.526535	11.765229	
7/20/2019 13:27:50.209850849	73.589806	33.890055	1003.253773	26.968095	27.041422	631.768265	63.106386	35.717840	1002.160813	267.962560	11.805627	
7/20/2019 13:27:51.209850849	73.681799	33.896824	1003.044107	27.230813	27.118243	634.459070	63.512971	35.830212	1002.458556	153.546354	11.769421	
7/20/2019 13:27:52.209850849	73.819789	34.017031	1001.609090	26.477011	27.051545	633.860453	63.344701	35.625078	1002.563272	468.270998	11.820438	
7/20/2019 13:27:53.209850849	73.938066	34.103327	1003.842004	26.963241	27.098405	633.182329	63.198536	35.676025	1002.712458	382.918211	11.787162	
7/20/2019 13:27:54.209850849	73.839502	33.944122	1003.341061	26.748283	27.081057	632.784788	63.181531	35.649568	1002.946489	360.606819	11.796730	
7/20/2019 13:27:55.209850849	73.905212	34.026826	1004.292167	27.751756	27.080567	634.480752	63.785744	35.726761	1002.195823	119.526171	11.754899	
7/20/2019 13:27:56.209850849	73.944637	33.917089	1001.889171	26.712938	27.115916	631.779432	63.627094	35.517373	1002.556334	1521.689293	11.982608	
7/20/2019 13:27:57.209850849	74.056343	33.953917	1003.459575	27.142239	27.238617	633.745464	63.657346	35.587000	1002.743052	209.504598	11.767147	
7/20/2019 13:27:58.209850849	73.951208	33.911592	1002.264976	26.966277	27.047055	632.358334	63.504559	35.491233	1002.000588	125.240919	11.774441	
7/20/2019 13:27:59.209850849	74.168049	34.034793	1002.853050	26.457004	27.055055	634.501781	63.553605	35.420993	1002.791309	1353.140494	11.932196	
7/20/2019 13:28:00.209850849	74.016918	33.959189	1001.810477	26.292551	26.973132	633.927479	63.502641	35.407404	1001.852188	751.993844	11.815089	
7/20/2019 13:28:01.209850849	73.957779	34.070873	1004.614511	27.226072	27.028686	635.153614	63.303067	35.426909	1002.108297	638.008434	11.811646	
7/20/2019 13:28:02.209850849	73.918353	33.948645	1002.703784	26.710928	27.001134	633.700121	62.943268	35.378448	1001.982925	708.228604	11.869181	
7/20/2019 13:28:03.209850849	73.905212	33.971604	1002.133215	27.524856	27.111385	636.774669	62.850276	35.450562	1002.248967	1332.930888	11.903126	
7/20/2019 13:28:04.209850849	74.043201	33.948047	1002.474800	26.419825	27.090445	634.842812	62.882764	35.340370	1002.493251	1529.393392	11.989889	
7/20/2019 13:28:05.209850849	74.062914	33.981924	1003.618776	26.577718	27.099262	637.336488	63.015944	35.472871	1002.957214	489.706786	11.797505	
7/20/2019 13:28:06.209850849	73.990634	33.911143	1002.386565	27.222540	27.037748	635.785742	62.734102	35.435312	1002.042693	548.358874	11.847957	
7/20/2019 13:28:07.209850849	74.102340	34.050908	1002.619413	26.583741	27.027829	638.464717	62.645920	35.483042	1002.708042	603.931420	11.826062	
7/20/2019 13:28:08.209850849	74.082627	33.964386	1001.637792	26.601891	27.068321	636.493432	62.287277	35.377104	1002.580934	898.416391	11.890563	
7/20/2019 13:28:09.209850849	74.181191	34.065077	1002.515172	27.104388	27.086771	638.547509	62.232160	35.493413	1002.086691	698.343607	11.823342	
7/20/2019 13:28:10.209850849	73.865786	34.129013	1002.566898	25.629533	27.081343	637.810906	62.502805	35.422548	1001.988284	365.523244	11.785599	
7/20/2019 13:28:11.209850849	74.154907	33.969733	1002.337362	27.457370	27.207758	638.713756	62.538420	35.478470	1002.524475	385.018930	11.808373	
7/20/2019 13:28:12.209850849	74.102340	34.007460	1003.202599	26.456475	27.049912	638.948997	62.465797	35.391730	1002.473696	795.291159	11.864831	
7/20/2019 13:28:13.209850849	74.082627	33.976277	1002.310394	26.894258	27.037422	641.494584	62.715441	35.565008	1002.250388	891.087470	11.853871	
7/20/2019 13:28:14.209850849	74.043201	33.942625	1001.784298	26.879922	27.123590	637.671603	62.387997	35.489677	1002.771124	613.156701	11.842122	
7/20/2019 13:28:15.209850849	74.174620	34.076219	1003.549071	26.816208	27.036034	640.608816	62.740568	35.514992	1002.672403	537.752335	11.813551	
7/20/2019 13:28:16.209850849	73.938066	33.896151	1002.819144	27.368291	27.063791	638.759752	62.793583	35.511574	1002.077860	508.934433	11.843199	
7/20/2019 13:28:17.209850849	74.115482	34.149876	1002.934661	27.013396	27.117916	642.231840	63.040177	35.508663	1002.574468	452.677804	11.807296	
7/20/2019 13:28:18.209850849	74.049772	34.022901	1001.421897	26.502312	27.073424	640.587134	62.909862	35.480756	1002.594181	619.258156	11.853489	
7/20/2019 13:28:19.209850849	73.997205	34.081641	1001.921342	25.861263	27.113916	639.987202	62.895721	35.490502	1002.145830	871.381157	11.837706	
7/20/2019 13:28:20.209850849	74.076056	33.996991	1001.085280	26.538154	27.054157	640.388690	62.915933	35.489677	1002.589765	1000.738314	11.904730	
7/20/2019 13:28:21.209850849	74.036630	33.902471	1002.129352	27.093151	27.103140	640.034514	62.986111	35.529523	1002.451775	906.693489	11.898684	
7/20/2019 13:28:22.209850849	73.767222	33.944646	1001.958559	26.614177	27.081914	640.242157	62.989922	35.517172	1002.620674	858.311553	11.890931	
7/20/2019 13:28:23.209850849	73.760651	33.923259	1003.641878	26.686964	27.014727	640.940648	62.990973	35.598620	1002.385384	1115.153082	11.903153	
7/20/2019 13:28:24.209850849	74.043201	34.034269	1001.972910	26.362824	27.043381	642.708236	63.254653	35.487603	1002.521481	1196.118068	11.933957	
7/20/2019 13:28:25.209850849	74.148336	34.001140	1002.685175	26.282964	26.995460	643.521063	63.451282	35.499530	1002.313471	1363.890868	11.957810	
7/20/2019 13:28:26.209850849	73.977492	33.948645	1002.978660	27.019683	27.026074	642.219356	63.361102	35.635767	1001.987498	1212.875307	11.936927	
7/20/2019 13:28:27.209850849	73.773793	33.960537	1002.305426	26.707396	26.898311	643.933718	63.222113	35.670946	1001.804403	1118.906751	11.890839	
7/20/2019 13:28:28.209850849	73.938066	33.991120	1002.795173	26.369752	26.972234	642.764746	63.353427	35.610240	1002.061777	1123.699253	11.926979	
7/20/2019 13:28:29.209850849	74.089198	33.958516	1002.464707	26.703015	27.109140	641.947319	63.130619	35.534603	1002.574310	1172.138023	11.927163	
7/20/2019 13:28:30.209850849	74.115482	34.032771	1001.677769	27.160421	26.948763	643.893638	62.989922	35.668660	1002.156082	999.570321	11.871822	
7/20/2019 13:28:31.209850849	73.938066	33.995943	1003.048680	26.433440	26.958846	643.649851	63.167180	35.608272	1001.950752	910.013810	11.870771	
7/20/2019 13:28:32.209850849	73.806647	33.953094	1002.712458	26.976169	27.010808	642.943476	63.251946	35.634730	1001.983554	741.834801	11.873544	
7/20/2019 13:28:33.209850849	73.911782	33.996467	1001.639290	26.557231	26.958356	643.881807	63.196276	35.647906	1001.867013	682.931730	11.841819	
7/20/2019 13:28:34.209850849	73.931495	33.927483	1002.559722	26.933199	27.064076	642.773945	62.999148	35.626327	1002.307476	719.822095	11.873610	
7/20/2019 13:28:35.209850849	73.990634	34.001664	1004.226011	26.432752	26.953539	644.068421	63.079051	35.665336	1002.510442	753.072764	11.843817	
7/20/2019 13:28:36.209850849	74.233759	34.007909	1003.281922	25.670652	27.113916	643.324587	63.405628	35.524951	1003.081800	660.428822	11.839047	
7/20/2019 13:28:37.209850849	74.102340	33.964611	1003.165301	26.872954	26.983051	645.255139	63.186998	35.682566	1002.132426	508.075599	11.826943	
7/20/2019 13:28:38.209850849	74.069485	33.954292	1002.948617	26.786166	26.973663	645.218995	63.109198	35.683285	1001.858182	398.242331	11.815654	
7/20/2019 13:28:39.209850849	74.102340	33.917912	1004.501753	26.110990	27.066321	645.575140	63.234546	35.588862	1002.700475	475.824979	11.796559	
7/20/2019 13:28:40.209850849	73.859215	33.949918	1002.303061	26.580658	27.058117	645.287988	63.149071	35.556806	1002.532677	800.899791	11.881166	
7/20/2019 13:28:41.209850849	73.951208	33.964910	1002.941284	26.679388	26.987541	646.918242	63.300859	35.712029	1001.989706	1082.958032	11.923352	
7/20/2019 13:28:42.209850849	74.115482	33.959489	1002.539615	26.989768	26.975132	647.600966	63.143813	35.631925	1002.488521	892.324112	11.873478	
7/20/2019 13:28:43.209850849	74.089198	34.001065	1003.347527	26.735820	27.000032	648.327054	63.261986	35.708399	1001.915427	529.512696	11.839966	
7/20/2019 13:28:44.209850849	74.102340	33.917762	1001.711990	27.128247	27.053831	647.963679	63.224268	35.660045	1001.770971	857.776025	11.865698	
7/20/2019 13:28:45.209850849	73.918353	33.916864	1002.672480	26.812316	27.087016	649.809459	63.183134	35.637841	1002.280983	963.612421	11.907411	
7/20/2019 13:28:46.209850849	73.918353	33.928830	1002.220898	27.017600	27.096364	649.562388	63.133774	35.670840	1002.357784	984.534675	11.897502	
7/20/2019 13:28:47.209850849	73.964350	33.921837	1001.090800	26.729093	27.098078	651.273466	63.157140	35.664299	1002.346588	687.737070	11.861743	
7/20/2019 13:28:48.209850849	74.082627	33.981774	1001.391460	26.895981	27.069995	651.594783	63.035919	35.626221	1002.530469	529.790945	11.838192	
7/20/2019 13:28:49.209850849	74.049772	33.985025	1003.943408	26.976473	27.094690	652.175001	62.940009	35.665336	1002.392637	627.934804	11.851242	
7/20/2019 13:28:50.209850849	74.122053	33.970107	1001.821988	26.375879	26.997746	653.681719	63.022672	35.692831	1002.072658	790.242685	11.858155	
7/20/2019 13:28:51.209850849	74.200904	33.923633	1001.000515	26.865353	27.093262	652.390527	62.905551	35.693043	1002.414872	705.614367	11.845683	
7/20/2019 13:28:52.209850849	74.023489	33.976277	1002.472592	26.851257	27.077097	652.036351	63.234388	35.678206	1002.539458	605.945414	11.852464	
7/20/2019 13:28:53.209850849	73.878928	33.986672	1003.867788	26.621714	26.958356	654.700874	63.241721	35.750213	1001.885304	605.964801	11.806231	
7/20/2019 13:28:54.209850849	74.089198	34.044064	1001.944366	26.364674	26.991501	654.198196	63.343045	35.682767	1002.436163	527.408317	11.834053	
7/20/2019 13:28:55.209850849	74.161478	34.000915	1002.754643	26.498772	26.983868	652.861008	63.275680	35.737450	1002.031182	739.989013	11.868839	
7/20/2019 13:28:56.209850849	74.082627	33.948795	1001.184791	26.688006	27.074281	651.860252	63.163421	35.652160	1002.399260	845.168331	11.885030	
7/20/2019 13:28:57.209850849	73.990634	33.964686	1001.809373	26.826885	27.107181	651.034942	63.132722	35.694493	1002.353525	1000.965993	11.879970	
7/20/2019 13:28:58.209850849	74.128624	33.938625	1002.014938	26.808889	27.092404	651.004713	63.270607	35.712654	1002.427804	982.234841	11.911721	
7/20/2019 13:28:59.209850849	74.273184	33.964386	1003.521631	26.778525	27.001991	652.471351	63.471442	35.778746	1002.024873	966.544721	11.905505	
7/20/2019 13:29:00.209850849	73.957779	33.959863	1002.217429	26.861958	27.083914	651.638810	63.323280	35.687646	1002.298645	1153.917774	11.932065	
7/20/2019 13:29:01.209850849	74.214046	34.023874	1002.616811	26.289732	27.026074	654.558940	63.396664	35.664818	1002.420866	1103.352617	11.915637	
7/20/2019 13:29:02.209850849	74.214046	34.013480	1003.279400	26.605559	27.086731	653.215837	63.143761	35.655272	1002.187149	1102.320336	11.907240	
7/20/2019 13:29:03.209850849	74.062914	34.024024	1000.936409	26.647960	27.040810	654.181766	63.229630	35.719395	1002.675240	1197.296546	11.919567	
7/20/2019 13:29:04.209850849	74.194333	34.011609	1002.882146	26.794544	26.999460	654.245507	63.373430	35.804579	1001.862755	1229.874370	11.942867	
7/20/2019 13:29:05.209850849	74.003776	34.001290	1003.353598	26.275628	27.050769	654.728471	63.186946	35.713479	1002.946332	996.139957	11.882822	
7/20/2019 13:29:06.209850849	74.095769	33.959638	1002.597335	26.603677	27.117059	654.717956	63.030399	35.729460	1002.607427	383.373569	11.823092	
7/20/2019 13:29:07.209850849	74.168049	33.948421	1002.914239	27.231286	26.962356	655.925040	63.010029	35.833217	1002.022351	350.252315	11.775440	
7/20/2019 13:29:08.209850849	74.036630	34.060404	1002.363461	26.391361	27.029748	657.253029	63.275969	35.685360	1002.506655	281.854854	11.789462	
7/20/2019 13:29:09.209850849	74.141766	33.971305	1002.025268	26.663378	27.076240	656.443485	63.148676	35.686503	1002.451932	358.182795	11.820004	
7/20/2019 13:29:10.209850849	74.240330	34.006861	1002.841064	26.571864	26.975377	657.465271	63.140949	35.815681	1001.895714	300.927406	11.805811	
7/20/2019 13:29:11.209850849	74.023489	33.949544	1002.506893	26.896085	27.053014	656.585419	62.965189	35.759654	1002.202760	471.050550	11.829703	
7/20/2019 13:29:12.209850849	74.240330	33.912565	1001.895243	27.556652	26.947049	657.967949	63.095399	35.793583	1002.053260	843.790735	11.852149	
7/20/2019 13:29:13.209850849	74.240330	34.066199	1002.633606	26.997160	27.229270	661.287599	63.429414	35.873888	1002.937816	589.901068	11.827285	
7/20/2019 13:29:14.209850849	74.181191	34.002862	1004.099769	26.418888	26.952682	656.431002	63.138793	35.786005	1001.722872	408.693772	11.789147	
7/20/2019 13:29:15.209850849	74.503168	34.051357	1002.412112	26.874619	27.117385	655.800189	63.132774	35.889869	1002.814494	561.231987	11.813288	
7/20/2019 13:29:16.209850849	73.938066	33.958890	1002.736823	27.570612	26.921823	656.922513	62.925316	35.894642	1001.514862	455.551944	11.793181	
7/20/2019 13:29:17.209850849	74.286326	34.228132	1004.238074	26.919383	27.094160	658.132218	63.337972	35.748022	1002.480005	309.156834	11.766898	
7/20/2019 13:29:18.209850849	74.240330	34.112599	1002.270101	26.479021	27.034564	657.343052	63.371984	35.744085	1002.492937	495.972516	11.829821	
7/20/2019 13:29:19.209850849	74.404603	34.082090	1002.604116	27.530438	27.210820	658.098053	63.250105	35.815987	1002.504605	1114.607341	11.913088	
7/20/2019 13:29:20.209850849	74.115482	34.059356	1002.820405	26.611101	27.021543	657.634802	63.179323	35.758923	1002.455719	861.544111	11.889722	
7/20/2019 13:29:21.209850849	74.253472	34.035167	1003.501523	26.692770	27.076526	660.922908	63.491759	35.855833	1002.924097	992.456245	11.873518	
7/20/2019 13:29:22.209850849	74.266614	33.964237	1002.458793	26.964764	27.065219	656.779264	63.371931	35.785381	1002.445466	763.912221	11.860520	
7/20/2019 13:29:23.209850849	74.220617	34.024847	1003.418888	27.055002	27.104119	659.181601	63.377503	35.896822	1002.904542	908.264960	11.846997	
7/20/2019 13:29:24.209850849	74.187762	34.081641	1003.868892	26.383552	27.030891	660.238868	63.358395	35.753007	1002.376868	994.605951	11.893454	
7/20/2019 13:29:25.209850849	74.371749	34.164944	1004.453339	27.206208	27.033217	662.266663	63.303120	35.879592	1002.272152	1212.652871	11.908462	
7/20/2019 13:29:26.209850849	74.049772	33.980202	1001.429467	26.820494	27.032646	660.243468	63.511367	35.837472	1002.377339	1058.001242	11.901825	
7/20/2019 13:29:27.209850849	74.233759	34.075471	1003.168927	26.881084	27.128937	663.359410	63.613400	35.841609	1002.377182	1002.612663	11.868708	
7/20/2019 13:29:28.209850849	74.371749	34.008508	1001.863070	26.096775	26.946437	660.828938	63.381919	35.781751	1002.681549	1267.499622	11.927596	
7/20/2019 13:29:29.209850849	74.049772	34.041038	1002.301090	26.952933	27.016196	663.164913	63.402630	35.936350	1002.287135	1366.080657	11.897896	
7/20/2019 13:29:30.209850849	74.240330	34.055132	1001.830505	26.468898	27.053831	661.467634	63.485241	35.778428	1002.497195	1250.421700	11.948886	
7/20/2019 13:29:31.209850849	74.411174	34.081641	1003.160571	26.861364	27.005460	662.505187	63.543380	35.904600	1002.499246	973.856874	11.874201	
7/20/2019 13:29:32.209850849	74.069485	34.012956	1003.445776	26.319006	26.964030	662.444077	63.568612	35.803849	1002.475904	1156.226781	11.912864	
7/20/2019 13:29:33.209850849	74.299468	34.149427	1003.739813	27.196117	27.056729	663.353495	63.467945	35.876787	1002.333341	1306.189376	11.914928	
7/20/2019 13:29:34.209850849	74.352036	34.080518	1002.993800	26.431903	27.000317	662.315290	63.446971	35.861749	1002.075181	1181.703368	11.934299	
7/20/2019 13:29:35.209850849	74.030059	34.009107	1002.746758	27.440847	27.180246	661.898688	63.407493	35.924824	1002.456191	1029.239173	11.896661	
7/20/2019 13:29:36.209850849	74.220617	34.023051	1003.780657	26.593977	26.983868	662.078733	63.388937	35.890800	1001.843042	1153.921705	11.927636	
7/20/2019 13:29:37.209850849	74.253472	34.019426	1003.248016	26.705193	27.047912	663.808862	63.537256	36.018634	1001.959740	1094.638240	11.850532	
7/20/2019 13:29:38.209850849	74.010347	33.981250	1001.981979	26.929699	27.014767	663.073575	63.495570	35.859675	1002.125802	1077.113860	11.919948	
7/20/2019 13:29:39.209850849	74.319181	34.098505	1002.285004	26.981663	27.090241	663.527626	63.417585	35.861855	1002.555384	879.250577	11.850572	
