
Time stamp	Inside_humidity (in %rH)	Inside_temperature (in °C)	Inside_pressure (in mbar)	Soil_moisture (in %VWC)	Soil_temperature (in °C)	Inside_CO2_ratio (in ppm)	Outside_humidity (in %rH)	Outside_temperature (in °C)	Outside_pressure (in mbar)	Outside_PAR (in µmol m^-2 s^-1)	Power_box_charge (in V)	
7/20/2019 13:45:30.495455249	64.048791	33.440777	1002.333655	24.972619	26.676258	466.409634	65.582425	33.848146	1002.550339	39.360433	11.759236	
7/20/2019 13:45:31.495455249	64.232778	33.583268	1003.395389	24.313966	26.562129	468.026090	65.817718	33.921921	1001.644335	139.867591	11.749511	
7/20/2019 13:45:32.495455249	64.370768	33.494469	1003.432135	25.177912	26.613642	466.533822	65.563421	33.906766	1002.256383	71.779545	11.758395	
7/20/2019 13:45:33.495455249	64.784737	33.520380	1001.880575	24.321110	26.583028	467.729739	65.599035	33.971514	1002.118865	78.163954	11.733425	
7/20/2019 13:45:34.495455249	65.060717	33.473157	1001.891851	24.870654	26.617602	467.936067	65.595172	33.902617	1002.164914	149.753906	11.753940	
7/20/2019 13:45:35.495455249	65.323555	33.545916	1002.612790	24.526763	26.544250	468.202189	65.599587	33.978054	1002.040328	62.486921	11.763586	
7/20/2019 13:45:36.495455249	65.448403	33.540943	1002.600095	24.571654	26.566047	468.596446	65.663641	33.986045	1002.057833	95.978130	11.768370	
7/20/2019 13:45:37.495455249	65.408977	33.435131	1002.339569	25.016501	26.663523	467.897955	65.644480	33.874604	1002.449725	121.249083	11.769605	
7/20/2019 13:45:38.495455249	65.454974	33.467436	1003.056802	24.931973	26.574864	467.859843	65.521840	33.979091	1001.826009	93.424674	11.740469	
7/20/2019 13:45:39.495455249	65.481258	33.566854	1002.476455	24.556341	26.564374	468.602361	65.456078	33.979091	1002.014149	84.985914	11.766779	
7/20/2019 13:45:40.495455249	65.895228	33.430233	1003.743439	25.188235	26.549353	468.704867	65.479050	33.946305	1002.031497	235.665293	11.757357	
7/20/2019 13:45:41.495455249	65.862373	33.450946	1002.485839	24.808799	26.665523	468.898712	65.400251	33.890066	1002.397209	118.126565	11.771090	
7/20/2019 13:45:42.495455249	65.908369	33.405221	1001.460691	25.281999	26.723567	468.026743	65.383350	33.902511	1002.676504	74.345836	11.740272	
7/20/2019 13:45:43.495455249	66.158066	33.551337	1002.214826	24.346347	26.569762	469.034731	65.509198	33.969027	1002.073444	99.214352	11.772969	
7/20/2019 13:45:44.495455249	66.276343	33.414268	1003.759289	23.896919	26.684503	469.448702	65.215660	33.958444	1002.802191	43.951203	11.742007	
7/20/2019 13:45:45.495455249	66.618032	33.589064	1004.234447	25.803509	26.694259	467.912406	65.338353	34.032007	1003.016667	49.668302	11.719731	
7/20/2019 13:45:46.495455249	66.499755	33.425186	1002.126749	24.529494	26.628337	468.385519	65.188877	33.946918	1002.146465	42.670544	11.754150	
7/20/2019 13:45:47.495455249	66.775735	33.652103	1004.148658	26.312327	26.815164	468.518906	65.254192	33.966941	1002.929142	136.452950	11.732571	
7/20/2019 13:45:48.495455249	67.058285	33.557283	1002.640624	24.643873	26.562374	467.708710	65.269988	34.007623	1002.005318	72.036825	11.763639	
7/20/2019 13:45:49.495455249	67.130566	33.485572	1001.737775	25.733246	26.860146	468.159477	65.457734	34.091558	1002.699054	68.232852	11.732795	
7/20/2019 13:45:50.495455249	67.117424	33.410792	1001.720349	24.873394	26.653604	466.561419	65.263418	33.932292	1002.926462	154.796102	11.742782	
7/20/2019 13:45:51.495455249	67.196275	33.491368	1001.748894	24.614070	26.662706	467.384762	65.549360	34.073091	1002.740844	129.372400	11.711570	
7/20/2019 13:45:52.495455249	67.097711	33.525726	1003.056802	24.605718	26.577109	467.299338	65.135310	34.014989	1002.300538	165.124668	11.776780	
7/20/2019 13:45:53.495455249	67.465684	33.700149	1003.132893	25.087262	26.645195	468.587247	65.255138	34.032420	1002.716716	178.778530	11.740220	
7/20/2019 13:45:54.495455249	67.242272	33.541467	1003.162936	24.913672	26.639440	466.712552	65.146796	34.021424	1002.128010	129.372400	11.743623	
7/20/2019 13:45:55.495455249	67.623387	33.694652	1003.156155	25.041170	26.706913	469.856758	65.374072	34.093950	1002.227518	72.719591	11.730495	
7/20/2019 13:45:56.495455249	67.610245	33.540344	1001.668938	24.610419	26.617071	468.476858	65.366792	34.012915	1002.034019	85.908153	11.766871	
7/20/2019 13:45:57.495455249	67.721951	33.580991	1003.692817	25.333178	26.715648	471.974577	65.545759	34.161598	1002.018564	93.369133	11.725856	
7/20/2019 13:45:58.495455249	67.853370	33.552835	1002.671376	24.872040	26.568864	468.220587	65.398386	34.065100	1002.022351	58.690541	11.759407	
7/20/2019 13:45:59.495455249	67.991360	33.506360	1001.707812	25.057612	26.686830	468.605645	65.367739	34.060539	1003.018717	113.363928	11.743834	
7/20/2019 13:46:00.495455249	67.794231	33.478878	1001.517702	24.850158	26.638868	468.512338	65.081087	33.949204	1002.574310	54.806126	11.743347	
7/20/2019 13:46:01.495455249	68.004502	33.611499	1003.750852	25.139026	26.717975	469.206883	65.225700	34.020482	1002.499403	83.397675	11.718444	
7/20/2019 13:46:02.495455249	68.096495	33.478653	1001.258043	26.322363	26.550169	468.097052	65.185066	34.051924	1002.033704	72.326598	11.724147	
7/20/2019 13:46:03.495455249	68.181917	33.625818	1003.471403	25.335068	26.710056	471.839874	65.312883	34.125806	1002.292494	101.586767	11.743308	
7/20/2019 13:46:04.495455249	68.221343	33.479102	1002.152771	24.663064	26.648746	469.548577	65.241444	34.004088	1002.403204	90.379978	11.760945	
7/20/2019 13:46:05.495455249	68.398759	33.474055	1002.252202	24.963601	26.736915	471.076326	65.425117	34.116566	1002.734850	62.728745	11.745082	
7/20/2019 13:46:06.495455249	68.444755	33.546889	1002.238088	24.376166	26.618499	471.057927	65.274142	34.046114	1001.937348	108.571420	11.760524	
7/20/2019 13:46:07.495455249	68.773303	33.527598	1002.229414	24.689221	26.643725	471.713707	65.199259	34.112830	1002.836729	235.378141	11.756660	
7/20/2019 13:46:08.495455249	68.668167	33.504639	1002.340436	24.470762	26.626949	471.889153	65.249067	34.062507	1002.151667	67.898791	11.756581	
7/20/2019 13:46:09.495455249	68.661596	33.604955	1003.303923	25.499881	26.699035	471.914120	65.197209	34.110756	1002.795253	68.845660	11.700584	
7/20/2019 13:46:10.495455249	68.306765	33.595459	1001.838312	25.541193	26.628949	470.893648	65.231167	34.093220	1002.313785	152.703246	11.748617	
7/20/2019 13:46:11.495455249	68.582745	33.662347	1002.419525	25.511230	26.721648	473.967545	65.628421	34.118016	1002.445781	163.854222	11.763402	
7/20/2019 13:46:12.495455249	68.595887	33.483252	1002.517300	24.545640	26.646216	472.090882	65.529752	34.031171	1002.164756	98.292112	11.762876	
7/20/2019 13:46:13.495455249	68.865296	33.627090	1004.045204	24.945764	26.691034	474.876311	65.651840	34.180171	1001.996958	107.487527	11.730718	
7/20/2019 13:46:14.495455249	68.957289	33.557508	1002.261822	24.608505	26.604866	472.688835	65.412342	34.144792	1001.876159	98.769478	11.770262	
7/20/2019 13:46:15.495455249	68.944147	33.522925	1001.788714	25.243322	26.648542	472.891879	65.489537	34.217837	1002.913530	73.243595	11.705131	
7/20/2019 13:46:16.495455249	69.055853	33.535297	1001.931119	24.321247	26.631806	472.981902	65.581478	34.109200	1002.093000	85.005301	11.767345	
7/20/2019 13:46:17.495455249	69.246411	33.668293	1002.472986	25.461108	26.698463	472.885964	65.648948	34.128081	1002.906907	78.841748	11.714383	
7/20/2019 13:46:18.495455249	69.200414	33.531897	1002.696451	25.000396	26.608826	471.058580	65.698651	34.106396	1002.293601	74.613600	11.766950	
7/20/2019 13:46:19.495455249	69.266124	33.568950	1003.403354	25.924457	26.728669	471.376613	65.797110	34.150072	1002.436163	84.347165	11.748184	
7/20/2019 13:46:20.495455249	69.213556	33.478279	1002.568791	25.374601	26.609683	470.332491	65.453870	34.083049	1002.217743	130.193770	11.753086	
7/20/2019 13:46:21.495455249	69.305549	33.516530	1003.370157	25.165977	26.747976	473.340678	65.678886	34.165746	1002.866059	234.215388	11.738787	
7/20/2019 13:46:22.495455249	69.272694	33.498618	1001.184396	24.924500	26.656175	471.262939	65.641720	34.075271	1002.510914	253.885564	11.781104	
7/20/2019 13:46:23.495455249	69.469823	33.616547	1002.431116	24.591933	26.617683	472.164475	65.836589	34.256127	1002.309684	168.885934	11.756174	
7/20/2019 13:46:24.495455249	69.298978	33.459063	1002.440341	24.667253	26.673482	469.957948	65.742388	34.056591	1002.681549	196.850255	11.762456	
7/20/2019 13:46:25.495455249	69.745803	33.657225	1002.045138	24.922505	26.606662	472.080367	65.760944	34.218355	1002.045058	255.127178	11.751863	
7/20/2019 13:46:26.495455249	69.463252	33.489122	1002.311735	24.821262	26.669727	469.909321	65.400856	34.086785	1002.550025	152.101691	11.772996	
7/20/2019 13:46:27.495455249	69.620955	33.696149	1003.652051	25.459715	26.665523	472.051454	65.519237	34.188574	1002.056097	93.369133	11.728563	
7/20/2019 13:46:28.495455249	69.574958	33.585065	1002.168777	24.577109	26.580212	471.496865	65.567837	34.165334	1001.849508	105.032590	11.770998	
7/20/2019 13:46:29.495455249	69.535532	33.517204	1002.638022	25.418124	26.717077	471.331933	65.651446	34.148210	1002.504290	119.174575	11.756647	
7/20/2019 13:46:30.495455249	69.752374	33.525577	1002.483946	24.502022	26.615111	471.684141	65.471822	34.089071	1002.274831	167.297424	11.774599	
7/20/2019 13:46:31.495455249	69.824654	33.775602	1002.646144	23.392514	26.778019	472.713149	65.626765	34.143024	1002.882935	234.226913	11.725461	
7/20/2019 13:46:32.495455249	69.903505	33.484524	1001.495624	24.951467	26.645399	471.199198	65.406875	34.095400	1002.390114	208.847501	11.769276	
7/20/2019 13:46:33.495455249	70.074350	33.595384	1003.836484	24.958987	26.685646	473.005552	65.412394	34.124757	1002.731542	138.840822	11.735791	
7/20/2019 13:46:34.495455249	69.850938	33.453267	1002.879544	24.617363	26.651889	474.076619	65.301582	34.070286	1002.431433	104.819328	11.750484	
7/20/2019 13:46:35.495455249	70.153201	33.663320	1002.274359	25.260254	26.698953	476.298260	65.180255	34.063851	1002.189357	90.683896	11.723635	
7/20/2019 13:46:36.495455249	69.956073	33.479776	1002.330029	24.792325	26.666339	474.090417	65.131551	34.035944	1002.438214	199.583440	11.759670	
7/20/2019 13:46:37.495455249	70.140059	33.626941	1002.649218	24.908409	26.708586	477.920631	65.250723	34.106396	1002.064771	243.102952	11.756056	
7/20/2019 13:46:38.495455249	70.343759	33.894312	1003.736579	25.820208	26.735690	479.328781	65.174236	34.068730	1002.745260	50.996640	11.677822	
7/20/2019 13:46:39.495455249	69.995499	33.468110	1002.721841	24.779589	26.647073	476.745743	65.001369	33.921815	1002.399260	41.640882	11.751627	
7/20/2019 13:46:40.495455249	70.080921	33.615648	1003.244547	27.119158	26.838961	478.495587	64.895444	34.008861	1002.682649	113.984871	11.755294	
7/20/2019 13:46:41.495455249	70.324046	33.578520	1001.742427	24.554923	26.621887	477.507976	64.829630	33.887473	1002.051524	227.117802	11.784035	
7/20/2019 13:46:42.495455249	70.330617	33.576916	1002.679103	25.082025	26.710832	481.077320	65.040952	34.057015	1002.464865	112.344751	11.746449	
7/20/2019 13:46:43.495455249	70.192627	33.604356	1002.803846	24.487117	26.574293	476.562413	64.773646	33.802289	1002.125960	81.947499	11.766701	
7/20/2019 13:46:44.495455249	70.264907	33.629785	1003.484728	25.206295	26.589314	476.436246	64.799982	33.909888	1003.031021	309.001463	11.746751	
7/20/2019 13:46:45.495455249	70.113776	33.536495	1001.502010	24.906423	26.613969	476.141874	64.728648	33.719180	1002.198030	47.160174	11.755583	
7/20/2019 13:46:46.495455249	70.488320	33.679660	1003.362981	25.320923	26.738384	476.036074	64.552152	33.699770	1002.659628	116.489067	11.736185	
7/20/2019 13:46:47.495455249	70.455465	33.573997	1002.029684	24.919727	26.570864	474.457077	64.568448	33.738166	1002.155925	361.411423	11.801382	
7/20/2019 13:46:48.495455249	70.567171	33.605254	1003.490327	25.997622	26.736670	476.250948	64.523713	33.788383	1002.712772	36.677817	11.735633	
7/20/2019 13:46:49.495455249	70.337188	33.684932	1001.345568	24.692169	26.680218	474.498473	64.430116	33.705898	1002.589136	130.919514	11.739957	
7/20/2019 13:46:50.495455249	70.613168	33.514327	1001.079209	24.775144	26.763283	477.845722	64.927695	33.762549	1003.382223	548.647607	11.774849	
7/20/2019 13:46:51.495455249	70.508032	33.457865	1002.388378	25.082506	26.606295	475.390809	64.915105	33.641256	1003.085901	196.894272	11.755320	
7/20/2019 13:46:52.495455249	70.751157	33.616098	1003.949951	24.721025	26.605519	477.415321	65.176577	33.897749	1002.176267	145.163136	11.724712	
7/20/2019 13:46:53.495455249	70.580313	33.521502	1001.809136	24.399929	26.617602	477.323330	65.021634	33.751860	1002.055310	148.764330	11.774559	
7/20/2019 13:46:54.495455249	70.823438	33.626641	1002.855572	25.468829	26.752017	477.651215	64.706595	33.747606	1002.664201	601.863195	11.798438	
7/20/2019 13:46:55.495455249	70.560600	33.470280	1002.119654	25.030301	26.691851	476.568981	64.777772	33.682033	1002.882935	705.485207	11.819781	
7/20/2019 13:46:56.495455249	70.744587	33.720862	1002.461158	25.497062	26.712872	480.412993	65.071704	33.786827	1002.211592	452.913076	11.807730	
7/20/2019 13:46:57.495455249	70.705161	33.583942	1001.861494	24.762161	26.572864	478.255747	65.007098	33.743151	1001.981189	415.695460	11.809477	
7/20/2019 13:46:58.495455249	70.744587	33.648777	1003.817166	25.047489	26.723322	481.471577	65.261552	33.863195	1002.100095	541.168284	11.792669	
7/20/2019 13:46:59.495455249	70.823438	33.600057	1002.587005	24.586151	26.589314	478.600724	65.133392	33.783409	1002.117286	423.815882	11.815207	
7/20/2019 13:47:00.495455249	71.013995	33.596357	1001.678164	24.847346	26.602376	479.015348	65.112024	33.922652	1002.340279	380.416637	11.777398	
7/20/2019 13:47:01.495455249	71.000853	33.594710	1003.967693	24.762602	26.595519	478.573779	64.987780	33.783303	1002.261270	308.389694	11.796887	
7/20/2019 13:47:02.495455249	71.079705	33.628064	1003.415734	24.942128	26.700708	478.288596	64.948459	33.755078	1002.751569	338.780386	11.755530	
7/20/2019 13:47:03.495455249	71.000853	33.562854	1003.074307	24.444885	26.559843	478.848448	64.891476	33.823561	1002.110505	354.704480	11.806954	
7/20/2019 13:47:04.495455249	70.843151	33.794969	1001.999246	25.638336	26.623888	480.756655	65.017585	33.852400	1002.075809	368.377997	11.772207	
7/20/2019 13:47:05.495455249	70.961428	33.543189	1002.026214	24.567096	26.611316	478.932556	65.127478	33.799072	1002.250703	367.491911	11.794193	
7/20/2019 13:47:06.495455249	70.948286	33.560202	1002.571156	25.846552	26.739160	478.847132	65.396388	33.851882	1002.673189	358.357553	11.774888	
7/20/2019 13:47:07.495455249	71.013995	33.515632	1001.890590	24.811290	26.622745	478.562612	65.472217	33.774688	1002.357784	407.805066	11.809477	
7/20/2019 13:47:08.495455249	71.079705	33.577066	1002.005003	24.793085	26.704627	478.832018	65.336250	33.926070	1003.051048	401.558993	11.784560	
7/20/2019 13:47:09.495455249	71.092847	33.479926	1003.303134	23.763526	26.710260	478.673002	65.487724	33.823762	1002.464236	420.035230	11.783430	
7/20/2019 13:47:10.495455249	71.211124	33.637934	1002.603406	24.966388	26.673442	479.236127	65.505991	33.874180	1002.538200	401.081627	11.772864	
7/20/2019 13:47:11.495455249	71.105989	33.469532	1002.265134	24.547467	26.641113	478.489672	65.690267	33.817327	1002.354947	409.746753	11.811330	
7/20/2019 13:47:12.495455249	71.270262	33.684333	1003.620747	25.466771	26.716546	480.903841	65.560214	33.879271	1002.620831	420.371371	11.790487	
7/20/2019 13:47:13.495455249	71.171698	33.568501	1002.468965	24.684296	26.677401	478.916126	65.710085	33.882287	1002.786579	426.114678	11.790974	
7/20/2019 13:47:14.495455249	71.243978	33.502810	1003.231458	25.618522	26.832961	481.681841	65.681251	33.911539	1003.106243	423.886111	11.771313	
7/20/2019 13:47:15.495455249	71.355685	33.609478	1002.553888	24.631659	26.577395	480.777022	65.901037	33.917973	1002.107668	445.934708	11.810687	
7/20/2019 13:47:16.495455249	71.401681	33.554706	1001.887198	24.946292	26.688177	481.965709	65.802130	33.946611	1002.799983	453.459089	11.784784	
7/20/2019 13:47:17.495455249	71.368826	33.533843	1002.822455	25.075827	26.688218	479.554823	65.775295	33.873143	1002.078653	443.144942	11.790198	
7/20/2019 13:47:18.495455249	71.605380	33.686055	1001.953986	24.307847	26.809776	479.112591	65.803839	33.874392	1002.982921	442.250993	11.762745	
7/20/2019 13:47:19.495455249	71.441107	33.580242	1002.354078	24.881130	26.637154	479.585704	65.779211	33.928662	1002.702840	442.218771	11.789909	
7/20/2019 13:47:20.495455249	71.546242	33.799866	1002.942940	25.283096	26.724506	481.746898	65.795612	33.951384	1002.325453	457.886623	11.792445	
7/20/2019 13:47:21.495455249	71.447678	33.625818	1002.592525	24.411702	26.570048	480.158039	65.897882	33.989262	1002.125960	456.922988	11.821896	
7/20/2019 13:47:22.495455249	71.368826	33.516455	1002.517694	25.691405	26.813409	480.769138	65.760602	33.961862	1002.611843	436.866106	11.799161	
7/20/2019 13:47:23.495455249	71.585668	33.616846	1000.487744	25.309222	26.545638	480.280259	65.737078	33.908946	1002.851869	436.295734	11.775874	
7/20/2019 13:47:24.495455249	71.526529	33.565923	1002.669168	25.129480	26.713403	480.245431	65.895175	34.021837	1002.536935	431.830735	11.797755	
7/20/2019 13:47:25.495455249	71.381968	33.637485	1003.441518	24.006020	26.562088	480.426792	65.927530	33.998077	1002.093157	438.257848	11.779488	
7/20/2019 13:47:26.495455249	71.447678	33.638832	1003.305341	25.076802	26.605193	481.069426	65.994791	34.091876	1002.519430	432.002602	11.794364	
7/20/2019 13:47:27.495455249	71.283404	33.595833	1003.985198	25.226735	26.603437	479.790063	65.779211	34.005962	1002.320094	423.298701	11.807099	
7/20/2019 13:47:28.495455249	71.289975	33.801064	1003.252117	24.509110	26.841778	481.005032	66.117983	33.913401	1003.101984	421.615876	11.756516	
7/20/2019 13:47:29.495455249	71.381968	33.521278	1002.028185	25.037502	26.678258	480.363051	65.761706	33.934885	1002.646539	422.756620	11.815010	
7/20/2019 13:47:30.495455249	71.460820	33.523523	1001.758434	25.913021	26.838063	482.689166	66.059449	34.013634	1003.049155	421.581033	11.764900	
7/20/2019 13:47:31.495455249	71.572526	33.585215	1002.834046	25.015364	26.583885	481.822459	65.887106	33.994236	1002.425439	419.930429	11.813091	
7/20/2019 13:47:32.495455249	71.592239	33.606527	1003.930713	25.243331	26.631194	483.017714	66.083630	33.965079	1002.488521	429.629147	11.798359	
7/20/2019 13:47:33.495455249	71.874789	33.780874	1003.514455	25.721064	26.733241	485.981873	65.985775	34.037806	1002.064299	441.473641	11.797164	
7/20/2019 13:47:34.495455249	71.730228	33.522326	1002.022271	25.263490	26.613928	484.073666	66.121400	33.936959	1002.197401	432.997419	11.788595	
7/20/2019 13:47:35.495455249	71.809080	33.606826	1002.450119	25.312923	26.834390	488.501180	66.288775	33.998490	1002.677919	449.803665	11.797702	
7/20/2019 13:47:36.495455249	71.828793	33.605928	1003.016667	24.788352	26.606580	484.256995	66.047016	33.881663	1002.438843	421.412827	11.814261	
7/20/2019 13:47:37.495455249	71.940499	33.681082	1002.739661	24.475976	26.652542	487.269782	66.183483	34.035330	1002.590079	398.723358	11.749656	
7/20/2019 13:47:38.495455249	71.763083	33.573323	1003.117753	24.597436	26.567190	483.592017	65.951107	33.856866	1002.482370	381.587253	11.785480	
7/20/2019 13:47:39.495455249	71.828793	33.661042	1002.017698	25.533976	26.671237	484.536916	65.909526	33.842441	1002.922047	288.892697	11.729220	
7/20/2019 13:47:40.495455249	71.651377	33.532346	1003.751009	24.916804	26.682218	483.049911	65.779316	33.713782	1002.705363	156.503557	11.764112	
7/20/2019 13:47:41.495455249	71.868218	33.784574	1003.038587	25.443961	26.655644	485.751232	65.957625	33.753003	1002.274831	212.529906	11.767463	
7/20/2019 13:47:42.495455249	71.703945	33.485273	1001.487816	24.965700	26.713974	483.026913	65.791301	33.580350	1002.384120	398.250194	11.776491	
7/20/2019 13:47:43.495455249	71.789367	33.586487	1001.649935	25.772347	26.796959	484.521149	65.892415	33.603378	1002.543873	452.300268	11.802079	
7/20/2019 13:47:44.495455249	71.841935	33.616547	1001.691568	24.499163	26.581354	483.570335	65.737025	33.613973	1002.034019	188.989460	11.780184	
7/20/2019 13:47:45.495455249	71.894502	33.670014	1001.522275	24.826354	26.640623	485.976621	65.852333	33.706840	1002.511385	235.519096	11.764808	
7/20/2019 13:47:46.495455249	71.763083	33.549359	1001.095373	24.938741	26.688708	483.685324	65.712450	33.453658	1002.667987	217.627643	11.766333	
7/20/2019 13:47:47.495455249	71.894502	33.613595	1003.535824	25.507353	26.714832	483.259522	65.547572	33.575682	1003.037801	388.085905	11.778239	
7/20/2019 13:47:48.495455249	71.782796	33.648103	1002.517537	24.651033	26.588743	484.809616	65.625267	33.560020	1002.084326	405.748365	11.812487	
7/20/2019 13:47:49.495455249	71.795938	33.669416	1003.212691	25.595199	26.761610	484.836551	65.439834	33.484995	1002.731699	289.354607	11.771695	
7/20/2019 13:47:50.495455249	71.710516	33.544162	1003.023842	25.098965	26.666380	484.669651	65.657674	33.450028	1002.562643	393.817418	11.809044	
7/20/2019 13:47:51.495455249	71.894502	33.563902	1003.054989	25.836124	26.806347	486.567344	65.818532	33.498277	1002.712458	398.107929	11.798925	
7/20/2019 13:47:52.495455249	72.006208	33.621819	1002.554755	24.598709	26.586457	484.982431	65.792300	33.509591	1002.373081	412.120207	11.817744	
7/20/2019 13:47:53.495455249	72.177053	33.570522	1001.921342	24.849221	26.738058	487.499107	65.999102	33.508966	1002.795410	416.712286	11.794101	
7/20/2019 13:47:54.495455249	72.223049	33.617669	1002.580776	24.805812	26.616744	485.911564	65.871204	33.512702	1001.943657	419.740215	11.792275	
7/20/2019 13:47:55.495455249	72.236191	33.596731	1003.439153	24.815054	26.694749	485.111219	66.035268	33.569566	1003.298798	416.929480	11.767831	
7/20/2019 13:47:56.495455249	72.071918	33.568276	1003.043240	24.881867	26.639725	484.511950	65.813169	33.515919	1002.483948	409.071580	11.805220	
7/20/2019 13:47:57.495455249	72.216478	33.758365	1002.237299	25.163486	26.636419	486.619254	66.040735	33.624556	1002.296752	415.233549	11.791420	
7/20/2019 13:47:58.495455249	72.032492	33.632362	1003.618382	24.618596	26.577395	484.766905	65.865185	33.571015	1002.257169	404.170340	11.805798	
7/20/2019 13:47:59.495455249	72.032492	33.617220	1003.762443	25.496133	26.781693	485.711804	66.113068	33.568105	1002.653162	401.291229	11.793996	
7/20/2019 13:48:00.495455249	72.019350	33.621369	1003.322137	24.889236	26.581926	483.882452	65.814326	33.611380	1002.195665	394.962093	11.809858	
7/20/2019 13:48:01.495455249	72.052205	33.600881	1003.234769	25.155621	26.750262	486.427388	66.130416	33.708808	1002.542137	391.750232	11.788372	
7/20/2019 13:48:02.495455249	72.111343	33.652776	1001.737855	24.542373	26.615111	484.283940	65.914993	33.666476	1002.005632	385.955314	11.808163	
7/20/2019 13:48:03.495455249	72.157340	33.645601	1001.993175	24.931611	26.649032	485.650694	66.271560	33.671862	1002.738008	381.425600	11.767331	
7/20/2019 13:48:04.495455249	72.045634	33.554182	1003.446486	24.490626	26.641113	485.104651	66.023387	33.594044	1002.092528	373.519750	11.801001	
7/20/2019 13:48:05.495455249	72.183624	33.690129	1004.242569	25.356356	26.669278	484.139375	66.107548	33.717105	1002.832628	366.634387	11.772536	
7/20/2019 13:48:06.495455249	72.124485	33.579419	1003.160019	24.877462	26.628949	484.707763	65.962093	33.647690	1002.259219	349.974337	11.796888	
7/20/2019 13:48:07.495455249	72.223049	33.626641	1004.006172	25.720063	26.773529	485.444366	66.037476	33.679852	1003.050098	349.252526	11.751469	
7/20/2019 13:48:08.495455249	72.229620	33.532944	1001.616029	25.501211	26.679401	484.446893	65.980807	33.679546	1002.208440	354.517157	11.779080	
7/20/2019 13:48:09.495455249	72.466174	33.717911	1001.860310	25.305105	26.740874	489.417829	66.266855	33.826048	1002.624932	367.087124	11.766674	
7/20/2019 13:48:10.495455249	72.347897	33.679435	1001.722163	24.410957	26.572864	487.222470	66.140009	33.735679	1002.082118	370.939044	11.803366	
7/20/2019 13:48:11.495455249	72.262475	33.565923	1002.327032	25.118875	26.753079	487.548387	66.081974	33.783822	1002.996640	370.330168	11.785835	
7/20/2019 13:48:12.495455249	72.144198	33.532495	1002.691798	24.750661	26.682218	486.955685	66.034426	33.677672	1002.585349	372.562667	11.800436	
7/20/2019 13:48:13.495455249	72.150769	33.860552	1001.379789	25.131626	26.546822	489.331743	66.314612	33.821275	1002.184312	386.596954	11.753427	
7/20/2019 13:48:14.495455249	72.144198	33.647879	1002.197321	24.720898	26.589600	489.025541	66.024938	33.718661	1002.071237	381.353021	11.787478	
7/20/2019 13:48:15.495455249	72.196766	33.654423	1002.368114	25.463015	26.773202	488.308641	66.109466	33.710871	1002.707885	364.023041	11.779304	
7/20/2019 13:48:16.495455249	72.223049	33.584765	1001.446735	24.662174	26.632664	488.771902	66.053430	33.732461	1002.213485	353.075885	11.801119	
7/20/2019 13:48:17.495455249	72.315043	33.690803	1002.479610	25.579244	26.709729	489.525588	66.291587	33.841298	1002.377968	334.379831	11.787833	
7/20/2019 13:48:18.495455249	72.229620	33.684857	1002.859121	24.317274	26.587600	488.949316	66.060605	33.828853	1001.889720	317.864396	11.799634	
7/20/2019 13:48:19.495455249	72.209908	33.586786	1002.286108	24.831921	26.723036	490.682077	66.334877	33.826979	1002.615787	312.059264	11.775992	
7/20/2019 13:48:20.495455249	72.255904	33.663245	1002.805817	24.176753	26.581967	490.115005	66.032718	33.892870	1002.125331	310.139586	11.774757	
7/20/2019 13:48:21.495455249	72.374181	33.724380	1002.976215	24.598733	26.619071	490.899572	66.402742	33.889029	1002.805977	294.148155	11.748105	
7/20/2019 13:48:22.495455249	72.341326	33.654124	1003.355097	24.406457	26.607683	491.052021	66.113173	33.850950	1002.176110	265.828308	11.783364	
7/20/2019 13:48:23.495455249	72.426749	33.712714	1003.467854	25.697837	26.686258	490.408062	66.204272	33.861946	1002.593552	280.175960	11.768961	
7/20/2019 13:48:24.495455249	72.223049	33.612023	1003.310152	24.599983	26.622990	489.890932	66.157461	33.798966	1002.779956	324.851939	11.770078	
7/20/2019 13:48:25.495455249	72.282188	33.569848	1002.835702	25.292387	26.658706	489.680657	66.139114	33.832990	1002.629191	377.718566	11.803879	
7/20/2019 13:48:26.495455249	72.479316	33.712938	1002.622173	25.761749	26.692830	491.343109	66.337532	33.964360	1003.263945	421.998655	11.767055	
7/20/2019 13:48:27.495455249	72.413607	33.653151	1002.715612	24.517544	26.553598	491.162411	66.192628	33.860496	1002.397367	464.034718	11.819058	
7/20/2019 13:48:28.495455249	72.518742	33.816730	1002.404542	25.937768	26.816348	491.354940	66.375354	33.856030	1002.780585	511.526662	11.779737	
7/20/2019 13:48:29.495455249	72.413607	33.579568	1002.049948	24.896668	26.660135	491.483075	66.124159	33.817645	1002.506655	539.145387	11.821529	
7/20/2019 13:48:30.495455249	72.380752	33.613146	1003.335541	26.617070	26.783938	492.983879	66.429078	33.997760	1002.526368	172.906332	11.730836	
7/20/2019 13:48:31.495455249	72.505600	33.621744	1003.273091	24.482840	26.621316	491.916760	66.304282	33.828122	1002.130218	306.997681	11.789278	
7/20/2019 13:48:32.495455249	72.571310	33.591684	1002.138025	25.032384	26.754507	493.721145	66.565202	33.965703	1002.640230	50.161124	11.717064	
7/20/2019 13:48:33.495455249	72.466174	33.570072	1002.428988	25.170518	26.667196	490.394926	66.334587	33.798659	1002.545924	66.410111	11.737447	
7/20/2019 13:48:34.495455249	72.702728	33.734924	1003.692738	24.873777	26.622785	492.232161	66.570774	34.056190	1002.346902	241.147120	11.738630	
7/20/2019 13:48:35.495455249	72.637019	33.706094	1001.730679	24.681292	26.585355	492.483832	66.560549	33.855205	1002.119336	290.985552	11.789291	
7/20/2019 13:48:36.495455249	72.755296	33.827498	1002.601751	24.884918	26.653114	493.613377	66.522227	33.950559	1002.274517	298.827998	11.770867	
7/20/2019 13:48:37.495455249	72.433320	33.580467	1002.601356	25.061129	26.681646	491.167010	66.431942	33.822725	1002.637550	355.203854	11.799542	
7/20/2019 13:48:38.495455249	72.485887	33.648927	1001.840203	25.756705	26.768059	492.933936	66.370044	33.940589	1002.768917	339.281071	11.758540	
7/20/2019 13:48:39.495455249	72.407036	33.633261	1004.067361	25.211958	26.648216	491.678888	66.338793	33.884256	1002.532677	67.312963	11.754347	
7/20/2019 13:48:40.495455249	72.643590	33.618493	1003.301635	25.779411	26.744262	493.312426	66.461880	33.995273	1002.793360	121.514497	11.757423	
7/20/2019 13:48:41.495455249	72.788151	33.601330	1001.041202	24.874554	26.662665	493.417564	66.060053	33.880414	1002.815280	371.485057	11.774507	
7/20/2019 13:48:42.495455249	72.722441	33.715184	1002.902963	24.906118	26.597804	495.396733	66.323995	34.064794	1002.644173	409.456980	11.788516	
7/20/2019 13:48:43.495455249	72.453033	33.574895	1002.458713	25.240222	26.659849	492.974680	65.968664	33.861840	1002.366615	208.626105	11.755635	
7/20/2019 13:48:44.495455249	72.564739	33.723407	1003.658359	25.238604	26.647726	493.924179	66.212998	33.998077	1002.607113	74.748002	11.740259	
7/20/2019 13:48:45.495455249	72.604164	33.612023	1001.167758	25.238236	26.704913	492.791350	65.908422	33.913825	1002.782321	37.659529	11.720533	
7/20/2019 13:48:46.495455249	72.801293	33.680259	1002.913450	25.666136	26.757610	493.702737	66.164846	33.939034	1002.537407	214.590540	11.768172	
7/20/2019 13:48:47.495455249	72.853860	33.679510	1001.192913	24.771620	26.626418	494.763951	66.128418	33.939457	1001.618156	399.282206	11.788240	
7/20/2019 13:48:48.495455249	72.604164	33.602378	1002.411008	25.546207	26.814797	495.622774	66.181747	33.942664	1002.797775	294.848228	11.775650	
7/20/2019 13:48:49.495455249	72.643590	33.633635	1002.757797	24.772429	26.554128	494.353264	66.163585	33.937584	1002.199766	376.418519	11.810148	
7/20/2019 13:48:50.495455249	72.584451	33.598603	1003.550175	25.325032	26.746548	496.438886	66.425871	34.040304	1002.952484	415.134261	11.790698	
7/20/2019 13:48:51.495455249	72.597593	33.595983	1001.667597	25.036381	26.631235	493.751364	66.093512	33.904797	1002.079911	336.099081	11.778620	
7/20/2019 13:48:52.495455249	72.748725	33.703817	1001.631878	25.460380	26.640052	495.482809	66.380479	34.021837	1002.545609	343.953051	11.769894	
7/20/2019 13:48:53.495455249	72.591022	33.618193	1002.897443	24.977177	26.599764	494.455770	66.064022	33.915275	1002.440422	257.059962	11.793523	
7/20/2019 13:48:54.495455249	72.630448	33.701721	1003.386558	25.514194	26.729322	496.172101	66.319237	33.995167	1002.933086	175.292892	11.716144	
7/20/2019 13:48:55.495455249	72.630448	33.623241	1003.991270	24.632709	26.560945	496.258840	66.159274	33.976181	1002.186520	385.558390	11.805049	
7/20/2019 13:48:56.495455249	72.577880	33.660369	1003.008387	25.697828	26.804919	497.653854	66.497390	34.004607	1002.868110	394.210681	11.776597	
7/20/2019 13:48:57.495455249	72.768438	33.648478	1002.137788	24.797234	26.605723	496.925134	66.231555	33.992373	1002.381598	579.256794	11.822606	
7/20/2019 13:48:58.495455249	73.083843	33.714286	1002.927486	25.005401	26.698667	501.004387	66.653489	34.128917	1002.270258	455.161302	11.800686	
7/20/2019 13:48:59.495455249	72.939283	33.676110	1004.178069	24.797002	26.567762	497.412698	66.303283	34.020387	1001.738169	515.202784	11.784889	
7/20/2019 13:49:00.495455249	73.050989	33.751039	1001.882705	24.850959	26.625316	498.640813	66.638586	34.175822	1002.458556	620.410424	11.805311	
7/20/2019 13:49:01.495455249	72.801293	33.601854	1002.605614	24.892912	26.602580	496.507880	66.255079	33.964973	1002.189042	729.056549	11.859206	
7/20/2019 13:49:02.495455249	72.939283	33.775228	1002.086614	25.064516	26.670666	498.678925	66.616771	34.037193	1002.642437	394.416080	11.783154	
7/20/2019 13:49:03.495455249	72.794722	33.643281	1002.248575	25.466715	26.488737	499.925437	66.377771	34.064381	1001.867642	353.611414	11.762758	
7/20/2019 13:49:04.495455249	72.814435	33.844811	1001.396270	25.266613	26.705484	499.518034	66.593956	34.040717	1002.182890	324.647579	11.775860	
7/20/2019 13:49:05.495455249	72.564739	33.558705	1002.395948	24.856926	26.645971	497.114380	66.493236	33.957713	1002.583299	221.994395	11.779409	
7/20/2019 13:49:06.495455249	72.676445	33.717761	1002.751174	25.133684	26.688218	499.126409	66.535369	34.149459	1002.428276	221.310048	11.761352	
7/20/2019 13:49:07.495455249	72.656732	33.606153	1002.401862	24.565887	26.609152	497.247114	66.615667	33.989981	1002.635500	215.773991	11.763507	
7/20/2019 13:49:08.495455249	72.722441	33.639955	1002.791466	25.263473	26.650216	499.331421	66.582417	34.170107	1002.664044	211.483478	11.765268	
7/20/2019 13:49:09.495455249	72.715870	33.606602	1002.952561	25.271691	26.679115	496.804230	66.652438	34.036568	1002.383963	194.051044	11.757330	
7/20/2019 13:49:10.495455249	72.985279	33.718285	1002.588424	25.219959	26.690789	498.639497	66.764144	33.988838	1003.401464	256.526784	11.705683	
7/20/2019 13:49:11.495455249	72.912999	33.563827	1002.553099	24.991401	26.691034	497.870697	66.675357	34.003782	1002.548132	252.078550	11.787885	
7/20/2019 13:49:12.495455249	73.307255	33.823125	1001.649383	25.050893	26.674339	500.468849	66.807590	34.005644	1002.315836	187.517547	11.734503	
7/20/2019 13:49:13.495455249	73.044418	33.606227	1002.731619	24.660628	26.652501	499.829499	66.746087	34.018101	1002.110662	154.944649	11.766753	
7/20/2019 13:49:14.495455249	73.077272	33.697347	1003.157416	25.670349	26.709403	501.123976	66.922056	34.122165	1002.425753	145.944691	11.760025	
7/20/2019 13:49:15.495455249	73.096985	33.648328	1001.118083	24.695693	26.638052	499.392531	66.748951	34.018619	1002.806606	127.042692	11.742874	
7/20/2019 13:49:16.495455249	73.011563	33.686728	1002.925435	25.442030	26.651073	500.744833	67.262879	34.206111	1002.526683	145.460772	11.757988	
7/20/2019 13:49:17.495455249	72.880144	33.555005	1001.774126	24.789978	26.687116	499.259796	67.035261	34.048188	1002.311735	135.358574	11.734096	
7/20/2019 13:49:18.495455249	72.919570	33.667811	1001.800857	25.073175	26.695565	500.365027	67.035366	34.184320	1002.849661	153.259473	11.748144	
7/20/2019 13:49:19.495455249	72.821005	33.607051	1001.797545	24.712833	26.759569	497.847036	67.229182	33.978667	1002.593394	166.277208	11.715106	
7/20/2019 13:49:20.495455249	72.853860	33.611424	1002.062486	24.842830	26.653889	500.178413	67.035418	34.043521	1002.412192	175.798549	11.772588	
7/20/2019 13:49:21.495455249	72.945853	33.690877	1001.275233	24.328887	26.616214	500.997156	67.359288	34.146972	1001.983554	176.505944	11.770328	
7/20/2019 13:49:22.495455249	73.031276	33.705795	1002.840355	24.306838	26.608581	500.914364	67.253705	34.125594	1002.491672	203.136415	11.750930	
7/20/2019 13:49:23.495455249	72.965566	33.601180	1002.241557	25.233190	26.632092	499.747360	67.328194	34.078901	1002.449725	205.589001	11.772746	
7/20/2019 13:49:24.495455249	72.945853	33.607051	1002.014229	24.818835	26.658992	500.826310	67.253258	34.034907	1002.278618	243.375959	11.780776	
7/20/2019 13:49:25.495455249	72.906428	33.648702	1003.342165	24.703702	26.656175	500.165930	67.395059	34.039267	1002.799511	268.750397	11.759670	
7/20/2019 13:49:26.495455249	72.880144	33.605853	1002.838857	24.912318	26.680544	501.047752	67.262589	34.043003	1002.434427	265.016112	11.786098	
7/20/2019 13:49:27.495455249	72.899857	33.597480	1003.879774	24.945044	26.617602	501.243564	67.460717	34.141987	1002.079282	245.184284	11.725291	
7/20/2019 13:49:28.495455249	72.978708	33.686579	1002.021956	24.577245	26.643399	503.000639	67.476723	34.094776	1002.088113	243.743282	11.784771	
7/20/2019 13:49:29.495455249	72.821005	33.617819	1001.672013	25.073920	26.634337	501.417695	67.591374	34.098924	1002.361885	233.584233	11.762324	
7/20/2019 13:49:30.495455249	72.893286	33.622343	1002.516433	25.275055	26.660992	501.301391	67.435641	34.058878	1002.539458	192.387605	11.779632	
7/20/2019 13:49:31.495455249	73.037847	33.654872	1003.325291	23.691066	26.665237	503.756956	67.413668	34.220641	1002.070765	219.510897	11.763599	
7/20/2019 13:49:32.495455249	72.867002	33.633410	1003.914232	24.980637	26.641113	501.225166	67.488761	34.088447	1002.469280	308.222799	11.789830	
7/20/2019 13:49:33.495455249	73.011563	33.684707	1004.019419	24.320454	26.573762	502.118818	67.401183	34.107751	1002.090478	353.880488	11.768264	
7/20/2019 13:49:34.495455249	72.972137	33.606826	1001.095610	24.796216	26.682218	501.530716	67.472150	34.056073	1002.464865	273.641153	11.777437	
7/20/2019 13:49:35.495455249	73.274401	33.686803	1001.463531	25.151729	26.497472	502.285718	67.518908	34.033869	1002.639129	228.985870	11.763415	
7/20/2019 13:49:36.495455249	73.280972	33.697347	1001.978824	24.597268	26.611928	502.869220	67.380866	34.106914	1001.836261	251.975060	11.786045	
7/20/2019 13:49:37.495455249	73.037847	33.559753	1002.716007	24.838553	26.675972	501.116745	67.412959	34.016852	1002.164914	250.134513	11.752626	
7/20/2019 13:49:38.495455249	73.162695	33.653750	1001.854476	24.367988	26.623602	503.091977	67.465684	34.064794	1002.265686	218.496692	11.778121	
7/20/2019 13:49:39.495455249	73.175837	33.706319	1002.191093	24.378761	26.622745	503.283191	67.194672	34.019138	1002.362199	201.845542	11.768527	
7/20/2019 13:49:40.495455249	73.215262	33.621744	1003.227751	24.460911	26.585640	503.168854	67.276126	34.097062	1002.419130	214.278758	11.751877	
7/20/2019 13:49:41.495455249	73.169266	33.639131	1003.453818	24.862149	26.670013	502.379025	67.010738	34.023286	1002.582827	235.617615	11.779882	
7/20/2019 13:49:42.495455249	73.320397	33.685381	1002.661598	24.406625	26.607152	504.967325	67.152224	34.079737	1002.327189	247.455558	11.770131	
7/20/2019 13:49:43.495455249	73.182407	33.638308	1003.327262	25.137585	26.705770	503.680732	66.939009	34.031383	1002.736272	226.124565	11.780263	
7/20/2019 13:49:44.495455249	73.326968	33.692150	1002.313076	24.564454	26.608254	504.987039	66.922109	34.095612	1001.853766	215.678364	11.766740	
7/20/2019 13:49:45.495455249	73.313826	33.586487	1003.963592	24.464748	26.600621	504.613148	67.012289	34.093220	1002.572103	175.864575	11.755188	
7/20/2019 13:49:46.495455249	73.294114	33.670239	1003.233665	24.772357	26.645399	506.454330	66.797708	33.989463	1002.206547	143.719783	11.760458	
7/20/2019 13:49:47.495455249	73.267830	33.732828	1002.944991	24.370888	26.612254	506.746081	67.082152	34.055766	1001.954853	116.857701	11.767331	
7/20/2019 13:49:48.495455249	73.202120	33.633111	1002.365748	24.637714	26.641154	507.586506	66.926919	34.020799	1002.362042	98.790176	11.761799	
7/20/2019 13:49:49.495455249	73.123269	33.623091	1001.657347	24.826676	26.659849	507.120625	66.706871	33.968815	1002.401310	112.554353	11.763849	
7/20/2019 13:49:50.495455249	73.202120	33.670538	1002.153875	24.854339	26.594090	506.397820	66.946422	34.113868	1002.114449	124.150474	11.764782	
7/20/2019 13:49:51.495455249	73.116698	33.648777	1003.306997	24.791571	26.666094	506.127098	66.843704	33.986245	1002.865273	94.290062	11.744097	
7/20/2019 13:49:52.495455249	73.037847	33.608099	1003.592440	24.914953	26.679932	504.565837	66.812900	34.094257	1002.381283	118.513547	11.752455	
7/20/2019 13:49:53.495455249	73.057560	33.681531	1002.534490	24.744974	26.622418	504.975208	66.810298	34.072466	1002.438214	173.337059	11.776518	
7/20/2019 13:49:54.495455249	73.050989	33.617445	1002.599463	25.136512	26.633766	504.868103	66.918587	34.056697	1002.453668	169.719099	11.772325	
7/20/2019 13:49:55.495455249	73.169266	33.616996	1002.140785	24.752270	26.675442	505.815633	66.736966	34.025572	1002.453983	150.231272	11.770328	
7/20/2019 13:49:56.495455249	73.156124	33.596582	1002.255356	24.927664	26.683646	504.736684	66.927313	34.007412	1002.386170	143.083385	11.770617	
7/20/2019 13:49:57.495455249	73.287543	33.702245	1002.167279	24.831217	26.585885	505.445690	66.797156	34.051406	1002.075338	184.849077	11.776794	
7/20/2019 13:49:58.495455249	73.248117	33.606452	1002.420077	25.238340	26.696422	503.807551	66.904394	33.981060	1002.535042	195.506191	11.776938	
7/20/2019 13:49:59.495455249	73.432103	33.750590	1002.186677	24.812322	26.595723	505.427291	66.748557	34.047469	1001.718456	191.836621	11.756871	
7/20/2019 13:50:00.495455249	73.320397	33.581065	1003.203860	25.050356	26.723322	504.078273	66.833322	34.044453	1002.305426	237.688462	11.762745	
7/20/2019 13:50:01.495455249	73.451816	33.738774	1003.512090	24.591846	26.617642	505.759123	66.776891	34.108788	1002.217900	266.140090	11.757449	
7/20/2019 13:50:02.495455249	73.438674	33.681831	1002.422679	24.635296	26.599764	507.820432	66.978278	34.022768	1002.092371	292.103248	11.791434	
7/20/2019 13:50:03.495455249	73.202120	33.727556	1001.552002	24.464026	26.723893	505.983849	66.635642	34.012290	1002.195665	268.465867	11.761023	
7/20/2019 13:50:04.495455249	73.392678	33.724081	1002.038357	24.569404	26.585600	508.683854	66.952099	34.089484	1001.886726	297.253905	11.796349	
7/20/2019 13:50:05.495455249	73.313826	33.685905	1002.787288	24.935128	26.681932	507.406461	66.591301	34.032832	1002.841459	319.129599	11.757409	
7/20/2019 13:50:06.495455249	73.320397	33.707591	1002.989936	24.675342	26.625275	510.059155	66.944476	34.033457	1002.147251	326.230846	11.792091	
7/20/2019 13:50:07.495455249	73.103556	33.797738	1001.603728	24.565600	26.733772	507.121277	66.724218	34.171662	1001.496885	314.586779	11.749222	
7/20/2019 13:50:08.495455249	73.182407	33.627540	1002.387669	25.090338	26.684789	510.161661	66.649835	33.963523	1002.543716	300.460525	11.793720	
7/20/2019 13:50:09.495455249	73.267830	33.702245	1003.068630	25.070484	26.585028	510.856868	66.674016	34.102766	1002.129746	310.128061	11.785047	
7/20/2019 13:50:10.495455249	73.300685	33.717162	1001.347933	24.709910	26.595559	512.543633	66.564965	34.079419	1001.602544	317.336730	11.770578	
7/20/2019 13:50:11.495455249	73.175837	33.600955	1001.517859	25.179889	26.691320	510.992887	66.470264	34.019762	1002.570052	296.683533	11.784771	
7/20/2019 13:50:12.495455249	73.208691	33.664443	1000.775237	25.312714	26.570048	514.150890	66.168053	34.044664	1002.920468	288.859164	11.752757	
7/20/2019 13:50:13.495455249	73.228404	33.745468	1002.658996	24.659396	26.586171	512.545602	66.653646	34.106608	1002.108140	302.553380	11.752494	
7/20/2019 13:50:14.495455249	73.563522	33.871770	1002.751883	25.203547	26.644093	514.024723	66.559445	34.223234	1002.808814	302.642454	11.757988	
7/20/2019 13:50:15.495455249	73.484671	33.697572	1003.078960	24.540699	26.589845	512.912261	66.588541	34.159005	1001.902181	287.153019	11.781104	
7/20/2019 13:50:16.495455249	73.688370	33.972011	1003.798005	24.989615	26.702423	514.924943	66.519625	34.087610	1002.204654	268.778959	11.731323	
7/20/2019 13:50:17.495455249	73.386107	33.675885	1002.874261	24.721579	26.664665	513.095591	66.723062	34.068942	1002.421023	262.328255	11.776123	
7/20/2019 13:50:18.495455249	73.372965	33.714061	1002.521953	25.763569	26.837206	513.358429	66.657667	34.114693	1002.419130	259.994886	11.766122	
7/20/2019 13:50:19.495455249	73.366394	33.733801	1001.364572	24.887177	26.599192	511.937133	66.828644	34.173631	1001.924101	267.948415	11.779330	
7/20/2019 13:50:20.495455249	73.313826	33.676933	1003.086687	25.836556	26.756467	513.671210	66.754865	34.243046	1002.480162	257.046856	11.766385	
7/20/2019 13:50:21.495455249	73.346681	33.676110	1003.562397	24.805580	26.671441	510.843069	66.849618	34.173218	1002.324510	253.082271	11.774717	
7/20/2019 13:50:22.495455249	73.445245	33.662165	1002.917156	25.326738	26.728751	510.198457	66.748951	34.241808	1003.071390	254.688858	11.759709	
7/20/2019 13:50:23.495455249	73.392678	33.617145	1002.700867	25.083579	26.688463	509.935619	66.767665	34.088553	1002.628876	259.644329	11.785691	
7/20/2019 13:50:24.495455249	73.556951	33.718435	1001.377819	25.429848	26.717199	509.929704	66.702403	34.122271	1003.018717	261.107069	11.714830	
7/20/2019 13:50:25.495455249	73.418962	33.686279	1001.367017	25.432379	26.637766	509.585389	66.816869	34.118122	1002.193615	255.587778	11.773114	
7/20/2019 13:50:26.495455249	73.458387	33.744121	1002.855810	26.012654	26.750589	510.732017	66.814109	34.169376	1002.653634	256.003050	11.769920	
7/20/2019 13:50:27.495455249	73.524097	33.548685	1003.317484	24.582819	26.687646	510.078869	66.929626	34.124451	1002.604905	259.121635	11.757409	
7/20/2019 13:50:28.495455249	73.412391	33.664817	1002.558067	25.955613	26.865861	512.483839	67.153933	34.211190	1002.804870	251.548264	11.774980	
7/20/2019 13:50:29.495455249	73.478100	33.745169	1002.592287	24.966805	26.638297	511.429855	66.938457	34.201126	1001.958640	249.474796	11.756976	
7/20/2019 13:50:30.495455249	73.550380	33.720156	1003.548756	24.936546	26.728424	516.013754	67.337971	34.238379	1002.832628	259.269143	11.755688	
7/20/2019 13:50:31.495455249	73.432103	33.680932	1002.314652	24.932741	26.664380	511.466652	66.866781	34.122271	1002.235248	258.671520	11.765728	
7/20/2019 13:50:32.495455249	73.583235	33.713462	1002.595522	25.110681	26.671849	513.330832	67.198378	34.151533	1003.457923	259.673930	11.738511	
7/20/2019 13:50:33.495455249	73.517526	33.739148	1002.471093	24.667324	26.590988	513.167216	67.018360	34.207666	1001.891613	258.478684	11.789607	
7/20/2019 13:50:34.495455249	73.616090	33.744046	1002.535751	25.646201	26.757120	513.079161	67.293184	34.119159	1002.915895	256.328977	11.751022	
7/20/2019 13:50:35.495455249	73.392678	33.595609	1003.559638	25.241800	26.691606	512.265681	67.047956	34.126525	1002.220266	253.946348	11.736119	
7/20/2019 13:50:36.495455249	73.491242	33.713088	1002.251335	25.787860	26.798714	514.606910	67.339337	34.100480	1002.699368	257.693739	11.771852	
7/20/2019 13:50:37.495455249	73.471529	33.648777	1002.244869	25.327123	26.699239	513.216495	66.989921	34.083674	1002.548446	253.094066	11.780960	
7/20/2019 13:50:38.495455249	73.629232	33.693572	1003.471875	25.559862	26.780264	516.913974	67.370983	34.144262	1002.771282	247.918779	11.763862	
7/20/2019 13:50:39.495455249	73.760651	33.570447	1003.394208	24.544727	26.733527	514.127229	67.160109	34.049332	1002.434113	234.999294	11.756976	
7/20/2019 13:50:40.495455249	73.543810	33.645227	1003.792248	25.438226	26.725077	515.012997	67.409752	34.246475	1002.749518	225.035430	11.753138	
7/20/2019 13:50:41.495455249	73.622661	33.750141	1004.131625	24.693579	26.608826	514.250765	67.231785	34.177991	1001.889091	231.192430	11.773206	
7/20/2019 13:50:42.495455249	73.694941	33.765957	1003.182254	25.624487	26.651440	515.292918	67.301463	34.204036	1002.666409	230.553411	11.753283	
7/20/2019 13:50:43.495455249	73.576664	33.638458	1002.115553	25.328228	26.652787	514.067435	67.216987	34.100173	1002.484892	232.222091	11.773495	
7/20/2019 13:50:44.495455249	73.734367	33.754739	1002.654266	25.502076	26.760793	515.594521	67.359602	34.108470	1002.795410	237.050754	11.761483	
7/20/2019 13:50:45.495455249	73.616090	33.729128	1001.991204	24.613991	26.588416	515.867221	67.260276	34.205899	1001.858025	242.447167	11.782799	
7/20/2019 13:50:46.495455249	73.616090	33.787868	1002.763869	25.323591	26.675727	517.469216	67.498144	34.273133	1001.994279	238.039019	11.750076	
7/20/2019 13:50:47.495455249	73.524097	33.708340	1001.819466	24.591950	26.643113	516.532200	67.508816	34.157131	1001.941606	243.844151	11.787136	
7/20/2019 13:50:48.495455249	73.478100	33.607799	1003.618382	24.965715	26.730424	518.343816	67.303223	34.170001	1003.465175	242.929775	11.741731	
7/20/2019 13:50:49.495455249	73.405820	33.660219	1003.912418	24.864639	26.623275	515.484131	67.573317	34.165122	1002.444995	194.093750	11.770959	
7/20/2019 13:50:50.495455249	73.550380	33.655771	1002.260166	25.223595	26.752262	516.245048	67.446576	34.244919	1002.970618	83.759756	11.739734	
7/20/2019 13:50:51.495455249	73.767222	33.723782	1002.255751	24.240113	26.587028	516.272646	67.674850	34.210259	1001.620049	248.239464	11.758487	
7/20/2019 13:50:52.495455249	73.806647	33.754814	1002.645749	25.363243	26.649726	516.220735	67.453698	34.244083	1002.305269	672.256274	11.827009	
7/20/2019 13:50:53.495455249	73.543810	33.595908	1002.128248	24.974782	26.688749	515.494646	67.592792	34.131817	1002.405726	1000.429154	11.873518	
7/20/2019 13:50:54.495455249	73.727796	33.845859	1004.071225	25.286540	26.683973	517.701825	67.597260	34.256634	1002.296280	1050.801754	11.874503	
7/20/2019 13:50:55.495455249	73.635803	33.736571	1003.160413	24.577573	26.583028	516.822635	67.754806	34.229658	1002.275781	732.008238	11.836339	
7/20/2019 13:50:56.495455249	73.497813	33.691776	1002.779166	26.260908	26.775203	516.428378	67.785295	34.234949	1002.557277	557.157360	11.816443	
7/20/2019 13:50:57.495455249	73.300685	33.834417	1002.803846	23.795354	26.740588	516.990851	67.455407	34.264212	1001.700479	949.214483	11.853253	
7/20/2019 13:50:58.495455249	73.629232	33.683103	1002.064694	25.145362	26.776590	519.508842	67.688439	34.200088	1002.664044	1074.899710	11.887238	
7/20/2019 13:50:59.495455249	73.708083	33.728604	1003.919751	24.842349	26.610540	517.542156	67.465736	34.192204	1002.042535	603.598940	11.830570	
7/20/2019 13:51:00.495455249	73.754080	33.657268	1002.478111	25.199904	26.746874	519.322881	67.445866	34.262762	1002.889244	621.700257	11.813183	
7/20/2019 13:51:01.495455249	73.563522	33.648852	1002.831839	25.418716	26.620500	518.564595	67.305274	34.185875	1002.045058	757.418814	11.841176	
7/20/2019 13:51:02.495455249	73.800076	33.855130	1002.780427	25.259051	26.667278	521.642428	67.277282	34.287040	1002.429854	716.781062	11.834499	
7/20/2019 13:51:03.495455249	73.655516	33.654723	1003.441281	25.146339	26.710015	520.271727	67.225371	34.144061	1002.574468	586.095517	11.820070	
7/20/2019 13:51:04.495455249	73.740938	33.759188	1003.735397	26.220990	26.775529	520.687666	67.245584	34.219593	1002.088899	381.537993	11.753335	
7/20/2019 13:51:05.495455249	73.662087	33.649526	1002.331842	25.315918	26.702055	519.767733	67.250052	34.167820	1002.458241	424.168020	11.810647	
7/20/2019 13:51:06.495455249	73.701512	33.704415	1002.499165	25.938032	26.724996	523.292396	67.202399	34.339850	1002.403676	513.231496	11.788608	
7/20/2019 13:51:07.495455249	74.010347	33.909047	1002.487494	26.222742	26.717852	522.552499	67.408097	34.335289	1003.167746	343.274986	11.742322	
7/20/2019 13:51:08.495455249	73.662087	33.691102	1001.458563	25.481644	26.510534	522.833745	67.037074	34.295549	1002.011941	273.575128	11.772509	
7/20/2019 13:51:09.495455249	73.832931	33.933535	1003.146535	25.899853	26.842145	523.019696	67.373691	34.219381	1002.688958	328.132177	11.769014	
7/20/2019 13:51:10.495455249	73.681799	33.728679	1002.649298	24.581145	26.613928	521.868469	67.210573	34.278531	1001.948072	436.844097	11.801093	
7/20/2019 13:51:11.495455249	73.708083	33.761134	1002.378601	25.576017	26.808878	522.821915	67.564643	34.301866	1002.611843	372.499263	11.781498	
7/20/2019 13:51:12.495455249	73.576664	33.776201	1003.413998	24.434144	26.609968	522.245644	67.336420	34.285378	1002.265371	264.992793	11.757882	
7/20/2019 13:51:13.495455249	73.780364	33.752087	1002.625327	24.947542	26.715730	525.426645	67.740141	34.376065	1002.395473	291.123886	11.758894	
7/20/2019 13:51:14.495455249	73.629232	33.691102	1002.654266	25.329982	26.661278	521.167347	67.239617	34.211296	1002.414714	313.914227	11.797006	
7/20/2019 13:51:15.495455249	73.780364	33.768352	1003.061217	25.479417	26.648011	522.047852	67.595290	34.361228	1002.773332	274.337025	11.758277	
7/20/2019 13:51:16.495455249	73.655516	33.681906	1000.885235	25.006210	26.669482	523.017728	67.334974	34.147585	1002.241557	197.257664	11.752192	
7/20/2019 13:51:17.495455249	73.806647	33.939257	1002.876469	25.201345	26.695320	524.003371	67.392957	34.326049	1002.300224	191.952946	11.721479	
7/20/2019 13:51:18.495455249	73.556951	33.722734	1001.958559	25.012265	26.620214	522.221330	67.491468	34.242114	1002.386328	213.637118	11.779816	
7/20/2019 13:51:19.495455249	73.589806	33.823873	1004.360609	25.462998	26.752834	524.504733	67.405599	34.305814	1002.629505	214.048458	11.723635	
7/20/2019 13:51:20.495455249	73.780364	33.724081	1002.651426	24.490521	26.604009	523.145863	67.589875	34.301666	1001.667834	173.783243	11.760603	
7/20/2019 13:51:21.495455249	73.806647	33.693422	1002.314180	25.401088	26.814552	526.117905	67.608142	34.277695	1002.434270	198.743993	11.746607	
7/20/2019 13:51:22.495455249	73.662087	33.659246	1001.717747	24.962687	26.607152	522.892224	67.606172	34.224991	1002.436478	264.008460	11.773745	
7/20/2019 13:51:23.495455249	73.655516	33.645152	1002.406750	25.187177	26.768876	525.052091	67.620679	34.251142	1002.868267	280.137185	11.745227	
7/20/2019 13:51:24.495455249	73.491242	33.623765	1002.121624	24.916531	26.683646	523.781929	67.671434	34.181409	1002.383491	258.513798	11.783299	
7/20/2019 13:51:25.495455249	73.609519	33.751713	1002.239507	24.977528	26.722220	524.860878	67.580255	34.267323	1002.854077	270.382924	11.759880	
7/20/2019 13:51:26.495455249	73.563522	33.643206	1002.657183	25.115984	26.720220	523.384388	67.601414	34.208185	1002.473224	332.144710	11.786348	
7/20/2019 13:51:27.495455249	73.911782	33.766631	1001.699927	25.628628	26.783489	523.554571	67.455459	34.215857	1003.165696	343.786156	11.740785	
7/20/2019 13:51:28.495455249	73.819789	33.654348	1000.741251	24.433552	26.638337	524.408142	67.654533	34.235574	1002.019036	341.394354	11.736330	
7/20/2019 13:51:29.495455249	73.819789	33.791493	1003.326395	25.602936	26.754793	526.838742	67.621888	34.317646	1002.157340	312.770591	11.779724	
7/20/2019 13:51:30.495455249	73.668657	33.643281	1002.829631	25.166666	26.729853	523.856837	67.668779	34.226652	1002.405726	317.999069	11.789173	
7/20/2019 13:51:31.495455249	73.708083	33.734625	1003.537243	24.802857	26.738915	528.530759	67.758722	34.381357	1002.216007	338.713049	11.748920	
