
Time stamp	Inside_humidity (in %rH)	Inside_temperature (in °C)	Inside_pressure (in mbar)	Soil_moisture (in %VWC)	Soil_temperature (in °C)	Inside_CO2_ratio (in ppm)	Outside_humidity (in %rH)	Outside_temperature (in °C)	Outside_pressure (in mbar)	Outside_PAR (in µmol m^-2 s^-1)	Power_box_charge (in V)	
7/20/2019 13:55:13.495455249	62.872591	33.212662	1002.303455	25.497798	26.774386	475.196965	69.903111	33.676953	1002.908800	244.510421	11.759328	
7/20/2019 13:55:14.495455249	64.259062	33.269605	1002.937263	24.091967	26.898434	473.267075	70.949784	33.532619	1002.726811	180.550972	11.729982	
7/20/2019 13:55:15.495455249	65.586393	33.421069	1002.680602	25.278819	26.729363	477.696558	70.680585	33.737340	1002.292651	227.588615	11.752350	
7/20/2019 13:55:16.495455249	65.750667	33.168840	1001.984896	25.075970	26.742874	475.960513	70.315819	33.613655	1002.257012	253.740678	11.781301	
7/20/2019 13:55:17.495455249	66.177778	33.373322	1002.934109	25.316855	26.746629	478.471273	69.883897	33.772720	1002.132740	227.289939	11.766320	
7/20/2019 13:55:18.495455249	66.098927	33.201220	1002.479215	24.903540	26.747119	476.785824	69.214712	33.636377	1002.322302	158.692040	11.765925	
7/20/2019 13:55:19.495455249	66.269772	33.264483	1002.960603	25.616335	26.775488	479.863004	68.701127	33.802289	1002.216007	154.191926	11.758421	
7/20/2019 13:55:20.495455249	66.112069	33.179758	1001.871744	25.046624	26.717975	477.111087	68.267944	33.654432	1002.393108	158.541912	11.724515	
7/20/2019 13:55:21.495455249	66.059501	33.223056	1002.114449	25.478263	26.810919	480.255293	68.076520	33.735985	1002.937501	181.139421	11.707418	
7/20/2019 13:55:22.495455249	65.954366	33.222457	1003.462887	25.274254	26.654461	477.198479	67.603831	33.741690	1002.418501	180.239190	11.763349	
7/20/2019 13:55:23.495455249	65.987221	33.307781	1002.886010	25.003238	26.683156	478.743311	67.719481	33.943924	1002.519745	207.514961	11.756634	
7/20/2019 13:55:24.495455249	65.849231	33.232926	1001.757567	25.137593	26.775733	477.221477	67.208418	33.779355	1002.563272	237.287606	11.751233	
7/20/2019 13:55:25.495455249	66.158066	33.396431	1002.478111	25.034970	26.699320	478.842533	67.321518	33.917773	1002.237299	160.390322	11.747960	
7/20/2019 13:55:26.495455249	65.987221	33.288971	1001.568876	24.634038	26.709770	478.056650	66.859002	33.911550	1001.504294	186.251033	11.736711	
7/20/2019 13:55:27.495455249	66.059501	33.485005	1004.131310	25.171968	26.777815	479.539056	67.150883	33.831234	1002.136999	167.715317	11.728813	
7/20/2019 13:55:28.495455249	66.098927	33.268333	1002.991986	24.594104	26.650256	478.067817	66.995178	33.843585	1002.182733	134.378172	11.759433	
7/20/2019 13:55:29.495455249	66.223775	33.328345	1002.910138	25.722778	26.770100	480.645603	66.813057	33.926588	1002.110348	102.013563	11.743689	
7/20/2019 13:55:30.495455249	66.348623	33.305461	1001.382077	24.691656	26.689075	479.121801	66.916275	33.834039	1002.250703	187.368729	11.760747	
7/20/2019 13:55:31.495455249	66.309197	33.180432	1002.707805	25.603600	26.879739	478.923357	66.628466	33.915380	1002.710250	147.605508	11.752600	
7/20/2019 13:55:32.495455249	66.447187	33.274129	1003.243758	24.865031	26.708627	479.774296	66.818262	33.849913	1002.016514	378.888911	11.771589	
7/20/2019 13:55:33.495455249	66.736309	33.317127	1002.753934	24.660852	26.733608	481.230421	66.784408	34.045501	1002.178475	571.005361	11.799240	
7/20/2019 13:55:34.495455249	66.815160	33.252891	1001.451545	24.857463	26.688218	479.950396	66.922398	33.806956	1002.224052	252.429107	11.778870	
7/20/2019 13:55:35.495455249	67.097711	33.396206	1002.213171	24.977152	26.718301	481.180478	66.829958	33.869524	1002.579041	61.101460	11.726999	
7/20/2019 13:55:36.495455249	67.163420	33.265606	1001.626753	26.498525	27.115508	480.796736	67.163868	33.942145	1003.389475	229.406385	11.710243	
7/20/2019 13:55:37.495455249	67.123995	33.359902	1001.480326	25.602840	26.626704	479.564022	66.865572	33.842960	1002.466601	103.479195	11.730666	
7/20/2019 13:55:38.495455249	67.505110	33.320271	1003.722937	25.123231	26.782060	481.576051	67.365307	34.033987	1003.016667	176.274334	11.721256	
7/20/2019 13:55:39.495455249	67.406546	33.206717	1001.112326	24.835566	26.746548	478.995634	66.798864	33.705061	1002.451303	56.317086	11.743729	
7/20/2019 13:55:40.495455249	67.649671	33.328719	1002.496720	25.145168	26.811572	479.212476	67.180873	33.870254	1003.462967	141.758709	11.727682	
7/20/2019 13:55:41.495455249	67.728522	33.325875	1001.970860	24.521862	26.647195	479.421435	66.854586	33.825742	1002.167593	130.052545	11.742007	
7/20/2019 13:55:42.495455249	67.984789	33.390036	1002.408328	25.455918	26.905087	476.971774	67.182686	33.719380	1003.143618	112.549111	11.685996	
7/20/2019 13:55:43.495455249	67.754806	33.222907	1002.190698	25.085838	26.760998	477.733354	66.745192	33.784022	1002.609006	157.878533	11.756884	
7/20/2019 13:55:44.495455249	67.807373	33.400430	1003.027706	26.278344	26.907577	479.632363	66.991472	33.853437	1002.410771	108.875609	11.742980	
7/20/2019 13:55:45.495455249	67.997931	33.216736	1004.195179	24.479340	26.530127	480.997811	66.677223	33.802183	1002.639915	108.906521	11.738906	
7/20/2019 13:55:46.495455249	68.076782	33.396506	1001.922051	25.308237	26.831614	480.445190	67.141842	33.893696	1002.782792	117.681692	11.730363	
7/20/2019 13:55:47.495455249	68.063640	33.248293	1002.601356	25.244163	26.757895	478.054018	66.616481	33.838706	1002.396895	123.309716	11.761312	
7/20/2019 13:55:48.495455249	68.379046	33.381438	1002.681863	24.651810	26.753691	481.992653	67.176248	34.029626	1002.167593	149.931014	11.730731	
7/20/2019 13:55:49.495455249	68.221343	33.307482	1001.812842	24.897854	26.646542	479.536424	66.675619	33.861428	1002.184312	155.247528	11.763560	
7/20/2019 13:55:50.495455249	68.451326	33.398901	1002.668459	25.066349	26.659032	481.340810	66.984401	34.071440	1002.447202	116.018254	11.713923	
7/20/2019 13:55:51.495455249	68.392188	33.339038	1001.986552	24.784611	26.645113	480.306541	66.524488	33.909570	1002.184155	147.502018	11.758487	
7/20/2019 13:55:52.495455249	68.563032	33.396206	1002.421495	25.414494	26.790877	480.673200	66.684845	33.850220	1003.080378	163.757285	11.715237	
7/20/2019 13:55:53.495455249	68.411900	33.196322	1002.321118	24.665410	26.720220	480.453074	66.401795	33.840674	1002.497667	197.698605	11.764953	
7/20/2019 13:55:54.495455249	68.589316	33.491924	1002.807001	25.341459	26.742343	482.929006	66.591905	33.988425	1002.295966	215.547622	11.759420	
7/20/2019 13:55:55.495455249	68.622171	33.364799	1003.064924	24.627150	26.656461	481.498511	66.430734	33.961142	1002.086062	251.257180	11.772089	
7/20/2019 13:55:56.495455249	68.622171	33.339113	1001.333031	26.386132	26.841206	481.535308	66.569380	33.972857	1003.049626	252.501686	11.746580	
7/20/2019 13:55:57.495455249	68.878438	33.315930	1002.276567	24.680115	26.697565	482.195034	66.442824	33.895463	1002.077703	253.635877	11.779737	
7/20/2019 13:55:58.495455249	68.944147	33.239471	1001.372694	25.281342	26.860759	482.269943	66.727977	33.940801	1003.108608	198.308023	11.734832	
7/20/2019 13:55:59.495455249	68.891580	33.279999	1003.859509	25.292891	26.724179	480.386049	66.350331	33.932398	1002.379390	225.880120	11.769184	
7/20/2019 13:56:00.495455249	69.187272	33.325393	1004.265988	25.288782	26.716832	483.521708	66.642055	34.113667	1002.600332	218.855112	11.741941	
7/20/2019 13:56:01.495455249	69.174130	33.289795	1002.739503	24.934727	26.766141	481.396005	66.267669	33.884256	1002.747468	209.694541	11.755661	
7/20/2019 13:56:02.495455249	69.515820	33.397628	1002.964152	25.187786	26.728791	483.722120	66.614668	33.923371	1002.598282	172.483196	11.738078	
7/20/2019 13:56:03.495455249	69.252982	33.274802	1002.405726	25.406606	26.755079	481.657528	66.353091	33.898056	1002.583142	156.683287	11.767147	
7/20/2019 13:56:04.495455249	69.430397	33.364425	1002.873709	25.997068	26.835043	482.875780	66.628809	33.931668	1002.594338	176.966544	11.750983	
7/20/2019 13:56:05.495455249	69.436968	33.258163	1002.811416	25.414479	26.732424	482.005789	66.401243	33.938833	1002.460763	163.067966	11.768172	
7/20/2019 13:56:06.495455249	69.542103	33.276000	1003.174369	25.986873	26.858799	483.394888	66.574138	34.002945	1002.616416	196.116919	11.732847	
7/20/2019 13:56:07.495455249	69.666951	33.296264	1001.876791	25.124658	26.717403	481.953878	66.462090	33.938621	1002.235091	200.089097	11.753322	
7/20/2019 13:56:08.495455249	69.739232	33.286918	1001.827745	25.903176	26.782264	484.076297	66.635484	34.063545	1002.948697	64.112895	11.724896	
7/20/2019 13:56:09.495455249	69.752374	33.227205	1001.434197	24.959428	26.758508	483.260185	66.544200	33.900543	1002.561378	39.259563	11.742717	
7/20/2019 13:56:10.495455249	70.133488	33.367195	1002.744708	24.585919	26.691075	486.259825	66.943610	34.147078	1002.250388	109.281707	11.741258	
7/20/2019 13:56:11.495455249	69.798370	33.274653	1001.703791	24.789016	26.722220	484.400245	66.699143	33.945056	1002.357941	167.785275	11.765728	
7/20/2019 13:56:12.495455249	70.146630	33.429934	1002.559408	24.955415	26.704708	485.356975	66.835977	34.055248	1002.567058	108.647930	11.726644	
7/20/2019 13:56:13.495455249	70.225482	33.154446	1004.546698	25.009069	26.664665	483.563104	66.923555	33.992574	1001.735804	177.436047	11.746554	
7/20/2019 13:56:14.495455249	70.126918	33.438307	1002.145990	24.935769	26.731077	485.464080	67.060388	34.070085	1002.281612	202.889348	11.736303	
7/20/2019 13:56:15.495455249	70.041495	33.290768	1001.372536	24.453294	26.712301	484.542179	66.843704	33.924302	1002.615944	204.392444	11.755832	
7/20/2019 13:56:16.495455249	70.245195	33.386561	1002.162311	25.858566	26.768957	485.533074	67.113560	34.105253	1002.189042	155.780435	11.749958	
7/20/2019 13:56:17.495455249	70.330617	33.302060	1002.297384	24.690719	26.686789	485.460796	66.901239	33.970370	1001.862912	80.414802	11.754282	
7/20/2019 13:56:18.495455249	70.172914	33.322624	1002.440341	25.414647	26.824797	485.283382	67.154984	34.000046	1002.594338	93.369133	11.740943	
7/20/2019 13:56:19.495455249	70.324046	33.302210	1002.000588	24.874394	26.710587	485.347776	66.894668	33.968296	1002.307162	101.503975	11.750930	
7/20/2019 13:56:20.495455249	70.422610	33.318999	1002.506813	25.560622	26.765284	486.021301	67.009267	34.068942	1002.810550	128.981758	11.746856	
7/20/2019 13:56:21.495455249	70.593455	33.307407	1001.917321	24.837039	26.711974	485.310979	66.770872	33.985208	1002.166964	141.051313	11.761418	
7/20/2019 13:56:22.495455249	70.376614	33.318325	1002.272309	25.244555	26.767324	484.760989	66.697935	34.021318	1002.891609	185.303124	11.748420	
7/20/2019 13:56:23.495455249	70.396326	33.339413	1001.859601	24.824826	26.668625	485.602730	66.463693	34.037605	1001.997908	204.851734	11.772312	
7/20/2019 13:56:24.495455249	70.652593	33.481530	1003.026759	25.438962	26.678054	485.632296	66.284569	34.102766	1002.346588	216.261571	11.752705	
7/20/2019 13:56:25.495455249	70.573742	33.343861	1002.465022	24.966356	26.663849	484.753106	66.253922	34.040410	1002.130218	204.349738	11.775217	
7/20/2019 13:56:26.495455249	70.659164	33.534773	1002.612238	25.534217	26.737527	486.199368	66.267721	34.013222	1002.401625	186.411646	11.744688	
7/20/2019 13:56:27.495455249	70.580313	33.401778	1001.152303	25.622863	26.624745	486.180317	66.307042	33.936028	1002.633449	148.442334	11.721716	
7/20/2019 13:56:28.495455249	70.659164	33.366895	1001.960610	25.601494	26.801816	486.953717	66.241385	33.989251	1002.521953	120.253225	11.746436	
7/20/2019 13:56:29.495455249	70.652593	33.371269	1003.477552	24.660660	26.650216	485.113851	66.327859	34.066243	1001.771286	106.452894	11.732676	
7/20/2019 13:56:30.495455249	70.508032	33.259960	1002.084958	25.124634	26.725322	484.580944	66.048672	33.946093	1002.534728	84.957623	11.752718	
7/20/2019 13:56:31.495455249	70.823438	33.524080	1002.267104	26.650403	26.920027	486.064002	66.314926	34.009274	1002.666409	60.237654	11.698547	
7/20/2019 13:56:32.495455249	70.678877	33.387159	1002.740687	24.844055	26.633439	485.693406	66.419747	34.093738	1001.897922	59.773123	11.736737	
7/20/2019 13:56:33.495455249	70.718303	33.444402	1003.388451	26.195721	26.871861	488.641798	66.651176	34.089897	1002.367401	54.385612	11.734897	
7/20/2019 13:56:34.495455249	70.514603	33.385887	1000.931284	25.665191	26.770386	484.356218	66.298763	34.011666	1002.366143	43.246158	11.718641	
7/20/2019 13:56:35.495455249	70.889147	33.293537	1002.786579	25.836499	26.899822	488.321134	66.517260	34.152782	1003.038902	42.959006	11.705026	
7/20/2019 13:56:36.495455249	71.033708	33.360201	1001.915270	25.007787	26.698382	487.470194	66.591748	34.035944	1002.215221	52.320006	11.749314	
7/20/2019 13:56:37.495455249	71.151985	33.368242	1003.291148	25.026120	26.761610	488.304704	66.819576	34.108576	1003.053256	51.264675	11.716788	
7/20/2019 13:56:38.495455249	71.053421	33.403424	1003.378831	24.861740	26.635766	487.529989	66.717043	34.120821	1001.484110	67.045199	11.736133	
7/20/2019 13:56:39.495455249	71.250549	33.483551	1003.119409	25.538581	26.641235	490.088060	66.569827	34.265979	1002.414400	75.417933	11.690925	
7/20/2019 13:56:40.495455249	71.257120	33.312005	1002.818829	24.983487	26.643154	487.352574	66.399587	34.097580	1002.369137	71.617621	11.754807	
7/20/2019 13:56:41.495455249	71.408252	33.475584	1002.974639	25.951127	26.759120	488.804751	66.385446	34.137627	1002.403990	84.265413	11.732939	
7/20/2019 13:56:42.495455249	71.191411	33.317202	1001.429782	25.235649	26.742629	487.765229	66.287382	34.064275	1002.451932	130.209226	11.754636	
7/20/2019 13:56:43.495455249	71.237407	33.386411	1002.301248	26.198620	26.852595	488.955884	66.510189	34.107433	1002.703784	260.543249	11.767634	
7/20/2019 13:56:44.495455249	71.237407	33.332868	1001.918030	25.303127	26.732424	487.838822	66.335324	34.029308	1002.697003	168.858954	11.764598	
7/20/2019 13:56:45.495455249	71.388539	33.377963	1003.188168	25.445747	26.859616	491.789940	66.407657	34.111581	1002.596231	19.470436	11.727275	
7/20/2019 13:56:46.495455249	71.224266	33.312679	1002.387117	25.480107	26.744017	488.367782	66.036634	34.075377	1002.486628	3.008186	11.743492	
7/20/2019 13:56:47.495455249	71.526529	33.430308	1002.831287	25.236706	26.720832	491.109847	66.412572	34.167408	1002.467544	15.231533	11.724160	
7/20/2019 13:56:48.495455249	71.487103	33.297088	1002.074234	25.084580	26.723893	489.681320	66.264909	34.019963	1002.394530	10.511602	11.741100	
7/20/2019 13:56:49.495455249	71.454249	33.572126	1001.282014	25.737689	26.628745	491.177525	66.385998	34.226240	1002.832471	14.658539	11.686128	
7/20/2019 13:56:50.495455249	71.165127	33.323447	1002.481266	25.474620	26.764712	487.513559	66.324495	34.021212	1002.580777	66.934116	11.755320	
7/20/2019 13:56:51.495455249	71.454249	33.470537	1002.552310	25.853799	26.714627	488.936170	66.453049	34.131922	1002.349110	94.530575	11.723989	
7/20/2019 13:56:52.495455249	71.408252	33.386186	1002.034651	24.802535	26.651073	488.422324	66.317924	34.078901	1002.379233	79.510639	11.713200	
7/20/2019 13:56:53.495455249	71.559384	33.550514	1003.308101	25.589536	26.765284	490.120257	66.385394	34.067069	1002.237299	76.385501	11.738787	
7/20/2019 13:56:54.495455249	71.782796	33.339562	1002.832942	24.688429	26.597804	489.333059	66.458726	34.092289	1002.436006	90.902401	11.735659	
7/20/2019 13:56:55.495455249	71.815651	33.419465	1002.220898	25.597722	26.770631	491.545500	66.630122	34.066550	1002.265528	77.129321	11.740522	
7/20/2019 13:56:56.495455249	71.559384	33.366371	1002.168225	25.020747	26.608581	488.885575	66.604890	34.033975	1001.639290	287.687237	11.760011	
7/20/2019 13:56:57.495455249	71.664519	33.436553	1002.688881	24.958723	26.754793	491.977869	66.775972	34.099760	1002.545609	45.565382	11.731862	
7/20/2019 13:56:58.495455249	71.697374	33.376541	1001.131487	24.879608	26.663237	489.412567	66.289484	33.926482	1002.000588	75.584828	11.749196	
7/20/2019 13:56:59.495455249	71.572526	33.525427	1002.049002	24.209293	26.917456	487.098272	66.420299	33.923889	1003.176106	127.177364	11.699454	
7/20/2019 13:57:00.495455249	71.914215	33.376990	1002.225708	24.714379	26.658135	489.895531	66.258390	33.923371	1002.105618	43.555319	11.751456	
7/20/2019 13:57:01.495455249	72.045634	33.491250	1002.280746	24.779693	26.722628	490.746471	66.331170	33.913825	1002.471960	41.590312	11.695642	
7/20/2019 13:57:02.495455249	71.749941	33.371419	1002.156792	24.825362	26.636052	489.539386	66.318423	33.902829	1002.090635	55.420515	11.751548	
7/20/2019 13:57:03.495455249	71.874789	33.530325	1004.326625	25.370364	26.725363	490.760923	66.422954	33.990606	1002.383805	42.135015	11.704119	
7/20/2019 13:57:04.495455249	71.953641	33.333767	1002.474957	25.224413	26.719363	489.449363	65.820292	33.891515	1002.350846	31.484452	11.741087	
7/20/2019 13:57:05.495455249	71.657948	33.360500	1002.700472	26.106002	26.877209	491.103932	65.765070	33.927001	1002.647010	60.581658	11.733833	
7/20/2019 13:57:06.495455249	71.822222	33.403125	1002.446965	24.794230	26.635766	490.830579	65.728851	33.921297	1001.994279	70.801493	11.755898	
7/20/2019 13:57:07.495455249	71.815651	33.382187	1003.241550	25.190645	26.855983	491.710432	65.864029	33.916005	1003.165853	77.624764	11.713226	
7/20/2019 13:57:08.495455249	71.828793	33.339188	1002.773961	25.278050	26.683932	490.013152	65.770380	33.866095	1002.346745	65.141246	11.721532	
7/20/2019 13:57:09.495455249	71.966783	33.356052	1002.070765	25.250546	26.770141	490.716243	65.965091	33.913000	1003.051520	40.106874	11.727157	
7/20/2019 13:57:10.495455249	72.058776	33.435131	1002.854548	24.659996	26.704341	492.566624	65.858956	33.881969	1002.005003	52.116957	11.742717	
7/20/2019 13:57:11.495455249	72.131056	33.397554	1002.092371	25.200472	26.733894	492.194049	65.694340	33.900130	1003.013987	130.761522	11.730745	
7/20/2019 13:57:12.495455249	71.828793	33.402825	1003.996317	24.833412	26.672054	493.034474	65.697153	33.897537	1002.499560	112.902289	11.738748	
7/20/2019 13:57:13.495455249	71.894502	33.465939	1002.417474	25.188058	26.791979	493.409017	65.787989	33.887261	1002.464865	403.085137	11.777188	
7/20/2019 13:57:14.495455249	71.815651	33.392880	1002.572260	24.952941	26.650216	492.945767	65.837797	33.923371	1002.164756	261.096855	11.778476	
7/20/2019 13:57:15.495455249	71.848505	33.445749	1002.578489	25.872566	26.736384	494.168619	66.138510	34.019138	1001.867485	42.282522	11.709862	
7/20/2019 13:57:16.495455249	71.848505	33.344984	1002.184469	24.672306	26.739486	493.895929	66.008590	33.901061	1002.641966	34.124361	11.719889	
7/20/2019 13:57:17.495455249	72.144198	33.358971	1002.573601	25.774565	26.820797	493.555551	66.219255	34.008237	1002.580619	50.651596	11.708968	
7/20/2019 13:57:18.495455249	72.183624	33.341060	1002.506498	24.850152	26.705280	494.316468	66.020917	33.906766	1002.221530	115.076626	11.722255	
7/20/2019 13:57:19.495455249	72.236191	33.436852	1002.465574	24.889363	26.710872	495.453243	66.109152	34.064794	1002.501768	232.696837	11.759551	
7/20/2019 13:57:20.495455249	71.999637	33.286170	1003.415576	25.244227	26.712015	492.739439	65.710190	33.956263	1002.683914	82.979782	11.730192	
7/20/2019 13:57:21.495455249	72.124485	33.387908	1003.129739	25.499336	26.713199	494.133138	65.873911	34.059089	1002.915895	49.999472	11.730692	
7/20/2019 13:57:22.495455249	71.907644	33.338440	1000.667999	25.096057	26.752834	492.772952	65.848232	33.902205	1002.777905	307.027553	11.779514	
7/20/2019 13:57:23.495455249	72.058776	33.425859	1003.080615	25.140795	26.761896	493.245401	65.984119	33.966529	1002.598439	804.723419	11.813118	
7/20/2019 13:57:24.495455249	72.269046	33.372766	1002.260638	25.234223	26.875249	498.421349	66.284964	34.088553	1002.819539	609.996721	11.802512	
7/20/2019 13:57:25.495455249	72.341326	33.335114	1001.717038	24.828798	26.694708	494.884855	66.447582	33.923677	1002.309055	55.427068	11.748263	
7/20/2019 13:57:26.495455249	72.485887	33.463661	1002.009733	25.013281	26.747486	497.063784	66.680772	34.098723	1003.075648	35.254892	11.715579	
7/20/2019 13:57:27.495455249	72.242762	33.343712	1002.497824	25.212094	26.747446	494.359179	66.316425	33.960518	1002.556805	91.219425	11.756345	
7/20/2019 13:57:28.495455249	72.328185	33.487775	1002.807473	25.857395	26.776998	495.797558	66.450604	34.065831	1002.467387	43.842471	11.704158	
7/20/2019 13:57:29.495455249	72.163911	33.349133	1002.682572	25.289359	26.763038	494.950565	66.503618	33.942463	1002.693059	47.579378	11.742020	
7/20/2019 13:57:30.495455249	72.433320	33.646082	1001.827902	25.623463	26.773815	498.490333	66.758939	34.000765	1002.554598	98.835504	11.727485	
7/20/2019 13:57:31.495455249	72.209908	33.424662	1001.889406	25.181203	26.760426	495.620143	66.635642	33.959163	1002.348166	96.807364	11.733793	
7/20/2019 13:57:32.495455249	72.282188	33.458165	1002.653556	26.291239	26.816674	499.832131	66.882473	34.070910	1002.682335	34.390815	11.714251	
7/20/2019 13:57:33.495455249	72.328185	33.445450	1002.670272	24.399193	26.646256	498.086224	66.512240	34.016545	1002.020143	34.932896	11.750996	
7/20/2019 13:57:34.495455249	72.393894	33.441226	1003.942933	25.197822	26.765529	501.624686	66.418144	34.092183	1002.261742	40.203812	11.718141	
7/20/2019 13:57:35.495455249	72.275617	33.344310	1003.270411	25.018015	26.715158	498.222242	66.005935	33.872117	1002.753462	28.954315	11.706301	
7/20/2019 13:57:36.495455249	72.328185	33.404622	1002.437582	25.092821	26.793367	499.157290	66.152047	33.978573	1003.031964	43.495846	11.725856	
7/20/2019 13:57:37.495455249	72.354468	33.456069	1002.047031	24.818090	26.645113	498.391773	66.101739	33.974212	1001.845407	55.090657	11.741021	
7/20/2019 13:57:38.495455249	72.558168	33.526400	1001.730442	25.025816	26.712056	498.864223	66.244092	33.918704	1002.827898	317.557856	11.753664	
7/20/2019 13:57:39.495455249	72.446462	33.360351	1002.469832	24.695901	26.691320	498.170331	66.190316	33.824387	1002.143150	774.511165	11.854160	
7/20/2019 13:57:40.495455249	72.512171	33.604730	1003.041504	25.636550	26.732751	499.937258	66.190316	33.943394	1002.484263	291.356807	11.738853	
7/20/2019 13:57:41.495455249	72.354468	33.435131	1003.798952	24.496616	26.641154	498.619783	65.978495	33.817539	1002.313471	225.779251	11.773600	
7/20/2019 13:57:42.495455249	72.341326	33.467361	1002.756536	26.350035	26.787938	501.116745	65.803049	33.878964	1002.079596	177.490549	11.725764	
7/20/2019 13:57:43.495455249	72.505600	33.428586	1001.636531	24.651442	26.673768	500.255953	65.778606	33.650389	1002.042693	110.469090	11.758237	
7/20/2019 13:57:44.495455249	72.505600	33.425186	1003.408006	25.683228	26.844594	501.119376	65.625319	33.669682	1002.314257	399.256536	11.768370	
7/20/2019 13:57:45.495455249	72.472745	33.365772	1002.329240	25.336437	26.715117	498.578387	65.457234	33.600585	1002.464865	123.721057	11.760590	
7/20/2019 13:57:46.495455249	72.610735	33.377813	1003.019347	25.351806	26.824226	499.901777	65.457734	33.678403	1003.097412	187.174853	11.736330	
7/20/2019 13:57:47.495455249	72.617306	33.402376	1002.992696	24.824240	26.676870	500.593700	65.213557	33.578169	1002.055782	348.684504	11.743242	
7/20/2019 13:57:48.495455249	72.840718	33.441076	1002.139287	24.997239	26.734751	502.424368	65.226542	33.672698	1002.823954	694.805820	11.817073	
7/20/2019 13:57:49.495455249	72.689587	33.491999	1000.856768	24.744084	26.688789	501.984115	65.150793	33.654749	1002.206862	688.606117	11.828796	
7/20/2019 13:57:50.495455249	72.768438	33.550439	1002.201580	25.248864	26.753446	502.004481	65.049626	33.697495	1002.572417	404.537663	11.773140	
7/20/2019 13:57:51.495455249	72.545026	33.460667	1000.808354	24.657065	26.668666	501.756758	64.957133	33.728832	1002.084169	117.717846	11.751075	
7/20/2019 13:57:52.495455249	72.538455	33.435131	1003.325449	25.663173	26.802959	500.179066	64.739003	33.695409	1002.957528	52.439224	11.694013	
7/20/2019 13:57:53.495455249	72.426749	33.361399	1003.404063	25.187931	26.767814	499.267679	64.687382	33.662422	1002.720817	46.639061	11.741678	
7/20/2019 13:57:54.495455249	72.558168	33.455919	1002.562325	25.701337	26.815164	501.244880	65.147533	33.694584	1002.563900	143.638302	11.750562	
7/20/2019 13:57:55.495455249	72.249333	33.445151	1002.166727	24.191841	26.769529	499.611341	64.797380	33.702574	1002.935451	36.223770	11.709323	
7/20/2019 13:57:56.495455249	72.643590	33.499292	1002.772543	25.051670	26.751691	504.511305	65.154314	33.828853	1002.397524	85.169575	11.738945	
7/20/2019 13:57:57.495455249	72.525313	33.339038	1001.601993	25.086687	26.753120	499.761159	64.967830	33.725921	1002.324195	56.380490	11.722373	
7/20/2019 13:57:58.495455249	72.643590	33.383010	1003.521631	25.214400	26.802143	502.010397	65.112233	33.802808	1003.027234	42.878835	11.724975	
7/20/2019 13:57:59.495455249	72.597593	33.340461	1003.846499	25.133075	26.713974	500.699490	65.386557	33.776762	1002.394530	41.409542	11.715658	
7/20/2019 13:58:00.495455249	72.886715	33.531747	1001.916689	25.126235	26.681442	503.786522	65.731558	33.914037	1002.307005	153.944860	11.733399	
7/20/2019 13:58:01.495455249	72.867002	33.509312	1002.992538	24.643001	26.651073	503.605823	65.725434	33.788383	1002.031182	138.813571	11.758579	
7/20/2019 13:58:02.495455249	73.018134	33.656027	1003.713949	24.908201	26.737853	504.945643	65.826601	33.800003	1002.478426	108.368371	11.724371	
7/20/2019 13:58:03.495455249	72.683016	33.424662	1002.569106	24.711656	26.620173	503.298958	65.554747	33.891833	1001.508867	56.384151	11.695432	
7/20/2019 13:58:04.495455249	72.637019	33.598336	1002.498219	25.240463	26.738955	507.109457	65.987273	33.807369	1002.097730	93.406597	11.706379	
7/20/2019 13:58:05.495455249	72.709299	33.282769	1004.259837	24.582291	26.765529	502.396107	66.058450	33.808406	1001.930253	133.582742	11.735659	
7/20/2019 13:58:06.495455249	72.709299	33.425335	1003.745490	25.401961	26.917415	505.639534	66.090700	33.865058	1002.773961	110.933621	11.731572	
7/20/2019 13:58:07.495455249	72.958995	33.488449	1001.161529	24.564254	26.649644	504.938412	66.127261	33.889029	1001.958954	186.839753	11.763271	
7/20/2019 13:58:08.495455249	73.090414	33.452893	1002.995061	25.031110	26.729567	507.075945	66.060500	33.994553	1002.392637	260.848478	11.762640	
7/20/2019 13:58:09.495455249	73.024705	33.418941	1002.503501	25.147212	26.701810	504.038192	65.843212	33.810068	1002.633763	175.688506	11.765636	
7/20/2019 13:58:10.495455249	73.156124	33.463511	1003.717261	25.238076	26.653971	505.199934	66.041444	33.985833	1002.460449	122.699259	11.716394	
7/20/2019 13:58:11.495455249	73.057560	33.461865	1003.191717	25.075401	26.643399	504.806993	65.970872	33.901686	1002.094736	111.280246	11.743006	
7/20/2019 13:58:12.495455249	73.248117	33.567902	1003.810937	25.030293	26.722261	506.656058	66.015765	33.921403	1002.679498	109.505454	11.721098	
7/20/2019 13:58:13.495455249	73.057560	33.424213	1002.505000	25.108111	26.668625	504.689372	65.922063	33.889029	1002.580619	77.256130	11.756253	
7/20/2019 13:58:14.495455249	73.142982	33.545542	1003.365347	25.906276	26.711158	506.647512	65.956521	33.908946	1002.602854	88.406068	11.715750	
7/20/2019 13:58:15.495455249	73.096985	33.413669	1001.960373	24.803353	26.710872	506.304513	65.857852	33.818576	1002.626826	107.990834	11.737723	
7/20/2019 13:58:16.495455249	73.116698	33.546964	1002.674136	25.549858	26.748222	508.030043	65.752218	33.980435	1002.430012	61.047230	11.712346	
7/20/2019 13:58:17.495455249	72.965566	33.381214	1002.068557	25.083202	26.748874	504.215607	65.510354	33.817021	1002.552547	61.049851	11.747921	
7/20/2019 13:58:18.495455249	73.011563	33.450647	1003.698337	25.127253	26.666951	504.887817	65.618196	33.872117	1002.370873	140.227322	11.755477	
7/20/2019 13:58:19.495455249	72.958995	33.334889	1001.982845	25.107334	26.746303	504.379223	65.666453	33.882075	1002.810707	73.273467	11.722912	
7/20/2019 13:58:20.495455249	73.037847	33.493047	1002.057676	24.931460	26.685361	507.001036	65.822895	33.912788	1001.928517	63.301739	11.751285	
7/20/2019 13:58:21.495455249	72.919570	33.350256	1000.964953	25.007187	26.735527	505.711812	65.783916	33.841404	1002.563429	53.254041	11.735476	
7/20/2019 13:58:22.495455249	73.064130	33.453491	1003.045448	24.623146	26.690749	506.740166	65.661433	33.900130	1002.425596	54.865599	11.722123	
7/20/2019 13:58:23.495455249	72.991850	33.365997	1003.803919	25.207817	26.743772	505.248561	65.706378	33.840261	1002.539615	34.684519	11.743663	
7/20/2019 13:58:24.495455249	73.175837	33.545991	999.875779	25.043060	26.745160	504.738652	65.996447	33.749680	1002.961944	33.494515	11.713686	
7/20/2019 13:58:25.495455249	73.234975	33.471435	1002.681863	24.857054	26.638337	506.315028	66.137801	33.911338	1002.002795	36.706107	11.745056	
7/20/2019 13:58:26.495455249	73.162695	33.403424	1002.699368	25.234368	26.721077	506.050874	66.226377	33.843997	1002.508391	31.255462	11.743847	
7/20/2019 13:58:27.495455249	73.057560	33.335264	1003.410134	24.312356	26.700668	506.872901	66.151390	33.810999	1002.473538	36.059496	11.714777	
7/20/2019 13:58:28.495455249	73.090414	33.485679	1001.664285	24.267481	26.665890	508.391451	66.040945	33.884880	1002.095208	40.934526	11.708364	
7/20/2019 13:58:29.495455249	73.129840	33.460817	1002.176899	24.518249	26.636052	508.312595	66.273136	33.886542	1002.071079	40.511662	11.727039	
7/20/2019 13:58:30.495455249	73.169266	33.429035	1002.522190	25.217717	26.696994	507.261243	66.279602	33.812660	1002.326403	33.680798	11.741889	
7/20/2019 13:58:31.495455249	73.340110	33.483252	1002.364250	24.706570	26.642011	508.355307	66.397170	33.899093	1001.827745	44.088226	11.751758	
7/20/2019 13:58:32.495455249	73.215262	33.397703	1003.173818	25.089466	26.753936	508.302080	66.049776	33.763068	1002.736429	36.557560	11.741311	
7/20/2019 13:58:33.495455249	73.353252	33.483776	1002.848634	24.682206	26.669768	509.227929	65.892520	33.863502	1001.950280	60.269877	11.752402	
7/20/2019 13:58:34.495455249	73.234975	33.429484	1002.981814	25.051638	26.700096	508.942093	65.741441	33.802183	1002.565637	97.046567	11.757199	
7/20/2019 13:58:35.495455249	73.103556	33.413744	1001.328300	25.380824	26.732710	508.857985	65.670002	33.794299	1002.504448	45.711580	11.744885	
7/20/2019 13:58:36.495455249	73.202120	33.488898	1001.399345	24.540258	26.640582	510.500723	65.439677	33.895982	1001.821121	63.512651	11.730863	
7/20/2019 13:58:37.495455249	72.965566	33.361923	1001.326959	24.880962	26.726139	508.855354	65.328575	33.793050	1002.291393	44.651006	11.720533	
7/20/2019 13:58:38.495455249	73.215262	33.425485	1001.371195	24.880049	26.710301	508.878352	65.544260	33.810586	1001.832160	62.726124	11.692712	
7/20/2019 13:58:39.495455249	73.083843	33.360875	1002.559013	24.575323	26.713729	510.051271	65.564525	33.746569	1002.432377	54.063616	11.746304	
7/20/2019 13:58:40.495455249	72.958995	33.515257	1003.277587	24.377511	26.602621	511.640783	65.781419	33.847733	1002.199609	156.635338	11.736527	
7/20/2019 13:58:41.495455249	73.090414	33.440253	1002.194719	24.714915	26.700382	511.703208	65.957178	33.827710	1002.108140	180.614106	11.755845	
7/20/2019 13:58:42.495455249	73.110127	33.445525	1002.176505	25.192135	26.706056	510.482325	65.870652	33.786827	1002.432219	74.108983	11.753165	
7/20/2019 13:58:43.495455249	73.175837	33.446947	1004.316296	24.793029	26.647971	511.109191	65.944036	33.805400	1002.315521	97.852481	11.740351	
7/20/2019 13:58:44.495455249	73.221833	33.493571	1003.475739	24.876813	26.655889	511.458768	66.045308	33.793156	1001.843199	68.211883	11.737158	
7/20/2019 13:58:45.495455249	73.241546	33.408771	1000.992788	25.151617	26.741772	510.247084	65.968112	33.707347	1002.383963	42.834818	11.735029	
7/20/2019 13:58:46.495455249	73.399249	33.477381	1002.828527	25.063083	26.664094	511.190015	66.024386	33.766179	1002.112241	46.635130	11.733399	
7/20/2019 13:58:47.495455249	73.267830	33.440328	1000.661770	24.908313	26.710301	512.086951	66.208768	33.719592	1002.090635	37.042519	11.730889	
7/20/2019 13:58:48.495455249	73.090414	33.467136	1001.934194	25.282191	26.699239	511.847110	66.086889	33.787346	1002.335863	33.574687	11.735949	
7/20/2019 13:58:49.495455249	73.326968	33.509536	1001.869378	24.766334	26.656175	513.677778	66.033822	33.815571	1002.127696	72.567112	11.741586	
7/20/2019 13:58:50.495455249	73.261259	33.423689	1002.781926	25.210140	26.747446	511.763003	65.721728	33.724365	1002.688486	224.091182	11.773429	
7/20/2019 13:58:51.495455249	73.340110	33.425036	1001.971254	25.297064	26.695851	512.039639	65.566785	33.816502	1002.451618	315.325357	11.786282	
7/20/2019 13:58:52.495455249	73.320397	33.423988	1003.078565	25.348219	26.731853	512.391185	65.496660	33.806544	1002.499875	361.756737	11.792577	
7/20/2019 13:58:53.495455249	73.202120	33.455769	1002.909429	25.342460	26.697565	512.401699	65.511957	33.781535	1002.677290	182.448371	11.772588	
7/20/2019 13:58:54.495455249	73.090414	33.402751	1002.834204	25.292995	26.708056	512.898463	65.163697	33.781641	1002.548446	52.488212	11.747474	
7/20/2019 13:58:55.495455249	73.261259	33.473456	1002.260403	24.637514	26.675156	514.790240	65.141829	33.869312	1001.906439	87.660937	11.744557	
7/20/2019 13:58:56.495455249	73.261259	33.462538	1002.985283	24.832211	26.621071	515.244291	65.095071	33.866507	1002.249602	252.780974	11.758776	
7/20/2019 13:58:57.495455249	73.188978	33.387309	1002.522505	25.376483	26.736098	514.259964	65.217658	33.748749	1002.600804	344.934763	11.791250	
7/20/2019 13:58:58.495455249	73.300685	33.466987	1002.736271	24.783162	26.638582	515.433536	65.292803	33.790563	1002.239507	99.632245	11.758093	
7/20/2019 13:58:59.495455249	73.294114	33.409070	1002.593391	25.178344	26.749936	514.539885	65.416652	33.724884	1002.221687	136.295229	11.734595	
7/20/2019 13:59:00.495455249	73.379536	33.439953	1002.987176	25.144753	26.680830	515.616866	65.447299	33.749786	1002.388064	168.809694	11.768606	
7/20/2019 13:59:01.495455249	73.491242	33.472558	1001.915822	24.655183	26.660992	517.287201	65.584580	33.772095	1002.171380	215.402736	11.770972	
7/20/2019 13:59:02.495455249	73.392678	33.359003	1002.434033	25.124802	26.739527	515.508445	65.502627	33.743045	1002.552704	205.097489	11.736014	
7/20/2019 13:59:03.495455249	73.353252	33.479102	1002.335311	24.493421	26.655318	516.957338	65.674628	33.832483	1001.620049	194.273480	11.730613	
7/20/2019 13:59:04.495455249	73.175837	33.426758	1002.640467	25.203404	26.651359	516.067634	65.733162	33.818058	1001.976774	48.054123	11.713883	
7/20/2019 13:59:05.495455249	73.261259	33.504938	1001.991362	24.769706	26.621316	516.624191	65.847128	33.864751	1001.542934	224.011011	11.738669	
7/20/2019 13:59:06.495455249	73.241546	33.482803	1002.593077	24.877622	26.631521	515.700974	65.842450	33.840886	1002.355419	153.842680	11.765373	
7/20/2019 13:59:07.495455249	73.313826	33.541392	1002.270811	24.509599	26.638052	516.451376	65.617644	33.836113	1002.248181	220.334888	11.748709	
7/20/2019 13:59:08.495455249	73.241546	33.546440	1002.204339	24.601945	26.654747	516.940256	65.548176	33.826048	1001.913062	143.331762	11.763862	
7/20/2019 13:59:09.495455249	73.031276	33.440178	1003.397045	24.843390	26.725608	515.635264	65.549780	33.786308	1002.432219	215.118205	11.742020	
7/20/2019 13:59:10.495455249	73.248117	33.445225	1001.782090	24.562740	26.702096	517.089420	65.618906	33.760168	1002.263478	185.568267	11.750392	
7/20/2019 13:59:11.495455249	73.221833	33.436628	1003.597408	24.866089	26.774019	516.103114	65.523601	33.780911	1002.869217	129.790293	11.736790	
7/20/2019 13:59:12.495455249	73.451816	33.604655	1002.919916	25.851598	26.832145	521.255401	65.825707	33.930525	1002.200710	112.590507	11.742415	
7/20/2019 13:59:13.495455249	73.471529	33.521128	1001.643154	24.535044	26.655318	518.005406	65.767410	33.858835	1002.006896	216.083151	11.773521	
7/20/2019 13:59:14.495455249	73.681799	33.537243	1002.275621	25.468076	26.843778	522.131970	65.668951	33.933954	1002.761186	164.471233	11.743072	
7/20/2019 13:59:15.495455249	73.662087	33.483252	1001.060994	24.761457	26.711158	519.347194	65.551435	33.742833	1002.716244	45.465824	11.721190	
7/20/2019 13:59:16.495455249	73.583235	33.513204	1001.802985	25.205823	26.694463	520.125194	66.010693	33.929287	1002.549868	65.269366	11.692975	
7/20/2019 13:59:17.495455249	73.294114	33.441001	1002.055310	24.882740	26.719363	519.947779	65.996447	33.740758	1002.241557	66.574385	11.745477	
7/20/2019 13:59:18.495455249	73.550380	33.473232	1003.752113	25.462790	26.783489	518.731495	66.037528	33.927425	1003.198184	44.762089	11.713936	
7/20/2019 13:59:19.495455249	73.524097	33.434906	1002.897443	25.343806	26.694177	518.437776	65.911681	33.830821	1002.386013	302.715033	11.785835	
7/20/2019 13:59:20.495455249	73.878928	33.633186	1003.520212	25.295061	26.737568	520.414313	66.039998	33.777588	1002.484735	399.308146	11.725672	
7/20/2019 13:59:21.495455249	73.747509	33.473381	1002.343670	24.832698	26.602621	519.591634	66.261045	33.843479	1002.230204	281.997120	11.755819	
7/20/2019 13:59:22.495455249	73.478100	33.599309	1002.470541	26.017123	26.760753	521.673309	66.452312	33.798754	1001.965735	102.900959	11.716183	
7/20/2019 13:59:23.495455249	73.517526	33.493721	1001.378608	24.837712	26.657890	520.878227	66.434098	33.747924	1002.073287	84.658676	11.732190	
7/20/2019 13:59:24.495455249	73.635803	33.448070	1003.092521	26.151583	26.753936	523.854869	66.710025	33.783398	1001.889091	223.171564	11.734437	
7/20/2019 13:59:25.495455249	73.727796	33.419914	1003.225543	24.318588	26.613397	522.074797	66.610752	33.735160	1001.869378	256.021127	11.749261	
7/20/2019 13:59:26.495455249	73.629232	33.426009	1001.496096	25.365606	26.857656	523.382419	66.464035	33.712332	1003.021082	48.713840	11.722846	
7/20/2019 13:59:27.495455249	73.747509	33.402601	1001.586223	24.916827	26.746874	521.596432	66.185006	33.574645	1002.611686	44.190406	11.742257	
7/20/2019 13:59:28.495455249	73.556951	33.474579	1002.322537	25.333882	26.719077	522.988815	66.452207	33.830409	1002.276567	427.241277	11.725934	
7/20/2019 13:59:29.495455249	73.747509	33.535372	1000.688106	24.968623	26.660175	522.083996	66.368336	33.690129	1002.315993	224.451953	11.733951	
7/20/2019 13:59:30.495455249	73.773793	33.562929	1003.856986	25.351806	26.713444	521.030012	66.307489	33.791081	1002.902019	154.426158	11.714764	
7/20/2019 13:59:31.495455249	73.524097	33.556609	1002.708751	24.614255	26.675482	522.433573	66.115171	33.670518	1002.397209	302.892142	11.762600	
7/20/2019 13:59:32.495455249	73.793505	33.631165	1002.199372	25.541144	26.690789	522.127360	65.969821	33.779355	1002.040485	353.642596	11.762206	
7/20/2019 13:59:33.495455249	73.458387	33.430458	1001.644967	25.305409	26.718791	519.877470	65.895280	33.682033	1002.480319	168.526474	11.764690	
7/20/2019 13:59:34.495455249	73.675228	33.600132	1002.337362	25.473211	26.759324	522.177303	66.084286	33.782467	1002.145515	172.347484	11.750917	
7/20/2019 13:59:35.495455249	73.754080	33.483326	1002.307714	24.817689	26.686218	521.093754	66.007486	33.684731	1002.289657	255.918947	11.777280	
7/20/2019 13:59:36.495455249	73.537239	33.574746	1002.199924	25.320155	26.844023	523.625543	66.129916	33.814322	1002.541665	384.652917	11.778804	
7/20/2019 13:59:37.495455249	73.491242	33.440777	1001.966839	25.367160	26.697851	520.024003	65.835432	33.728726	1002.646696	189.430673	11.769395	
7/20/2019 13:59:38.495455249	73.773793	33.479851	1002.289499	25.183717	26.752548	522.614272	65.906109	33.766391	1003.029914	362.375058	11.755675	
7/20/2019 13:59:39.495455249	73.478100	33.412845	1003.334043	24.808134	26.701851	521.390104	65.762205	33.654019	1002.373081	261.439548	11.754295	
7/20/2019 13:59:40.495455249	73.616090	33.484674	1002.675949	25.330006	26.712301	523.406070	65.989376	33.800215	1002.812601	225.038052	11.751049	
7/20/2019 13:59:41.495455249	73.740938	33.483027	1002.627692	24.966964	26.657604	522.887624	65.892415	33.768465	1002.364407	196.878546	11.768882	
7/20/2019 13:59:42.495455249	73.510955	33.530699	1002.213171	25.475076	26.770712	524.275408	65.894780	33.720735	1002.913844	65.216175	11.726368	
7/20/2019 13:59:43.495455249	73.576664	33.546964	1002.176505	24.801630	26.650501	524.784001	65.965905	33.759332	1002.125802	128.210687	11.760011	
7/20/2019 13:59:44.495455249	73.767222	33.642083	1002.965650	25.296359	26.721403	526.826248	66.291849	33.817645	1002.340279	855.967701	11.827377	
7/20/2019 13:59:45.495455249	73.471529	33.461865	1001.737065	25.252877	26.689320	525.088235	66.225378	33.860084	1001.867642	884.010859	11.862360	
7/20/2019 13:59:46.495455249	73.602948	33.610900	1003.013827	25.334059	26.766386	527.641707	66.579106	33.800003	1002.020458	41.093829	11.727880	
7/20/2019 13:59:47.495455249	73.721225	33.451620	1002.391138	24.934504	26.717362	524.457422	66.204719	33.729657	1002.567373	85.922570	11.754558	
7/20/2019 13:59:48.495455249	73.550380	33.430907	1001.121394	25.691301	26.902720	527.438011	66.376615	33.770328	1002.767495	179.985571	11.730521	
7/20/2019 13:59:49.495455249	73.602948	33.467211	1002.582195	24.962327	26.719077	525.092835	66.554583	33.717931	1002.731699	295.038172	11.781801	
7/20/2019 13:59:50.495455249	74.010347	33.568276	1003.204332	24.970456	26.776672	528.447967	66.926709	33.793780	1003.001684	85.358479	11.703449	
7/20/2019 13:59:51.495455249	73.589806	33.483626	1002.496168	24.803121	26.625847	526.627151	66.880161	33.795336	1002.098995	42.406711	11.746633	
7/20/2019 13:59:52.495455249	73.865786	33.483850	1003.533379	25.226887	26.753732	526.523330	66.668444	33.795442	1002.913687	162.133932	11.727748	
7/20/2019 13:59:53.495455249	73.714654	33.477905	1002.388221	24.893232	26.654787	526.150102	66.750055	33.772921	1002.205604	153.681027	11.757685	
7/20/2019 13:59:54.495455249	73.892070	33.569025	1003.386952	25.363524	26.678340	527.750781	66.979092	33.806956	1002.125488	198.584691	11.736487	
7/20/2019 13:59:55.495455249	73.878928	33.483177	1002.985915	25.148566	26.682218	526.775653	66.956409	33.716999	1002.536778	126.380624	11.742349	
7/20/2019 13:59:56.495455249	73.786934	33.636736	1002.750227	25.420574	26.708627	529.150395	67.025983	33.761194	1002.175795	359.840991	11.770117	
7/20/2019 13:59:57.495455249	73.800076	33.452069	1001.937271	24.894769	26.700627	527.349956	66.573743	33.612829	1002.692902	501.500708	11.791578	
7/20/2019 13:59:58.495455249	74.003776	33.521428	1002.763869	25.800755	26.753079	528.864559	66.727687	33.771883	1002.438686	405.151013	11.791880	
7/20/2019 13:59:59.495455249	73.550380	33.441376	1001.247556	24.886472	26.762141	527.175825	66.532714	33.667819	1002.300696	128.733381	11.737342	
7/20/2019 14:00:00.495455249	73.826360	33.521278	1003.101510	25.156462	26.736629	531.375982	66.809693	33.799696	1002.435056	46.962367	11.728051	
7/20/2019 14:00:01.495455249	73.931495	33.521128	1001.949728	24.682710	26.640582	529.030806	66.719146	33.697495	1001.980875	49.180722	11.751272	
7/20/2019 14:00:02.495455249	73.898641	33.458389	1001.830505	24.935528	26.803816	529.035406	66.376458	33.693240	1002.790995	105.837194	11.735686	
7/20/2019 14:00:03.495455249	73.708083	33.520005	1000.809852	24.447944	26.675197	529.502603	66.181038	33.623413	1002.071237	128.305003	11.752205	
7/20/2019 14:00:04.495455249	73.819789	33.564202	1003.563422	25.404716	26.714587	528.858644	66.049224	33.715962	1002.591344	52.038097	11.708403	
7/20/2019 14:00:05.495455249	73.931495	33.557882	1002.697555	26.952447	27.117427	533.728389	66.279340	33.730906	1002.362357	134.908458	11.711886	
7/20/2019 14:00:06.495455249	73.964350	33.461266	1001.697562	24.708083	26.680544	529.171424	65.972765	33.622375	1002.353054	71.722422	11.721440	
7/20/2019 14:00:07.495455249	73.754080	33.458988	1001.879865	25.322060	26.862799	529.597226	66.004122	33.761206	1003.100248	97.646811	11.700637	
7/20/2019 14:00:08.495455249	73.701512	33.488598	1002.421733	25.188467	26.666094	527.871033	65.560766	33.664602	1002.458398	109.286949	11.754860	
7/20/2019 14:00:09.495455249	73.957779	33.554930	1004.290826	25.433748	26.682054	529.596563	65.853594	33.900141	1002.915895	292.259659	11.741665	
7/20/2019 14:00:10.495455249	73.878928	33.556984	1002.068005	24.207459	26.663604	529.620223	65.722727	33.698638	1002.207176	269.766953	11.740824	
7/20/2019 14:00:11.495455249	73.839502	33.557283	1002.739740	25.422231	26.799122	529.942193	65.735974	33.734017	1003.101984	137.699806	11.724581	
7/20/2019 14:00:12.495455249	73.839502	33.552311	1002.031339	24.603827	26.636052	530.781965	65.857248	33.755183	1001.974566	106.631314	11.757475	
7/20/2019 14:00:13.495455249	74.135195	33.720937	1002.836806	25.485953	26.745772	532.058696	65.804890	33.694372	1002.327189	111.520760	11.729851	
7/20/2019 14:00:14.495455249	73.727796	33.445824	1001.577944	24.862549	26.705484	531.446944	65.541053	33.618640	1002.405569	190.333525	11.762824	
7/20/2019 14:00:15.495455249	73.694941	33.525352	1002.692035	26.348408	26.900189	533.676467	65.748616	33.744494	1002.704098	32.532190	11.729719	
7/20/2019 14:00:16.495455249	73.865786	33.583568	1002.922203	24.342383	26.661563	533.465540	65.763362	33.751035	1002.287606	154.147909	11.749669	
7/20/2019 14:00:17.495455249	73.951208	33.452518	1002.215930	25.590064	26.870882	533.759260	65.942276	33.809856	1002.432062	198.746614	11.728602	
7/20/2019 14:00:18.495455249	73.714654	33.408621	1002.442392	24.978714	26.723648	533.424144	65.767120	33.665227	1002.408248	334.460002	11.786479	
7/20/2019 14:00:19.495455249	73.786934	33.500040	1001.248503	25.586973	26.779488	536.435614	65.976025	33.837362	1002.795725	423.047703	11.768830	
7/20/2019 14:00:20.495455249	73.832931	33.413818	1001.120133	25.311096	26.742058	533.531250	65.752717	33.681101	1002.900440	287.071537	11.766556	
7/20/2019 14:00:21.495455249	73.951208	33.607500	1001.146627	24.844527	26.691361	536.205626	65.692685	33.845246	1002.792888	412.080121	11.746961	
7/20/2019 14:00:22.495455249	73.681799	33.558032	1003.058458	24.307110	26.674911	536.358074	65.591256	33.667714	1002.266000	452.817449	11.771340	
7/20/2019 14:00:23.495455249	74.194333	33.490320	1003.635887	26.115220	26.587110	537.492219	65.548229	33.806956	1002.869531	384.995611	11.736264	
7/20/2019 14:00:24.495455249	73.872357	33.558855	1001.148125	24.600183	26.638868	535.271894	65.585998	33.778530	1001.435853	46.121609	11.721716	
7/20/2019 14:00:25.495455249	73.911782	33.583568	1002.286897	25.545053	26.808388	534.702191	65.655467	33.714195	1002.627140	182.551861	11.740522	
7/20/2019 14:00:26.495455249	73.655516	33.408247	1001.908095	25.048915	26.754793	532.906352	65.567574	33.697495	1002.607270	28.487433	11.743111	
7/20/2019 14:00:27.495455249	73.688370	33.499442	1002.789968	26.182602	26.824757	534.827042	65.538189	33.767004	1002.362042	64.671743	11.733439	
7/20/2019 14:00:28.495455249	73.832931	33.413744	1002.342487	24.549477	26.727036	533.711296	65.578718	33.673005	1002.307162	39.092668	11.739839	
7/20/2019 14:00:29.495455249	74.082627	33.478579	1001.723661	25.110730	26.856840	536.351506	65.892415	33.778837	1002.749990	33.323688	11.727564	
7/20/2019 14:00:30.495455249	74.010347	33.466762	1000.656565	24.847035	26.716260	534.535291	65.856406	33.713369	1002.637707	310.911967	11.761746	
7/20/2019 14:00:31.495455249	74.062914	33.568875	1003.389160	24.890300	26.771855	536.553235	66.089544	33.845765	1002.568473	73.282370	11.697535	
7/20/2019 14:00:32.495455249	73.970921	33.500789	1001.821516	24.804530	26.658175	534.258654	65.982306	33.792637	1002.390114	137.236856	11.721387	
7/20/2019 14:00:33.495455249	74.102340	33.625743	1003.239342	24.827796	26.628704	537.104529	66.363920	33.880213	1001.889563	124.326272	11.705827	
7/20/2019 14:00:34.495455249	73.800076	33.599234	1000.500990	24.855212	26.702055	535.493336	66.128128	33.765142	1002.561064	213.255649	11.741757	
7/20/2019 14:00:35.495455249	74.043201	33.652103	1002.011389	24.996943	26.714627	538.286648	66.453154	33.852093	1002.162863	153.070298	11.709809	
7/20/2019 14:00:36.495455249	73.826360	33.509911	1002.934661	24.641182	26.591845	536.859437	66.446978	33.739097	1002.459820	268.204655	11.739878	
7/20/2019 14:00:37.495455249	73.977492	33.639131	1002.416765	25.447414	26.699075	536.992824	66.234866	33.831022	1002.322459	155.532059	11.716735	
7/20/2019 14:00:38.495455249	74.122053	33.478728	1003.991427	24.743733	26.636052	535.449309	66.135251	33.774170	1002.740844	172.889565	11.744635	
7/20/2019 14:00:39.495455249	74.089198	33.514209	1003.593069	25.401505	26.832757	537.396943	66.395776	33.804458	1002.959579	143.537432	11.714606	
7/20/2019 14:00:40.495455249	74.036630	33.477905	1000.856768	24.826539	26.713729	536.536805	66.335534	33.720735	1002.804241	223.043444	11.744465	
7/20/2019 14:00:41.495455249	74.043201	33.575270	1002.985283	25.089706	26.744017	538.970688	66.684136	33.780498	1002.883250	210.636168	11.705184	
7/20/2019 14:00:42.495455249	73.905212	33.419764	1001.904783	24.886072	26.721363	535.310006	66.455756	33.699050	1002.418973	300.663574	11.779724	
7/20/2019 14:00:43.495455249	74.082627	33.575868	1002.225156	24.666179	26.692177	537.342401	66.738202	33.901273	1002.191250	221.073466	11.748867	
7/20/2019 14:00:44.495455249	73.970921	33.515183	1002.401073	24.883813	26.643970	536.118234	66.301418	33.845765	1002.145358	323.595909	11.788634	
7/20/2019 14:00:45.495455249	74.016918	33.552610	1002.848240	25.544091	26.689687	537.704461	66.150943	33.875440	1002.685964	309.835667	11.762035	
7/20/2019 14:00:46.495455249	73.924924	33.504115	1002.977398	25.108239	26.667808	536.582800	66.080370	33.770540	1002.294387	33.326310	11.747435	
7/20/2019 14:00:47.495455249	74.161478	33.699999	1002.928590	24.790962	26.702994	540.232304	66.325703	33.819201	1002.596231	185.826858	11.729522	
7/20/2019 14:00:48.495455249	74.016918	33.557283	1003.310941	24.241996	26.643440	539.816365	66.402846	33.778530	1002.160813	98.748780	11.715276	
7/20/2019 14:00:49.495455249	74.168049	33.668966	1002.228625	25.373192	26.738670	541.508382	66.458279	33.833933	1001.994593	123.594247	11.726434	
7/20/2019 14:00:50.495455249	74.122053	33.488374	1002.199686	24.817281	26.636909	539.342600	66.413176	33.822524	1002.375603	47.205502	11.743348	
7/20/2019 14:00:51.495455249	74.095769	33.498993	1002.320961	25.824670	26.859656	540.578597	66.566411	33.736292	1002.633921	39.777015	11.731218	
7/20/2019 14:00:52.495455249	74.122053	33.446722	1001.978115	24.666732	26.705770	540.449147	66.362317	33.713676	1002.261113	80.921769	11.740785	
7/20/2019 14:00:53.495455249	74.043201	33.526849	1000.692285	26.125760	26.788224	540.878232	66.747243	33.734218	1003.024869	35.353411	11.710401	
7/20/2019 14:00:54.495455249	74.108911	33.430308	1001.013447	25.198463	26.755936	538.638193	66.373303	33.728726	1002.572103	50.682508	11.738301	
7/20/2019 14:00:55.495455249	74.240330	33.490245	1002.626036	25.432507	26.731853	541.863874	66.637193	33.854274	1002.762608	31.457201	11.727446	
7/20/2019 14:00:56.495455249	74.154907	33.440178	1002.207494	25.013042	26.726179	540.200107	66.469003	33.638144	1002.390429	40.170279	11.743019	
7/20/2019 14:00:57.495455249	74.279755	33.563603	1002.063747	24.734817	26.738710	542.036690	66.618032	33.740346	1002.631241	114.180056	11.729115	
7/20/2019 14:00:58.495455249	74.154907	33.535971	1002.887351	24.475800	26.638052	541.413107	66.341605	33.648315	1001.985605	69.168966	11.705262	
7/20/2019 14:00:59.495455249	74.194333	33.420138	1003.125403	25.347523	26.531800	543.520411	66.146737	33.686086	1002.027238	56.163025	11.724423	
7/20/2019 14:01:00.495455249	73.977492	33.486395	1003.626424	25.541745	26.750589	542.863316	66.264042	33.834875	1002.605534	52.708028	11.690964	
7/20/2019 14:01:01.495455249	73.957779	33.515557	1003.186198	24.817617	26.602907	543.745137	65.905662	33.686393	1002.361728	46.967609	11.707970	
7/20/2019 14:01:02.495455249	74.003776	33.501388	1001.869930	25.332375	26.808959	544.388433	65.781261	33.769302	1003.327185	39.799024	11.680950	
7/20/2019 14:01:03.495455249	74.036630	33.552161	1001.066357	24.428498	26.638909	544.847084	65.614937	33.622894	1002.245973	36.650566	11.730429	
7/20/2019 14:01:04.495455249	74.214046	33.637784	1002.505157	25.194241	26.665033	545.238710	65.830412	33.741902	1002.228153	55.966258	11.719403	
7/20/2019 14:01:05.495455249	74.010347	33.462987	1001.721611	24.859690	26.684503	543.927151	65.492849	33.564887	1002.507762	36.868031	11.734805	
7/20/2019 14:01:06.495455249	74.378320	33.648178	1003.676022	25.795557	26.698463	546.928106	65.605264	33.722809	1002.167121	52.836148	11.674090	
7/20/2019 14:01:07.495455249	74.154907	33.477830	1001.916926	24.713497	26.703239	544.229417	65.419360	33.632440	1002.314100	42.191867	11.733990	
7/20/2019 14:01:08.495455249	74.312610	33.699924	1002.478111	25.658559	26.792183	546.088997	65.716813	33.695103	1002.027238	35.750335	11.728379	
7/20/2019 14:01:09.495455249	74.233759	33.488224	1003.330416	24.816544	26.645971	544.341122	65.381090	33.638144	1001.959583	45.007845	11.693224	
7/20/2019 14:01:10.495455249	74.122053	33.558256	1002.848792	25.579917	26.800959	546.451057	65.717260	33.799484	1002.158919	64.416814	11.735830	
7/20/2019 14:01:11.495455249	73.977492	33.509536	1001.824591	25.021483	26.772386	543.787848	65.464252	33.638663	1002.567687	42.300599	11.715684	
7/20/2019 14:01:12.495455249	74.246901	33.538815	1002.008867	24.933382	26.768672	547.230372	65.761049	33.747712	1002.543559	35.367556	11.723424	
7/20/2019 14:01:13.495455249	74.299468	33.562780	1002.398393	23.530946	26.802102	544.433113	65.637200	33.897961	1001.414247	49.219497	11.716932	
7/20/2019 14:01:14.495455249	74.371749	33.548985	1002.478111	24.886664	26.738955	545.974660	65.816376	33.772307	1002.751569	39.307512	11.714449	
7/20/2019 14:01:15.495455249	74.069485	33.435280	1001.942001	24.973637	26.730424	544.405516	65.766411	33.657236	1002.502240	28.999643	11.738577	
