
Time stamp	Inside_humidity (in %rH)	Inside_temperature (in °C)	Inside_pressure (in mbar)	Soil_moisture (in %VWC)	Soil_temperature (in °C)	Inside_CO2_ratio (in ppm)	Outside_humidity (in %rH)	Outside_temperature (in °C)	Outside_pressure (in mbar)	Outside_PAR (in µmol m^-2 s^-1)	Power_box_charge (in V)	
7/20/2019 10:02:52.938486149	82.427726	27.281519	1006.072314	10.169476	25.143843	559.887993	82.181132	28.013092	1006.072629	8.156224	11.890786	
7/20/2019 10:02:53.938486149	82.362017	27.238670	1005.250841	9.771731	25.064247	561.917757	81.891169	27.927083	1006.063169	5.503209	11.896752	
7/20/2019 10:02:54.938486149	82.552574	27.266003	1007.202650	9.901162	25.125434	562.513742	82.053630	28.033846	1005.785610	13.021041	11.874293	
7/20/2019 10:02:55.938486149	82.355446	27.270376	1006.250045	9.360001	25.007264	564.979822	81.832478	27.932269	1005.216303	0.289145	11.874293	
7/20/2019 10:02:56.938486149	82.762844	27.277070	1006.223236	9.750401	25.135679	566.627159	82.162971	28.075353	1006.262505	6.490164	11.885503	
7/20/2019 10:02:57.938486149	82.657709	27.475457	1007.002682	11.042613	25.225154	569.600516	81.965105	28.025443	1005.914612	8.317877	11.889025	
7/20/2019 10:02:58.938486149	82.421155	27.302457	1006.549129	9.454489	25.033061	568.071452	81.795365	27.915357	1005.419740	1.437753	11.903139	
7/20/2019 10:02:59.938486149	82.749702	27.433881	1006.812966	10.783417	25.198581	571.618450	82.072343	28.006551	1005.819042	7.702177	11.889617	
7/20/2019 10:03:00.938486149	82.500007	27.274076	1006.944647	9.588233	24.981507	568.042539	82.185391	27.923654	1005.759589	8.241637	11.873465	
7/20/2019 10:03:01.938486149	82.743131	27.329790	1005.727813	10.968392	25.206459	574.505731	82.336627	28.100869	1006.368636	16.222419	11.861966	
7/20/2019 10:03:02.938486149	82.808841	27.270451	1005.642496	9.649928	25.079268	571.436436	82.008342	27.983523	1005.859889	13.613422	11.914152	
7/20/2019 10:03:03.938486149	82.683993	27.208461	1006.879989	10.449120	25.228869	575.746328	82.108510	28.151922	1006.434084	15.987148	11.886384	
7/20/2019 10:03:04.938486149	82.756273	27.302232	1006.887639	9.282693	24.967914	571.242591	81.801384	27.933200	1005.409016	10.251701	11.884333	
7/20/2019 10:03:05.938486149	82.854837	27.294458	1006.929192	9.569312	25.191479	576.875873	82.213882	28.061553	1006.173087	10.454750	11.888552	
7/20/2019 10:03:06.938486149	82.854837	27.253962	1006.208097	9.588391	24.988283	572.304458	82.027003	27.977818	1005.551421	8.338575	11.903061	
7/20/2019 10:03:07.938486149	82.835125	27.326164	1005.398686	9.867023	25.045552	573.960994	82.014808	28.110838	1006.183968	15.681648	11.868392	
7/20/2019 10:03:08.938486149	83.084820	27.244017	1004.813924	9.854824	25.001631	574.411761	81.945735	28.012267	1005.676007	13.551328	11.880102	
7/20/2019 10:03:09.938486149	82.808841	27.388978	1007.339536	10.401216	25.015264	576.141890	82.061961	28.152864	1006.820459	12.376779	11.826141	
7/20/2019 10:03:10.938486149	83.005969	27.259084	1006.032889	9.430014	25.011795	575.214074	82.010497	27.952810	1005.800593	9.206584	11.876383	
7/20/2019 10:03:11.938486149	82.992827	27.399522	1006.784737	9.987449	25.028571	577.911447	81.995752	28.035613	1006.362805	12.929075	11.881534	
7/20/2019 10:03:12.938486149	82.894263	27.370543	1005.806507	9.334156	25.066777	576.406044	81.988472	27.982486	1005.667333	14.745263	11.881810	
7/20/2019 10:03:13.938486149	83.229381	27.382434	1007.033513	9.626421	25.156089	580.281589	82.159369	28.027517	1005.579494	11.948673	11.855342	
7/20/2019 10:03:14.938486149	83.084820	27.329266	1004.288301	9.449521	25.086615	580.495147	82.060305	27.912139	1005.295154	8.131594	11.901168	
7/20/2019 10:03:15.938486149	83.413368	27.461363	1007.079720	10.018897	25.116413	582.011065	82.011207	27.958514	1005.803115	11.702917	11.882086	
7/20/2019 10:03:16.938486149	83.387084	27.265179	1005.636030	9.449288	25.051225	581.367769	81.770185	28.000022	1005.980216	14.186415	11.912562	
7/20/2019 10:03:17.938486149	83.163672	27.480804	1006.369663	9.783754	25.102820	584.580304	81.766374	27.960895	1005.827401	7.794143	11.872755	
7/20/2019 10:03:18.938486149	83.288520	27.254785	1004.644473	9.691254	25.064247	583.760908	81.869301	28.004901	1005.791919	14.040218	11.901825	
7/20/2019 10:03:19.938486149	83.544786	27.387032	1006.028236	10.247960	25.157762	587.121292	81.957825	28.090804	1005.962554	13.663721	11.896082	
7/20/2019 10:03:20.938486149	83.111104	27.350503	1007.146191	9.391103	25.037021	585.470671	81.968312	27.925315	1005.222769	7.289526	11.894676	
7/20/2019 10:03:21.938486149	83.301662	27.411895	1006.516089	9.920593	25.145027	588.748262	81.964658	28.028755	1005.711489	9.191128	11.844080	
7/20/2019 10:03:22.938486149	83.551357	27.233997	1005.688545	9.723010	25.034776	586.708637	81.915640	28.040174	1006.010811	15.278171	11.907923	
7/20/2019 10:03:23.938486149	83.216239	27.376937	1005.413511	10.389225	25.144986	588.759430	82.296650	28.058017	1005.799172	15.487773	11.874254	
7/20/2019 10:03:24.938486149	83.387084	27.307654	1005.616159	9.422701	25.068778	589.066295	81.927887	27.995249	1005.674114	10.928185	11.908028	
7/20/2019 10:03:25.938486149	83.577641	27.303430	1007.149897	10.173098	25.115801	590.863449	82.067376	28.065489	1006.228281	16.140938	11.882783	
7/20/2019 10:03:26.938486149	83.222810	27.303131	1005.280252	9.401428	25.063349	591.450235	82.093055	27.995355	1005.218825	10.942330	11.882559	
7/20/2019 10:03:27.938486149	83.498790	27.320518	1004.685003	9.805624	25.148088	594.730458	82.146280	28.043910	1005.814154	10.316416	11.885056	
7/20/2019 10:03:28.938486149	83.603925	27.382209	1004.916432	9.575996	24.984609	592.715145	81.805300	27.984041	1005.391825	8.777166	11.867446	
7/20/2019 10:03:29.938486149	83.406797	27.292886	1005.359655	9.949248	25.101392	594.158123	82.086984	28.171120	1006.466571	20.575027	11.894939	
7/20/2019 10:03:30.938486149	83.459364	27.333340	1005.784664	9.520358	24.994814	593.056176	82.111060	28.004689	1005.527607	5.019561	11.882349	
7/20/2019 10:03:31.938486149	83.860192	27.283241	1004.805251	10.280067	25.085799	595.814659	82.124411	28.191249	1006.131768	20.039498	11.866894	
7/20/2019 10:03:32.938486149	83.334516	27.254261	1006.525001	9.769744	25.056573	594.844131	81.840757	28.032290	1005.901837	14.746574	11.909448	
7/20/2019 10:03:33.938486149	83.584212	27.363143	1004.939614	9.737504	25.100534	597.472511	82.214039	28.101811	1005.667176	9.920532	11.864147	
7/20/2019 10:03:34.938486149	83.557928	27.275948	1005.710465	9.929151	25.068778	595.240356	82.043852	28.085830	1006.163784	16.958376	11.876146	
7/20/2019 10:03:35.938486149	83.781340	27.356374	1006.052996	9.891848	25.023183	596.134660	82.046664	28.077734	1006.652661	14.379251	11.863070	
7/20/2019 10:03:36.938486149	83.380513	27.292212	1005.379920	9.737913	24.996488	595.565620	81.890065	28.032396	1005.807374	13.097280	11.903048	
7/20/2019 10:03:37.938486149	83.695918	27.444649	1006.123174	10.037805	25.022938	597.037510	82.001167	28.087799	1006.394186	13.865730	11.867183	
7/20/2019 10:03:38.938486149	83.728773	27.254411	1004.751869	9.669874	25.035021	597.278666	82.002875	28.028247	1005.892691	16.967550	11.905939	
7/20/2019 10:03:39.938486149	83.899617	27.492920	1006.470435	10.067354	25.052940	597.598015	82.017725	28.020976	1005.912404	14.249820	11.885477	
7/20/2019 10:03:40.938486149	83.492219	27.259758	1005.333162	9.718620	25.081227	598.045498	81.819493	28.043392	1005.838125	16.407392	11.911051	
7/20/2019 10:03:41.938486149	83.643351	27.519579	1006.265185	10.091401	25.082411	600.384095	81.974988	28.001884	1005.903887	9.491114	11.886384	
7/20/2019 10:03:42.938486149	83.695918	27.286117	1006.921860	9.454143	25.013795	598.916804	82.246842	28.010499	1005.864462	12.511452	11.903980	
7/20/2019 10:03:43.938486149	83.939043	27.402249	1007.064580	10.205866	25.142782	603.007223	82.015070	28.118617	1005.613082	16.400839	11.866920	
7/20/2019 10:03:44.938486149	83.623638	27.254635	1005.735146	9.859899	25.031347	600.706075	81.911986	28.037687	1006.021693	14.248510	11.906491	
7/20/2019 10:03:45.938486149	83.656492	27.382808	1006.363591	10.358822	25.085187	603.754993	82.152746	28.044217	1005.932274	13.327580	11.881837	
7/20/2019 10:03:46.938486149	83.794482	27.254560	1005.811237	9.774925	25.036449	602.920484	82.072843	28.035920	1006.019799	15.135906	11.908514	
7/20/2019 10:03:47.938486149	83.906188	27.372115	1004.837029	10.043478	25.234216	608.068169	82.039698	28.050027	1005.392140	8.615513	11.877145	
7/20/2019 10:03:48.938486149	83.511932	27.292138	1005.697376	9.489206	25.006121	604.703839	81.865989	27.969204	1005.750129	7.823744	11.907003	
7/20/2019 10:03:49.938486149	83.643351	27.399073	1006.678602	10.158622	25.211561	610.080850	82.218008	28.065489	1005.726629	9.020301	11.884596	
7/20/2019 10:03:50.938486149	83.833908	27.281145	1005.691147	9.658882	25.043266	607.384129	81.929491	28.013198	1005.711332	15.279482	11.895044	
7/20/2019 10:03:51.938486149	83.958756	27.303430	1007.733792	9.906400	25.142170	611.127602	82.059649	28.119548	1006.068056	15.489084	11.878170	
7/20/2019 10:03:52.938486149	83.689347	27.275873	1006.525158	9.465933	25.072737	609.162885	81.874715	28.058960	1006.500638	11.942120	11.850401	
7/20/2019 10:03:53.938486149	83.643351	27.342055	1006.313442	9.761920	25.003957	610.182693	81.878894	28.018066	1005.610245	5.437183	11.885083	
7/20/2019 10:03:54.938486149	83.801053	27.329490	1006.042272	9.582209	25.026285	610.796423	81.985108	27.964537	1005.433144	6.018040	11.909934	
7/20/2019 10:03:55.938486149	83.906188	27.350353	1004.980301	9.403415	25.098249	612.162524	82.032970	27.967235	1005.411224	7.950554	11.903231	
7/20/2019 10:03:56.938486149	83.643351	27.313749	1005.760378	9.607048	24.998202	610.561183	81.901052	27.958208	1005.807374	8.253161	11.895189	
7/20/2019 10:03:57.938486149	83.768198	27.387631	1004.609778	9.493910	25.017754	612.758509	81.784878	27.931644	1005.294997	5.688181	11.892337	
7/20/2019 10:03:58.938486149	83.952185	27.350802	1005.227185	9.608922	25.046368	612.947754	82.091347	27.947519	1005.260144	2.528199	11.887080	
7/20/2019 10:03:59.938486149	83.682776	27.371291	1005.592583	9.476736	25.003304	612.799905	81.935010	27.952292	1005.368804	1.953895	11.896713	
7/20/2019 10:04:00.938486149	83.820766	27.334388	1005.349405	9.639200	25.075023	613.062743	81.704475	27.928427	1005.308244	1.706828	11.885569	
7/20/2019 10:04:01.938486149	83.879905	27.350503	1005.997879	9.607733	25.010121	614.184404	81.769476	27.950736	1005.581544	0.823364	11.901589	
7/20/2019 10:04:02.938486149	83.985040	27.286641	1006.407827	9.778730	25.047797	614.242230	81.900238	28.053975	1005.818413	9.713551	11.907568	
7/20/2019 10:04:03.938486149	83.695918	27.350653	1004.799179	9.876412	25.011795	614.372333	81.911986	28.022850	1005.831188	8.207834	11.889419	
7/20/2019 10:04:04.938486149	83.939043	27.281294	1005.660158	9.791652	25.029918	614.584576	81.789898	28.010605	1005.896950	9.894591	11.902732	
7/20/2019 10:04:05.938486149	84.037607	27.460989	1006.468070	9.789382	24.891420	614.603627	81.882680	28.153796	1005.796335	4.129543	11.883624	
7/20/2019 10:04:06.938486149	83.840479	27.319096	1006.232777	9.660523	24.988854	616.126776	81.723032	27.965574	1005.684524	3.286164	11.904480	
7/20/2019 10:04:07.938486149	83.965327	27.281219	1005.639184	9.816987	25.032204	616.925804	81.864833	28.059266	1006.080988	14.230433	11.904559	
7/20/2019 10:04:08.938486149	84.077033	27.344408	1004.486219	10.028443	25.029959	617.347658	81.718669	28.060303	1006.067742	14.393396	11.891009	
7/20/2019 10:04:09.938486149	83.833908	27.355476	1005.176011	9.491426	25.062532	619.456277	81.559915	28.074104	1005.901522	14.394707	11.911169	
7/20/2019 10:04:10.938486149	83.893046	27.398849	1004.733023	9.669559	25.002447	620.129802	81.692332	27.936417	1005.555680	7.455110	11.876304	
7/20/2019 10:04:11.938486149	84.155884	27.302831	1005.639341	9.632754	25.079554	620.911085	81.794603	28.040280	1005.734988	11.437773	11.904546	
7/20/2019 10:04:12.938486149	83.840479	27.334987	1006.085404	9.332660	25.096249	620.953797	81.730759	27.969310	1005.686889	7.843131	11.911143	
7/20/2019 10:04:13.938486149	84.149313	27.307729	1005.352874	9.694473	25.038735	621.882929	81.576316	28.058748	1006.019957	15.195379	11.912641	
7/20/2019 10:04:14.938486149	83.873334	27.286267	1004.864469	9.793658	25.001304	621.426246	81.769923	28.049202	1005.417847	15.442445	11.892771	
7/20/2019 10:04:15.938486149	84.372725	27.276022	1003.787438	8.887023	25.082942	624.720267	81.755282	27.993481	1006.135554	11.009667	11.884465	
7/20/2019 10:04:16.938486149	83.919330	27.265479	1006.757296	9.776906	25.063961	622.737152	81.697904	28.048165	1006.336941	14.600377	11.901076	
7/20/2019 10:04:17.938486149	84.155884	27.323994	1005.239013	9.475020	25.044409	624.332578	81.552240	28.042873	1005.940948	14.106244	11.912273	
7/20/2019 10:04:18.938486149	83.833908	27.367591	1004.368256	9.557987	25.021428	625.334650	81.588853	28.017040	1005.892219	8.211765	11.881587	
7/20/2019 10:04:19.938486149	84.011323	27.354802	1006.325270	9.321982	24.997631	624.948277	81.836184	27.953329	1005.531866	6.516104	11.906464	
7/20/2019 10:04:20.938486149	84.208452	27.333864	1004.470370	9.894905	24.957424	625.284708	81.730155	28.027411	1006.285055	12.217748	11.881731	
7/20/2019 10:04:21.938486149	83.998181	27.333714	1005.550555	9.542467	25.072737	627.168601	81.585646	28.002509	1005.777094	11.543885	11.912930	
7/20/2019 10:04:22.938486149	84.109887	27.339735	1005.913508	9.452847	25.068492	627.642366	81.527559	27.986528	1005.724107	7.747504	11.912273	
7/20/2019 10:04:23.938486149	84.169026	27.345456	1005.648015	9.472354	25.008121	628.177241	81.767320	27.976263	1005.432044	2.751946	11.904243	
7/20/2019 10:04:24.938486149	83.873334	27.435003	1006.513330	9.440007	25.036735	628.360571	81.874506	28.007388	1005.934167	4.067449	11.886896	
7/20/2019 10:04:25.938486149	84.017894	27.281145	1005.914612	9.829910	25.017468	629.815378	81.844568	28.048165	1006.072157	12.422107	11.905991	
7/20/2019 10:04:26.938486149	84.103317	27.350054	1006.881882	9.637772	25.006407	629.702358	81.800832	28.011124	1006.209990	8.911568	11.885582	
7/20/2019 10:04:27.938486149	84.182168	27.354952	1005.685942	9.407313	25.074125	632.192750	81.671621	28.020870	1005.714961	6.687971	11.895425	
7/20/2019 10:04:28.938486149	83.945614	27.307879	1004.542598	9.696586	25.055471	632.002190	81.572452	28.061447	1005.743977	12.239756	11.907844	
7/20/2019 10:04:29.938486149	83.985040	27.302906	1004.917379	9.773548	25.040409	633.202043	81.849221	28.043910	1006.368007	12.382022	11.882796	
7/20/2019 10:04:30.938486149	83.985040	27.383033	1006.273858	9.423412	25.001590	634.028669	81.819283	27.992550	1005.089509	1.829706	11.884320	
7/20/2019 10:04:31.938486149	84.083604	27.324518	1005.621836	9.552881	24.992242	634.587857	81.833134	28.005832	1005.546848	4.887509	11.905886	
7/20/2019 10:04:32.938486149	84.175597	27.307504	1006.073418	9.493564	24.988283	634.273109	81.815077	28.020045	1005.840333	6.267727	11.901194	
7/20/2019 10:04:33.938486149	84.228164	27.150320	1004.308566	9.293767	25.175600	638.053377	81.611431	27.944820	1006.383147	13.795773	11.857156	
7/20/2019 10:04:34.938486149	84.287303	27.324817	1006.042272	9.584140	24.987997	636.056464	81.655719	28.025961	1005.749971	6.465534	11.903994	
7/20/2019 10:04:35.938486149	84.274161	27.377461	1006.600383	9.429864	25.055430	638.498229	81.655062	27.983523	1005.375899	3.676807	11.891141	
7/20/2019 10:04:36.938486149	84.320158	27.382284	1004.353039	8.265511	25.026816	640.103517	81.987211	27.887544	1005.663232	6.307813	11.857458	
7/20/2019 10:04:37.938486149	83.906188	27.324293	1005.523429	9.852315	25.017468	638.262989	81.951806	28.062484	1005.936218	9.035757	11.877868	
7/20/2019 10:04:38.938486149	84.050749	27.302831	1005.557336	9.742642	24.986854	638.201879	81.844069	28.009981	1005.960346	8.867551	11.905321	
7/20/2019 10:04:39.938486149	84.280732	27.509409	1004.911465	8.533536	25.137884	640.015463	81.639318	28.014341	1005.885753	5.380331	11.885214	
7/20/2019 10:04:40.938486149	84.228164	27.355251	1005.479825	9.482125	25.073880	639.807820	81.545669	28.025549	1005.792391	10.356502	11.906280	
7/20/2019 10:04:41.938486149	84.353012	27.345680	1006.472643	9.388651	25.073594	640.825659	81.733257	28.044535	1005.835603	9.933367	11.907936	
7/20/2019 10:04:42.938486149	84.188739	27.403447	1005.535810	9.438397	25.073880	641.389447	81.816681	28.006869	1005.752494	6.534181	11.910854	
7/20/2019 10:04:43.938486149	84.024465	27.313674	1006.242555	9.670484	25.016040	640.436001	81.804643	28.030216	1005.859732	7.821123	11.903376	
7/20/2019 10:04:44.938486149	84.090175	27.334463	1005.489603	9.475623	24.990569	640.547706	81.666653	28.070368	1005.728837	9.923153	11.886213	
7/20/2019 10:04:45.938486149	84.188739	27.367666	1005.036522	9.443114	25.084615	642.377057	81.738277	27.984878	1005.815576	8.564943	11.889143	
7/20/2019 10:04:46.938486149	84.346441	27.313525	1005.842541	9.733102	25.007549	641.103611	81.939111	28.059891	1005.936532	10.468895	11.905045	
7/20/2019 10:04:47.938486149	84.228164	27.355625	1006.418314	9.154501	25.039837	642.691153	81.768581	28.010499	1005.654715	6.245719	11.851952	
7/20/2019 10:04:48.938486149	83.985040	27.403821	1005.576339	9.379822	25.062532	642.853453	81.697352	27.962981	1005.459009	4.005355	11.905268	
7/20/2019 10:04:49.938486149	84.182168	27.426032	1006.232540	11.295420	25.312710	646.228950	81.787243	28.130226	1006.016170	7.876935	11.875818	
7/20/2019 10:04:50.938486149	84.116458	27.376638	1004.756284	9.452005	24.988283	642.980273	81.848222	28.042355	1005.827087	6.901504	11.897134	
7/20/2019 10:04:51.938486149	84.274161	27.414814	1007.327865	10.580074	25.315282	648.919103	82.046007	28.118606	1006.160626	10.691603	11.885359	
7/20/2019 10:04:52.938486149	84.359583	27.329266	1004.375669	9.600892	25.054899	643.785869	81.714857	28.058748	1006.087612	12.053474	11.890247	
7/20/2019 10:04:53.938486149	84.550141	27.352374	1005.607800	10.257172	25.321813	649.503257	81.805747	28.174019	1006.187119	9.518365	11.870994	
7/20/2019 10:04:54.938486149	84.405580	27.397875	1006.679234	9.529155	25.028530	644.707118	81.725240	28.015791	1005.306350	5.879706	11.877881	
7/20/2019 10:04:55.938486149	84.491002	27.325341	1005.504820	10.152334	25.224909	649.298898	81.976382	28.113113	1006.515143	6.513483	11.869128	
7/20/2019 10:04:56.938486149	84.247877	27.382509	1004.095116	10.046830	24.981507	647.373609	81.731101	28.142482	1005.663075	14.803426	11.870640	
7/20/2019 10:04:57.938486149	84.254448	27.342878	1005.329613	10.245413	25.150374	652.565321	82.122993	28.180666	1006.363120	14.038908	11.886844	
7/20/2019 10:04:58.938486149	84.142742	27.366768	1004.236575	9.478453	25.076411	649.977675	81.708339	28.018595	1004.854848	2.343227	11.892021	
7/20/2019 10:04:59.938486149	84.339870	27.327661	1006.102672	9.793916	25.132251	652.379360	81.852243	28.254854	1006.269128	14.884908	11.862715	
7/20/2019 10:05:00.938486149	84.274161	27.403746	1005.645807	9.492457	25.017509	650.954118	81.548928	28.004170	1005.588639	4.174871	11.908120	
7/20/2019 10:05:01.938486149	84.458147	27.459609	1006.183336	9.696397	25.072451	653.837451	81.902445	28.134079	1006.173244	6.857487	11.862452	
7/20/2019 10:05:02.938486149	84.445006	27.387706	1005.742401	9.560861	25.073880	652.569257	81.814815	28.026374	1005.544798	10.678497	11.900143	
7/20/2019 10:05:03.938486149	84.339870	27.375109	1005.928568	10.054325	25.098820	654.068092	82.010393	28.221030	1006.339149	15.313015	11.887790	
7/20/2019 10:05:04.938486149	84.096746	27.318722	1004.897743	9.609871	24.977262	651.762345	81.873060	27.994000	1005.759746	14.291216	11.872479	
7/20/2019 10:05:05.938486149	84.385867	27.410964	1006.910032	9.775151	25.102820	654.905886	81.921764	28.179629	1006.317228	14.147640	11.884163	
7/20/2019 10:05:06.938486149	84.307016	27.409093	1006.496456	9.585800	24.995671	654.103573	81.749868	28.007800	1005.575550	4.443946	11.900485	
7/20/2019 10:05:07.938486149	84.234735	27.248283	1004.811322	9.621171	25.289525	657.532297	81.573214	28.125570	1006.365642	5.163137	11.859009	
7/20/2019 10:05:08.938486149	84.287303	27.387856	1005.396164	9.352770	25.064532	655.877729	81.545669	28.074728	1005.934167	12.172420	11.912930	
7/20/2019 10:05:09.938486149	84.668418	27.404345	1006.729462	10.075352	25.067675	656.975076	81.968102	28.147773	1006.658655	21.021211	11.881429	
7/20/2019 10:05:10.938486149	84.123029	27.409168	1004.794449	9.592541	25.016652	656.886369	81.769528	28.017558	1005.516254	5.116498	11.902193	
7/20/2019 10:05:11.938486149	84.536999	27.515879	1005.799252	10.044836	25.020652	657.578945	81.832031	28.106997	1006.181603	15.760509	11.876921	
7/20/2019 10:05:12.938486149	84.247877	27.371516	1006.103618	9.434460	25.006692	657.277342	81.571348	28.017971	1005.531551	5.937869	11.902325	
7/20/2019 10:05:13.938486149	84.510715	27.505185	1004.598502	9.810322	25.112168	659.966831	81.800674	28.077109	1006.321644	13.262865	11.859653	
7/20/2019 10:05:14.938486149	84.464718	27.377836	1005.761562	9.570846	25.097106	658.344461	81.867278	28.043392	1006.389613	10.471517	11.886357	
7/20/2019 10:05:15.938486149	84.477860	27.525599	1006.085404	9.918574	25.150170	660.334143	81.877266	28.061965	1005.942999	7.925924	11.879445	
7/20/2019 10:05:16.938486149	84.274161	27.387032	1005.474700	9.581681	25.090289	659.563375	81.724635	28.042873	1005.803587	10.452129	11.899920	
7/20/2019 10:05:17.938486149	84.458147	27.525599	1005.863752	10.079377	25.098004	659.592941	81.890617	28.059160	1006.243107	12.585071	11.881442	
7/20/2019 10:05:18.938486149	84.339870	27.419412	1004.819681	9.324730	25.029918	659.239427	81.815025	28.011018	1005.640997	4.666383	11.900524	
7/20/2019 10:05:19.938486149	84.438435	27.578019	1007.771562	10.057343	25.081268	660.167243	81.778516	28.087280	1005.777094	10.309864	11.876461	
7/20/2019 10:05:20.938486149	84.254448	27.382359	1005.463424	9.644646	25.015223	659.154004	81.678192	28.023982	1005.695563	3.877235	11.889945	
7/20/2019 10:05:21.938486149	84.556712	27.525899	1005.313449	9.712935	25.134822	662.587327	81.477409	28.089767	1006.309340	7.588473	11.820871	
7/20/2019 10:05:22.938486149	84.136171	27.398250	1007.137360	8.983467	25.052042	661.390757	81.517177	28.020045	1005.689726	6.989539	11.879944	
7/20/2019 10:05:23.938486149	84.491002	27.468207	1006.187674	10.549878	25.068247	663.113002	81.851087	28.050027	1005.378893	14.613212	11.882599	
7/20/2019 10:05:24.938486149	84.523857	27.430106	1006.848213	9.595496	25.083799	661.773184	81.792343	27.998360	1005.879759	7.192588	11.887632	
7/20/2019 10:05:25.938486149	84.326729	27.484097	1006.142572	10.064714	25.180172	663.956048	81.857920	28.066632	1005.913668	11.739071	11.883952	
7/20/2019 10:05:26.938486149	84.339870	27.420011	1004.561521	9.487621	25.009264	662.147727	81.700060	28.009568	1005.739247	5.729577	11.895517	
7/20/2019 10:05:27.938486149	84.418722	27.441024	1006.279221	10.337555	25.167681	664.010590	81.749420	28.146524	1006.206203	15.605409	11.898014	
7/20/2019 10:05:28.938486149	84.326729	27.425508	1004.330015	9.653468	25.046123	663.796379	81.621813	28.010605	1005.857209	5.485132	11.884662	
7/20/2019 10:05:29.938486149	84.517286	27.431303	1006.289708	10.413435	25.130251	664.509984	81.740642	28.091428	1006.155896	11.662831	11.892297	
7/20/2019 10:05:30.938486149	84.188739	27.344632	1005.720558	9.581367	24.992283	663.773381	81.595529	28.029591	1005.717798	12.940870	11.859587	
7/20/2019 10:05:31.938486149	84.412151	27.393801	1005.252102	10.456875	25.192621	666.950434	81.596580	28.176612	1005.947886	17.228762	11.886752	
7/20/2019 10:05:32.938486149	84.569853	27.360897	1004.434018	9.682029	25.048940	664.733394	81.714201	28.104404	1006.078623	12.936938	11.872361	
7/20/2019 10:05:33.938486149	84.274161	27.425657	1006.154872	10.292078	25.123720	665.701954	81.945840	28.143826	1006.079252	13.513863	11.887685	
7/20/2019 10:05:34.938486149	84.550141	27.398849	1005.910748	9.443711	25.092289	666.640285	81.744296	28.092159	1005.964919	12.999032	11.912536	
7/20/2019 10:05:35.938486149	84.333300	27.420834	1005.596052	10.004321	25.206214	667.870366	81.883337	28.082507	1006.081617	8.588262	11.898435	
7/20/2019 10:05:36.938486149	84.523857	27.424609	1006.063326	9.415407	25.074451	666.916921	81.691728	27.998360	1005.635317	8.881967	11.903534	
7/20/2019 10:05:37.938486149	84.326729	27.368190	1006.808708	9.930843	25.207602	670.420553	81.883442	28.048059	1005.767948	15.028484	11.868287	
7/20/2019 10:05:38.938486149	84.497573	27.436126	1004.354458	9.486458	25.065390	668.536660	81.577420	27.993587	1005.288688	6.349209	11.898343	
7/20/2019 10:05:39.938486149	84.681559	27.400271	1005.918713	10.010257	25.197152	669.431627	81.637557	28.140502	1005.956874	12.193118	11.878919	
7/20/2019 10:05:40.938486149	84.589566	27.340857	1003.647161	9.175265	25.199397	669.860049	81.556498	28.136259	1005.805166	10.963028	11.882494	
7/20/2019 10:05:41.938486149	84.353012	27.405094	1005.665520	10.044025	25.222664	672.684904	81.966946	28.146630	1005.794441	11.219268	11.875936	
7/20/2019 10:05:42.938486149	84.399009	27.377761	1005.149043	9.400586	25.131067	668.513663	81.616241	27.943158	1006.063483	19.069309	11.893625	
7/20/2019 10:05:43.938486149	84.536999	27.342579	1006.782371	9.972735	25.106494	673.317685	81.907308	28.182116	1005.864776	14.821503	11.875739	
7/20/2019 10:05:44.938486149	84.458147	27.446670	1006.035806	9.516711	24.978078	672.112569	81.698456	28.012679	1005.579336	4.107535	11.907476	
7/20/2019 10:05:45.938486149	84.517286	27.361271	1006.509389	9.594358	25.029673	672.230190	81.555551	28.041211	1005.730730	12.671795	11.885201	
7/20/2019 10:05:46.938486149	84.530428	27.841765	1006.912634	10.451868	25.180498	673.505604	81.707392	28.045561	1005.987626	7.770824	11.860100	
7/20/2019 10:05:47.938486149	84.254448	27.445847	1005.388199	9.357863	25.012080	672.234789	81.545064	28.027411	1005.713382	5.201912	11.892902	
7/20/2019 10:05:48.938486149	84.517286	27.688954	1006.771332	10.450662	25.141680	674.575354	81.581888	28.114563	1006.118364	10.163666	11.881166	
7/20/2019 10:05:49.938486149	84.484431	27.425508	1006.437475	9.414275	25.089473	673.501667	81.457382	27.954990	1005.689254	3.575937	11.895898	
7/20/2019 10:05:50.938486149	84.523857	27.614398	1007.088079	10.707474	25.206255	674.374941	81.790187	28.047222	1006.132082	7.911779	11.857944	
7/20/2019 10:05:51.938486149	84.234735	27.441248	1005.979270	9.527678	24.999059	672.858371	81.626571	27.995767	1005.561988	2.588982	11.903153	
7/20/2019 10:05:52.938486149	84.438435	27.584039	1005.180426	10.203835	25.194336	675.396727	81.684315	28.053244	1005.658817	3.062417	11.882520	
7/20/2019 10:05:53.938486149	84.510715	27.416311	1004.721512	9.420017	25.067104	674.717950	81.360631	27.997842	1005.824564	3.983346	11.884504	
7/20/2019 10:05:54.938486149	84.727556	27.520477	1005.343806	10.513280	25.251523	677.798412	81.431413	28.092878	1005.924072	8.510712	11.895793	
7/20/2019 10:05:55.938486149	84.201881	27.557006	1005.653297	9.101202	25.063920	673.407045	81.592455	28.016415	1005.573342	9.074532	11.873373	
7/20/2019 10:05:56.938486149	84.451576	27.451867	1007.228591	10.992250	25.243318	677.391672	81.608461	28.160632	1006.261084	12.101422	11.872663	
7/20/2019 10:05:57.938486149	84.234735	27.399223	1006.119467	9.735825	25.010692	675.143089	81.560257	28.010605	1005.901365	7.162716	11.899565	
7/20/2019 10:05:58.938486149	84.247877	27.505110	1005.792471	10.632493	25.273932	679.566653	81.518281	28.044005	1005.582487	3.354811	11.865107	
7/20/2019 10:05:59.938486149	84.366154	27.409916	1004.126183	8.936148	25.113515	679.147430	81.483718	27.920436	1005.258408	7.328301	11.883177	
7/20/2019 10:06:00.938486149	84.353012	27.473329	1006.040773	10.226712	25.239645	681.844802	81.451468	28.056980	1005.779459	4.195569	11.879340	
7/20/2019 10:06:01.938486149	84.366154	27.345530	1005.353584	9.843122	25.015754	678.440393	81.173385	28.072136	1006.017592	10.920321	11.904677	
7/20/2019 10:06:02.938486149	84.405580	27.505485	1005.715038	10.154975	25.249278	682.141152	81.494495	28.066008	1005.501586	3.352190	11.871520	
7/20/2019 10:06:03.938486149	84.412151	27.387406	1005.523115	9.737617	25.050613	678.797853	81.510397	28.043392	1005.822828	10.924253	11.908554	
7/20/2019 10:06:04.938486149	84.510715	27.457513	1006.646195	10.133677	25.169069	682.070843	81.714201	28.161362	1006.442757	13.991230	11.878669	
7/20/2019 10:06:05.938486149	84.615850	27.330089	1006.547788	9.299760	25.066206	678.419363	81.461246	28.018383	1006.302245	10.577628	11.873110	
7/20/2019 10:06:06.938486149	84.747269	27.410066	1005.938503	9.832155	25.276177	683.411315	81.413593	28.062071	1005.921707	6.416545	11.884005	
7/20/2019 10:06:07.938486149	84.445006	27.424834	1006.621357	9.453004	25.083513	681.904596	81.166762	27.979162	1005.761482	6.372528	11.906622	
7/20/2019 10:06:08.938486149	84.274161	27.479649	1005.748787	9.877336	25.169396	684.998857	81.496151	28.102118	1006.013333	3.802306	11.890037	
7/20/2019 10:06:09.938486149	84.392438	27.379333	1006.775039	9.571231	25.049225	682.577458	81.405813	28.059054	1006.106853	8.690442	11.876159	
7/20/2019 10:06:10.938486149	84.517286	27.369463	1005.822828	10.050898	25.100208	686.375472	81.699403	28.147255	1006.282375	13.469846	11.887514	
7/20/2019 10:06:11.938486149	84.510715	27.446071	1005.745790	9.437976	25.044123	684.297735	81.349592	27.957583	1005.731045	2.140177	11.897410	
7/20/2019 10:06:12.938486149	84.582995	27.391598	1006.138866	9.797966	25.111270	686.394522	81.476043	28.195610	1005.956403	14.120389	11.850125	
7/20/2019 10:06:13.938486149	84.247877	27.419487	1007.307837	9.359052	24.990283	685.057335	81.289954	28.056049	1005.969492	6.557500	11.884531	
7/20/2019 10:06:14.938486149	84.517286	27.448017	1006.546684	9.766065	25.078982	686.001581	81.677378	28.168421	1005.912561	13.680758	11.859824	
7/20/2019 10:06:15.938486149	84.668418	27.414140	1006.178449	9.465210	25.100208	686.597566	81.599026	27.992963	1005.906095	7.007616	11.904559	
7/20/2019 10:06:16.938486149	84.523857	27.496812	1006.513487	9.761261	25.070206	688.232419	81.769975	28.143625	1006.264713	7.292147	11.859482	
7/20/2019 10:06:17.938486149	84.366154	27.399522	1005.303514	9.606438	25.006978	685.610608	81.471733	28.064145	1005.936375	9.132694	11.883216	
7/20/2019 10:06:18.938486149	84.550141	27.475650	1005.598969	9.420054	25.126005	687.433391	81.542305	28.109695	1005.991413	5.933937	11.886094	
7/20/2019 10:06:19.938486149	84.628992	27.404195	1005.352874	9.310230	25.063961	687.296057	81.232471	28.026998	1005.658345	9.074532	11.910854	
7/20/2019 10:06:20.938486149	84.760411	27.490642	1005.650618	9.499820	25.119801	689.537410	81.578261	28.126819	1005.975958	4.271809	11.885687	
7/20/2019 10:06:21.938486149	84.385867	27.409542	1005.802406	9.590296	25.007590	686.524626	81.614375	28.020151	1005.531394	4.948292	11.899801	
7/20/2019 10:06:22.938486149	84.510715	27.396122	1006.027684	9.947185	25.069920	688.724582	81.622260	28.180147	1006.361384	14.536972	11.886922	
7/20/2019 10:06:23.938486149	84.504144	27.414140	1005.797439	9.451552	25.076411	688.264616	81.336502	28.035814	1005.772049	8.753847	11.900866	
7/20/2019 10:06:24.938486149	84.668418	27.501635	1005.664022	9.463487	25.049797	690.014458	81.426235	28.149329	1006.326688	11.443016	11.827981	
7/20/2019 10:06:25.938486149	84.385867	27.457588	1006.690193	9.700548	25.036163	687.783620	81.162399	28.026374	1005.929909	7.023072	11.875725	
7/20/2019 10:06:26.938486149	84.569853	27.423080	1004.283176	9.581932	25.156334	690.008543	81.334794	28.187513	1006.536277	7.972562	11.854186	
7/20/2019 10:06:27.938486149	84.602708	27.398849	1006.718108	9.657851	25.083227	690.521736	81.142581	28.087280	1005.851372	10.947572	11.899946	
7/20/2019 10:06:28.938486149	84.734127	27.681778	1005.439216	8.861468	25.131148	693.202025	81.364784	28.174856	1005.962554	6.876875	11.844987	
7/20/2019 10:06:29.938486149	84.353012	27.572522	1004.605362	9.305834	25.126577	691.331932	81.426525	28.049614	1005.545112	4.769873	11.883584	
7/20/2019 10:06:30.938486149	84.589566	27.480323	1006.831889	9.977834	25.043021	691.848408	81.580022	28.166971	1006.334576	13.645644	11.877210	
7/20/2019 10:06:31.938486149	84.648705	27.399597	1004.857056	9.717225	25.012652	691.642081	81.414749	28.041836	1005.988890	9.172780	11.896752	
7/20/2019 10:06:32.938486149	84.510715	27.505634	1006.163861	9.634986	25.033959	693.265104	81.400556	28.165204	1006.328267	9.491114	11.878630	
7/20/2019 10:06:33.938486149	84.622421	27.377761	1005.063805	9.723167	25.060573	693.284818	81.104864	28.077840	1005.927544	8.852095	11.880864	
7/20/2019 10:06:34.938486149	84.826120	27.475724	1005.046695	9.769266	25.098616	695.083287	81.177144	28.140926	1006.426045	10.814210	11.862032	
7/20/2019 10:06:35.938486149	84.379296	27.468282	1004.226088	9.135794	25.097677	694.876959	81.422767	28.020151	1005.384573	3.574627	11.891956	
7/20/2019 10:06:36.938486149	84.734127	27.542238	1007.786622	9.655385	25.039633	694.273743	81.538493	28.105853	1006.396237	7.972562	11.874753	
7/20/2019 10:06:37.938486149	84.458147	27.398474	1005.737196	9.528256	25.028245	693.617964	81.351800	28.059266	1005.976115	10.453440	11.896187	
7/20/2019 10:06:38.938486149	84.661847	27.516627	1006.857279	9.728681	25.114454	695.639844	81.323361	28.155764	1006.548895	13.315785	11.874293	
7/20/2019 10:06:39.938486149	84.596137	27.451119	1006.296883	9.389518	24.997059	693.848605	81.266929	28.057192	1005.829294	5.441115	11.896858	
7/20/2019 10:06:40.938486149	84.326729	27.562952	1004.512318	9.506730	25.022652	697.448827	81.157484	27.999704	1005.428886	3.995141	11.877710	
7/20/2019 10:06:41.938486149	84.484431	27.437923	1004.773000	10.666028	25.312425	700.513522	81.604755	28.214690	1005.506001	8.730528	11.877106	
7/20/2019 10:06:42.938486149	84.536999	27.484397	1007.327313	9.362938	25.008121	696.936950	81.187027	28.028554	1005.492125	1.254092	11.893480	
7/20/2019 10:06:43.938486149	84.674989	27.479649	1005.691542	10.354489	25.313037	701.189015	81.376375	28.163955	1005.862883	8.815941	11.862216	
7/20/2019 10:06:44.938486149	84.353012	27.478900	1004.769689	9.474781	25.012652	697.170875	81.308905	28.023262	1005.428729	3.900554	11.884176	
7/20/2019 10:06:45.938486149	84.366154	27.485071	1007.555825	10.270855	25.228869	700.929461	81.648229	28.174432	1005.954824	7.047701	11.877250	
7/20/2019 10:06:46.938486149	84.484431	27.377536	1005.661105	9.844203	25.035592	698.411472	81.368858	28.077321	1006.008760	10.982416	11.903113	
7/20/2019 10:06:47.938486149	84.536999	27.492064	1005.418005	10.059802	25.138455	701.564873	81.548876	28.148080	1006.510727	12.235825	11.851834	
7/20/2019 10:06:48.938486149	84.668418	27.404345	1006.210304	9.734291	25.051756	699.435226	81.182164	28.058748	1005.923443	10.961718	11.902785	
7/20/2019 10:06:49.938486149	84.563283	27.480173	1005.954904	9.764619	25.119189	699.424711	81.347936	28.156070	1005.959239	6.699766	11.850519	
7/20/2019 10:06:50.938486149	84.307016	27.446520	1005.421711	9.574387	25.018326	698.429870	81.293660	28.061341	1005.925494	8.235084	11.884189	
7/20/2019 10:06:51.938486149	84.582995	27.384605	1005.958610	10.028732	25.148946	700.836154	81.641159	28.225591	1006.429353	14.129563	11.889695	
7/20/2019 10:06:52.938486149	84.385867	27.546313	1005.607486	8.970783	25.046654	698.653280	81.312374	28.095789	1005.807531	7.686721	11.871454	
7/20/2019 10:06:53.938486149	84.622421	27.485295	1006.306661	9.699623	25.120332	702.602426	81.401003	28.134386	1006.081303	7.297389	11.883966	
7/20/2019 10:06:54.938486149	84.635563	27.484172	1006.133661	9.287454	25.016611	700.673191	81.273343	28.011536	1005.594948	1.439064	11.903455	
7/20/2019 10:06:55.938486149	84.477860	27.512328	1005.821172	9.661127	25.130822	703.329830	81.664630	28.152441	1005.993620	6.415235	11.884609	
7/20/2019 10:06:56.938486149	84.399009	27.436500	1005.411304	9.521471	25.061430	701.516899	81.346780	28.107515	1005.739561	12.253902	11.895911	
7/20/2019 10:06:57.938486149	84.517286	27.400795	1006.811073	10.153912	25.141312	702.946740	81.438825	28.228290	1006.199580	13.616043	11.880167	
7/20/2019 10:06:58.938486149	84.510715	27.420310	1005.129015	9.423915	25.087758	702.560367	81.208895	28.020976	1005.897107	7.478429	11.910394	
7/20/2019 10:06:59.938486149	84.635563	27.470003	1004.700063	9.739045	25.058287	702.913228	81.441375	28.142894	1006.129717	9.756258	11.860205	
7/20/2019 10:07:00.938486149	84.615850	27.521450	1004.613484	9.465587	25.064492	703.597920	81.445739	28.017971	1005.262509	2.547586	11.877500	
7/20/2019 10:07:01.938486149	84.747269	27.457962	1006.818485	9.799594	25.182417	706.506882	81.536181	28.176824	1006.265342	9.188507	11.882139	
7/20/2019 10:07:02.938486149	84.720985	27.351177	1006.484866	9.504763	25.052899	703.691227	81.279572	28.075035	1006.058911	12.053474	11.880128	
7/20/2019 10:07:03.938486149	84.786695	27.469554	1005.913113	9.830696	25.153517	705.286652	81.330931	28.156907	1006.322430	8.929645	11.883243	
7/20/2019 10:07:04.938486149	84.773553	27.451193	1006.594074	9.650399	25.076982	705.532407	81.177092	28.088423	1005.954352	8.874104	11.898540	
7/20/2019 10:07:05.938486149	84.766982	27.486792	1006.855151	9.680406	25.030530	706.895223	81.586883	28.193948	1006.126880	10.620335	11.848614	
7/20/2019 10:07:06.938486149	84.622421	27.473030	1005.750443	9.385475	25.068206	707.187627	81.380686	28.034364	1005.772364	7.188656	11.912273	
7/20/2019 10:07:07.938486149	84.642134	27.349872	1006.506864	10.539357	25.177314	707.878234	81.226505	28.108034	1006.908456	11.285024	11.839165	
7/20/2019 10:07:08.938486149	84.412151	27.398399	1005.375504	9.675716	25.051185	708.005053	81.254944	28.075247	1006.159840	10.366716	11.901470	
7/20/2019 10:07:09.938486149	84.596137	27.443644	1004.876927	10.140933	25.076451	709.647790	81.309510	28.203388	1006.532490	11.728857	11.859850	
7/20/2019 10:07:10.938486149	84.431864	27.474003	1006.219688	9.541311	25.007835	708.980181	81.347726	27.994730	1005.695720	2.115548	11.899276	
7/20/2019 10:07:11.938486149	84.661847	27.480248	1005.725605	9.512215	25.139924	711.601991	81.555237	28.162093	1006.205103	11.146690	11.876987	
7/20/2019 10:07:12.938486149	84.628992	27.456391	1006.198161	9.421513	25.012366	709.999335	81.390174	28.010499	1005.829452	5.671415	11.895819	
7/20/2019 10:07:13.938486149	84.812978	27.486642	1006.381806	9.724456	25.058614	711.603960	81.473783	28.129412	1006.174823	8.066879	11.878985	
7/20/2019 10:07:14.938486149	84.438435	27.415188	1005.467997	9.675955	25.012366	710.411990	81.206135	28.037581	1005.938583	6.854866	11.898211	
7/20/2019 10:07:15.938486149	84.497573	27.544708	1004.588961	9.379972	25.075308	712.742050	81.590956	28.104922	1006.056860	3.266777	11.874135	
7/20/2019 10:07:16.938486149	84.543570	27.483574	1005.016100	9.778044	25.036163	711.182105	81.369857	28.060928	1006.146436	9.507881	11.876001	
7/20/2019 10:07:17.938486149	84.727556	27.512553	1004.656459	9.637395	25.082125	713.711262	81.312874	28.108140	1006.256353	2.591604	11.831766	
7/20/2019 10:07:18.938486149	84.747269	27.451867	1005.375347	9.469385	25.086615	713.102794	81.127284	28.043804	1005.761639	6.002584	11.908514	
7/20/2019 10:07:19.938486149	84.701272	27.501485	1004.510110	9.961108	25.109025	713.637669	81.518519	28.210860	1006.381097	14.662471	11.874503	
7/20/2019 10:07:20.938486149	84.372725	27.478601	1006.134370	9.401353	25.054613	714.213940	81.405813	27.991301	1005.763532	2.880066	11.903442	
7/20/2019 10:07:21.938486149	84.681559	27.402591	1006.608662	10.175846	25.083799	712.545574	81.496360	28.248631	1005.734988	3.658730	11.862728	
7/20/2019 10:07:22.938486149	84.780124	27.425208	1004.329620	10.113441	24.987181	715.509731	81.150913	28.114881	1005.997879	9.919221	11.881337	
7/20/2019 10:07:23.938486149	84.740698	27.502159	1006.061748	9.919020	25.056042	715.650349	81.344677	28.200277	1006.551574	13.120600	11.858050	
7/20/2019 10:07:24.938486149	84.635563	27.426331	1007.272827	9.656166	25.000202	715.643118	81.469762	28.043498	1005.813525	4.927594	11.896923	
7/20/2019 10:07:25.938486149	84.819549	27.533266	1005.636030	9.627295	25.127760	718.199219	81.523538	28.167384	1005.969335	7.438344	11.879839	
7/20/2019 10:07:26.938486149	84.773553	27.466560	1005.545350	9.580857	25.076656	717.719539	81.284040	28.057711	1005.686417	8.034656	11.896135	
7/20/2019 10:07:27.938486149	84.688130	27.515472	1005.113718	9.744333	25.028612	717.297685	81.406418	28.184920	1006.304610	9.240116	11.855382	
7/20/2019 10:07:28.938486149	84.615850	27.467982	1004.920690	9.623215	25.070206	718.770890	81.388308	28.012055	1005.595420	3.187916	11.880680	
7/20/2019 10:07:29.938486149	84.523857	27.485744	1006.912397	10.005628	25.065675	719.598832	81.520436	28.235762	1006.328424	17.840530	11.878262	
7/20/2019 10:07:30.938486149	84.438435	27.452167	1005.550949	9.478057	25.065104	718.480455	81.212207	28.102742	1005.881652	9.322909	11.904480	
7/20/2019 10:07:31.938486149	84.471289	27.591632	1005.065224	10.026845	25.012407	718.813602	81.413593	28.260664	1006.590843	15.725666	11.857944	
7/20/2019 10:07:32.938486149	84.477860	27.478676	1007.081928	9.223326	25.090289	718.479140	81.264065	27.987259	1005.955774	0.866071	11.875923	
7/20/2019 10:07:33.938486149	84.799836	27.486119	1004.740750	9.747389	25.079594	719.750617	81.566066	28.208786	1006.300037	14.839580	11.861112	
7/20/2019 10:07:34.938486149	84.734127	27.384605	1005.311793	9.431505	24.977833	720.169187	81.358318	28.101705	1005.963026	10.776745	11.876488	
7/20/2019 10:07:35.938486149	84.812978	27.534314	1005.631771	9.473208	25.085799	720.659382	81.348540	28.257034	1006.214406	2.186816	11.807348	
7/20/2019 10:07:36.938486149	84.872117	27.720810	1005.846090	11.165837	25.243073	723.273299	81.363443	28.149837	1006.274173	13.186626	11.862492	
7/20/2019 10:07:37.938486149	84.688130	27.415787	1005.045354	9.746157	25.030490	720.483936	81.397534	28.048683	1005.868406	8.619174	11.898080	
7/20/2019 10:07:38.938486149	84.806407	27.589087	1007.291199	10.704493	25.263442	724.440302	81.490394	28.133962	1006.005288	10.440605	11.877066	
7/20/2019 10:07:39.938486149	84.615850	27.483798	1005.436299	9.379583	24.986854	720.324920	81.354559	28.076178	1005.770313	6.838100	11.881902	
7/20/2019 10:07:40.938486149	84.622421	27.605501	1007.654547	10.327330	25.232583	724.553323	81.328932	28.077522	1005.676636	3.723445	11.883729	
7/20/2019 10:07:41.938486149	84.418722	27.521300	1006.019485	9.139969	25.043837	723.264763	81.108780	28.002308	1005.481087	3.495766	11.901563	
7/20/2019 10:07:42.938486149	84.458147	27.558503	1006.635313	10.606950	25.207602	725.092145	81.429547	28.138947	1006.260769	12.811439	11.890550	
7/20/2019 10:07:43.938486149	84.491002	27.436276	1005.086830	9.518163	25.038449	723.113630	81.417799	28.096826	1005.962869	10.494836	11.903928	
7/20/2019 10:07:44.938486149	84.477860	27.653622	1006.574361	10.144336	25.159762	724.406790	81.473441	28.084475	1005.820935	5.112567	11.887606	
7/20/2019 10:07:45.938486149	84.431864	27.542538	1006.756744	9.493488	25.011264	722.750255	81.157983	28.022744	1005.599206	2.588982	11.894584	
7/20/2019 10:07:46.938486149	84.536999	27.532368	1005.141710	10.624544	25.169926	725.300440	81.293266	28.132724	1006.177502	12.230582	11.886949	
7/20/2019 10:07:47.938486149	84.464718	27.520028	1005.980688	9.289082	25.057389	723.889660	81.309510	27.987047	1005.340417	3.634100	11.881390	
7/20/2019 10:07:48.938486149	84.602708	27.616719	1005.198798	10.423824	25.160620	727.444539	81.430546	28.096720	1005.505529	3.224070	11.850966	
7/20/2019 10:07:49.938486149	84.642134	27.483574	1005.305327	9.493193	25.076982	725.207134	81.241198	28.032184	1005.925651	8.607650	11.906162	
7/20/2019 10:07:50.938486149	84.806407	27.568373	1006.489753	10.456554	25.235685	727.997159	81.205636	28.108234	1005.854052	6.249650	11.879497	
7/20/2019 10:07:51.938486149	84.661847	27.436276	1004.356903	9.905105	25.051470	724.953495	81.025408	28.100668	1006.212355	11.578728	11.893861	
7/20/2019 10:07:52.938486149	84.464718	27.527096	1005.281750	10.716674	25.164824	726.877467	81.403159	28.156070	1006.188698	11.845182	11.882231	
7/20/2019 10:07:53.938486149	84.523857	27.462710	1006.543767	9.361567	25.054613	726.060041	81.209999	28.040174	1005.783403	9.445787	11.903902	
7/20/2019 10:07:54.938486149	84.576424	27.553830	1006.276066	10.366248	25.143884	728.199540	81.284487	28.089248	1006.140284	9.461242	11.884570	
7/20/2019 10:07:55.938486149	84.674989	27.420760	1005.774886	9.727474	25.031347	726.060041	80.992054	28.076284	1005.862254	11.290266	11.880995	
7/20/2019 10:07:56.938486149	84.655276	27.580265	1005.405390	9.963322	25.183233	730.703730	81.437065	28.051064	1005.689568	2.569595	11.883164	
7/20/2019 10:07:57.938486149	84.694701	27.494791	1005.571372	9.218126	25.088901	729.111589	81.137166	28.063521	1005.643048	7.371007	11.908830	
7/20/2019 10:07:58.938486149	84.747269	27.590808	1007.857984	10.379139	25.134781	730.011807	81.165158	28.132205	1006.059225	9.031825	11.878288	
7/20/2019 10:07:59.938486149	84.655276	27.442222	1005.934482	9.462047	24.992242	727.918304	81.204322	28.046090	1005.763532	6.875564	11.894584	
7/20/2019 10:08:00.938486149	84.510715	27.716960	1005.170017	10.269541	25.154905	730.917941	81.447552	28.138534	1006.254146	12.405341	11.855724	
7/20/2019 10:08:01.938486149	84.628992	27.462336	1005.358551	9.673414	25.065349	729.915217	81.288351	28.111251	1005.836075	10.514223	11.906280	
7/20/2019 10:08:02.938486149	84.707843	27.632011	1005.878970	9.902853	25.128781	731.524441	81.285696	28.070675	1005.619863	2.677017	11.855881	
7/20/2019 10:08:03.938486149	84.773553	27.521225	1005.047561	9.281744	25.011795	729.689175	81.120765	28.020045	1005.837968	4.273119	11.878617	
7/20/2019 10:08:04.938486149	84.694701	27.610998	1006.244525	10.037461	25.171681	732.190734	81.066095	28.074517	1005.851687	3.080494	11.852202	
7/20/2019 10:08:05.938486149	84.438435	27.511131	1006.614734	9.481201	25.004447	730.057803	81.335584	28.038725	1005.741455	3.286164	11.895911	
7/20/2019 10:08:06.938486149	84.596137	27.595556	1005.906490	9.907092	25.221807	732.734808	81.340813	28.047328	1005.630744	4.275740	11.889459	
7/20/2019 10:08:07.938486149	84.510715	27.463010	1004.988738	9.656380	24.991671	729.848192	81.080892	28.118617	1006.573495	7.230052	11.833093	
7/20/2019 10:08:08.938486149	84.694701	27.507056	1007.006468	10.348754	25.138210	731.891753	81.151465	28.106891	1006.037304	8.601097	11.867788	
7/20/2019 10:08:09.938486149	84.707843	27.447568	1004.391833	9.175643	25.066206	731.111786	81.240384	27.983523	1005.951987	7.615453	11.854291	
7/20/2019 10:08:10.938486149	84.839262	27.561829	1006.368796	10.419195	25.160660	732.177588	81.350643	28.100043	1006.037619	13.890360	11.862873	
7/20/2019 10:08:11.938486149	84.964110	27.431154	1003.899721	8.863216	25.070451	732.489716	81.291557	28.022119	1005.602043	15.068569	11.870824	
7/20/2019 10:08:12.938486149	84.688130	27.557455	1006.101648	10.421408	25.214133	735.258712	81.150965	28.097545	1005.851372	10.214237	11.887475	
7/20/2019 10:08:13.938486149	84.333300	27.552558	1005.002854	9.799318	25.031959	733.616628	81.303281	28.011124	1005.310923	2.140177	11.876383	
7/20/2019 10:08:14.938486149	84.504144	27.510382	1007.144772	10.273999	25.209888	735.681219	81.218278	28.163436	1005.930538	10.146900	11.870587	
7/20/2019 10:08:15.938486149	84.464718	27.453289	1005.912009	9.688506	25.009264	734.066080	81.154619	28.065182	1005.984475	8.885628	11.893546	
7/20/2019 10:08:16.938486149	84.609279	27.594658	1006.363040	10.249513	25.221807	738.303029	80.969186	28.069532	1005.816048	8.259714	11.886502	
7/20/2019 10:08:17.938486149	84.635563	27.478751	1004.905156	9.529866	25.064247	736.118187	80.839818	28.063002	1005.590847	8.871483	11.886410	
7/20/2019 10:08:18.938486149	84.740698	27.611597	1006.349635	10.219109	25.222705	739.719061	81.156118	28.045466	1005.640683	6.659680	11.887790	
7/20/2019 10:08:19.938486149	84.694701	27.500437	1004.741382	9.603508	25.021754	736.787765	81.154514	28.036026	1005.872821	6.342656	11.893730	
7/20/2019 10:08:20.938486149	84.858975	27.557605	1006.330789	10.309119	25.143312	739.583706	80.983327	28.149117	1005.993778	13.821713	11.884281	
7/20/2019 10:08:21.938486149	84.845833	27.464058	1004.954597	9.447144	25.056001	738.618431	80.693050	28.103779	1005.590218	9.810489	11.881889	
7/20/2019 10:08:22.938486149	84.668418	27.546986	1006.451117	10.452321	25.157762	739.150021	80.996916	28.124628	1006.028945	13.062437	11.891916	
7/20/2019 10:08:23.938486149	84.392438	27.505410	1005.466736	9.448886	25.036204	738.193293	80.954284	28.020045	1005.575550	3.579869	11.904572	
7/20/2019 10:08:24.938486149	84.582995	27.578917	1005.593135	10.392583	25.182988	739.438488	80.939591	28.083957	1005.827244	10.413354	11.883558	
7/20/2019 10:08:25.938486149	84.543570	27.468132	1005.689649	9.145005	25.114944	736.498645	80.652178	28.073479	1006.728833	11.066519	11.836024	
7/20/2019 10:08:26.938486149	84.720985	27.711688	1005.785768	10.060758	25.111841	737.660386	80.945505	28.076591	1006.114105	8.295868	11.875725	
7/20/2019 10:08:27.938486149	84.780124	27.510158	1005.773310	9.479346	25.077268	738.002079	80.922428	28.042767	1005.785610	8.527479	11.908330	
7/20/2019 10:08:28.938486149	84.655276	27.606325	1006.655106	10.246608	25.182703	740.717849	80.958752	28.044217	1006.339463	5.831757	11.863451	
7/20/2019 10:08:29.938486149	84.576424	27.473329	1005.545745	9.562181	25.059144	738.343110	80.935360	28.074104	1006.017434	12.753277	11.903481	
7/20/2019 10:08:30.938486149	84.655276	27.633133	1007.709427	10.429948	25.065390	740.073238	81.145945	28.029898	1005.486131	6.880806	11.841136	
7/20/2019 10:08:31.938486149	84.760411	27.476430	1005.309980	9.577738	25.059797	739.533763	80.792613	28.059584	1006.109847	11.358913	11.877145	
7/20/2019 10:08:32.938486149	84.747269	27.505335	1005.609851	9.875594	24.929627	741.429486	80.835403	27.882252	1005.196747	10.739281	11.884623	
7/20/2019 10:08:33.938486149	84.484431	27.547510	1005.935428	9.464927	25.017223	740.838753	80.754895	27.956546	1005.619076	3.410353	11.897922	
7/20/2019 10:08:34.938486149	84.497573	27.457289	1005.224820	9.624164	25.081513	742.545231	80.985168	28.045053	1005.886382	12.525598	11.905531	
7/20/2019 10:08:35.938486149	84.569853	27.504661	1006.167567	9.533085	25.081513	742.882977	80.887471	27.980824	1005.774729	6.249650	11.904940	
7/20/2019 10:08:36.938486149	84.707843	27.542912	1005.911143	9.209165	25.060818	744.615736	80.848649	27.980411	1005.354136	3.573316	11.889814	
7/20/2019 10:08:37.938486149	84.550141	27.495090	1005.170649	9.428625	25.055756	744.270759	80.689790	28.037687	1005.966970	11.044510	11.907305	
7/20/2019 10:08:38.938486149	84.445006	27.510607	1005.897107	9.253818	25.012366	744.680130	80.755999	27.989333	1005.535652	2.159565	11.897975	
7/20/2019 10:08:39.938486149	84.688130	27.457588	1006.914999	9.803411	25.042694	744.736641	81.031217	28.039762	1005.949622	10.652557	11.895175	
7/20/2019 10:08:40.938486149	84.701272	27.436725	1005.384178	9.427751	24.992814	745.224204	81.020992	28.003652	1005.704394	6.980365	11.897528	
7/20/2019 10:08:41.938486149	84.589566	27.489744	1005.835366	9.602105	24.997059	745.059273	80.882004	27.998360	1005.864147	6.711290	11.899604	
7/20/2019 10:08:42.938486149	84.372725	27.558653	1006.610633	9.266923	24.993385	745.266916	80.797081	27.998466	1005.647149	2.260434	11.889051	
7/20/2019 10:08:43.938486149	84.451576	27.516403	1005.385991	9.350418	25.080697	746.468084	81.010348	28.019633	1005.866355	8.172990	11.895530	
7/20/2019 10:08:44.938486149	84.425293	27.468656	1006.515537	9.124060	25.079227	744.787236	80.884658	28.086973	1006.349716	5.752896	11.833093	
7/20/2019 10:08:45.938486149	84.536999	27.542762	1007.516162	9.595264	24.998202	745.551436	80.963010	28.029179	1005.590375	4.763320	11.890825	
7/20/2019 10:08:46.938486149	84.668418	27.462486	1004.815660	9.558534	25.034204	746.157935	80.775660	28.055319	1005.972014	12.028844	11.891325	
7/20/2019 10:08:47.938486149	84.694701	27.563101	1004.691784	9.452426	24.959955	746.675727	80.732528	27.990888	1006.004502	3.191848	11.871244	
7/20/2019 10:08:48.938486149	84.786695	27.463534	1005.980611	9.651701	25.016121	746.665213	80.675992	28.006763	1005.687361	8.824844	11.879918	
7/20/2019 10:08:49.938486149	84.845833	27.437024	1005.634374	9.859421	25.034449	747.683051	80.740045	28.065394	1006.125301	13.229332	11.891746	
7/20/2019 10:08:50.938486149	84.543570	27.469554	1004.119797	9.650777	25.041306	749.203568	80.869204	28.009568	1006.216299	6.487543	11.882231	
7/20/2019 10:08:51.938486149	84.484431	27.489145	1005.508764	9.878977	25.018326	747.551632	81.117639	28.060303	1005.586274	11.417075	11.875358	
7/20/2019 10:08:52.938486149	84.674989	27.521675	1006.056465	9.241808	25.078125	750.628146	80.939828	27.986021	1005.651879	4.626297	11.888513	
7/20/2019 10:08:53.938486149	84.832691	27.478376	1005.511681	9.458500	25.092003	750.176726	80.902216	28.063415	1006.011125	8.937509	11.904966	
