
Time stamp	Inside_humidity (in %rH)	Inside_temperature (in °C)	Inside_pressure (in mbar)	Soil_moisture (in %VWC)	Soil_temperature (in °C)	Inside_CO2_ratio (in ppm)	Outside_humidity (in %rH)	Outside_temperature (in °C)	Outside_pressure (in mbar)	Outside_PAR (in µmol m^-2 s^-1)	Power_box_charge (in V)	
7/20/2019 09:43:12.938486149	84.780124	27.108626	1004.203773	9.488407	25.060818	618.415440	82.398131	27.282854	1004.668916	9.085016	11.951028	
7/20/2019 09:43:13.938486149	84.885259	27.184753	1006.785368	9.911990	25.017509	616.281192	82.447544	27.378314	1005.452071	14.516274	11.910972	
7/20/2019 09:43:14.938486149	84.602708	27.091281	1004.789953	9.581454	24.987467	615.287667	82.391008	27.265942	1005.041888	12.131024	11.897107	
7/20/2019 09:43:15.938486149	84.891830	27.190624	1006.000244	9.881668	25.118046	616.047267	82.466705	27.408921	1004.760543	9.346228	11.897134	
7/20/2019 09:43:16.938486149	84.622421	27.126163	1004.388601	9.695480	24.970445	615.741718	82.396028	27.269784	1004.757863	8.213076	11.920276	
7/20/2019 09:43:17.938486149	84.957539	27.105674	1006.383462	9.483917	25.073023	616.959317	82.408723	27.265942	1004.729948	7.050323	11.932222	
7/20/2019 09:43:18.938486149	84.898401	27.102573	1003.783889	9.833733	25.162293	620.832240	82.767655	27.440988	1005.436931	12.215126	11.916242	
7/20/2019 09:43:19.938486149	84.852404	27.093184	1006.188541	9.609311	25.052328	615.810059	82.388353	27.268535	1004.730105	9.391556	11.931946	
7/20/2019 09:43:20.938486149	85.134954	27.199371	1005.094952	10.067486	25.106208	616.242428	82.473223	27.382887	1005.317553	9.215487	11.889735	
7/20/2019 09:43:21.938486149	84.878688	27.031194	1005.743268	9.869934	25.013223	615.327094	82.534807	27.306106	1004.934807	13.912098	11.937506	
7/20/2019 09:43:22.938486149	84.885259	27.241247	1005.790263	10.604007	25.118087	616.731960	82.599622	27.339400	1005.019332	14.152882	11.928346	
7/20/2019 09:43:23.938486149	84.931255	27.092960	1004.706766	9.460481	25.045225	616.609087	82.234566	27.274451	1004.565936	8.589573	11.948058	
7/20/2019 09:43:24.938486149	84.858975	27.120891	1004.473681	10.039981	25.135353	619.079766	82.579357	27.396157	1005.155114	13.211255	11.923825	
7/20/2019 09:43:25.938486149	85.082387	27.114197	1005.580992	9.550579	25.069308	616.731307	82.403755	27.285034	1004.964294	10.907487	11.941553	
7/20/2019 09:43:26.938486149	84.872117	27.128184	1005.278991	9.882743	25.108739	617.842453	82.555938	27.415567	1005.373062	15.187516	11.921735	
7/20/2019 09:43:27.938486149	84.872117	27.067723	1004.628624	9.682639	24.985752	615.440768	82.535069	27.304751	1004.917931	11.723615	11.941895	
7/20/2019 09:43:28.938486149	85.246661	27.215337	1006.058121	10.102311	25.120372	617.939044	82.502319	27.324668	1005.213781	11.255422	11.926808	
7/20/2019 09:43:29.938486149	84.740698	27.051757	1004.963743	9.497368	25.043797	617.778059	82.482344	27.282442	1004.839237	10.370647	11.942315	
7/20/2019 09:43:30.938486149	84.964110	27.135584	1005.169230	10.183719	25.164824	619.224984	82.534203	27.317715	1004.793974	8.619445	11.929857	
7/20/2019 09:43:31.938486149	85.167809	27.040989	1005.529029	9.711697	25.021999	617.153161	82.291235	27.293861	1004.902162	15.168128	11.935534	
7/20/2019 09:43:32.938486149	84.872117	27.058975	1005.051110	9.844203	25.114699	620.021381	82.428882	27.423547	1005.264717	14.591474	11.922589	
7/20/2019 09:43:33.938486149	84.996965	27.087388	1005.069325	9.655285	24.989793	616.944855	82.251572	27.301734	1004.881499	8.549487	11.931500	
7/20/2019 09:43:34.938486149	84.937826	27.218480	1006.888978	9.746998	25.040857	617.447533	82.334734	27.332976	1004.899797	9.669534	11.875265	
7/20/2019 09:43:35.938486149	85.003536	27.089334	1005.692488	9.562263	25.050368	619.270979	82.156871	27.253179	1005.196276	9.021611	11.894085	
7/20/2019 09:43:36.938486149	85.174380	27.215711	1005.519566	10.193358	25.143598	619.792708	82.358415	27.320202	1004.805170	10.589423	11.913942	
7/20/2019 09:43:37.938486149	84.990394	27.030670	1005.310846	9.709490	25.029959	619.549584	82.226787	27.315133	1004.958464	12.697464	11.933616	
7/20/2019 09:43:38.938486149	85.174380	27.109748	1005.741297	9.790168	25.187478	622.444748	82.388905	27.318752	1004.986844	8.327051	11.928609	
7/20/2019 09:43:39.938486149	84.806407	27.119619	1005.731991	9.506837	25.018938	620.993877	82.352843	27.273096	1004.859736	7.219839	11.935008	
7/20/2019 09:43:40.938486149	85.148096	27.105899	1005.270002	9.840788	25.026040	621.383535	82.574337	27.423145	1005.359658	12.748034	11.914547	
7/20/2019 09:43:41.938486149	84.891830	27.098306	1005.520907	9.614782	24.999059	620.934083	82.463236	27.268535	1004.769216	5.740062	11.941750	
7/20/2019 09:43:42.938486149	85.207235	27.126388	1004.753525	10.265277	25.059430	621.805389	82.469307	27.398644	1005.398134	17.368406	11.919580	
7/20/2019 09:43:43.938486149	85.016678	27.096029	1005.969729	9.301011	25.016652	621.359221	82.319227	27.282442	1004.399717	6.162926	11.923444	
7/20/2019 09:43:44.938486149	85.108671	27.158094	1005.092507	10.256807	25.081227	622.036030	82.335890	27.355899	1005.517990	13.855246	11.914901	
7/20/2019 09:43:45.938486149	85.246661	27.119843	1006.720473	9.462833	25.027673	623.267428	82.271732	27.268017	1004.657877	5.408892	11.937965	
7/20/2019 09:43:46.938486149	85.016678	27.094382	1003.995606	9.782899	25.154048	626.064685	82.465548	27.359635	1005.074055	8.394387	11.927872	
7/20/2019 09:43:47.938486149	85.200664	27.098381	1005.486843	9.492451	25.046368	623.381764	82.436505	27.290844	1004.826462	8.733149	11.948610	
7/20/2019 09:43:48.938486149	85.095529	27.090308	1005.811552	10.076919	25.024571	623.540780	82.502504	27.450016	1005.399398	13.441284	11.917674	
7/20/2019 09:43:49.938486149	85.075816	27.114197	1005.148333	9.559798	25.001304	623.319338	82.260036	27.267392	1004.686107	5.203222	11.936533	
7/20/2019 09:43:50.938486149	85.345225	27.152373	1006.079095	10.143159	25.066492	624.129534	82.030420	27.402074	1005.855002	16.816111	11.896568	
7/20/2019 09:43:51.938486149	85.049532	27.056655	1003.969112	9.524024	25.092289	623.620288	82.160131	27.331209	1005.415010	12.997722	11.927137	
7/20/2019 09:43:52.938486149	85.318941	27.100253	1006.368402	10.216719	24.944076	621.882266	82.205680	27.218000	1004.583599	9.016369	11.876737	
7/20/2019 09:43:53.938486149	85.036390	27.046860	1004.651964	9.672383	24.986242	623.374533	82.411377	27.273001	1005.308087	16.294727	11.928937	
7/20/2019 09:43:54.938486149	85.345225	27.033215	1005.816600	9.966434	25.072737	624.509993	82.452354	27.414943	1005.647778	13.676827	11.886094	
7/20/2019 09:43:55.938486149	85.023248	27.015228	1005.450887	9.367421	24.931300	623.600575	82.359362	27.382156	1004.857056	10.370647	11.877815	
7/20/2019 09:43:56.938486149	85.292657	27.199970	1005.226081	9.853094	25.015835	624.010598	82.454562	27.369806	1005.436931	12.198360	11.901654	
7/20/2019 09:43:57.938486149	85.174380	27.082940	1005.538727	9.486640	25.047185	624.944993	82.371899	27.266461	1004.946318	9.285444	11.943669	
7/20/2019 09:43:58.938486149	85.233519	27.213989	1004.098900	10.117075	25.208745	625.981230	82.110980	27.269466	1005.533130	15.360963	11.881390	
7/20/2019 09:43:59.938486149	85.292657	27.124965	1005.635163	9.534274	25.017183	624.986389	82.135950	27.267498	1004.579183	5.985818	11.933747	
7/20/2019 09:44:00.938486149	85.167809	27.095280	1005.341204	10.453567	25.150619	626.931392	82.263557	27.374473	1005.268504	11.953915	11.928648	
7/20/2019 09:44:01.938486149	85.253231	27.119619	1006.453325	9.733335	24.969588	624.393688	82.216405	27.291363	1004.944582	7.852305	11.935902	
7/20/2019 09:44:02.938486149	85.180951	27.069519	1006.086508	10.241212	24.982364	626.671838	82.362569	27.419197	1005.434251	14.022141	11.896871	
7/20/2019 09:44:03.938486149	85.161238	27.093259	1005.210469	9.539877	25.025387	626.780259	82.240585	27.264387	1004.876769	8.096751	11.944523	
7/20/2019 09:44:04.938486149	85.391221	27.222180	1005.665363	9.775447	25.098004	626.744115	82.283270	27.357148	1005.047247	6.225021	11.898198	
7/20/2019 09:44:05.938486149	85.062674	27.029173	1006.095734	9.770360	25.006692	627.129173	82.283822	27.307037	1005.059550	14.135845	11.906083	
7/20/2019 09:44:06.938486149	85.424076	27.163216	1005.843330	10.305975	25.047266	628.399335	82.371505	27.368768	1005.250841	16.847023	11.925599	
7/20/2019 09:44:07.938486149	85.272944	27.109524	1004.419116	9.721896	24.961098	626.907731	82.400890	27.281298	1004.832928	10.167598	11.928267	
7/20/2019 09:44:08.938486149	85.299228	27.019677	1006.625930	10.726584	25.022856	628.232436	82.524135	27.373224	1004.769688	13.557880	11.895202	
7/20/2019 09:44:09.938486149	85.410934	27.098456	1006.705570	9.776246	24.980364	628.053705	82.432037	27.301946	1004.885443	11.358913	11.937676	
7/20/2019 09:44:10.938486149	84.990394	27.033364	1004.686107	9.041350	24.898196	627.706760	82.264162	27.225059	1004.789087	10.212926	11.861033	
7/20/2019 09:44:11.938486149	85.312370	27.088885	1005.734988	9.566143	25.039266	630.736627	82.271784	27.260757	1004.616087	7.885838	11.943354	
7/20/2019 09:44:12.938486149	85.299228	27.190100	1005.136428	9.990568	24.981262	630.253000	82.396028	27.386929	1005.651093	12.463503	11.899144	
7/20/2019 09:44:13.938486149	85.226948	27.087912	1005.482585	9.448194	25.054001	632.637602	82.301879	27.291363	1004.841916	10.068039	11.938149	
7/20/2019 09:44:14.938486149	85.378079	27.162393	1006.749726	9.581146	24.987507	631.935165	82.368193	27.304645	1004.729948	7.393016	11.919002	
7/20/2019 09:44:15.938486149	85.194093	27.285893	1006.370372	10.723470	25.104861	633.899871	82.477192	27.385151	1005.628065	17.103263	11.888053	
7/20/2019 09:44:16.938486149	85.246661	27.078192	1006.411296	9.607601	24.980936	632.502236	82.425256	27.283997	1004.942059	10.903555	11.919435	
7/20/2019 09:44:17.938486149	85.424076	27.190549	1006.013728	10.492856	25.217195	637.352918	82.417791	27.372811	1005.209837	11.096391	11.917280	
7/20/2019 09:44:18.938486149	84.898401	27.209241	1005.498749	9.239329	25.008407	633.840740	82.410563	27.289183	1005.239802	9.310074	11.906372	
7/20/2019 09:44:19.938486149	85.463502	27.058676	1005.722451	10.106505	25.065675	637.241866	82.613606	27.470557	1005.684367	18.711160	11.916873	
7/20/2019 09:44:20.938486149	85.180951	27.114422	1005.021068	9.599483	24.993385	634.902606	82.385883	27.287627	1004.627283	9.928395	11.911550	
7/20/2019 09:44:21.938486149	85.463502	27.223079	1005.902074	9.796638	25.012978	637.105184	82.321435	27.357667	1005.330322	15.694754	11.869010	
7/20/2019 09:44:22.938486149	85.292657	27.067498	1006.199660	9.846002	24.974690	635.685205	82.200450	27.323218	1005.141553	21.661541	11.935889	
7/20/2019 09:44:23.938486149	85.384650	27.261960	1006.630188	10.103706	25.116984	638.335266	82.269524	27.297998	1004.784985	16.642934	11.898763	
7/20/2019 09:44:24.938486149	85.417505	27.040615	1005.490470	9.766574	25.111556	638.467348	82.531048	27.349158	1004.741301	12.904716	11.877762	
7/20/2019 09:44:25.938486149	85.299228	27.104402	1005.578942	10.776940	25.131108	641.051700	82.550157	27.390866	1005.445919	23.036517	11.928201	
7/20/2019 09:44:26.938486149	85.299228	27.062750	1006.367140	9.409572	24.973833	638.209762	82.325746	27.294168	1004.924397	17.593464	11.913535	
7/20/2019 09:44:27.938486149	85.575208	27.079614	1006.469016	9.834714	25.137598	644.539565	82.369587	27.342205	1005.060965	16.379101	11.913048	
7/20/2019 09:44:28.938486149	85.194093	27.076320	1006.577278	9.440415	25.027918	641.330968	82.278697	27.303502	1004.351460	13.973153	11.922957	
7/20/2019 09:44:29.938486149	85.555495	27.117266	1005.114979	9.862030	25.038449	644.737346	82.504712	27.419197	1005.463110	14.884908	11.909172	
7/20/2019 09:44:30.938486149	85.161238	27.052206	1005.277887	9.812290	24.987997	643.091978	82.375159	27.315959	1005.147704	21.676996	11.939805	
7/20/2019 09:44:31.938486149	85.496356	27.241996	1007.151001	9.982563	25.007345	644.003364	82.473118	27.369287	1005.353664	24.165737	11.898829	
7/20/2019 09:44:32.938486149	85.121813	27.112326	1005.497568	9.358908	25.006039	644.223501	82.394005	27.256090	1004.613407	16.265126	11.911077	
7/20/2019 09:44:33.938486149	85.470073	27.241097	1005.692014	9.883938	25.113841	646.362338	82.459872	27.301216	1005.072161	19.452359	11.922524	
7/20/2019 09:44:34.938486149	85.378079	27.098531	1005.456406	9.435196	25.008080	645.376043	82.325693	27.275488	1004.756756	17.131824	11.936415	
7/20/2019 09:44:35.938486149	85.279515	27.141754	1005.982424	10.183618	25.078696	645.720357	82.357549	27.353719	1005.376056	20.373288	11.922353	
7/20/2019 09:44:36.938486149	85.470073	27.040615	1005.286561	9.852183	24.994243	644.481076	82.190568	27.325811	1005.128306	16.098231	11.934956	
7/20/2019 09:44:37.938486149	85.246661	27.053778	1005.918475	10.024664	25.049225	645.025150	82.321487	27.413387	1005.500328	17.361853	11.921788	
7/20/2019 09:44:38.938486149	85.384650	27.061852	1005.594396	9.640916	24.945791	644.415367	82.248103	27.310349	1005.310294	11.480480	11.926992	
7/20/2019 09:44:39.938486149	85.509498	27.174059	1005.444421	9.621510	25.026285	647.162682	82.368036	27.385680	1005.115374	13.577268	11.915256	
7/20/2019 09:44:40.938486149	85.259802	27.120143	1006.507653	9.579883	24.965343	645.151970	82.310553	27.285034	1004.854691	14.070090	11.922142	
7/20/2019 09:44:41.938486149	85.647488	27.206814	1006.448909	9.821823	24.988324	646.544352	82.332079	27.376959	1005.498749	18.716132	11.870311	
7/20/2019 09:44:42.938486149	85.351796	27.078117	1005.255020	9.591088	25.019714	647.177796	82.436400	27.332352	1005.066960	14.882287	11.940278	
7/20/2019 09:44:43.938486149	85.410934	27.272879	1007.005679	10.067807	25.038776	648.190373	82.442576	27.313979	1005.119789	18.730548	11.917293	
7/20/2019 09:44:44.938486149	85.594920	27.089035	1004.226403	9.824603	25.001304	647.761951	82.390561	27.325505	1005.033843	15.680338	11.933944	
7/20/2019 09:44:45.938486149	85.318941	27.157196	1006.623407	10.450926	25.106739	650.547378	82.527447	27.372917	1005.454750	17.615473	11.915729	
7/20/2019 09:44:46.938486149	85.588349	26.994739	1006.385512	10.166841	24.962486	650.116325	82.341357	27.347084	1004.861157	25.769703	11.915848	
7/20/2019 09:44:47.938486149	85.404363	27.064547	1005.694301	10.286450	25.084656	651.039541	82.446887	27.432892	1005.754859	26.362084	11.904861	
7/20/2019 09:44:48.938486149	85.483214	27.052132	1005.495675	9.629403	24.992814	649.835741	82.402599	27.320107	1005.210944	27.224850	11.928516	
7/20/2019 09:44:49.938486149	85.443789	27.064622	1005.219458	9.904231	25.029387	652.760471	82.518116	27.421483	1005.607409	31.795962	11.918239	
7/20/2019 09:44:50.938486149	85.529211	27.056730	1006.048738	9.577562	24.961098	651.886534	82.433246	27.312635	1005.263931	26.570375	11.934575	
7/20/2019 09:44:51.938486149	85.476643	27.137081	1005.706759	9.822420	25.064247	655.005108	82.400496	27.397407	1005.723792	28.095480	11.919659	
7/20/2019 09:44:52.938486149	85.588349	27.088885	1004.958223	9.799343	25.020856	654.422922	82.154059	27.327579	1005.121368	27.017869	11.941461	
7/20/2019 09:44:53.938486149	85.410934	27.162917	1005.778278	10.091004	25.047837	655.294227	82.554677	27.375616	1005.524771	33.693633	11.904887	
7/20/2019 09:44:54.938486149	85.417505	26.967481	1005.407045	9.996869	25.046899	655.744342	82.544400	27.353412	1005.089352	25.508491	11.881547	
7/20/2019 09:44:55.938486149	85.325512	27.247642	1006.299643	10.019840	25.100249	657.189287	82.558198	27.322064	1005.136030	26.464534	11.909986	
7/20/2019 09:44:56.938486149	85.562066	27.052057	1004.963585	9.819610	25.001019	655.212751	82.472224	27.348639	1005.342153	34.221298	11.921972	
7/20/2019 09:44:57.938486149	85.259802	27.073219	1006.325979	10.381340	25.133394	659.222997	82.524187	27.386929	1005.154013	36.333542	11.915427	
7/20/2019 09:44:58.938486149	85.483214	26.958135	1004.110965	9.213359	24.949464	656.076826	82.322748	27.208772	1004.327332	29.157364	11.870731	
7/20/2019 09:44:59.938486149	85.548924	27.126238	1005.642258	9.800418	25.125434	661.711421	82.554230	27.341061	1005.347827	29.764161	11.912444	
7/20/2019 09:45:00.938486149	85.325512	27.109748	1004.381740	9.536261	25.052858	658.817573	82.399944	27.277669	1005.038573	29.691582	11.936020	
7/20/2019 09:45:01.938486149	85.535782	27.179556	1005.959557	9.612053	25.048082	660.947874	82.565664	27.342205	1005.290582	29.787480	11.916373	
7/20/2019 09:45:02.938486149	85.384650	27.083613	1005.635083	9.726211	24.978650	659.068581	82.398183	27.332246	1005.413274	36.446206	11.939516	
7/20/2019 09:45:03.938486149	85.410934	27.148448	1006.127904	9.725223	24.979262	660.953126	82.536121	27.386823	1005.591640	34.980574	11.906188	
7/20/2019 09:45:04.938486149	85.535782	27.119693	1005.941500	9.448961	24.996488	661.436753	82.358862	27.236786	1004.870146	27.340135	11.930724	
7/20/2019 09:45:05.938486149	85.305799	27.230928	1006.225602	9.814572	25.023469	663.286470	82.421812	27.321969	1005.321176	31.155903	11.914376	
7/20/2019 09:45:06.938486149	85.430647	27.089334	1005.126807	9.636798	25.024530	663.256904	82.336942	27.310042	1005.187130	31.206203	11.939030	
7/20/2019 09:45:07.938486149	85.680343	27.246744	1005.980768	9.927642	25.021795	663.242443	82.407566	27.310974	1005.314395	28.069540	11.915033	
7/20/2019 09:45:08.938486149	85.299228	27.078341	1005.430227	9.615342	25.012897	663.408037	82.279459	27.303195	1005.055763	26.299989	11.936862	
7/20/2019 09:45:09.938486149	85.535782	27.205691	1005.716537	10.225416	25.139067	664.884527	82.409274	27.301322	1005.010029	22.424748	11.922708	
7/20/2019 09:45:10.938486149	85.548924	27.078716	1005.154800	9.775196	25.014080	663.466516	82.288737	27.316477	1005.198483	27.488683	11.932354	
7/20/2019 09:45:11.938486149	85.305799	27.083089	1005.442213	9.459896	25.031347	664.077615	82.269129	27.303290	1005.288845	25.267977	11.935666	
7/20/2019 09:45:12.938486149	85.529211	27.036615	1005.318416	9.648136	24.973262	663.179365	82.397132	27.307450	1005.421319	27.425278	11.934430	
7/20/2019 09:45:13.938486149	85.463502	27.167814	1004.418092	9.406346	24.993100	665.190077	82.417396	27.261063	1004.714965	19.804227	11.919527	
7/20/2019 09:45:14.938486149	85.443789	27.119693	1007.363664	9.647676	24.956526	664.580293	82.471620	27.258989	1005.093610	21.754817	11.922931	
7/20/2019 09:45:15.938486149	85.378079	27.136033	1006.225996	9.420035	24.956567	665.333979	82.429934	27.283479	1004.948840	19.903785	11.935048	
7/20/2019 09:45:16.938486149	85.489785	27.041213	1004.913278	9.893667	25.004161	665.512709	82.346220	27.341273	1005.268346	28.025522	11.937137	
7/20/2019 09:45:17.938486149	85.351796	27.146727	1005.638080	9.587384	24.960526	666.305822	82.355498	27.291882	1005.290424	21.362864	11.924994	
7/20/2019 09:45:18.938486149	85.824903	27.209915	1005.083518	9.243983	25.004407	667.759977	82.249416	27.353412	1005.065066	25.216097	11.913101	
7/20/2019 09:45:19.938486149	85.305799	27.154202	1006.104093	9.445466	24.953342	667.535251	82.285268	27.260969	1004.538971	18.131614	11.906543	
7/20/2019 09:45:20.938486149	85.647488	27.062451	1005.282854	9.777045	24.971017	667.187643	82.256382	27.309524	1005.182714	24.655938	11.932840	
7/20/2019 09:45:21.938486149	85.384650	27.044614	1005.437877	9.707259	24.968935	667.631842	82.243740	27.306825	1005.531394	24.803446	11.906832	
7/20/2019 09:45:22.938486149	85.660630	27.304585	1006.798772	10.064059	25.049225	668.591855	82.376814	27.366800	1005.716697	26.174490	11.918463	
7/20/2019 09:45:23.938486149	85.266373	27.059724	1006.885351	9.522371	25.017183	667.548387	82.284374	27.360990	1005.445762	20.488303	11.883952	
7/20/2019 09:45:24.938486149	85.443789	27.134761	1004.375984	9.573424	24.940076	667.859852	82.332526	27.275488	1005.402078	14.544835	11.872243	
7/20/2019 09:45:25.938486149	85.213806	27.189127	1005.652036	9.641180	24.998773	668.202198	82.363173	27.270715	1004.931492	14.460733	11.906201	
7/20/2019 09:45:26.938486149	85.371508	27.125265	1006.726150	9.475409	24.995059	668.904635	82.337494	27.264905	1005.290582	15.223940	11.926243	
7/20/2019 09:45:27.938486149	85.555495	27.146652	1006.280719	9.520301	24.950036	669.015025	82.304534	27.296655	1005.040938	16.168189	11.931960	
7/20/2019 09:45:28.938486149	85.364937	27.109973	1005.346251	9.539462	25.002406	669.499305	82.258590	27.292094	1005.200848	17.334873	11.935403	
7/20/2019 09:45:29.938486149	85.568637	27.124516	1005.448994	9.471530	25.052858	670.940314	82.237221	27.258470	1005.341203	13.251341	11.916439	
7/20/2019 09:45:30.938486149	85.305799	27.106572	1005.581069	9.452909	25.037633	671.136126	82.313470	27.288865	1005.133665	13.691243	11.918923	
7/20/2019 09:45:31.938486149	85.522640	27.072995	1005.436536	9.756092	24.949464	671.877329	82.352187	27.316890	1005.178299	16.544415	11.929108	
7/20/2019 09:45:32.938486149	85.463502	27.089634	1005.138636	9.685940	24.985140	671.761024	82.317229	27.345528	1005.513574	17.572766	11.916492	
7/20/2019 09:45:33.938486149	85.542353	27.062151	1005.386701	9.785804	25.001631	674.725834	82.255383	27.343866	1005.345304	17.717652	11.927163	
7/20/2019 09:45:34.938486149	85.516069	27.151475	1006.228047	9.443754	24.996773	675.310651	82.324694	27.252142	1004.896639	11.036917	11.921249	
7/20/2019 09:45:35.938486149	85.364937	27.068022	1006.230017	9.695058	24.978650	675.917804	82.318675	27.308487	1005.480300	15.785139	11.924994	
7/20/2019 09:45:36.938486149	85.516069	27.120891	1005.302015	9.479856	24.951179	675.818582	82.379417	27.275076	1005.478407	14.022141	11.911826	
7/20/2019 09:45:37.938486149	85.522640	27.153421	1005.934087	9.582479	24.939341	677.698527	82.382282	27.305777	1005.068060	10.732999	11.916741	
7/20/2019 09:45:38.938486149	85.358367	27.078865	1005.575630	9.910129	25.003590	678.067818	82.389247	27.367319	1005.281593	17.056624	11.931500	
7/20/2019 09:45:39.938486149	85.489785	27.162393	1006.300195	9.522414	24.964200	679.424719	82.520062	27.267498	1004.913987	9.721414	11.915112	
7/20/2019 09:45:40.938486149	85.496356	27.062975	1005.711964	9.804046	24.989957	679.562053	82.534912	27.370430	1005.193911	16.769473	11.926164	
7/20/2019 09:45:41.938486149	85.522640	27.362876	1007.659199	10.560838	25.021999	679.366893	82.455613	27.352269	1004.949154	11.074382	11.899525	
7/20/2019 09:45:42.938486149	85.476643	27.157869	1006.233409	9.489741	24.997386	679.686241	82.565112	27.321663	1004.732785	9.181954	11.908317	
7/20/2019 09:45:43.938486149	85.489785	27.199072	1007.444881	10.387440	25.133353	681.947308	82.646066	27.294168	1004.788772	4.852665	11.864226	
7/20/2019 09:45:44.938486149	85.417505	27.100477	1004.033533	9.898163	24.966731	680.162637	82.473775	27.281298	1005.400185	16.878205	11.892981	
7/20/2019 09:45:45.938486149	85.463502	27.057703	1005.294997	9.797016	24.994488	681.407834	82.330371	27.286590	1004.993153	6.107385	11.868970	
7/20/2019 09:45:46.938486149	85.483214	27.073294	1005.314553	9.740265	24.971017	680.549663	82.412981	27.327579	1005.222297	12.563062	11.925849	
7/20/2019 09:45:47.938486149	85.522640	27.204194	1005.470205	9.617002	24.957669	681.965706	82.433298	27.265424	1004.957985	5.861629	11.921433	
7/20/2019 09:45:48.938486149	85.568637	27.094906	1006.655026	9.855120	24.993916	681.744264	82.424020	27.327060	1005.465318	13.974192	11.923614	
7/20/2019 09:45:49.938486149	85.299228	27.157196	1006.098651	9.467964	24.950607	682.844895	82.493488	27.298941	1005.401921	9.178022	11.916623	
7/20/2019 09:45:50.938486149	85.496356	27.125265	1004.568934	9.464128	25.034449	683.777974	82.316125	27.289807	1005.152592	8.690442	11.933773	
7/20/2019 09:45:51.938486149	85.601491	27.119619	1005.671434	9.628019	24.954281	684.320732	82.344012	27.290844	1004.990788	7.032246	11.928214	
7/20/2019 09:45:52.938486149	85.332083	27.125190	1005.469258	9.543763	25.017428	685.012655	82.220373	27.296761	1005.253835	13.903195	11.927123	
7/20/2019 09:45:53.938486149	85.404363	27.150127	1005.046458	9.726461	24.912891	686.901800	82.283717	27.197977	1005.010658	8.853406	11.896384	
7/20/2019 09:45:54.938486149	85.614633	27.262784	1005.278281	9.154834	25.073553	686.847921	82.291497	27.273308	1005.327642	8.035967	11.902456	
7/20/2019 09:45:55.938486149	85.535782	27.062077	1006.075863	9.553962	24.991957	687.823048	82.275096	27.318964	1005.065381	12.303161	11.923720	
7/20/2019 09:45:56.938486149	85.378079	27.062900	1006.089268	9.761060	24.970445	687.050302	82.385646	27.357773	1005.312188	13.094659	11.932065	
7/20/2019 09:45:57.938486149	85.483214	27.135884	1005.675298	9.446502	25.038409	689.231860	82.422364	27.282336	1005.183343	7.523757	11.936034	
7/20/2019 09:45:58.938486149	85.588349	27.136258	1005.627436	9.355486	24.991181	688.607615	82.468361	27.250068	1005.093139	4.395997	11.916939	
7/20/2019 09:45:59.938486149	85.259802	27.188453	1006.987464	9.515227	24.987426	688.854686	82.350583	27.304539	1005.240274	6.560121	11.913889	
7/20/2019 09:46:00.938486149	85.384650	27.167290	1006.453325	9.700070	24.953995	688.342809	82.375211	27.294474	1005.235859	7.627248	11.929147	
7/20/2019 09:46:01.938486149	85.634346	27.080587	1005.625700	9.789118	24.971507	688.678587	82.334025	27.307143	1005.622706	13.119289	11.906714	
7/20/2019 09:46:02.938486149	85.535782	27.073743	1004.178541	9.750728	25.004978	689.464469	82.346772	27.356217	1005.329535	11.943430	11.929620	
7/20/2019 09:46:03.938486149	85.332083	27.072995	1005.958058	9.690223	24.955424	688.928279	82.483053	27.299459	1005.386623	10.943641	11.925310	
7/20/2019 09:46:04.938486149	85.470073	27.099429	1006.520742	9.680337	24.980323	689.386277	82.361622	27.381532	1005.660238	13.018420	11.910827	
7/20/2019 09:46:05.938486149	85.594920	27.152298	1005.285219	9.508681	24.945791	690.251667	82.481950	27.297279	1005.130514	9.281512	11.918975	
7/20/2019 09:46:06.938486149	85.345225	27.104851	1006.212355	9.535790	24.947219	690.326576	82.547107	27.322700	1005.303357	9.220729	11.928109	
7/20/2019 09:46:07.938486149	85.404363	27.158468	1005.663470	9.554623	24.949138	691.461382	82.521770	27.278505	1005.125469	5.935247	11.913981	
7/20/2019 09:46:08.938486149	85.667201	27.221432	1006.958998	10.615640	24.967302	691.243224	82.570079	27.345422	1005.725686	12.607079	11.910473	
7/20/2019 09:46:09.938486149	85.417505	27.368372	1006.391978	10.760289	25.156374	695.797544	82.577307	27.432468	1005.884175	14.476188	11.895267	
7/20/2019 09:46:10.938486149	85.443789	27.157121	1005.941343	9.570368	24.954852	693.031179	82.483553	27.312011	1005.117582	6.580820	11.926033	
7/20/2019 09:46:11.938486149	85.746052	27.421840	1005.511996	10.180813	25.212990	696.329798	82.533570	27.363678	1005.422420	9.288065	11.882743	
7/20/2019 09:46:12.938486149	85.279515	27.131061	1005.926360	9.587277	25.023673	695.005094	82.434954	27.297173	1005.192017	7.030935	11.927689	
7/20/2019 09:46:13.938486149	85.509498	27.320700	1007.464831	10.333712	25.056042	696.323220	82.564270	27.358386	1005.216617	10.110746	11.893638	
7/20/2019 09:46:14.938486149	85.588349	27.106273	1006.487388	9.703471	24.958608	695.363860	82.478795	27.294792	1005.705816	9.037067	11.905728	
7/20/2019 09:46:15.938486149	85.575208	27.290117	1005.746579	10.128791	25.135067	698.456152	82.558303	27.330997	1005.148491	9.079774	11.914073	
7/20/2019 09:46:16.938486149	85.470073	27.078865	1005.626646	9.785553	24.992242	696.622202	82.641703	27.354555	1005.263931	12.929075	11.933116	
7/20/2019 09:46:17.938486149	85.726339	27.237173	1004.998201	10.314326	25.097963	699.151358	82.697082	27.340649	1005.310294	11.309653	11.916334	
7/20/2019 09:46:18.938486149	85.391221	27.094382	1006.028473	9.727267	24.961383	696.733907	82.851816	27.331727	1005.397662	11.558030	11.927872	
7/20/2019 09:46:19.938486149	85.792049	27.231601	1007.535875	10.141921	25.085227	698.904287	82.866219	27.356524	1005.336473	14.222569	11.882848	
7/20/2019 09:46:20.938486149	85.279515	27.157271	1006.095182	9.679702	24.935872	697.207672	82.823376	27.326224	1005.286166	8.096751	11.930540	
7/20/2019 09:46:21.938486149	85.601491	27.373494	1005.315105	9.335848	25.043592	700.504312	82.927460	27.454058	1005.692726	10.881546	11.886725	
7/20/2019 09:46:22.938486149	85.673772	27.094681	1006.362330	9.822911	24.998733	698.604000	82.610004	27.366282	1005.307772	13.134745	11.922773	
7/20/2019 09:46:23.938486149	85.456931	27.257811	1006.335442	9.997259	25.118658	700.692905	82.617627	27.293649	1005.252735	8.215697	11.900078	
7/20/2019 09:46:24.938486149	85.502927	27.146876	1004.614983	9.568841	24.955710	698.667079	82.765342	27.315228	1005.071532	7.764271	11.919646	
7/20/2019 09:46:25.938486149	85.608062	27.310531	1005.205107	9.199505	24.924891	700.915652	82.637944	27.302359	1005.540225	10.390035	11.895727	
7/20/2019 09:46:26.938486149	85.456931	27.115395	1005.007584	9.533620	24.997590	701.213981	82.490124	27.311080	1005.154328	9.937298	11.928976	
7/20/2019 09:46:27.938486149	85.811762	27.231003	1005.936532	9.888849	25.084942	703.300254	82.431695	27.323631	1005.345462	11.545195	11.911576	
7/20/2019 09:46:28.938486149	85.378079	27.105075	1005.661971	9.702585	25.008652	702.650390	82.624355	27.335463	1005.472098	12.789430	11.925507	
7/20/2019 09:46:29.938486149	85.654059	27.201093	1006.329923	10.457308	24.941015	702.897451	82.833469	27.384125	1005.209365	15.863999	11.862531	
7/20/2019 09:46:30.938486149	85.404363	27.135809	1005.504506	9.516547	24.966731	704.532967	82.650034	27.295099	1005.089195	6.663612	11.932183	
7/20/2019 09:46:31.938486149	85.516069	27.231901	1004.513502	9.928082	25.021183	706.656036	82.678473	27.348427	1005.590690	15.381662	11.887593	
7/20/2019 09:46:32.938486149	85.601491	27.126388	1006.005686	9.465808	24.942117	705.241309	82.720107	27.300073	1005.301935	7.914400	11.921551	
7/20/2019 09:46:33.938486149	85.437218	27.184454	1004.946238	9.839115	25.055471	707.984024	82.751753	27.359116	1005.205421	7.832918	11.882875	
7/20/2019 09:46:34.938486149	85.496356	27.094756	1006.188226	9.693581	24.951179	706.213152	82.728176	27.307026	1005.347669	11.658899	11.889051	
7/20/2019 09:46:35.938486149	85.535782	27.136707	1006.722996	9.660585	25.088901	708.323086	82.568923	27.366588	1005.855316	9.985247	11.883348	
7/20/2019 09:46:36.938486149	85.535782	27.135884	1005.757618	9.375112	25.014897	707.964973	82.525738	27.277669	1004.933071	6.476019	11.929174	
7/20/2019 09:46:37.938486149	85.456931	27.135659	1005.191703	9.770524	24.998161	708.807366	82.603538	27.435273	1005.340732	13.982056	11.889170	
7/20/2019 09:46:38.938486149	85.627775	27.054452	1005.162842	9.749344	24.958445	708.076678	82.455771	27.339718	1005.606144	11.254112	11.906937	
7/20/2019 09:46:39.938486149	85.450360	27.152523	1006.085009	9.696963	25.022571	709.438831	82.743921	27.393565	1005.110801	10.164977	11.872585	
7/20/2019 09:46:40.938486149	85.483214	27.242594	1004.801230	9.362674	24.974119	708.312571	82.713379	27.318033	1004.771739	7.391705	11.902272	
7/20/2019 09:46:41.938486149	85.463502	27.117416	1007.094702	9.681758	25.012652	711.299726	82.732749	27.423970	1005.522248	14.738711	11.884833	
7/20/2019 09:46:42.938486149	85.614633	27.157795	1006.352710	9.430524	24.941260	710.086727	82.565269	27.278706	1004.916352	6.777316	11.905925	
7/20/2019 09:46:43.938486149	85.476643	27.096178	1004.610725	9.892924	25.021142	713.437257	82.712484	27.453646	1005.710703	17.282993	11.905991	
7/20/2019 09:46:44.938486149	85.647488	27.109973	1004.609069	9.516365	25.008366	714.319077	82.629874	27.313672	1005.288374	11.480480	11.931158	
7/20/2019 09:46:45.938486149	85.391221	27.152523	1005.687993	9.735158	25.080942	716.785155	82.820170	27.361709	1005.365332	8.491325	11.916321	
7/20/2019 09:46:46.938486149	85.476643	27.146502	1004.661189	9.417287	24.933872	713.930073	82.684782	27.287109	1004.882764	3.498387	11.892179	
7/20/2019 09:46:47.938486149	85.568637	27.153795	1003.887106	9.185087	25.087472	717.671575	82.834258	27.406434	1005.390882	10.494836	11.887895	
7/20/2019 09:46:48.938486149	85.246661	27.184154	1006.855703	9.902760	25.067635	715.687145	82.579804	27.221948	1005.021540	4.115398	11.872046	
7/20/2019 09:46:49.938486149	85.391221	26.957911	1003.543471	9.120884	24.916605	715.181836	82.324352	27.220074	1004.969339	9.263436	11.904335	
7/20/2019 09:46:50.938486149	85.634346	27.262559	1006.248469	9.910733	24.976650	714.761298	82.267973	27.345835	1005.279385	6.971462	11.903494	
7/20/2019 09:46:51.938486149	85.568637	27.195372	1005.183501	10.302913	25.058532	718.721611	82.435006	27.410477	1005.890483	13.883807	11.902128	
7/20/2019 09:46:52.938486149	85.548924	27.109374	1005.900656	9.453029	25.015468	717.260888	82.374712	27.304645	1005.398134	9.945162	11.908094	
7/20/2019 09:46:53.938486149	85.470073	27.211337	1004.721984	10.304365	25.045797	719.930663	82.442734	27.364408	1005.183343	14.492955	11.907489	
7/20/2019 09:46:54.938486149	85.739481	27.368522	1007.512378	10.455818	25.122862	721.064154	82.656001	27.349782	1005.012394	3.456991	11.863753	
7/20/2019 09:46:55.938486149	85.502927	27.184454	1005.687993	10.186416	25.020611	719.412871	82.519325	27.377690	1005.612296	15.888629	11.911708	
7/20/2019 09:46:56.938486149	85.555495	27.109748	1005.220247	9.507197	25.009509	719.473328	82.441525	27.318858	1005.258408	12.246309	11.928332	
7/20/2019 09:46:57.938486149	85.673772	27.222031	1006.093841	10.053425	25.046082	720.482620	82.516565	27.296136	1005.372270	13.575957	11.883992	
7/20/2019 09:46:58.938486149	85.213806	27.200045	1005.655190	9.075181	24.983752	720.033169	82.492988	27.285140	1005.454593	7.045080	11.894558	
7/20/2019 09:46:59.938486149	85.792049	27.173910	1004.580525	9.826860	25.034204	720.752689	82.570788	27.401036	1005.568455	16.078843	11.897370	
7/20/2019 09:47:00.938486149	85.535782	27.120741	1005.535810	9.610242	25.013183	720.237528	82.620044	27.327991	1005.318811	13.323649	11.931723	
7/20/2019 09:47:01.938486149	85.378079	27.189651	1005.924152	9.493462	25.026285	720.743490	82.709016	27.363689	1005.307458	9.797654	11.895215	
7/20/2019 09:47:02.938486149	85.601491	27.073893	1006.255959	9.602212	24.979752	719.794644	82.647379	27.339718	1005.817784	13.895332	11.919107	
7/20/2019 09:47:03.938486149	85.443789	27.117266	1005.718982	9.977313	25.019754	721.414383	82.803821	27.428225	1005.467683	17.467965	11.890274	
7/20/2019 09:47:04.938486149	85.470073	27.151475	1006.687828	9.495941	25.023387	721.988686	82.660968	27.305682	1005.150384	11.523187	11.928227	
7/20/2019 09:47:05.938486149	85.581779	27.120367	1005.241063	9.493407	25.002692	721.739647	82.684887	27.302571	1005.170411	12.422107	11.928884	
7/20/2019 09:47:06.938486149	85.417505	27.118239	1006.116865	10.526938	25.203030	723.256879	82.865010	27.475013	1006.132082	19.123811	11.888407	
7/20/2019 09:47:07.938486149	85.535782	27.036840	1006.445045	9.671804	25.001835	722.705575	82.535569	27.360884	1005.321019	13.491855	11.900577	
7/20/2019 09:47:08.938486149	85.548924	27.211861	1007.250117	10.679711	25.178947	727.926850	82.639153	27.389617	1005.577757	11.219268	11.896831	
7/20/2019 09:47:09.938486149	85.253231	27.157196	1005.558125	9.644532	24.932157	724.478414	82.532914	27.317302	1005.266610	11.179183	11.923706	
7/20/2019 09:47:10.938486149	85.634346	27.305708	1007.183883	10.213072	25.059430	725.456825	82.548973	27.342405	1005.096447	14.807358	11.888079	
7/20/2019 09:47:11.938486149	85.417505	27.127136	1004.472577	9.688374	24.959628	725.011974	82.629270	27.299872	1005.732309	14.966389	11.900708	
7/20/2019 09:47:12.938486149	85.772336	27.421091	1007.725671	10.213808	25.041021	729.198981	82.643121	27.321863	1005.599364	16.122861	11.890602	
7/20/2019 09:47:13.938486149	85.345225	27.151849	1006.186019	9.614946	24.923667	728.217938	82.567924	27.280367	1005.328114	9.240116	11.905926	
7/20/2019 09:47:14.938486149	85.759194	27.274376	1007.163619	9.948110	24.983548	729.706911	82.631478	27.374579	1006.025637	18.370817	11.878827	
7/20/2019 09:47:15.938486149	85.470073	27.101899	1005.622546	9.548724	24.998692	730.165572	82.530311	27.334839	1005.087144	13.107765	11.891062	
7/20/2019 09:47:16.938486149	85.542353	27.207038	1006.010968	9.558295	25.004733	732.324122	82.725284	27.379965	1005.702972	10.470477	11.891561	
7/20/2019 09:47:17.938486149	85.450360	27.174359	1005.137609	9.661265	24.949424	730.143226	82.703758	27.330172	1005.382208	13.465914	11.904730	
7/20/2019 09:47:18.938486149	85.424076	27.206739	1006.134213	9.566557	24.986609	732.979248	82.809892	27.421790	1005.485345	13.513863	11.904375	
7/20/2019 09:47:19.938486149	85.443789	27.162393	1007.124665	9.431599	24.967302	731.373308	82.669248	27.322594	1005.382680	10.541474	11.902995	
7/20/2019 09:47:20.938486149	85.654059	27.112443	1005.309900	9.916543	25.125393	734.800062	82.738269	27.386823	1005.636424	12.222990	11.914586	
7/20/2019 09:47:21.938486149	85.286086	27.152223	1006.674819	9.556308	24.949179	732.196650	82.596810	27.247687	1005.024854	7.536592	11.911472	
7/20/2019 09:47:22.938486149	85.542353	27.095205	1006.559773	10.125540	25.153150	734.925565	82.727887	27.439009	1005.297677	16.147490	11.894479	
7/20/2019 09:47:23.938486149	85.548924	27.178882	1006.815568	9.412659	24.987712	733.702052	82.585481	27.292400	1005.014602	7.483672	11.923877	
7/20/2019 09:47:24.938486149	85.384650	27.220085	1006.641779	9.999900	25.079513	734.915703	82.634290	27.355793	1004.771739	5.185145	11.881600	
7/20/2019 09:47:25.938486149	85.470073	27.126462	1006.352001	9.573123	24.920850	732.568561	82.655002	27.340755	1005.502535	14.000133	11.908449	
7/20/2019 09:47:26.938486149	85.772336	27.209915	1005.628854	10.099927	25.070247	734.475451	82.619597	27.376547	1005.586274	17.945331	11.895675	
7/20/2019 09:47:27.938486149	85.351796	27.111021	1005.700136	9.550957	24.927912	732.790003	82.639153	27.339718	1005.379843	11.247559	11.924837	
7/20/2019 09:47:28.938486149	85.686914	27.221656	1006.021692	10.183209	24.991752	734.951184	82.690616	27.395332	1005.559466	16.787549	11.882217	
7/20/2019 09:47:29.938486149	85.253231	27.169461	1007.294748	9.357266	24.927831	734.397258	82.708226	27.272271	1005.274498	5.671415	11.899749	
7/20/2019 09:47:30.938486149	85.581779	27.138279	1005.451201	9.861319	24.993385	736.020281	82.781558	27.486951	1005.855473	17.367096	11.907634	
7/20/2019 09:47:31.938486149	85.548924	27.152672	1004.373619	9.575286	25.027918	736.293634	82.640861	27.302052	1005.279385	7.781037	11.928332	
7/20/2019 09:47:32.938486149	85.456931	27.100327	1005.040781	9.859566	25.008856	739.063293	82.785869	27.437453	1005.586746	17.042479	11.868366	
7/20/2019 09:47:33.938486149	85.621204	27.121490	1005.651169	9.785182	24.971833	737.065717	82.705414	27.351444	1005.787032	12.621225	11.912996	
7/20/2019 09:47:34.938486149	85.391221	27.205541	1006.213064	9.889177	25.064777	739.519965	82.754118	27.327261	1005.301463	5.037638	11.904283	
7/20/2019 09:47:35.938486149	85.483214	27.088212	1005.246978	9.282983	24.818273	736.641232	82.512754	27.441401	1005.632323	11.872433	11.902206	
7/20/2019 09:47:36.938486149	85.726339	27.189576	1005.562540	10.393036	25.067022	741.594417	82.668301	27.406847	1005.626014	16.116308	11.912365	
7/20/2019 09:47:37.938486149	85.345225	27.053030	1004.887099	9.742327	24.999304	739.008088	82.374869	27.279743	1005.273076	13.528008	11.891877	
7/20/2019 09:47:38.938486149	85.700056	27.295014	1006.753275	10.021802	25.005059	740.990539	82.675871	27.349052	1005.459166	11.439084	11.899144	
7/20/2019 09:47:39.938486149	85.332083	27.141829	1006.058279	9.362617	24.978078	741.587186	82.557042	27.261169	1005.174512	5.654648	11.901129	
7/20/2019 09:47:40.938486149	85.700056	27.148823	1007.022474	10.015746	24.940158	740.487861	82.379232	27.222361	1004.710864	6.269038	11.844592	
7/20/2019 09:47:41.938486149	85.312370	27.152523	1005.026430	9.664038	24.960812	742.534716	82.563613	27.291469	1004.902791	8.668433	11.895806	
7/20/2019 09:47:42.938486149	85.410934	27.028092	1004.929442	9.708553	25.194581	743.873219	82.638049	27.426151	1005.266610	8.849474	11.869312	
7/20/2019 09:47:43.938486149	85.305799	27.105075	1005.802721	9.706654	24.995059	742.010356	82.597624	27.356111	1005.168046	14.270518	11.912063	
7/20/2019 09:47:44.938486149	85.581779	27.101525	1005.503559	10.158968	25.049470	743.300232	82.770519	27.417536	1005.669227	15.803216	11.914783	
7/20/2019 09:47:45.938486149	85.082387	26.989767	1003.736499	8.467320	24.863623	742.651021	82.785712	27.429368	1005.257465	3.722134	11.884294	
7/20/2019 09:47:46.938486149	85.496356	27.258934	1007.131131	10.059438	25.025387	744.660416	82.805477	27.357455	1005.518147	14.041529	11.908988	
7/20/2019 09:47:47.938486149	85.299228	27.105450	1005.508764	9.645929	24.953097	743.039362	82.718399	27.330172	1005.647620	15.130664	11.903087	
7/20/2019 09:47:48.938486149	85.634346	27.315952	1006.987227	9.873928	24.991467	744.520451	82.793386	27.338575	1005.415325	12.256523	11.890208	
7/20/2019 09:47:49.938486149	85.286086	27.151924	1005.431568	9.490363	24.995630	745.225520	82.739111	27.276938	1005.100234	10.769153	11.922353	
7/20/2019 09:47:50.938486149	85.713197	27.190549	1006.907114	9.938495	24.974690	744.609821	82.848109	27.467965	1005.642890	22.394876	11.893809	
7/20/2019 09:47:51.938486149	85.220377	27.205541	1005.039992	9.259150	25.052001	744.398894	82.716690	27.363995	1005.603307	14.749195	11.905334	
7/20/2019 09:47:52.938486149	85.575208	27.201317	1005.978718	9.646085	25.022285	746.802547	82.848504	27.383500	1005.364860	10.688982	11.904808	
7/20/2019 09:47:53.938486149	85.286086	27.110347	1006.900491	9.742642	24.946362	744.795119	82.632372	27.315747	1005.428100	13.921272	11.923496	
7/20/2019 09:47:54.938486149	85.371508	27.068247	1006.733168	10.831818	25.094820	747.840099	82.705257	27.435273	1005.680423	15.922433	11.885109	
7/20/2019 09:47:55.938486149	85.338654	27.136482	1005.304775	9.579222	24.999018	746.380693	82.527394	27.354968	1005.132879	14.231743	11.929239	
7/20/2019 09:47:56.938486149	85.562066	27.300660	1005.874397	9.949047	25.053185	748.577355	82.609557	27.350089	1005.386938	8.606339	11.896082	
7/20/2019 09:47:57.938486149	85.266373	27.140257	1006.377233	9.435032	24.998488	748.125935	82.554782	27.282960	1005.108750	9.488493	11.880496	
7/20/2019 09:47:58.938486149	85.759194	27.257587	1006.301851	9.962403	25.063675	749.593225	82.667040	27.352682	1005.590532	14.502129	11.901326	
7/20/2019 09:47:59.938486149	85.312370	27.089933	1005.803905	9.710251	24.941505	747.794756	82.684440	27.360365	1005.485188	14.633910	11.920723	
7/20/2019 09:48:00.938486149	85.680343	27.160938	1005.277650	9.836424	25.016040	751.473833	82.837517	27.414636	1005.740511	14.432171	11.883742	
7/20/2019 09:48:01.938486149	85.391221	27.227078	1005.975721	9.823993	25.057103	753.415551	83.187276	27.487057	1005.570191	11.556720	11.893559	
7/20/2019 09:48:02.938486149	85.640917	27.098381	1005.730493	9.640614	24.966119	750.711601	82.824585	27.379352	1005.561988	13.619975	11.904914	
7/20/2019 09:48:03.938486149	85.351796	27.164189	1005.760458	10.647082	25.197969	754.195518	83.024920	27.456026	1005.912404	16.900214	11.896923	
7/20/2019 09:48:04.938486149	85.614633	27.126537	1005.750286	9.596955	24.949750	751.375264	82.901229	27.337019	1005.423684	10.471517	11.918226	
7/20/2019 09:48:05.938486149	85.667201	27.221731	1007.003391	10.625733	25.021183	754.767189	82.846216	27.362122	1005.938583	14.336544	11.876974	
7/20/2019 09:48:06.938486149	85.371508	27.111320	1005.392458	9.717860	24.975221	752.690768	82.796803	27.347602	1005.535338	12.559130	11.916833	
7/20/2019 09:48:07.938486149	85.700056	27.196045	1005.800908	10.108624	25.008733	753.270323	82.799063	27.418573	1005.992520	17.091468	11.894164	
7/20/2019 09:48:08.938486149	85.279515	27.215711	1004.565937	9.452087	24.951464	754.844066	82.848267	27.265424	1005.467525	3.105124	11.890063	
7/20/2019 09:48:09.938486149	85.700056	27.202515	1005.520118	9.610468	25.074411	756.984228	82.876259	27.376653	1005.820463	6.478640	11.900879	
7/20/2019 09:48:10.938486149	85.384650	27.110722	1005.892611	9.769102	24.959383	755.780428	82.760636	27.365975	1005.300992	13.569405	11.905124	
7/20/2019 09:48:11.938486149	85.673772	27.128259	1006.024610	10.139839	25.075268	756.957283	82.951194	27.421166	1005.704394	13.564162	11.912510	
7/20/2019 09:48:12.938486149	85.410934	27.094831	1005.331663	9.698574	24.952281	757.749080	82.791388	27.351338	1005.526507	12.786809	11.926440	
7/20/2019 09:48:13.938486149	85.706626	27.289593	1006.189330	10.046358	25.051797	758.887823	82.629927	27.329960	1005.419897	7.519826	11.904072	
7/20/2019 09:48:14.938486149	85.463502	27.131884	1003.978652	9.763619	24.992487	759.944437	82.594208	27.377277	1005.159215	12.524287	11.913101	
7/20/2019 09:48:15.938486149	85.778907	27.227602	1006.551494	9.988141	24.962812	759.636256	82.772622	27.408508	1005.876922	20.417035	11.894085	
7/20/2019 09:48:16.938486149	85.351796	27.167365	1005.978246	9.479183	24.930443	760.336062	82.804268	27.336807	1005.188073	8.712451	11.908015	
7/20/2019 09:48:17.938486149	85.647488	27.128558	1004.415095	9.850831	25.001876	762.499222	82.939603	27.482802	1006.080517	19.008526	11.894426	
7/20/2019 09:48:18.938486149	85.502927	27.151699	1005.371089	9.603583	24.999018	762.033340	82.793544	27.363995	1005.376056	14.806047	11.931828	
7/20/2019 09:48:19.938486149	85.233519	27.195821	1006.052996	10.085804	25.075798	763.254223	82.867480	27.443888	1005.404757	16.801966	11.888342	
7/20/2019 09:48:20.938486149	85.581779	27.163066	1005.951278	9.291094	25.000733	763.717473	82.625459	27.283267	1005.259673	8.263646	11.925100	
7/20/2019 09:48:21.938486149	85.529211	27.321524	1006.028236	9.838575	25.065961	763.854144	82.691221	27.320826	1005.397977	8.219629	11.891929	
7/20/2019 09:48:22.938486149	85.535782	27.116443	1005.206763	9.821327	24.964159	763.158285	82.584430	27.393777	1005.439296	16.151151	11.922576	
7/20/2019 09:48:23.938486149	85.660630	27.210813	1005.774809	9.975187	25.031388	764.307542	82.653398	27.414212	1006.039041	17.803066	11.893230	
7/20/2019 09:48:24.938486149	85.253231	27.137605	1006.496377	9.634892	24.895584	762.837621	82.623855	27.313672	1005.992991	12.440184	11.877513	
7/20/2019 09:48:25.938486149	85.542353	27.186924	1005.278044	9.793658	25.008407	764.510586	82.783609	27.468483	1005.491968	14.433482	11.902509	
7/20/2019 09:48:26.938486149	85.226948	27.194997	1004.298788	8.635525	24.948893	763.923800	82.736009	27.427706	1005.903258	13.033876	11.916820	
7/20/2019 09:48:27.938486149	85.608062	27.147999	1006.073970	10.295247	25.086003	764.939670	82.690721	27.425727	1005.720006	16.452719	11.918515	
7/20/2019 09:48:28.938486149	85.476643	27.125789	1004.246668	9.863571	24.985426	763.243708	82.625459	27.382463	1005.376213	14.376630	11.908107	
7/20/2019 09:48:29.938486149	85.555495	27.252539	1005.842384	10.026059	25.067920	764.339739	82.675371	27.383913	1005.317075	14.212356	11.905452	
7/20/2019 09:48:30.938486149	85.640917	27.131959	1004.187372	9.707289	24.977752	763.116888	82.670851	27.368768	1005.502693	13.897953	11.922787	
7/20/2019 09:48:31.938486149	85.700056	27.159741	1003.619011	8.774142	24.902482	763.244361	82.815307	27.463710	1005.830716	13.896642	11.896608	
7/20/2019 09:48:32.938486149	85.371508	27.206514	1006.162362	9.847718	24.980364	763.724041	82.966281	27.380389	1005.520198	7.941380	11.917109	
7/20/2019 09:48:33.938486149	85.575208	27.213358	1006.473589	10.165514	25.070492	765.105255	83.213665	27.449179	1005.969178	11.966750	11.911905	
7/20/2019 09:48:34.938486149	85.581779	27.154993	1007.066630	9.475548	24.998488	764.034190	83.087371	27.403111	1005.332058	12.930385	11.891693	
7/20/2019 09:48:35.938486149	85.529211	27.517707	1006.807446	10.001038	25.135108	768.512947	82.999451	27.420329	1005.520827	6.104764	11.888276	
7/20/2019 09:48:36.938486149	85.417505	27.195596	1007.373599	9.647526	24.969588	766.610657	82.946831	27.378833	1005.590061	7.862519	11.919080	
7/20/2019 09:48:37.938486149	85.792049	27.625766	1007.299321	10.591636	25.233562	768.737009	83.239868	27.602635	1006.494486	19.481960	11.893493	
7/20/2019 09:48:38.938486149	85.450360	27.264431	1005.784507	10.052344	25.062818	768.919034	82.961181	27.388686	1005.564668	7.378871	11.934338	
7/20/2019 09:48:39.938486149	85.719768	27.214706	1006.060881	10.146549	25.081146	769.745006	82.988964	27.517145	1005.844749	14.506060	11.901142	
7/20/2019 09:48:40.938486149	85.424076	27.000161	1003.634860	9.254308	25.078370	770.478978	82.707175	27.412138	1005.781195	11.831037	11.905768	
7/20/2019 09:48:41.938486149	85.378079	27.248390	1006.169775	10.566988	25.186621	769.903360	82.827055	27.392728	1005.562775	8.264956	11.915296	
7/20/2019 09:48:42.938486149	85.640917	27.158768	1005.553629	10.441462	24.950322	769.698348	82.644777	27.455614	1005.087144	14.191658	11.894019	
7/20/2019 09:48:43.938486149	85.759194	27.390582	1006.784737	10.269471	25.189846	770.209562	82.859857	27.401131	1006.216928	9.802896	11.874162	
7/20/2019 09:48:44.938486149	85.364937	27.159591	1007.032724	9.972213	25.031633	768.945315	82.734458	27.482696	1005.481087	16.007575	11.890641	
7/20/2019 09:48:45.938486149	85.719768	27.229922	1006.040222	10.210764	25.093432	771.143956	82.821536	27.546820	1006.207782	15.336334	11.913981	
7/20/2019 09:48:46.938486149	85.568637	27.221357	1005.677506	9.500323	25.046654	770.748383	82.696635	27.367519	1005.483452	9.822284	11.931513	
7/20/2019 09:48:47.938486149	85.463502	27.275798	1006.197058	10.167891	25.185233	771.564494	82.931481	27.447306	1005.580280	8.468005	11.920171	
7/20/2019 09:48:48.938486149	85.378079	27.268879	1006.144385	9.686883	25.046368	772.832687	82.804530	27.348427	1005.605987	9.167808	11.919080	
7/20/2019 09:48:49.938486149	85.673772	27.381311	1006.969327	10.570767	25.086370	773.138890	82.828711	27.459656	1006.028473	17.633550	11.897594	
7/20/2019 09:48:50.938486149	85.299228	27.285743	1006.419970	9.759048	25.003059	773.670480	82.772175	27.388792	1005.599206	7.808288	11.929239	
7/20/2019 09:48:51.938486149	85.772336	27.256357	1006.712351	10.107882	25.023469	773.505549	82.979633	27.522436	1006.240270	19.616362	11.904624	
7/20/2019 09:48:52.938486149	85.279515	27.223154	1006.510175	9.880084	24.997631	774.271064	82.947278	27.426457	1006.043456	13.198150	11.908475	
7/20/2019 09:48:53.938486149	85.483214	27.292287	1004.854454	10.127413	25.171926	777.357440	83.137678	27.477711	1006.070264	8.976284	11.901733	
7/20/2019 09:48:54.938486149	85.700056	27.195222	1004.569880	9.934641	25.060532	776.432908	82.979528	27.438077	1005.682788	13.392296	11.918555	
7/20/2019 09:48:55.938486149	85.529211	27.444125	1007.355305	10.899448	25.202255	778.627602	83.070023	27.515165	1005.748864	16.843362	11.898632	
7/20/2019 09:48:56.938486149	85.483214	27.218181	1006.194770	9.752073	25.068818	777.845003	82.990357	27.373848	1005.759431	9.471727	11.911524	
7/20/2019 09:48:57.938486149	85.680343	27.287914	1006.451826	10.492893	25.076492	778.311537	83.135180	27.580125	1006.553310	20.727506	11.912812	
7/20/2019 09:48:58.938486149	85.660630	27.247160	1005.881020	10.501469	25.159191	781.397260	83.442753	27.741783	1006.429196	23.451789	11.892258	
7/20/2019 09:48:59.938486149	85.509498	27.254710	1006.858858	9.926296	25.048654	777.044660	83.017508	27.429675	1005.828508	13.032565	11.904716	
7/20/2019 09:49:00.938486149	85.437218	27.391705	1006.935421	11.532725	25.221766	779.416115	83.119935	27.534976	1005.974694	12.246309	11.909737	
7/20/2019 09:49:01.938486149	85.601491	27.212834	1005.426126	10.075070	25.060532	778.605919	82.674268	27.437040	1005.940634	14.225190	11.907752	
7/20/2019 09:49:02.938486149	85.706626	27.471233	1007.599272	10.538859	25.138292	780.365613	82.880674	27.468684	1005.945049	13.159375	11.892665	
7/20/2019 09:49:03.938486149	85.621204	27.269553	1006.905064	9.456759	25.113270	779.176275	82.729385	27.373435	1005.960661	12.134955	11.920303	
7/20/2019 09:49:04.938486149	85.535782	27.348300	1007.333384	10.201086	25.179315	783.630066	83.314988	27.619240	1006.173244	12.345868	11.902495	
7/20/2019 09:49:05.938486149	85.640917	27.196195	1005.793890	10.183932	25.072165	780.687592	82.919548	27.468896	1005.916820	15.041318	11.923286	
7/20/2019 09:49:06.938486149	85.424076	27.356449	1007.115597	11.316227	25.303934	784.675501	83.078407	27.497523	1005.757695	9.967170	11.908909	
7/20/2019 09:49:07.938486149	85.286086	27.254411	1007.602741	10.800766	24.991712	780.774984	82.998846	27.385987	1005.822357	9.820973	11.900853	
7/20/2019 09:49:08.938486149	85.693485	27.350278	1006.012544	10.685426	25.122372	784.423831	82.841958	27.516520	1006.140441	21.057365	11.896490	
7/20/2019 09:49:09.938486149	85.529211	27.180978	1004.344523	10.117164	25.036163	783.213464	82.792492	27.428531	1005.905309	14.366145	11.922024	
7/20/2019 09:49:10.938486149	85.410934	27.288887	1007.363427	10.336586	25.106208	784.954106	83.019611	27.612499	1006.124672	18.695433	11.888683	
7/20/2019 09:49:11.938486149	85.509498	27.285294	1007.252325	9.712722	25.039878	785.209061	82.696136	27.392834	1005.140288	7.668644	11.909973	
7/20/2019 09:49:12.938486149	85.476643	27.329041	1007.328574	11.085882	25.238216	788.618068	82.802480	27.538406	1005.753437	14.297769	11.899604	
7/20/2019 09:49:13.938486149	85.594920	27.275124	1007.179940	9.940483	24.996243	785.004701	82.742028	27.414731	1005.474620	10.289166	11.918607	
7/20/2019 09:49:14.938486149	85.621204	27.302831	1006.488097	10.516354	25.059185	786.459508	82.725179	27.505312	1006.279853	20.212675	11.908580	
7/20/2019 09:49:15.938486149	85.516069	27.307429	1006.678288	10.026562	25.004202	786.173673	82.876653	27.445549	1005.967127	8.317877	11.900169	
7/20/2019 09:49:16.938486149	85.548924	27.276846	1004.712758	10.202256	25.139639	788.537244	83.097700	27.527410	1005.604094	10.232314	11.884925	
7/20/2019 09:49:17.938486149	85.437218	27.234146	1004.803595	10.246997	25.064532	786.816968	83.034751	27.462461	1005.776465	14.139777	11.912312	
7/20/2019 09:49:18.938486149	85.634346	27.360598	1006.089820	10.797547	25.133394	788.041134	83.140542	27.503026	1006.004345	13.405131	11.911340	
7/20/2019 09:49:19.938486149	85.397792	27.201916	1006.255250	10.151592	25.040449	786.703948	83.059983	27.483215	1005.955931	14.223880	11.926795	
7/20/2019 09:49:20.938486149	85.614633	27.329715	1006.369663	10.346093	25.062614	787.523342	83.125193	27.543496	1006.386934	14.675306	11.907437	
7/20/2019 09:49:21.938486149	85.680343	27.228500	1005.099682	10.264359	25.044694	787.403754	82.949038	27.470451	1005.793813	14.941760	11.924626	
