
Time stamp	Inside_humidity (in %rH)	Inside_temperature (in °C)	Inside_pressure (in mbar)	Soil_moisture (in %VWC)	Soil_temperature (in °C)	Inside_CO2_ratio (in ppm)	Outside_humidity (in %rH)	Outside_temperature (in °C)	Outside_pressure (in mbar)	Outside_PAR (in µmol m^-2 s^-1)	Power_box_charge (in V)	
7/20/2019 10:15:20.491851949	81.948047	27.408344	1004.253923	5.493960	25.457984	577.881882	80.994499	28.035920	1004.920453	8.050112	11.893572	
7/20/2019 10:15:21.491851949	82.079466	27.446446	1003.902955	5.797023	25.526028	578.851094	81.055898	28.019939	1004.758492	11.251491	11.841412	
7/20/2019 10:15:22.491851949	81.994044	27.371366	1005.189652	5.470223	25.486026	578.688794	80.940985	28.056674	1005.130514	8.766682	11.899236	
7/20/2019 10:15:23.491851949	82.224027	27.483274	1004.510110	5.690511	25.533988	581.516271	80.916961	28.032703	1004.929284	7.762960	11.864134	
7/20/2019 10:15:24.491851949	82.237169	27.398175	1006.064430	5.463922	25.491700	581.190354	80.887418	28.028967	1004.970603	8.831397	11.884925	
7/20/2019 10:15:25.491851949	82.559145	27.451568	1004.623105	5.730816	25.491169	582.845575	81.011714	28.005313	1005.121368	3.445196	11.856998	
7/20/2019 10:15:26.491851949	82.342304	27.298008	1005.726709	5.360050	25.510681	581.644406	80.693654	28.109071	1005.206843	5.976644	11.867814	
7/20/2019 10:15:27.491851949	82.224027	27.335660	1005.610245	5.656525	25.406715	585.247913	81.049274	28.031253	1005.309194	-2.134880	11.850480	
7/20/2019 10:15:28.491851949	82.276594	27.418888	1003.957678	5.699060	25.377775	584.929881	80.987980	28.000022	1004.484877	-2.172344	11.874871	
7/20/2019 10:15:29.491851949	82.631425	27.356523	1004.770872	5.792481	25.452881	587.102894	80.964614	28.110732	1005.066802	3.143899	11.867157	
7/20/2019 10:15:30.491851949	82.637996	27.292736	1005.148728	5.486222	25.406389	586.863053	80.834903	27.984041	1004.837343	9.736870	11.903363	
7/20/2019 10:15:31.491851949	82.644567	27.415338	1004.706609	4.959748	25.274381	588.336260	80.913150	28.205156	1005.348777	5.486443	11.851111	
7/20/2019 10:15:32.491851949	82.408013	27.325116	1004.873300	5.482237	25.419736	589.219396	80.745065	27.982380	1004.953098	10.868712	11.905505	
7/20/2019 10:15:33.491851949	82.657709	27.317824	1004.261887	5.730064	25.453412	591.477832	80.887523	28.143519	1005.108593	12.495997	11.851229	
7/20/2019 10:15:34.491851949	82.749702	27.303056	1004.654014	5.653580	25.406389	589.806182	80.681564	27.993175	1004.524146	7.602618	11.887448	
7/20/2019 10:15:35.491851949	82.933689	27.367367	1004.655355	5.725837	25.544968	595.569567	80.674441	28.132936	1005.419740	17.127893	11.876974	
7/20/2019 10:15:36.491851949	82.729990	27.313974	1005.879602	5.461870	25.441819	593.163282	80.582999	28.078877	1005.496227	12.343247	11.873938	
7/20/2019 10:15:37.491851949	82.683993	27.319845	1005.014602	6.010672	25.538152	595.942794	80.576928	28.090603	1004.959722	8.632280	11.885306	
7/20/2019 10:15:38.491851949	82.854837	27.345306	1003.986774	5.610954	25.426798	594.120011	80.582895	28.048165	1004.959722	9.244048	11.891417	
7/20/2019 10:15:39.491851949	82.966543	27.367666	1006.058516	5.667545	25.499945	599.567331	80.862528	28.288678	1005.730101	16.920912	11.842963	
7/20/2019 10:15:40.491851949	82.703706	27.387481	1005.394903	5.391984	25.469862	596.919237	80.714708	28.084793	1005.150069	14.595135	11.895833	
7/20/2019 10:15:41.491851949	82.841696	27.424385	1004.827803	6.064254	25.501619	599.033109	80.860478	28.069119	1005.218354	10.188296	11.876685	
7/20/2019 10:15:42.491851949	82.861408	27.323320	1004.519336	5.543197	25.405817	597.390371	80.765829	28.164897	1005.024854	6.694524	11.839309	
7/20/2019 10:15:43.491851949	83.065108	27.460689	1006.509151	5.759517	25.460555	600.918970	80.601161	28.026892	1004.821889	7.906536	11.875988	
7/20/2019 10:15:44.491851949	83.130817	27.335286	1005.291686	5.808795	25.378632	601.175240	80.488851	28.080951	1004.931492	11.051063	11.864818	
7/20/2019 10:15:45.491851949	82.966543	27.418888	1005.229315	5.766926	25.431941	601.618777	80.564443	28.083025	1005.063016	6.144849	11.870324	
7/20/2019 10:15:46.491851949	82.946831	27.351401	1005.179323	5.414612	25.422267	601.944040	80.651259	27.980824	1004.935750	12.199671	11.903337	
7/20/2019 10:15:47.491851949	83.216239	27.399073	1005.033920	5.615832	25.427696	602.984877	80.835088	28.135010	1005.599049	11.956536	11.846656	
7/20/2019 10:15:48.491851949	83.203097	27.366169	1005.064752	5.586679	25.445207	602.992108	80.768380	28.075247	1005.174355	11.783088	11.895990	
7/20/2019 10:15:49.491851949	83.163672	27.468731	1004.633277	5.481102	25.497088	605.803818	80.874671	28.130343	1005.485030	12.261765	11.870929	
7/20/2019 10:15:50.491851949	83.038824	27.435303	1004.951914	5.332598	25.425941	604.479113	80.706191	28.052938	1004.944110	11.867191	11.886055	
7/20/2019 10:15:51.491851949	83.216239	27.377087	1005.583514	5.559765	25.497659	608.017574	80.734183	28.084687	1005.224977	7.177132	11.832016	
7/20/2019 10:15:52.491851949	83.341087	27.350129	1004.580919	5.646950	25.420267	605.596174	80.559475	28.057711	1004.979434	8.130283	11.891956	
7/20/2019 10:15:53.491851949	83.334516	27.415338	1004.675620	5.793891	25.594277	609.167485	80.547385	28.102530	1005.664811	16.406081	11.870679	
7/20/2019 10:15:54.491851949	83.124246	27.381910	1004.532820	5.570576	25.437044	607.549061	80.417070	28.062790	1005.182714	12.327791	11.864424	
7/20/2019 10:15:55.491851949	83.196526	27.424085	1005.168993	5.965862	25.467617	610.659089	80.512375	28.070262	1005.104335	9.694163	11.881285	
7/20/2019 10:15:56.491851949	83.176814	27.398849	1004.994337	5.451949	25.451453	610.814822	80.551039	28.047022	1004.946632	14.088167	11.903534	
7/20/2019 10:15:57.491851949	83.498790	27.478451	1004.359505	6.224001	25.394265	611.165051	80.721279	28.258484	1006.110954	26.559890	11.862886	
7/20/2019 10:15:58.491851949	83.426509	27.387930	1003.918410	5.433096	25.480924	612.628406	80.614198	28.112807	1005.169939	15.478599	11.899118	
7/20/2019 10:15:59.491851949	83.433080	27.478975	1004.817868	5.489377	25.496271	615.973674	80.512375	28.177967	1005.476357	19.977404	11.879970	
7/20/2019 10:16:00.491851949	83.196526	27.371740	1004.075009	5.563116	25.460514	614.213317	80.427505	28.065595	1005.108436	10.203752	11.897147	
7/20/2019 10:16:01.491851949	83.308232	27.420236	1006.513410	5.534461	25.423410	615.654326	80.564785	28.029485	1004.797918	9.535132	11.886147	
7/20/2019 10:16:02.491851949	83.400226	27.376638	1004.996939	5.714767	25.442922	615.096453	80.755185	28.057711	1005.125784	10.060176	11.897620	
7/20/2019 10:16:03.491851949	83.439651	27.383108	1005.652431	5.325686	25.477536	618.027751	80.701014	28.078464	1005.159215	14.485362	11.895005	
7/20/2019 10:16:04.491851949	83.564499	27.329490	1006.081698	5.503461	25.401001	617.113734	80.734131	28.061965	1005.016652	5.873153	11.879274	
7/20/2019 10:16:05.491851949	83.439651	27.383182	1005.325277	5.381835	25.427941	620.695558	80.573169	28.064971	1005.126570	13.657439	11.899710	
7/20/2019 10:16:06.491851949	83.406797	27.339884	1004.767166	5.633254	25.414879	619.567982	80.589570	28.052419	1004.705662	7.027003	11.902022	
7/20/2019 10:16:07.491851949	83.380513	27.451717	1004.125159	5.645459	25.439860	622.920482	80.501940	28.118511	1004.821889	15.381662	11.875266	
7/20/2019 10:16:08.491851949	83.584212	27.456465	1004.072406	5.510606	25.382306	622.785779	80.543469	27.982380	1005.327170	8.932266	11.873202	
7/20/2019 10:16:09.491851949	83.702489	27.345980	1006.161101	5.474860	25.460229	623.417245	80.756841	28.082507	1004.883078	10.908797	11.864529	
7/20/2019 10:16:10.491851949	83.413368	27.435752	1005.931565	5.455934	25.429655	624.196560	80.751978	28.047953	1005.051662	13.535872	11.902693	
7/20/2019 10:16:11.491851949	83.433080	27.351027	1003.535192	5.591485	25.448024	626.184927	80.683167	28.114775	1004.774104	15.543315	11.876803	
7/20/2019 10:16:12.491851949	83.472506	27.415113	1004.025648	5.357734	25.483210	627.092376	80.582500	28.073479	1005.165367	14.293837	11.896384	
7/20/2019 10:16:13.491851949	83.722202	27.372938	1004.415961	5.642226	25.417696	627.432754	80.650917	28.063309	1004.547802	8.363205	11.872059	
7/20/2019 10:16:14.491851949	83.426509	27.382808	1006.516721	5.588234	25.401572	627.997195	80.501441	28.013198	1004.850433	8.607650	11.894019	
7/20/2019 10:16:15.491851949	83.472506	27.415113	1005.353269	5.481066	25.419981	631.296468	80.466878	28.041624	1005.283172	11.770253	11.878814	
7/20/2019 10:16:16.491851949	83.610496	27.410066	1006.726782	5.489747	25.424267	631.424603	80.453788	28.052832	1005.071375	12.960257	11.893743	
7/20/2019 10:16:17.491851949	83.807624	27.375740	1004.891672	5.783723	25.426798	631.937796	80.531326	28.050663	1004.871096	8.271238	11.884807	
7/20/2019 10:16:18.491851949	83.400226	27.435527	1004.599686	5.525415	25.491700	633.537821	80.563681	28.106266	1004.660242	13.823024	11.885306	
7/20/2019 10:16:19.491851949	83.518503	27.430181	1006.521689	5.555279	25.480352	635.950674	80.719676	28.085206	1005.010186	13.941970	11.899039	
7/20/2019 10:16:20.491851949	83.741915	27.399223	1003.758814	5.481490	25.457126	635.555101	80.674993	28.119654	1005.209365	14.335234	11.890747	
7/20/2019 10:16:21.491851949	83.768198	27.414440	1005.670882	5.470378	25.461086	637.066419	80.646501	28.103155	1005.277178	14.518895	11.898001	
7/20/2019 10:16:22.491851949	83.498790	27.435303	1005.029190	5.444800	25.471862	637.480390	80.576481	28.110108	1004.997254	15.049182	11.899552	
7/20/2019 10:16:23.491851949	83.590783	27.430405	1006.571129	6.105011	25.403572	636.414577	80.485040	28.188032	1005.478722	8.981526	11.868103	
7/20/2019 10:16:24.491851949	83.853621	27.324817	1004.659771	5.644174	25.396184	638.393092	80.675387	28.063521	1004.771582	7.211976	11.901562	
7/20/2019 10:16:25.491851949	83.505361	27.366843	1005.572081	5.514208	25.392796	639.178322	80.770587	28.069850	1004.559313	6.429380	11.882020	
7/20/2019 10:16:26.491851949	83.669634	27.388080	1004.893250	5.470068	25.382551	639.638288	80.743252	28.051795	1004.698882	7.536592	11.878420	
7/20/2019 10:16:27.491851949	83.853621	27.388454	1005.401683	5.445284	25.382877	642.819941	80.705640	28.059785	1004.585492	11.379611	11.906648	
7/20/2019 10:16:28.491851949	83.919330	27.340783	1005.809661	5.401144	25.466760	642.251553	80.614198	28.095164	1005.312502	13.290116	11.872703	
7/20/2019 10:16:29.491851949	83.722202	27.393352	1004.844204	5.573175	25.445493	644.627609	80.630652	28.071924	1004.957671	9.835118	11.894571	
7/20/2019 10:16:30.491851949	83.985040	27.377012	1006.082407	5.593637	25.414308	645.059978	80.611491	28.075247	1004.758020	9.670844	11.872125	
7/20/2019 10:16:31.491851949	83.663063	27.398399	1005.803038	5.731203	25.426798	647.754067	80.539211	28.074623	1005.281436	10.715962	11.880404	
7/20/2019 10:16:32.491851949	83.774769	27.377387	1005.625385	5.607101	25.440105	647.946596	80.556111	28.110108	1005.108436	11.391135	11.895833	
7/20/2019 10:16:33.491851949	83.952185	27.371890	1005.101732	5.594289	25.417451	649.576850	80.871307	28.094434	1004.900426	6.628498	11.885056	
7/20/2019 10:16:34.491851949	83.741915	27.424534	1005.407597	5.485912	25.450310	650.458671	80.634463	28.143413	1005.338524	15.822603	11.891522	
7/20/2019 10:16:35.491851949	83.945614	27.387631	1004.469975	5.481567	25.400715	653.906445	80.465826	28.060303	1004.867781	10.558241	11.902955	
7/20/2019 10:16:36.491851949	83.847050	27.409018	1004.348386	5.650762	25.430186	653.432680	80.520497	28.077215	1005.355872	11.992690	11.880496	
7/20/2019 10:16:37.491851949	83.925901	27.421284	1005.875581	5.434824	25.454841	656.727353	80.649498	28.047540	1005.572398	15.047871	11.848640	
7/20/2019 10:16:38.491851949	83.748486	27.425433	1005.204949	5.427274	25.466474	656.873886	80.597193	28.124321	1005.235701	17.453820	11.901760	
7/20/2019 10:16:39.491851949	83.656492	27.398624	1005.115531	5.236559	25.445207	657.514551	80.649208	28.049614	1005.032264	9.405701	11.865094	
7/20/2019 10:16:40.491851949	83.919330	27.445772	1004.969499	5.524972	25.473821	659.221029	80.413311	28.140302	1005.143603	16.177092	11.899775	
7/20/2019 10:16:41.491851949	84.116458	27.378135	1003.326315	5.674302	25.387939	660.129131	80.550539	28.092572	1005.213623	7.929855	11.844027	
7/20/2019 10:16:42.491851949	83.801053	27.487947	1003.904611	5.954153	25.486557	660.821054	80.641376	28.107515	1004.887494	16.911738	11.870837	
7/20/2019 10:16:43.491851949	83.801053	27.441024	1005.928805	5.455205	25.446922	664.693314	80.532640	28.086137	1005.001355	18.524877	11.903560	
7/20/2019 10:16:44.491851949	84.116458	27.446371	1004.357927	5.789254	25.347161	664.199835	80.411603	28.047022	1004.758335	14.335234	11.879642	
7/20/2019 10:16:45.491851949	84.103317	27.462486	1005.448679	5.339401	25.477250	666.692195	80.662193	28.107303	1005.170097	21.276140	11.903205	
7/20/2019 10:16:46.491851949	84.011323	27.334612	1006.421469	5.572504	25.381449	665.213074	80.664058	28.062378	1004.865573	13.429760	11.897607	
7/20/2019 10:16:47.491851949	83.853621	27.420610	1005.527216	5.477564	25.461657	669.760827	80.483384	28.123178	1005.089038	20.309884	11.882099	
7/20/2019 10:16:48.491851949	83.945614	27.452241	1005.045039	5.403424	25.467331	670.052578	80.356328	28.162505	1005.441346	22.259164	11.883124	
7/20/2019 10:16:49.491851949	84.050749	27.425882	1004.912331	5.430666	25.504150	672.619847	80.556558	28.127126	1005.132564	22.442825	11.878814	
7/20/2019 10:16:50.491851949	84.096746	27.446969	1004.028802	5.378269	25.490557	672.516025	80.662193	28.132830	1005.169939	23.656149	11.886239	
7/20/2019 10:16:51.491851949	83.991611	27.387930	1005.070271	5.593847	25.381163	674.238270	80.616958	28.064558	1004.815423	17.169289	11.904940	
7/20/2019 10:16:52.491851949	83.807624	27.404270	1004.821889	5.550970	25.459943	674.497824	80.509116	28.125464	1005.084622	21.005755	11.896608	
7/20/2019 10:16:53.491851949	83.978469	27.366618	1004.895221	5.519114	25.376061	675.605686	80.420382	28.088942	1004.811164	19.897233	11.904861	
7/20/2019 10:16:54.491851949	84.136171	27.383182	1006.374158	5.346809	25.394756	675.289622	80.754134	28.112182	1004.110491	16.701096	11.855158	
7/20/2019 10:16:55.491851949	84.011323	27.372115	1003.949319	5.532295	25.371244	678.232749	80.699463	28.047022	1004.848068	21.789661	11.895714	
7/20/2019 10:16:56.491851949	83.945614	27.478302	1004.904999	5.380549	25.486598	679.242705	80.528776	28.166654	1005.202585	33.348318	11.897804	
7/20/2019 10:16:57.491851949	84.123029	27.408569	1006.518692	5.412064	25.423655	679.543655	80.510219	28.066632	1005.027534	28.396777	11.868327	
7/20/2019 10:16:58.491851949	84.031036	27.388005	1004.433861	5.654250	25.375775	679.002865	80.432972	28.067775	1004.935279	29.775685	11.898264	
7/20/2019 10:16:59.491851949	84.149313	27.500512	1005.274575	5.981929	25.484679	682.402012	80.560474	28.182116	1005.620655	39.523396	11.863254	
7/20/2019 10:17:00.491851949	84.063891	27.478152	1004.764644	5.009751	25.391082	683.586761	80.993790	28.212415	1005.086830	28.649086	11.835997	
7/20/2019 10:17:01.491851949	84.300445	27.417808	1004.903185	5.871377	25.489169	686.316330	80.964456	28.202245	1005.413117	36.676506	11.865514	
7/20/2019 10:17:02.491851949	83.899617	27.446371	1004.762041	5.480144	25.470433	685.063250	80.546333	28.155139	1005.220404	40.756107	11.903074	
7/20/2019 10:17:03.491851949	84.142742	27.531171	1005.710071	6.022649	25.481209	688.888198	80.550801	28.120691	1004.975176	39.103153	11.884964	
7/20/2019 10:17:04.491851949	84.136171	27.424385	1004.915800	5.488192	25.384837	689.687227	80.519393	28.161574	1004.528247	40.838899	11.880917	
7/20/2019 10:17:05.491851949	84.254448	27.544110	1004.407919	5.455756	25.476434	692.740744	80.735577	28.196435	1005.679794	45.173430	11.862636	
7/20/2019 10:17:06.491851949	83.945614	27.457438	1005.211021	5.368271	25.466760	691.666394	80.526069	28.177343	1005.139502	44.231802	11.902443	
7/20/2019 10:17:07.491851949	84.011323	27.378584	1006.565767	6.541970	25.490843	697.410063	80.572118	28.240111	1004.986529	47.007695	11.856118	
7/20/2019 10:17:08.491851949	84.247877	27.478601	1005.425654	5.365034	25.473005	695.271216	80.472897	28.145487	1005.196276	45.361023	11.907016	
7/20/2019 10:17:09.491851949	84.070462	27.458337	1006.181129	5.659998	25.404715	696.567007	80.852698	28.122035	1005.064280	39.302270	11.843134	
7/20/2019 10:17:10.491851949	84.011323	27.441174	1006.250439	5.529076	25.405532	698.075041	80.645949	28.080433	1005.283644	40.039538	11.882599	
7/20/2019 10:17:11.491851949	84.247877	27.411339	1006.164965	5.806857	25.520314	700.936029	80.619061	28.191968	1005.562146	46.900273	11.870587	
7/20/2019 10:17:12.491851949	84.247877	27.441698	1004.859107	5.376450	25.465045	700.391955	80.471740	28.168209	1005.156535	47.681558	11.897712	
7/20/2019 10:17:13.491851949	84.300445	27.632011	1003.956574	5.535509	25.593461	702.114852	80.820947	28.153890	1005.052291	50.449587	11.855947	
7/20/2019 10:17:14.491851949	84.063891	27.425208	1005.174907	5.619516	25.420553	701.259976	80.787198	28.133348	1005.056078	40.450878	11.900051	
7/20/2019 10:17:15.491851949	84.241306	27.397875	1004.335139	5.658795	25.431370	704.867429	80.818449	28.175787	1005.557730	40.560921	11.844487	
7/20/2019 10:17:16.491851949	84.359583	27.430929	1004.869437	5.659862	25.455698	704.291811	80.581344	28.154515	1005.167732	44.930295	11.885385	
7/20/2019 10:17:17.491851949	84.280732	27.499464	1005.575078	5.982531	25.496516	706.805853	80.534348	28.162812	1005.109065	42.038077	11.885424	
7/20/2019 10:17:18.491851949	84.182168	27.584339	1004.111595	4.920866	25.565337	706.272294	80.635357	28.112288	1005.467683	43.921331	11.879458	
7/20/2019 10:17:19.491851949	84.208452	27.463983	1005.516649	5.511809	25.419165	709.609678	80.837453	28.176930	1005.257465	40.578998	11.886423	
7/20/2019 10:17:20.491851949	84.241306	27.437024	1004.959170	5.525999	25.436676	708.523498	80.622030	28.131581	1005.292160	42.360072	11.884452	
7/20/2019 10:17:21.491851949	84.346441	27.479424	1006.104250	5.973262	25.573582	712.167747	80.523361	28.197885	1005.557730	47.497896	11.882139	
7/20/2019 10:17:22.491851949	84.418722	27.409018	1005.461216	5.681624	25.371244	709.313328	80.438991	28.096307	1004.767009	38.070870	11.902587	
7/20/2019 10:17:23.491851949	84.333300	27.441024	1006.521452	5.817594	25.411532	712.907634	80.658986	28.141339	1005.778672	42.858137	11.820556	
7/20/2019 10:17:24.491851949	84.070462	27.499764	1005.567351	5.456162	25.443534	714.102235	80.674179	28.105229	1005.106543	46.901584	11.897134	
7/20/2019 10:17:25.491851949	84.228164	27.420310	1005.119632	5.878066	25.486843	716.961254	80.756551	28.125358	1004.955306	37.312904	11.888434	
7/20/2019 10:17:26.491851949	84.359583	27.410515	1004.977541	5.273002	25.504150	714.986023	80.618509	28.104710	1005.340417	43.457071	11.868760	
7/20/2019 10:17:27.491851949	84.510715	27.494566	1004.220017	5.674069	25.417206	719.336647	80.604420	28.101493	1005.264088	39.879195	11.865265	
7/20/2019 10:17:28.491851949	84.458147	27.388005	1005.122077	5.565683	25.372673	718.814918	80.512979	28.053456	1004.922504	40.145649	11.889682	
7/20/2019 10:17:29.491851949	84.175597	27.510158	1005.065304	5.504036	25.563051	724.149214	80.540210	28.142894	1005.314553	46.362123	11.881587	
7/20/2019 10:17:30.491851949	84.136171	27.388080	1005.146678	5.609075	25.420267	721.113433	80.840555	28.090497	1005.126884	39.757628	11.893231	
7/20/2019 10:17:31.491851949	84.247877	27.547136	1005.894742	5.630737	25.417206	725.993016	80.730372	28.065489	1005.438981	39.756317	11.868839	
7/20/2019 10:17:32.491851949	84.280732	27.463010	1005.445525	5.558006	25.442677	725.811002	80.593933	28.113738	1005.303514	45.181293	11.892810	
7/20/2019 10:17:33.491851949	84.405580	27.457663	1005.667728	5.579074	25.492516	731.048707	80.493713	28.124321	1005.192017	43.984736	11.894282	
7/20/2019 10:17:34.491851949	84.399009	27.479125	1006.275514	5.436010	25.489986	731.795162	80.703170	28.142482	1004.366757	43.062497	11.856446	
7/20/2019 10:17:35.491851949	84.247877	27.589686	1006.794042	6.560645	25.547009	731.555975	80.551905	28.180973	1005.511209	43.867100	11.852280	
7/20/2019 10:17:36.491851949	84.123029	27.441922	1005.341284	5.467812	25.442962	732.175620	80.535347	28.129094	1005.388988	47.228821	11.891864	
7/20/2019 10:17:37.491851949	84.215023	27.442820	1005.283249	5.662256	25.529376	736.929046	80.471845	28.198509	1005.485659	49.000992	11.885398	
7/20/2019 10:17:38.491851949	84.372725	27.399822	1005.840571	5.170370	25.459657	733.771045	80.611281	28.071405	1004.904999	41.708218	11.873951	
7/20/2019 10:17:39.491851949	84.628992	27.526497	1006.393239	5.825610	25.493169	738.856955	80.653571	28.145900	1005.540068	51.274889	11.866947	
7/20/2019 10:17:40.491851949	84.431864	27.484172	1005.069325	5.424766	25.442962	738.310913	80.523861	28.153996	1005.299255	48.092898	11.898474	
7/20/2019 10:17:41.491851949	84.261019	27.511730	1006.676632	5.569171	25.565623	742.444041	80.585207	28.123802	1005.445762	48.442144	11.884399	
7/20/2019 10:17:42.491851949	84.261019	27.442072	1004.730500	5.370455	25.462514	739.684896	80.354120	28.142376	1005.084465	49.139326	11.871100	
7/20/2019 10:17:43.491851949	84.550141	27.525973	1005.646754	5.888808	25.470760	742.551799	80.372729	28.153890	1005.467840	48.236474	11.867972	
7/20/2019 10:17:44.491851949	84.510715	27.420685	1004.805331	5.645742	25.397041	744.243162	80.594276	28.099419	1005.080364	42.692552	11.896371	
7/20/2019 10:17:45.491851949	84.477860	27.447568	1003.896409	5.963026	25.520028	746.907684	80.713814	28.175681	1005.194697	49.041078	11.863911	
7/20/2019 10:17:46.491851949	84.136171	27.468357	1005.579651	5.374727	25.431900	745.482442	80.419278	28.105229	1005.301149	48.975052	11.903218	
7/20/2019 10:17:47.491851949	84.412151	27.583740	1006.731197	5.789322	25.404144	747.956404	80.373334	28.100456	1005.336002	48.065647	11.866224	
7/20/2019 10:17:48.491851949	84.333300	27.505410	1005.590375	5.349076	25.456841	750.227322	80.467824	28.132205	1005.161266	49.365694	11.906346	
7/20/2019 10:17:49.491851949	84.609279	27.489968	1003.598352	5.323055	25.600768	753.987222	80.789039	28.120067	1004.929599	53.057274	11.867998	
7/20/2019 10:17:50.491851949	84.451576	27.414814	1005.341993	5.549498	25.385408	748.997240	80.649655	28.049720	1004.738622	40.743272	11.906819	
7/20/2019 10:17:51.491851949	84.280732	27.546911	1006.677578	5.597439	25.414634	753.161249	80.506408	28.119548	1004.970603	48.517073	11.865751	
7/20/2019 10:17:52.491851949	84.379296	27.389577	1004.016817	5.591950	25.620320	755.683837	80.375936	28.086243	1004.544016	45.427049	11.864331	
7/20/2019 10:17:53.491851949	84.445006	27.447269	1004.373461	5.982932	25.502150	756.269307	80.696099	28.155965	1005.248948	43.738980	11.887606	
7/20/2019 10:17:54.491851949	84.832691	27.726381	1007.297113	5.972883	25.548764	758.730112	80.721541	28.162081	1005.286166	50.641112	11.826338	
7/20/2019 10:17:55.491851949	84.504144	27.473778	1005.141001	5.380052	25.464474	758.436403	80.457100	28.144969	1005.283958	50.268547	11.900222	
7/20/2019 10:17:56.491851949	84.425293	27.406591	1005.032107	5.845416	25.529376	758.083543	80.727955	28.220712	1005.365646	44.878685	11.874714	
7/20/2019 10:17:57.491851949	84.300445	27.489669	1005.583200	5.102307	25.491088	760.251955	80.307624	28.153065	1004.891752	49.810568	11.869220	
7/20/2019 10:17:58.491851949	84.655276	27.594583	1005.439610	5.873000	25.502802	765.201845	80.643085	28.196329	1005.689097	52.084464	11.859416	
7/20/2019 10:17:59.491851949	84.431864	27.521675	1004.968553	5.304631	25.432186	765.331296	80.451081	28.115294	1005.126255	48.872872	11.904467	
7/20/2019 10:18:00.491851949	84.530428	27.492289	1004.122162	5.621350	25.602441	767.727065	80.603159	28.154821	1004.911622	44.235734	11.855014	
7/20/2019 10:18:01.491851949	84.563283	27.457139	1005.391591	5.393575	25.396184	766.782819	80.373334	28.101599	1005.075634	41.436522	11.892718	
7/20/2019 10:18:02.491851949	84.477860	27.510981	1005.584066	5.749855	25.412675	769.951324	80.733921	28.184296	1005.331743	39.941289	11.871730	
7/20/2019 10:18:03.491851949	84.431864	27.483723	1005.936138	5.445165	25.449453	770.243074	80.615749	28.186264	1005.646677	47.600076	11.872204	
7/20/2019 10:18:04.491851949	84.602708	27.585536	1006.397340	5.995580	25.578685	775.175230	80.642190	28.145275	1005.581859	44.710479	11.873307	
7/20/2019 10:18:05.491851949	84.274161	27.415039	1005.172857	5.538081	25.361039	772.075055	80.497025	28.091534	1004.891909	38.339945	11.906530	
7/20/2019 10:18:06.491851949	84.412151	27.539736	1004.123266	5.451042	25.482352	776.411879	80.512322	28.212415	1005.474149	49.275039	11.863582	
7/20/2019 10:18:07.491851949	84.530428	27.463459	1004.879766	5.511017	25.453167	775.666077	80.566336	28.187820	1005.088880	43.146599	11.878288	
7/20/2019 10:18:08.491851949	84.517286	27.584264	1005.807768	5.834788	25.564520	778.376594	80.714366	28.189788	1005.384887	48.461532	11.888657	
7/20/2019 10:18:09.491851949	84.261019	27.436426	1004.531953	5.596163	25.396756	775.919716	80.709503	28.127538	1004.981642	38.831457	11.890563	
7/20/2019 10:18:10.491851949	84.339870	27.496288	1005.645570	5.553765	25.522314	778.906869	80.701172	28.257754	1005.400027	50.639801	11.880286	
7/20/2019 10:18:11.491851949	84.353012	27.643078	1006.176950	5.282828	25.351447	780.613999	80.414967	28.166241	1005.222612	48.336033	11.865054	
7/20/2019 10:18:12.491851949	84.727556	27.578768	1005.079497	5.744763	25.443289	781.144927	80.834089	28.151710	1005.135244	42.141568	11.854843	
7/20/2019 10:18:13.491851949	84.628992	27.431154	1004.142269	5.599861	25.400429	780.383358	80.744461	28.097863	1005.040781	40.267216	11.891009	
7/20/2019 10:18:14.491851949	84.622421	27.447868	1004.317397	5.770916	25.493088	785.962093	80.834299	28.179830	1005.141867	41.259414	11.872204	
7/20/2019 10:18:15.491851949	84.464718	27.442970	1006.043456	5.360912	25.414634	785.627631	80.598244	28.068082	1004.274817	39.620605	11.839217	
7/20/2019 10:18:16.491851949	84.431864	27.580714	1005.934325	5.484914	25.451208	787.628479	80.577979	28.169352	1005.548585	49.934756	11.882835	
7/20/2019 10:18:17.491851949	84.326729	27.436126	1006.358467	5.418784	25.361325	786.297208	80.785937	28.089873	1004.495916	38.440814	11.878065	
7/20/2019 10:18:18.491851949	84.405580	27.473479	1005.389146	5.961189	25.485455	791.810233	80.844786	28.122553	1005.078785	41.543944	11.878748	
7/20/2019 10:18:19.491851949	84.412151	27.484472	1003.564683	5.568962	25.421982	790.858757	80.564942	28.154515	1005.426206	46.512252	11.892442	
7/20/2019 10:18:20.491851949	84.510715	27.485370	1005.220167	5.605295	25.413205	795.112788	80.691394	28.209198	1005.093453	41.646124	11.869457	
7/20/2019 10:18:21.491851949	84.609279	27.489145	1003.906267	4.659749	25.297280	795.277719	80.671077	28.242715	1004.784671	37.005054	11.873268	
7/20/2019 10:18:22.491851949	84.576424	27.642779	1005.931013	5.657774	25.520640	798.956132	80.455497	28.156483	1005.266610	50.141737	11.885017	
7/20/2019 10:18:23.491851949	84.497573	27.513676	1005.495043	5.382286	25.463617	797.991520	80.400512	28.181185	1005.330164	48.956975	11.878157	
7/20/2019 10:18:24.491851949	84.589566	27.502234	1004.790900	5.712720	25.528804	799.978570	80.582895	28.223930	1005.690990	47.266286	11.876317	
7/20/2019 10:18:25.491851949	84.543570	27.520851	1006.043533	5.345050	25.447453	799.691419	80.727246	28.173088	1005.395297	41.520625	11.882244	
7/20/2019 10:18:26.491851949	84.747269	27.527620	1005.518856	5.582330	25.400470	802.432817	80.785937	28.146736	1005.476514	38.907696	11.878774	
7/20/2019 10:18:27.491851949	84.530428	27.489669	1004.766457	5.613712	25.420553	801.668617	80.784334	28.158251	1005.139502	38.052793	11.898671	
7/20/2019 10:18:28.491851949	84.385867	27.484172	1005.871717	5.954122	25.431043	804.114981	80.812930	28.113632	1004.992996	33.617393	11.890563	
7/20/2019 10:18:29.491851949	84.405580	27.479499	1005.232547	5.501606	25.397898	803.977646	80.600557	28.114669	1005.019175	37.250810	11.906149	
7/20/2019 10:18:30.491851949	84.609279	27.480323	1005.202899	5.749573	25.477250	806.159857	80.708899	28.231920	1005.393404	35.238125	11.876409	
7/20/2019 10:18:31.491851949	84.674989	27.479350	1006.234670	5.607986	25.416593	805.525760	80.452132	28.159806	1004.990631	31.011017	11.890379	
7/20/2019 10:18:32.491851949	84.839262	27.627412	1006.560405	5.724173	25.478434	809.320477	80.652363	28.229634	1005.218196	38.502908	11.861098	
7/20/2019 10:18:33.491851949	84.523857	27.447419	1004.873852	5.652353	25.402715	808.074629	80.756946	28.147562	1005.305879	29.946512	11.876015	
7/20/2019 10:18:34.491851949	84.293874	27.648276	1007.120487	5.912225	25.336425	814.257231	80.794873	28.118606	1005.273076	28.882007	11.865449	
7/20/2019 10:18:35.491851949	84.458147	27.441623	1005.588010	5.358937	25.368958	813.068546	80.479415	28.075660	1005.181136	29.121210	11.899696	
7/20/2019 10:18:36.491851949	84.609279	27.485969	1004.980538	5.638976	25.424839	815.894052	80.811064	28.203695	1005.553157	27.214636	11.879878	
7/20/2019 10:18:37.491851949	84.556712	27.430705	1006.399548	5.471737	25.399572	814.640973	80.811117	28.103673	1004.859107	27.147300	11.900708	
7/20/2019 10:18:38.491851949	84.635563	27.673438	1006.809654	5.524111	25.482924	820.502911	80.722198	28.120998	1005.264245	33.550057	11.860323	
7/20/2019 10:18:39.491851949	84.688130	27.511131	1006.064350	5.199263	25.453126	820.499627	80.680407	28.181185	1005.377950	35.646845	11.880601	
7/20/2019 10:18:40.491851949	84.747269	27.479799	1004.743590	5.771759	25.474964	823.048496	80.761466	28.176612	1005.253521	29.267407	11.882454	
7/20/2019 10:18:41.491851949	84.668418	27.447194	1004.741934	5.497256	25.384551	821.676482	80.562735	28.123284	1004.826304	28.339925	11.901549	
7/20/2019 10:18:42.491851949	84.504144	27.565497	1005.460270	5.556774	25.466229	825.420604	80.505751	28.274771	1005.546534	32.569655	11.872033	
7/20/2019 10:18:43.491851949	84.425293	27.521899	1004.370150	5.337312	25.455412	825.310214	80.391338	28.134904	1005.428100	29.610100	11.894400	
7/20/2019 10:18:44.491851949	84.753840	27.553680	1005.267794	5.844714	25.463943	826.954918	80.653729	28.240842	1005.791762	32.357432	11.858142	
7/20/2019 10:18:45.491851949	84.596137	27.542613	1005.341284	5.432390	25.457126	826.488384	80.507460	28.195292	1005.152592	30.946302	11.900826	
7/20/2019 10:18:46.491851949	84.753840	27.538089	1005.554024	5.671854	25.502435	831.086076	80.509615	28.168315	1005.102284	20.785939	11.874530	
7/20/2019 10:18:47.491851949	84.517286	27.542463	1006.449224	5.314917	25.448881	829.477506	80.468481	28.166241	1005.327328	24.208444	11.874674	
7/20/2019 10:18:48.491851949	84.484431	27.523770	1004.375117	5.560782	25.454351	831.372564	80.669868	28.283386	1005.517833	30.445616	11.823092	
7/20/2019 10:18:49.491851949	84.464718	27.447044	1005.072636	5.585476	25.379734	830.443433	80.782021	28.107928	1004.837501	18.915520	11.896779	
7/20/2019 10:18:50.491851949	84.530428	27.468431	1005.362810	5.555110	25.379163	834.231582	80.766881	28.107928	1004.841916	16.571666	11.898264	
7/20/2019 10:18:51.491851949	84.694701	27.650222	1004.780098	5.709409	25.412715	834.598894	80.801996	28.232851	1006.067427	18.281743	11.836431	
7/20/2019 10:18:52.491851949	84.536999	27.515729	1003.653864	5.266021	25.520314	838.358793	80.439095	28.023982	1005.019017	19.240136	11.870876	
7/20/2019 10:18:53.491851949	84.773553	27.573945	1005.367777	6.069775	25.475821	838.148519	80.509168	28.197260	1005.191231	13.551328	11.873531	
7/20/2019 10:18:54.491851949	84.734127	27.457813	1004.830957	5.636204	25.420553	840.831438	80.658329	28.144969	1005.128620	14.253752	11.891062	
7/20/2019 10:18:55.491851949	84.780124	27.506383	1004.838290	5.774823	25.559663	845.414678	80.888365	28.279026	1005.588167	21.497266	11.878262	
7/20/2019 10:18:56.491851949	84.628992	27.436126	1005.340889	5.503060	25.369815	842.877629	80.673389	28.129200	1004.872196	12.176351	11.904585	
7/20/2019 10:18:57.491851949	84.694701	27.538463	1005.227737	5.818324	25.410960	843.363877	80.695257	28.239910	1005.548270	10.907487	11.868655	
7/20/2019 10:18:58.491851949	84.353012	27.516702	1006.007656	5.428769	25.461943	846.407540	80.508511	28.213759	1005.292632	18.584351	11.894610	
7/20/2019 10:18:59.491851949	84.576424	27.626290	1004.220883	6.127876	25.501047	846.972643	80.621374	28.211579	1005.393247	17.057935	11.865567	
7/20/2019 10:19:00.491851949	84.491002	27.521899	1004.752421	5.361815	25.450310	847.608707	80.742043	28.177861	1005.261880	17.699575	11.897896	
7/20/2019 10:19:01.491851949	84.622421	27.502009	1005.778278	5.697145	25.504435	847.688215	80.879034	28.190519	1005.279857	11.812960	11.887159	
7/20/2019 10:19:02.491851949	84.648705	27.547585	1005.738457	5.388902	25.424227	850.030757	80.596194	28.183777	1005.045511	15.928715	11.892994	
7/20/2019 10:19:03.491851949	84.885259	27.522648	1004.944582	5.691942	25.436472	849.870425	80.665162	28.284317	1005.618762	14.107555	11.868971	
7/20/2019 10:19:04.491851949	84.694701	27.553306	1005.514283	5.291431	25.450024	851.551273	80.517842	28.166135	1005.159058	16.446167	11.902798	
7/20/2019 10:19:05.491851949	84.747269	27.660691	1005.017519	5.718086	25.496476	852.042120	80.504358	28.230459	1005.060336	14.740021	11.855356	
7/20/2019 10:19:06.491851949	84.569853	27.738123	1005.674351	4.950944	25.395041	856.049742	80.561526	28.229846	1004.745088	17.285614	11.863556	
7/20/2019 10:19:07.491851949	84.491002	27.495614	1005.862649	6.034408	25.541540	855.993232	80.935965	28.222681	1005.275599	12.166138	11.864410	
7/20/2019 10:19:08.491851949	84.701272	27.520702	1004.254238	5.594918	25.405817	857.081379	80.686531	28.142894	1004.537078	10.409422	11.873373	
7/20/2019 10:19:09.491851949	84.635563	27.550504	1006.972562	5.461948	25.398796	858.063736	80.670130	28.168315	1005.695406	9.200031	11.851768	
7/20/2019 10:19:10.491851949	84.753840	27.490043	1006.156685	5.648482	25.401572	860.651370	80.591226	28.154927	1005.362652	9.183264	11.871402	
7/20/2019 10:19:11.491851949	84.904972	27.659194	1004.996308	5.549589	25.490312	862.503716	80.449478	28.258897	1005.706287	18.207853	11.851899	
7/20/2019 10:19:12.491851949	84.536999	27.479574	1003.664194	5.731395	25.429329	863.491989	80.805545	28.200583	1005.480615	9.034446	11.876645	
7/20/2019 10:19:13.491851949	84.510715	27.510307	1005.702186	5.905345	25.468719	864.990822	80.760520	28.169659	1005.023433	8.792622	11.888657	
7/20/2019 10:19:14.491851949	84.615850	27.520552	1006.560877	5.529172	25.380591	867.223627	80.608731	28.116331	1004.981642	9.385003	11.884255	
7/20/2019 10:19:15.491851949	84.694701	27.581986	1005.286718	5.484667	25.529376	869.938742	80.649708	28.288053	1005.246897	18.664522	11.868235	
7/20/2019 10:19:16.491851949	84.596137	27.527021	1005.094005	5.409114	25.401286	870.208148	80.479468	28.139159	1005.089038	13.943281	11.900616	
7/20/2019 10:19:17.491851949	84.484431	27.580938	1005.299413	5.578285	25.473046	870.511066	80.721831	28.264082	1005.714961	17.043790	11.869917	
7/20/2019 10:19:18.491851949	84.425293	27.558728	1005.338524	5.359995	25.460800	873.033653	80.699910	28.239805	1005.086987	16.432021	11.896779	
7/20/2019 10:19:19.491851949	84.681559	27.611746	1004.543307	6.169435	25.421165	872.559225	80.873068	28.323951	1005.095818	8.715072	11.821660	
7/20/2019 10:19:20.491851949	84.720985	27.500437	1004.962719	5.625936	25.398184	873.473905	80.555612	28.190413	1005.447970	12.200981	11.873728	
7/20/2019 10:19:21.491851949	84.569853	27.490941	1006.540692	5.878910	25.543540	874.192109	80.684770	28.231084	1005.317232	13.022352	11.865409	
7/20/2019 10:19:22.491851949	84.464718	27.473179	1004.542755	5.488251	25.370672	876.225817	80.520602	28.128057	1004.942216	9.055144	11.900997	
7/20/2019 10:19:23.491851949	84.701272	27.512104	1005.230891	5.559761	25.406960	877.037328	80.630547	28.243022	1005.318654	7.519826	11.879208	
7/20/2019 10:19:24.491851949	84.727556	27.522273	1004.926919	5.410053	25.456841	878.492134	80.714656	28.218532	1005.183343	15.833088	11.895925	
7/20/2019 10:19:25.491851949	84.563283	27.542912	1005.507975	5.648596	25.433370	878.061734	80.707295	28.175988	1005.152434	9.312695	11.868248	
7/20/2019 10:19:26.491851949	84.385867	27.559327	1004.617348	5.469134	25.460800	881.754607	80.524413	28.211166	1005.561831	14.458111	11.883992	
7/20/2019 10:19:27.491851949	84.734127	27.563850	1005.109697	5.947109	25.503007	882.049641	80.489403	28.237412	1005.310609	11.768943	11.876120	
7/20/2019 10:19:28.491851949	84.793265	27.536592	1004.580682	5.318614	25.422227	881.861712	80.741596	28.297599	1005.404286	8.377350	11.833185	
7/20/2019 10:19:29.491851949	84.582995	27.475051	1004.741382	5.597617	25.437289	882.499092	80.834246	28.218532	1005.391511	9.350160	11.865725	
7/20/2019 10:19:30.491851949	84.550141	27.511355	1004.554188	5.573444	25.410348	886.023087	80.698464	28.171744	1005.101655	10.086116	11.887606	
7/20/2019 10:19:31.491851949	84.688130	27.629059	1005.668280	5.493285	25.447248	887.789358	80.567150	28.267300	1005.553000	15.690822	11.875239	
7/20/2019 10:19:32.491851949	84.727556	27.505634	1006.136263	5.631585	25.425370	889.236280	80.502545	28.204319	1005.268504	10.430120	11.889051	
7/20/2019 10:19:33.491851949	84.937826	27.605127	1004.834427	5.920341	25.454881	889.731727	80.765725	28.188751	1005.121840	8.809388	11.872427	
7/20/2019 10:19:34.491851949	84.786695	27.542538	1005.163868	5.483094	25.440105	893.099337	80.757498	28.216458	1005.264088	15.085336	11.897068	
7/20/2019 10:19:35.491851949	84.780124	27.563775	1005.204949	5.932688	25.472148	894.313650	80.723644	28.183047	1005.150698	10.562172	11.881613	
7/20/2019 10:19:36.491851949	84.635563	27.562652	1005.072716	5.328933	25.439248	895.175093	80.560185	28.186889	1005.274184	13.671584	11.877618	
7/20/2019 10:19:37.491851949	84.589566	27.512403	1004.643370	5.761510	25.496516	896.146283	80.682510	28.266781	1005.474620	12.063958	11.867118	
7/20/2019 10:19:38.491851949	84.280732	27.479799	1006.248311	5.973034	25.429043	896.715323	80.888208	28.165616	1005.307300	14.207113	11.870442	
7/20/2019 10:19:39.491851949	84.707843	27.543661	1004.598819	5.623998	25.454024	898.611696	80.675992	28.289503	1005.801065	15.362274	11.861362	
7/20/2019 10:19:40.491851949	84.655276	27.569796	1005.079654	5.352504	25.457412	899.875289	80.585050	28.235550	1005.180978	15.708899	11.898592	
7/20/2019 10:19:41.491851949	84.891830	27.664840	1006.193746	5.657159	25.487210	900.939123	80.739546	28.228491	1005.386781	15.340265	11.875292	
7/20/2019 10:19:42.491851949	84.635563	27.569870	1005.414773	5.358769	25.455984	902.936034	80.569358	28.221644	1005.163159	15.976664	11.893953	
7/20/2019 10:19:43.491851949	84.504144	27.538014	1004.919507	5.895561	25.480924	903.612842	80.689843	28.233782	1005.160951	8.550798	11.875620	
7/20/2019 10:19:44.491851949	84.523857	27.516927	1005.261800	5.353102	25.428472	904.745669	80.442749	28.239699	1005.160794	12.856767	11.870180	
7/20/2019 10:19:45.491851949	84.661847	27.522648	1004.970761	5.714821	25.527090	907.473930	80.883844	28.333497	1005.457430	16.490184	11.876514	
7/20/2019 10:19:46.491851949	84.885259	27.685628	1006.126328	6.080809	25.503374	908.782192	80.831591	28.199641	1005.328428	9.435573	11.867762	
7/20/2019 10:19:47.491851949	84.766982	27.511280	1005.361706	5.433137	25.390225	908.614640	80.562787	28.170390	1005.075791	11.521876	11.901024	
7/20/2019 10:19:48.491851949	84.602708	27.527920	1005.247135	6.251157	25.563337	911.351437	80.687031	28.301123	1005.281750	12.643233	11.876002	
7/20/2019 10:19:49.491851949	84.694701	27.468431	1005.806979	5.581299	25.371530	909.614080	80.667213	28.165616	1005.292475	1.627968	11.869233	
7/20/2019 10:19:50.491851949	84.806407	27.561273	1006.562613	5.381885	25.513824	917.136496	80.934152	28.298530	1005.349720	10.538853	11.852924	
7/20/2019 10:19:51.491851949	84.852404	27.484097	1004.065468	5.613270	25.375489	913.637468	80.801339	28.186783	1004.988266	7.455110	11.882953	
7/20/2019 10:19:52.491851949	84.839262	27.654820	1004.865178	5.612955	25.475291	917.578716	80.715575	28.269374	1005.728051	19.564753	11.865935	
7/20/2019 10:19:53.491851949	84.740698	27.564000	1005.411461	5.446086	25.441534	917.045157	80.631756	28.186677	1005.323227	19.775665	11.900472	
7/20/2019 10:19:54.491851949	84.891830	27.601652	1005.920289	5.881094	25.452636	918.584724	80.701224	28.157626	1005.190281	16.639002	11.869720	
7/20/2019 10:19:55.491851949	84.786695	27.500213	1003.909342	5.641283	25.440677	917.057641	80.669473	28.166548	1005.715433	22.649806	11.854239	
7/20/2019 10:19:56.491851949	84.858975	27.554354	1006.435268	6.077111	25.583501	921.021234	80.704036	28.290328	1005.148962	25.033746	11.858037	
7/20/2019 10:19:57.491851949	84.734127	27.526497	1004.101188	5.633176	25.390225	918.053796	80.642138	28.174125	1005.222455	15.893871	11.884912	
7/20/2019 10:19:58.491851949	84.734127	27.518049	1005.959557	5.700382	25.506435	923.331578	80.731267	28.288360	1005.384730	16.970171	11.872295	
7/20/2019 10:19:59.491851949	84.655276	27.542313	1004.037634	5.641069	25.379449	920.466646	80.814928	28.188857	1005.053870	12.732578	11.879077	
7/20/2019 10:20:00.491851949	84.688130	27.512254	1006.427540	5.619224	25.403572	921.023202	80.997206	28.277470	1005.314238	18.991759	11.871770	
7/20/2019 10:20:01.491851949	84.523857	27.531919	1005.978323	5.437715	25.388510	921.719724	80.738941	28.159806	1004.677433	13.962668	11.891128	
7/20/2019 10:20:02.491851949	84.504144	27.664615	1004.821494	5.605870	25.421737	925.191807	80.543679	28.222787	1005.386623	11.763700	11.848719	
7/20/2019 10:20:03.491851949	84.589566	27.468881	1005.352323	5.488347	25.372958	923.941361	80.463723	28.174125	1005.038887	13.202081	11.874346	
7/20/2019 10:20:04.491851949	84.766982	27.701444	1005.327090	5.709692	25.551785	929.171168	80.524965	28.282444	1005.422105	23.246119	11.882888	
7/20/2019 10:20:05.491851949	84.734127	27.538389	1005.596604	5.367199	25.456269	927.661167	80.529775	28.234926	1005.393247	16.635070	11.888486	
7/20/2019 10:20:06.491851949	84.707843	27.591332	1004.937406	5.827320	25.578685	934.685505	80.800840	28.302054	1005.415639	18.465404	11.882349	
7/20/2019 10:20:07.491851949	84.661847	27.549831	1004.113725	5.508481	25.407532	932.876523	80.539211	28.263151	1005.279071	17.594775	11.857787	
7/20/2019 10:20:08.491851949	84.845833	27.533341	1005.694064	5.650529	25.424512	936.943938	80.674940	28.242397	1005.347355	11.849114	11.877552	
7/20/2019 10:20:09.491851949	84.812978	27.548259	1005.810133	5.413117	25.405246	935.636318	80.759653	28.195292	1005.080206	13.121910	11.901484	
7/20/2019 10:20:10.491851949	84.865546	27.607373	1005.989205	5.517864	25.428227	939.259533	80.850200	28.261595	1005.230971	16.054214	11.880233	
7/20/2019 10:20:11.491851949	84.766982	27.537715	1006.745943	5.196924	25.524233	938.869877	80.527672	28.193630	1004.959407	14.945691	11.859850	
7/20/2019 10:20:12.491851949	84.983823	27.654296	1005.322989	5.804938	25.486638	941.622440	80.668816	28.280888	1005.726157	15.526548	11.848903	
7/20/2019 10:20:13.491851949	84.878688	27.585087	1004.724429	5.343595	25.423941	941.301124	80.739336	28.199028	1005.117424	12.854146	11.887080	
7/20/2019 10:20:14.491851949	84.898401	27.664990	1006.780321	5.794848	25.528845	943.861159	80.790562	28.268231	1005.503007	16.798034	11.867932	
7/20/2019 10:20:15.491851949	84.826120	27.548109	1006.194140	5.437213	25.365570	942.338676	80.684323	28.210023	1004.935593	7.290836	11.876212	
7/20/2019 10:20:16.491851949	84.793265	27.585836	1004.833323	5.929255	25.523702	944.074717	80.606576	28.291471	1005.573342	15.094510	11.870219	
7/20/2019 10:20:17.491851949	84.648705	27.586210	1006.045426	5.366183	25.417736	943.746170	80.642533	28.220607	1005.139345	13.553949	11.900169	
7/20/2019 10:20:18.491851949	84.497573	27.644576	1003.877880	5.672446	25.459086	947.122978	80.910181	28.340450	1005.001827	17.260984	11.842779	
7/20/2019 10:20:19.491851949	84.576424	27.510831	1005.191465	5.511491	25.361325	945.496011	80.794373	28.192593	1005.134929	9.429020	11.900524	
7/20/2019 10:20:20.491851949	84.786695	27.650072	1005.274023	5.477327	25.448350	949.478002	80.731371	28.262114	1005.741140	16.424158	11.862084	
7/20/2019 10:20:21.491851949	84.747269	27.589835	1004.190446	5.319859	25.400715	948.426651	80.458256	28.223930	1004.799654	16.788860	11.871809	
7/20/2019 10:20:22.491851949	85.036390	27.611148	1005.524376	5.712902	25.416920	950.980771	80.798080	28.260865	1005.211730	11.172630	11.870745	
7/20/2019 10:20:23.491851949	84.806407	27.521974	1005.379763	5.456222	25.374918	951.373059	80.842421	28.178792	1005.011922	9.817041	11.897436	
7/20/2019 10:20:24.491851949	84.832691	27.612645	1006.378574	5.801951	25.456881	953.340394	80.931706	28.318554	1005.050084	7.506991	11.804128	
7/20/2019 10:20:25.491851949	84.517286	27.643303	1004.774499	5.483291	25.502150	954.640131	80.516790	28.191037	1004.907364	13.716912	11.871757	
7/20/2019 10:20:26.491851949	84.635563	27.569122	1005.316760	5.750307	25.472964	958.400680	80.897748	28.223612	1005.012551	8.792622	11.887067	
7/20/2019 10:20:27.491851949	84.563283	27.565048	1005.630747	5.079583	25.498476	957.121973	80.792166	28.162293	1005.579022	11.334283	11.873886	
7/20/2019 10:20:28.491851949	84.576424	27.532967	1003.933313	5.759631	25.459943	960.223460	80.754895	28.261383	1005.139659	8.859958	11.876540	
7/20/2019 10:20:29.491851949	84.635563	27.517002	1005.644861	5.023092	25.381734	959.739181	80.830725	28.088518	1004.576975	8.426609	11.883019	
7/20/2019 10:20:30.491851949	84.701272	27.512403	1005.353978	5.578937	25.418308	962.850520	80.983118	28.307558	1005.360444	10.884168	11.871086	
7/20/2019 10:20:31.491851949	84.602708	27.569721	1006.261478	5.262962	25.474107	962.167797	80.698017	28.264707	1005.200534	15.746364	11.883216	
7/20/2019 10:20:32.491851949	84.872117	27.580938	1006.798535	5.947355	25.443248	962.640246	80.381166	28.275703	1006.207468	19.166247	11.849744	
7/20/2019 10:20:33.491851949	84.773553	27.586959	1005.474935	5.402128	25.420553	964.166023	80.676282	28.212310	1005.041410	13.553949	11.867302	
7/20/2019 10:20:34.491851949	84.931255	27.638181	1005.422737	5.796986	25.442146	966.145841	80.910390	28.259203	1005.286323	8.526168	11.870114	
7/20/2019 10:20:35.491851949	84.885259	27.542987	1004.233973	5.610972	25.424798	965.613598	80.761861	28.247689	1005.110958	9.528579	11.882480	
7/20/2019 10:20:36.491851949	85.023248	27.712886	1005.654324	5.767528	25.521742	969.554846	80.880243	28.314924	1005.183343	16.816111	11.863320	
7/20/2019 10:20:37.491851949	84.845833	27.449514	1003.435996	5.022477	25.553744	970.976802	80.899956	28.213135	1004.640215	16.898903	11.873399	
7/20/2019 10:20:38.491851949	84.793265	27.543137	1005.464528	6.109296	25.476066	971.246207	80.841422	28.303198	1005.248948	8.889560	11.877329	
7/20/2019 10:20:39.491851949	84.674989	27.580265	1004.378034	5.545513	25.385408	971.151585	80.533743	28.207949	1005.073583	11.706848	11.896109	
7/20/2019 10:20:40.491851949	84.648705	27.591482	1007.028861	5.609745	25.469005	973.903495	80.821499	28.251943	1005.213781	9.935988	11.877920	
7/20/2019 10:20:41.491851949	84.543570	27.643977	1004.087389	5.516510	25.414920	974.404857	80.792613	28.229634	1005.375899	15.852475	11.871231	
7/20/2019 10:20:42.491851949	84.609279	27.526947	1005.387490	5.404956	25.368958	977.164651	80.733080	28.171839	1004.885600	8.828776	11.893717	
7/20/2019 10:20:43.491851949	84.543570	27.617243	1004.533924	5.299994	25.459086	978.356619	80.548489	28.261489	1005.211573	14.600377	11.894781	
7/20/2019 10:20:44.491851949	84.812978	27.543436	1003.889077	5.586050	25.425655	980.321985	80.659486	28.223199	1005.034472	9.961928	11.874779	
7/20/2019 10:20:45.491851949	85.003536	27.528219	1004.173888	5.643084	25.442391	980.711642	80.805255	28.272485	1005.369433	10.929495	11.868484	
7/20/2019 10:20:46.491851949	84.747269	27.623488	1005.141238	5.288773	25.477005	985.450601	80.500284	28.262844	1005.213938	15.914569	11.871139	
7/20/2019 10:20:47.491851949	84.760411	27.523172	1006.026265	5.473999	25.416022	984.305944	80.387579	28.294901	1004.819996	13.923893	11.871757	
7/20/2019 10:20:48.491851949	84.740698	27.526947	1005.004509	5.621281	25.416553	986.533495	80.660485	28.248726	1005.217725	8.915500	11.889564	
7/20/2019 10:20:49.491851949	84.661847	27.532892	1005.336316	5.569728	25.392225	986.344251	80.652020	28.247170	1005.071532	7.374939	11.893782	
7/20/2019 10:20:50.491851949	84.333300	27.533266	1007.077669	5.939659	25.370672	988.474548	80.772638	28.176200	1005.378107	11.436463	11.869904	
7/20/2019 10:20:51.491851949	84.589566	27.553231	1006.049685	5.419609	25.379734	988.842523	80.477365	28.178792	1005.152277	9.013748	11.891036	
7/20/2019 10:20:52.491851949	84.819549	27.495090	1005.390092	5.568118	25.394470	988.695990	80.429660	28.215421	1005.057971	6.243098	11.886791	
7/20/2019 10:20:53.491851949	84.872117	27.574918	1005.324330	5.495551	25.389367	989.357683	80.330596	28.194149	1005.080049	10.247769	11.892902	
7/20/2019 10:20:54.491851949	84.674989	27.560150	1006.042115	5.329110	25.446922	991.539891	80.378696	28.250282	1005.811003	16.609130	11.836024	
7/20/2019 10:20:55.491851949	84.464718	27.737973	1007.094622	5.310202	25.360754	993.585428	80.489745	28.262008	1004.872039	11.741692	11.870166	
7/20/2019 10:20:56.491851949	84.569853	27.585013	1003.962566	5.338557	25.424512	994.948895	80.565941	28.224861	1005.113009	13.018420	11.888197	
7/20/2019 10:20:57.491851949	84.550141	27.543436	1005.284825	5.412506	25.385979	994.238575	80.407792	28.214172	1005.003248	10.641033	11.895557	
7/20/2019 10:20:58.491851949	84.701272	27.602026	1004.965556	5.736283	25.461086	997.739570	80.338271	28.283068	1005.743348	13.493165	11.862111	
7/20/2019 10:20:59.491851949	84.832691	27.606774	1005.714724	5.394975	25.442105	998.980165	80.219442	28.299049	1005.292789	15.853786	11.898658	
7/20/2019 10:21:00.491851949	84.727556	27.517451	1006.273386	5.441604	25.447493	998.729810	80.486381	28.237412	1005.229235	13.330202	11.860481	
7/20/2019 10:21:01.491851949	84.812978	27.579890	1005.215437	5.518211	25.445493	999.426332	80.509957	28.275703	1005.426049	12.789430	11.892560	
7/20/2019 10:21:02.491851949	84.714414	27.639004	1006.700366	5.496221	25.471576	999.961206	80.569543	28.276221	1005.036522	14.910848	11.882020	
7/20/2019 10:21:03.491851949	84.753840	27.612345	1005.166076	5.406720	25.462800	999.288998	80.324525	28.287217	1005.263616	14.317157	11.876961	
7/20/2019 10:21:04.491851949	84.740698	27.560524	1005.331191	5.651510	25.450310	997.949181	80.459151	28.271861	1004.682477	8.981526	11.862715	
7/20/2019 10:21:05.491851949	84.655276	27.558877	1003.515637	5.593405	25.425370	999.111584	80.233688	28.270411	1005.533130	10.511602	11.883703	
7/20/2019 10:21:06.491851949	84.543570	27.538613	1005.528397	5.473483	25.391653	999.386904	80.525202	28.206700	1005.042674	10.020091	11.896608	
7/20/2019 10:21:07.491851949	84.786695	27.559177	1006.713612	5.127803	25.489945	999.346824	80.502230	28.296975	1004.968238	11.842561	11.868484	
7/20/2019 10:21:08.491851949	84.826120	27.612196	1005.502850	5.362102	25.454841	999.909295	80.492452	28.277883	1005.309823	15.133285	11.892560	
7/20/2019 10:21:09.491851949	84.812978	27.559102	1006.097627	5.659958	25.453698	999.050474	80.495921	28.255573	1005.489603	10.882857	11.876185	
7/20/2019 10:21:10.491851949	84.701272	27.549007	1005.743268	5.456682	25.389367	999.524238	80.341635	28.215421	1005.016023	10.083495	11.897186	
7/20/2019 10:21:11.491851949	84.609279	27.591407	1005.076895	5.466872	25.457984	1000.026915	80.253348	28.257023	1005.198641	14.725876	11.899236	
7/20/2019 10:21:12.491851949	84.615850	27.596529	1006.126091	5.481394	25.441534	999.453929	80.303104	28.292614	1005.365017	14.619764	11.878630	
7/20/2019 10:21:13.491851949	84.556712	27.592680	1004.734049	5.524394	25.436636	999.116183	80.412102	28.312320	1005.690833	11.457161	11.869312	
7/20/2019 10:21:14.491851949	84.648705	27.633059	1005.538569	5.287273	25.439248	999.848185	80.487984	28.218014	1005.171833	12.216437	11.892705	
7/20/2019 10:21:15.491851949	84.878688	27.585686	1005.769447	5.427064	25.400715	999.476927	80.576114	28.221644	1004.994889	9.448408	11.891220	
7/20/2019 10:21:16.491851949	84.845833	27.554279	1005.239880	5.574050	25.414838	998.909856	80.554955	28.272591	1005.297519	11.461093	11.864962	
7/20/2019 10:21:17.491851949	84.734127	27.607148	1005.472807	5.323365	25.441248	1000.026915	80.505699	28.265225	1005.058443	14.843512	11.895215	
7/20/2019 10:21:18.491851949	84.688130	27.512703	1005.191703	5.451097	25.377163	998.546481	80.530090	28.236682	1004.852641	5.869222	11.877316	
7/20/2019 10:21:19.491851949	84.596137	27.532069	1005.216855	5.468404	25.380020	999.177293	80.428056	28.200477	1005.084622	8.232463	11.889669	
7/20/2019 10:21:20.491851949	84.582995	27.649698	1004.286251	5.364172	25.461086	999.866584	80.276425	28.291059	1005.251156	15.627417	11.884071	
7/20/2019 10:21:21.491851949	84.812978	27.512328	1006.525710	5.518539	25.446922	997.878872	80.427952	28.278708	1005.040938	9.720104	11.857695	
7/20/2019 10:21:22.491851949	84.812978	27.385428	1006.158421	6.019563	25.310628	998.848746	80.259472	28.277258	1004.946947	6.244408	11.866723	
7/20/2019 10:21:23.491851949	84.839262	27.601128	1004.537630	5.296907	25.420839	999.765393	80.286755	28.257235	1005.121840	11.125992	11.883348	
7/20/2019 10:21:24.491851949	84.766982	27.617842	1005.205344	5.645514	25.437574	999.078071	80.311935	28.272485	1005.511681	11.647375	11.865672	
7/20/2019 10:21:25.491851949	84.780124	27.590808	1005.573579	5.582604	25.388265	998.575394	80.232532	28.284211	1005.270869	10.208994	11.886528	
7/20/2019 10:21:26.491851949	84.648705	27.639154	1004.953256	5.389458	25.447493	1000.017716	80.104976	28.258579	1005.250999	14.458111	11.898290	
7/20/2019 10:21:27.491851949	84.569853	27.618216	1005.400185	5.392869	25.446636	999.641858	80.120326	28.319072	1005.343254	15.668814	11.890865	
7/20/2019 10:21:28.491851949	84.615850	27.532218	1005.199587	5.502581	25.384837	998.524799	80.140039	28.250282	1004.979434	5.504519	11.891483	
7/20/2019 10:21:29.491851949	84.536999	27.591557	1005.270159	5.307544	25.438146	999.641858	80.070413	28.289503	1005.397348	14.662471	11.876172	
7/20/2019 10:21:30.491851949	84.536999	27.586584	1005.046695	5.320981	25.368346	999.548551	80.241310	28.226417	1005.270240	11.970681	11.863898	
7/20/2019 10:21:31.491851949	84.353012	27.585911	1007.061111	5.760019	25.261890	998.222534	80.351098	28.189788	1005.509473	6.065989	11.870219	
7/20/2019 10:21:32.491851949	84.556712	27.660167	1004.476678	5.295261	25.434431	999.970405	80.228458	28.276846	1005.021068	15.478599	11.875817	
7/20/2019 10:21:33.491851949	84.569853	27.591856	1004.191787	5.444978	25.465045	999.669455	80.151368	28.312225	1005.616397	15.790381	11.871192	
7/20/2019 10:21:34.491851949	84.609279	27.564748	1005.235701	5.604612	25.406103	998.364467	80.176600	28.250800	1004.913987	7.557290	11.891417	
7/20/2019 10:21:35.491851949	84.648705	27.532593	1004.565070	5.630035	25.400144	998.674616	80.275611	28.270517	1004.953098	6.923513	11.890641	
7/20/2019 10:21:36.491851949	84.582995	27.569122	1005.526978	5.409132	25.388796	999.281114	80.321056	28.211060	1004.998990	11.845182	11.901944	
