
Time stamp	Inside_humidity (in %rH)	Inside_temperature (in °C)	Inside_pressure (in mbar)	Soil_moisture (in %VWC)	Soil_temperature (in °C)	Inside_CO2_ratio (in ppm)	Outside_humidity (in %rH)	Outside_temperature (in °C)	Outside_pressure (in mbar)	Outside_PAR (in µmol m^-2 s^-1)	Power_box_charge (in V)	
7/20/2019 10:25:16.491851949	81.047828	27.435752	1004.803675	5.662657	25.440391	522.187818	80.477312	28.297387	1005.382680	6.735920	11.881534	
7/20/2019 10:25:17.491851949	81.356662	27.396346	1006.280719	5.672309	25.512681	521.923664	80.260524	28.421592	1005.911775	12.380711	11.843396	
7/20/2019 10:25:18.491851949	81.080683	27.452017	1006.413899	5.517026	25.466474	521.760048	80.322265	28.301123	1005.292632	10.595705	11.887842	
7/20/2019 10:25:19.491851949	81.185818	27.447568	1004.968316	5.754014	25.472433	522.334351	80.560265	28.436736	1005.778515	15.833088	11.861532	
7/20/2019 10:25:20.491851949	81.060970	27.704395	1007.838585	6.726237	25.438105	523.295028	80.676886	28.283693	1004.931178	2.977004	11.847116	
7/20/2019 10:25:21.491851949	81.258098	27.452466	1004.454363	5.613215	25.427941	520.506968	80.609073	28.339201	1005.334266	8.976284	11.884097	
7/20/2019 10:25:22.491851949	81.212102	27.420460	1005.139345	5.717607	25.419369	520.398546	80.693497	28.337328	1005.253206	5.765731	11.866329	
7/20/2019 10:25:23.491851949	81.343521	27.419412	1006.272203	5.763598	25.400144	520.112711	80.715208	28.260346	1005.147862	1.911188	11.869798	
7/20/2019 10:25:24.491851949	81.415801	27.414889	1005.225214	5.708771	25.419981	520.276326	80.668764	28.278814	1005.069796	2.574837	11.887658	
7/20/2019 10:25:25.491851949	81.474939	27.452616	1006.066243	5.535993	25.442962	520.961019	80.362847	28.324364	1005.045511	10.309864	11.864542	
7/20/2019 10:25:26.491851949	81.566933	27.398399	1004.765353	5.803885	25.415451	520.545080	80.719071	28.309632	1005.318654	3.654798	11.886909	
7/20/2019 10:25:27.491851949	81.264669	27.378734	1006.245472	6.160544	25.487700	519.725021	80.612937	28.393885	1004.959564	12.315996	11.848535	
7/20/2019 10:25:28.491851949	81.514365	27.456915	1006.190986	5.498710	25.403532	521.652942	80.534243	28.294795	1005.207000	9.278891	11.888210	
7/20/2019 10:25:29.491851949	81.593216	27.393651	1005.110012	5.773961	25.399001	520.746808	80.631703	28.315855	1005.184922	3.330182	11.885332	
7/20/2019 10:25:30.491851949	81.731206	27.425882	1003.712922	5.739059	25.431900	520.928822	80.632807	28.330174	1005.076263	5.159205	11.875160	
7/20/2019 10:25:31.491851949	81.961189	27.430106	1005.357053	5.508158	25.384306	522.616903	80.586363	28.273110	1005.010501	5.785119	11.872204	
7/20/2019 10:25:32.491851949	81.908622	27.399148	1004.955463	5.689134	25.390796	522.215415	80.599952	28.260240	1004.911622	3.985967	11.892639	
7/20/2019 10:25:33.491851949	81.915193	27.447044	1003.888919	5.758177	25.402429	522.698379	80.588466	28.333285	1005.030213	4.234344	11.870561	
7/20/2019 10:25:34.491851949	81.849483	27.441623	1004.684688	5.594595	25.382061	523.278598	80.517737	28.304129	1005.078785	4.148931	11.878486	
7/20/2019 10:25:35.491851949	81.842912	27.467833	1004.285227	5.675725	25.422553	523.989572	80.533743	28.320003	1005.426206	6.717843	11.876369	
7/20/2019 10:25:36.491851949	82.020328	27.610848	1004.441116	4.938242	25.456269	525.906978	80.380509	28.368358	1005.481087	9.899834	11.862019	
7/20/2019 10:25:37.491851949	81.882338	27.494941	1005.433539	5.472316	25.441534	525.415467	80.426953	28.394816	1005.379686	10.515534	11.862097	
7/20/2019 10:25:38.491851949	81.928334	27.425807	1005.021462	5.754114	25.430472	524.914105	80.544730	28.341276	1005.185394	5.239376	11.883847	
7/20/2019 10:25:39.491851949	81.967760	27.457888	1004.965793	5.569937	25.466474	527.064120	80.396306	28.376242	1005.463582	11.027744	11.885280	
7/20/2019 10:25:40.491851949	82.178030	27.473778	1005.893243	5.538003	25.412063	527.354556	80.424745	28.313156	1005.270869	8.359273	11.893362	
7/20/2019 10:25:41.491851949	82.348875	27.425433	1005.076343	5.661490	25.386551	527.678504	80.353568	28.299980	1004.988108	4.561582	11.893533	
7/20/2019 10:25:42.491851949	82.348875	27.425732	1005.576339	5.803675	25.385979	527.146912	80.482175	28.298943	1005.169939	3.103813	11.892350	
7/20/2019 10:25:43.491851949	82.348875	27.457064	1005.004667	5.517732	25.385694	528.590553	80.505699	28.295726	1005.390882	4.720614	11.879405	
7/20/2019 10:25:44.491851949	82.362017	27.472730	1004.762830	5.520924	25.458881	528.812648	80.626421	28.425422	1005.539753	9.858438	11.865094	
7/20/2019 10:25:45.491851949	82.394871	27.500437	1005.447023	5.554034	25.467862	531.295811	80.642428	28.367427	1005.325592	10.850635	11.882007	
7/20/2019 10:25:46.491851949	82.611713	27.452466	1004.936540	5.680015	25.408675	530.306884	80.534295	28.381640	1005.430936	6.636361	11.878761	
7/20/2019 10:25:47.491851949	82.539432	27.488920	1004.977384	5.608615	25.430758	531.640788	80.435784	28.372507	1005.406965	7.492575	11.880509	
7/20/2019 10:25:48.491851949	82.329162	27.489369	1004.174282	5.502869	25.415451	532.391190	80.464170	28.346049	1005.130671	7.577988	11.890747	
7/20/2019 10:25:49.491851949	82.467152	27.351551	1006.579329	5.707216	25.430472	531.841201	80.537003	28.377798	1005.172619	1.255402	11.854475	
7/20/2019 10:25:50.491851949	82.434297	27.435902	1005.138241	5.657140	25.374632	532.518010	80.601556	28.334947	1004.872196	1.951274	11.884399	
7/20/2019 10:25:51.491851949	82.421155	27.494566	1005.395297	5.441777	25.476964	534.521492	80.754081	28.385683	1005.381893	10.102883	11.875436	
7/20/2019 10:25:52.491851949	82.539432	27.495465	1005.411461	5.531721	25.451453	534.578002	80.575325	28.387344	1005.388988	9.242737	11.888986	
7/20/2019 10:25:53.491851949	82.670851	27.452167	1006.067899	5.603846	25.385694	537.036852	80.401720	28.312744	1005.040781	4.110156	11.884925	
7/20/2019 10:25:54.491851949	82.795699	27.473030	1003.771194	5.740819	25.405246	536.591999	80.558766	28.337540	1005.235701	2.343227	11.883716	
7/20/2019 10:25:55.491851949	82.631425	27.515205	1004.769926	5.488461	25.451412	539.399110	80.584708	28.323327	1005.134772	7.389084	11.877302	
7/20/2019 10:25:56.491851949	82.513148	27.457813	1006.639177	5.237420	25.456514	539.127073	80.575981	28.360992	1005.207000	5.335003	11.864266	
7/20/2019 10:25:57.491851949	82.539432	27.510682	1005.616397	5.524033	25.456514	541.942067	80.630152	28.400108	1005.208736	10.057555	11.881692	
7/20/2019 10:25:58.491851949	82.710277	27.421134	1004.174282	5.747640	25.402144	540.646275	80.731818	28.375724	1004.940323	3.701436	11.863871	
7/20/2019 10:25:59.491851949	82.867979	27.483199	1005.348064	5.566240	25.390796	543.398191	80.657383	28.314299	1005.049455	5.605389	11.896871	
7/20/2019 10:26:00.491851949	82.874550	27.489369	1004.657011	5.600567	25.436146	543.046646	80.656331	28.403325	1005.325277	7.511962	11.886725	
7/20/2019 10:26:01.491851949	82.736560	27.474078	1004.735073	5.617984	25.457412	545.415472	80.455392	28.374581	1005.695563	9.365615	11.865199	
7/20/2019 10:26:02.491851949	82.408013	27.621542	1005.989914	5.117554	25.535580	545.302451	80.687820	28.351340	1005.218354	9.030514	11.860402	
7/20/2019 10:26:03.491851949	82.710277	27.531919	1006.009470	5.439420	25.465045	546.663952	80.642927	28.370432	1005.358394	9.077153	11.881074	
7/20/2019 10:26:04.491851949	82.815412	27.542463	1004.171917	5.482926	25.462229	546.368917	80.599795	28.409548	1005.275284	9.672155	11.884373	
7/20/2019 10:26:05.491851949	82.907405	27.495165	1003.875121	5.450992	25.450310	547.593085	80.540210	28.393260	1005.373691	9.937298	11.882664	
7/20/2019 10:26:06.491851949	82.927118	27.522049	1004.219070	5.479114	25.462229	547.635796	80.526069	28.410066	1005.481087	9.569975	11.878998	
7/20/2019 10:26:07.491851949	83.025682	27.505859	1005.832449	5.465628	25.417165	548.827767	80.532088	28.366696	1005.170097	8.255782	11.892403	
7/20/2019 10:26:08.491851949	83.117675	27.411788	1004.449790	5.825551	25.361896	547.799412	80.523861	28.404150	1004.975648	5.201912	11.839165	
7/20/2019 10:26:09.491851949	82.973114	27.532518	1005.660001	5.454804	25.475536	550.719544	80.485539	28.371469	1005.270711	8.564943	11.886896	
7/20/2019 10:26:10.491851949	82.927118	27.478451	1005.004115	5.796261	25.422227	549.278534	80.501388	28.362961	1005.090931	1.787000	11.889630	
7/20/2019 10:26:11.491851949	82.828554	27.417658	1006.751934	5.721145	25.377979	550.487587	80.385871	28.337021	1004.883078	1.624036	11.846853	
7/20/2019 10:26:12.491851949	82.966543	27.478376	1006.492041	5.696853	25.381163	550.667633	80.366710	28.353415	1005.283801	1.501158	11.883519	
7/20/2019 10:26:13.491851949	83.045395	27.468506	1005.937164	5.447672	25.263319	553.768463	80.692183	28.529498	1005.154799	-2.326134	11.821633	
7/20/2019 10:26:14.491851949	83.045395	27.505709	1005.137689	5.643480	25.430472	554.704826	80.621716	28.400520	1005.393090	9.463864	11.883032	
7/20/2019 10:26:15.491851949	83.150530	27.511505	1006.333234	5.557773	25.461372	556.858125	80.574773	28.421168	1005.397820	9.898523	11.881179	
7/20/2019 10:26:16.491851949	83.117675	27.559177	1005.117187	5.780823	25.382591	558.112521	80.577532	28.346049	1005.660081	5.729577	11.860034	
7/20/2019 10:26:17.491851949	83.518503	27.674261	1005.629958	5.978268	25.490638	560.732355	80.578189	28.457796	1005.806902	10.731418	11.849402	
7/20/2019 10:26:18.491851949	83.255665	27.548034	1004.759044	5.477541	25.480352	560.116003	80.499785	28.397927	1005.262195	10.227071	11.879576	
7/20/2019 10:26:19.491851949	83.406797	27.721484	1005.869824	5.365744	25.379530	563.378480	80.614750	28.320935	1005.142182	12.577207	11.815930	
7/20/2019 10:26:20.491851949	82.959973	27.537341	1005.338524	5.438075	25.438391	562.754898	80.385923	28.377492	1005.089352	8.638562	11.862124	
7/20/2019 10:26:21.491851949	83.314803	27.611148	1005.194777	5.981158	25.469331	566.330808	80.685822	28.449393	1005.841755	16.412363	11.857379	
7/20/2019 10:26:22.491851949	83.235952	27.479050	1006.811467	5.741740	25.389939	565.287340	80.772743	28.305790	1005.299098	2.673085	11.878814	
7/20/2019 10:26:23.491851949	83.419939	27.624461	1004.980381	5.686663	25.473372	568.320492	80.700777	28.379460	1005.597156	12.949773	11.831569	
7/20/2019 10:26:24.491851949	83.249094	27.478526	1004.547013	5.673272	25.393898	566.732949	80.616958	28.334534	1005.110958	3.309483	11.885569	
7/20/2019 10:26:25.491851949	83.150530	27.591632	1005.332452	5.707284	25.480964	570.276662	80.555664	28.459458	1005.820620	17.139417	11.831096	
7/20/2019 10:26:26.491851949	83.183385	27.500138	1004.447897	5.553022	25.405246	570.169557	80.476760	28.306827	1005.152277	8.070810	11.892442	
7/20/2019 10:26:27.491851949	83.426509	27.569646	1007.191688	5.653032	25.390265	572.145441	80.764069	28.387450	1005.533130	8.516994	11.851282	
7/20/2019 10:26:28.491851949	83.354229	27.539212	1005.817546	5.543256	25.440962	571.697958	80.824154	28.331836	1005.793813	8.954275	11.860152	
7/20/2019 10:26:29.491851949	83.426509	27.565347	1006.285292	5.591503	25.426839	576.115609	80.794269	28.393779	1005.474306	8.608960	11.869812	
7/20/2019 10:26:30.491851949	83.360800	27.605501	1004.709683	4.826472	25.399572	576.950781	80.580397	28.299462	1004.959407	3.203372	11.861729	
7/20/2019 10:26:31.491851949	83.354229	27.491390	1004.894117	5.827347	25.444391	577.214272	80.650864	28.434556	1005.463424	6.122841	11.863451	
7/20/2019 10:26:32.491851949	83.262236	27.537865	1006.103224	5.505609	25.461657	576.852212	80.357432	28.410797	1005.572556	11.131234	11.862084	
7/20/2019 10:26:33.491851949	83.525074	27.485145	1005.129725	5.840419	25.437615	580.753386	80.556454	28.434461	1005.537546	8.875414	11.859798	
7/20/2019 10:26:34.491851949	83.505361	27.495165	1005.560333	5.547697	25.404960	579.940558	80.555350	28.309008	1005.268346	7.539213	11.894624	
7/20/2019 10:26:35.491851949	83.327945	27.555552	1004.617191	5.570566	25.452596	584.119684	80.636514	28.389630	1005.485502	9.718793	11.870495	
7/20/2019 10:26:36.491851949	83.281949	27.553606	1004.636037	5.637850	25.467045	582.860689	80.466378	28.410066	1005.257779	12.014698	11.872322	
7/20/2019 10:26:37.491851949	83.433080	27.480847	1004.705268	5.832832	25.473576	587.072012	80.516633	28.407367	1005.625700	8.793933	11.860731	
7/20/2019 10:26:38.491851949	83.505361	27.499838	1006.485260	5.731892	25.417165	584.780063	80.235896	28.338683	1005.235701	3.410353	11.881560	
7/20/2019 10:26:39.491851949	83.663063	27.533192	1004.925815	5.857964	25.480067	589.970461	80.303603	28.434556	1005.523034	11.849114	11.861940	
7/20/2019 10:26:40.491851949	83.505361	27.495165	1006.308869	5.719217	25.451453	586.669209	80.490639	28.287629	1005.474149	14.884908	11.867696	
7/20/2019 10:26:41.491851949	83.341087	27.591931	1006.391032	5.619457	25.562235	593.317046	80.448164	28.440990	1005.157164	11.453229	11.857445	
7/20/2019 10:26:42.491851949	83.577641	27.405842	1004.519336	5.772334	25.476638	589.393527	80.305968	28.317517	1005.078313	6.179693	11.857117	
7/20/2019 10:26:43.491851949	83.702489	27.511430	1005.271263	6.047297	25.517171	594.007653	80.327836	28.446695	1005.371641	10.144279	11.870942	
7/20/2019 10:26:44.491851949	83.367371	27.564299	1005.899709	5.512676	25.451453	592.168440	80.084160	28.418057	1005.318968	12.896853	11.888802	
7/20/2019 10:26:45.491851949	83.413368	27.569721	1006.308317	5.945805	25.532764	595.849487	80.299188	28.390974	1005.365175	6.988228	11.871533	
7/20/2019 10:26:46.491851949	83.610496	27.474078	1006.439131	5.678597	25.365570	593.397207	80.377330	28.349266	1005.049455	4.971612	11.890944	
7/20/2019 10:26:47.491851949	83.689347	27.580938	1005.594791	5.956132	25.536478	597.655841	80.424535	28.347805	1005.402707	7.439654	11.882007	
7/20/2019 10:26:48.491851949	83.577641	27.570245	1005.350115	5.473137	25.456841	596.082097	80.263179	28.377798	1005.316918	11.582660	11.889314	
7/20/2019 10:26:49.491851949	83.419939	27.564149	1005.064909	6.127953	25.513783	599.442480	80.301553	28.439011	1005.514203	10.699195	11.871060	
7/20/2019 10:26:50.491851949	83.472506	27.501036	1004.755575	5.639609	25.427941	598.119091	80.086420	28.448356	1005.049455	-0.750730	11.827140	
7/20/2019 10:26:51.491851949	83.564499	27.627562	1006.715268	5.908181	25.488557	602.498629	80.143902	28.356526	1005.235701	6.241787	11.873794	
7/20/2019 10:26:52.491851949	83.630209	27.526872	1004.874956	5.734345	25.399858	604.596733	80.164010	28.377386	1005.130357	4.046751	11.888315	
7/20/2019 10:26:53.491851949	83.755057	27.568748	1006.054100	6.027970	25.479495	605.429275	80.461753	28.377174	1005.065381	5.523907	11.879642	
7/20/2019 10:26:54.491851949	83.656492	27.545457	1006.025556	5.402572	25.467331	605.556747	80.347839	28.384127	1004.992367	11.395067	11.863214	
7/20/2019 10:26:55.491851949	83.597354	27.701893	1004.923450	5.773733	25.539580	608.791626	80.371730	28.358082	1005.491968	10.124891	11.862400	
7/20/2019 10:26:56.491851949	83.479077	27.510607	1004.785618	5.718004	25.389653	606.493110	80.227669	28.373025	1005.115531	3.142588	11.887750	
7/20/2019 10:26:57.491851949	83.649922	27.663717	1006.907272	5.937872	25.456555	610.964639	80.143955	28.369183	1005.264088	8.130283	11.867748	
7/20/2019 10:26:58.491851949	83.636780	27.603972	1005.185157	5.456294	25.451943	610.644638	80.149212	28.436312	1004.918088	12.500968	11.868327	
7/20/2019 10:26:59.491851949	83.886475	27.616345	1005.702186	6.031627	25.464515	612.089584	80.489640	28.377174	1005.386938	6.406061	11.866434	
7/20/2019 10:27:00.491851949	83.827337	27.537266	1003.804391	5.781471	25.444065	612.060018	80.382954	28.448875	1005.338524	10.549067	11.871297	
7/20/2019 10:27:01.491851949	83.853621	27.617542	1005.198878	5.894247	25.439329	615.773915	80.442197	28.378211	1005.080521	17.263605	11.855579	
7/20/2019 10:27:02.491851949	83.715631	27.553905	1004.980144	5.527448	25.452024	616.794385	80.293326	28.434450	1005.500642	10.497457	11.888986	
7/20/2019 10:27:03.491851949	83.801053	27.692023	1006.836385	5.665739	25.489455	617.774112	80.187744	28.406955	1005.688625	15.108655	11.860757	
7/20/2019 10:27:04.491851949	83.781340	27.489744	1005.754307	5.624997	25.386837	616.827898	80.055169	28.432376	1005.051977	10.309864	11.844461	
7/20/2019 10:27:05.491851949	83.833908	27.675459	1006.007656	5.723990	25.495414	620.853259	80.457942	28.478963	1005.756595	14.535661	11.865107	
7/20/2019 10:27:06.491851949	83.695918	27.579666	1003.936072	5.580337	25.484883	622.747667	80.201385	28.437667	1005.283958	13.262865	11.884005	
7/20/2019 10:27:07.491851949	84.050749	27.497261	1003.997656	6.140322	25.457167	622.039314	80.247329	28.492657	1005.590690	12.649786	11.834184	
7/20/2019 10:27:08.491851949	83.735344	27.510981	1005.018623	5.808522	25.408920	621.441361	80.218233	28.370326	1005.266139	5.192738	11.884820	
7/20/2019 10:27:09.491851949	83.814195	27.596679	1005.454750	5.698266	25.395082	626.219755	80.461149	28.458421	1005.366753	10.162356	11.873097	
7/20/2019 10:27:10.491851949	83.643351	27.595931	1005.427468	5.425186	25.434431	626.647524	80.373071	28.348642	1005.100076	11.291576	11.885963	
7/20/2019 10:27:11.491851949	83.610496	27.660242	1005.664179	5.764569	25.446350	629.018981	80.568596	28.473777	1005.187602	11.287645	11.843712	
7/20/2019 10:27:12.491851949	83.728773	27.817651	1006.491489	6.378761	25.624646	633.780282	80.454997	28.471692	1005.462003	15.671435	11.863149	
7/20/2019 10:27:13.491851949	83.676205	27.654296	1005.510814	5.416833	25.421410	632.424044	80.188243	28.371364	1005.579179	9.101783	11.865567	
7/20/2019 10:27:14.491851949	83.840479	27.817426	1006.806894	6.037280	25.616687	634.172571	80.238208	28.460802	1005.594791	14.734779	11.855816	
7/20/2019 10:27:15.491851949	83.617067	27.542613	1004.727583	5.694555	25.419696	634.016186	80.193158	28.407061	1005.156850	7.082545	11.885516	
7/20/2019 10:27:16.491851949	83.682776	27.822474	1006.019799	5.919438	25.579052	639.395817	80.383611	28.475015	1005.722213	13.021041	11.837272	
7/20/2019 10:27:17.491851949	83.630209	27.542912	1006.710933	5.212996	25.486271	637.625608	80.456391	28.397515	1004.898532	9.339675	11.865317	
7/20/2019 10:27:18.491851949	83.991611	27.659269	1006.794120	6.043408	25.439615	639.609375	80.598901	28.365966	1004.787193	8.171680	11.818703	
7/20/2019 10:27:19.491851949	83.722202	27.611971	1005.120421	5.505144	25.455698	640.070657	80.233136	28.438598	1005.126727	9.822284	11.865435	
7/20/2019 10:27:20.491851949	83.965327	27.665139	1004.325676	6.083079	25.438472	641.696965	80.331753	28.459352	1005.668912	13.094659	11.841649	
7/20/2019 10:27:21.491851949	83.748486	27.607073	1005.329061	5.479976	25.470148	642.150363	80.183223	28.464644	1005.271183	14.004064	11.882007	
7/20/2019 10:27:22.491851949	83.965327	27.709785	1005.656137	5.663250	25.468555	643.843695	80.350204	28.465056	1006.117263	19.215507	11.836550	
7/20/2019 10:27:23.491851949	83.636780	27.670561	1005.732938	5.200448	25.524273	642.768030	80.505542	28.393673	1004.740987	12.118189	11.867735	
7/20/2019 10:27:24.491851949	84.004752	27.639079	1006.948748	5.618280	25.412389	646.039706	80.552852	28.487059	1005.782616	7.064468	11.840965	
7/20/2019 10:27:25.491851949	83.985040	27.537640	1004.004989	5.665762	25.418839	644.824738	80.430212	28.431338	1005.207000	5.772284	11.883887	
7/20/2019 10:27:26.491851949	84.123029	27.581612	1004.773789	5.698343	25.425982	647.784948	80.374333	28.462051	1005.561674	6.535492	11.865186	
7/20/2019 10:27:27.491851949	84.031036	27.564000	1004.363841	5.883236	25.433574	647.278987	80.370364	28.417538	1005.539753	10.575007	11.876448	
7/20/2019 10:27:28.491851949	84.063891	27.639678	1004.099532	5.802553	25.501047	647.978793	80.559870	28.591959	1005.752336	17.426569	11.856302	
7/20/2019 10:27:29.491851949	83.985040	27.549307	1004.453416	5.713791	25.387408	649.310065	80.429108	28.401039	1005.073740	7.790211	11.884071	
7/20/2019 10:27:30.491851949	84.077033	27.565646	1004.365891	5.980876	25.456269	651.776144	80.555559	28.552220	1005.723635	14.861589	11.855908	
7/20/2019 10:27:31.491851949	84.011323	27.527096	1006.273858	5.725573	25.417696	650.911406	80.320162	28.399589	1005.154485	6.737230	11.876632	
7/20/2019 10:27:32.491851949	83.978469	27.608046	1005.822276	5.571524	25.494231	657.594722	80.373728	28.484879	1005.511367	14.270518	11.871625	
7/20/2019 10:27:33.491851949	83.886475	27.579666	1005.766687	5.621294	25.442636	655.344170	80.221046	28.482180	1005.482823	13.812539	11.886344	
7/20/2019 10:27:34.491851949	83.899617	27.650671	1005.049612	5.744918	25.564806	659.786133	80.591411	28.516935	1005.382680	15.778857	11.875594	
7/20/2019 10:27:35.491851949	83.879905	27.537715	1004.969105	5.731454	25.405532	656.417204	80.520996	28.441403	1005.200534	7.231363	11.885109	
7/20/2019 10:27:36.491851949	83.833908	27.538838	1006.466966	5.851722	25.511497	660.606843	80.591673	28.475227	1005.266453	8.077363	11.873426	
7/20/2019 10:27:37.491851949	83.801053	27.606998	1004.427395	5.662831	25.489700	659.647483	80.374437	28.464538	1005.382522	15.235464	11.862570	
7/20/2019 10:27:38.491851949	83.985040	27.607298	1005.540857	5.905555	25.555132	661.811296	80.469138	28.537064	1005.487238	16.076222	11.874530	
7/20/2019 10:27:39.491851949	84.031036	27.644875	1005.106543	5.703792	25.456841	661.288904	80.278029	28.384539	1004.863522	8.693063	11.862662	
7/20/2019 10:27:40.491851949	84.142742	27.660541	1004.414700	5.970367	25.527947	667.181075	80.365054	28.455510	1005.294840	11.176562	11.878972	
7/20/2019 10:27:41.491851949	84.175597	27.558653	1005.180426	5.721702	25.394756	664.406163	80.213923	28.418162	1005.012394	6.611731	11.886594	
7/20/2019 10:27:42.491851949	84.004752	27.729301	1005.038416	6.120467	25.578399	669.645838	80.278581	28.469311	1005.798385	13.083135	11.858654	
7/20/2019 10:27:43.491851949	84.024465	27.586135	1006.027212	5.575071	25.418308	668.180516	80.356066	28.405706	1005.306036	12.220369	11.884662	
7/20/2019 10:27:44.491851949	84.063891	27.648350	1005.634531	6.165864	25.499047	672.868886	80.504990	28.488403	1005.264088	13.180073	11.865856	
7/20/2019 10:27:45.491851949	83.906188	27.570544	1005.523035	5.574492	25.386469	671.841848	80.374937	28.375724	1005.301149	9.529889	11.859009	
7/20/2019 10:27:46.491851949	83.781340	27.797087	1005.187759	6.032894	25.492843	675.419725	80.386528	28.444408	1005.428100	8.417435	11.845486	
7/20/2019 10:27:47.491851949	83.919330	27.527994	1006.306818	5.650265	25.360754	674.646326	80.256660	28.398446	1005.108593	7.990639	11.879195	
7/20/2019 10:27:48.491851949	83.978469	27.679832	1005.248791	6.076108	25.472433	679.416835	80.146662	28.443890	1005.515939	14.862899	11.865015	
7/20/2019 10:27:49.491851949	84.057320	27.569870	1005.666309	5.765417	25.498762	678.688116	80.114807	28.485810	1005.894742	16.240496	11.864095	
7/20/2019 10:27:50.491851949	84.307016	27.701519	1005.104887	5.986393	25.482067	681.716667	80.453631	28.463501	1005.601257	16.929815	11.862978	
7/20/2019 10:27:51.491851949	84.155884	27.585761	1004.300839	5.742584	25.381734	680.771105	80.349705	28.415464	1005.331901	6.576888	11.880509	
7/20/2019 10:27:52.491851949	84.215023	27.627562	1005.259672	6.096356	25.457984	686.014064	80.359140	28.462569	1005.728522	11.472617	11.853148	
7/20/2019 10:27:53.491851949	84.103317	27.569646	1006.493302	5.746204	25.414879	685.029738	80.367762	28.427603	1005.292318	8.254472	11.873636	
7/20/2019 10:27:54.491851949	84.070462	27.673780	1006.921150	5.694131	25.439044	688.969675	80.195866	28.505421	1005.424313	13.940659	11.823487	
7/20/2019 10:27:55.491851949	83.939043	27.601577	1005.545982	5.606353	25.440962	688.357923	80.138935	28.451880	1005.388988	12.502278	11.884294	
7/20/2019 10:27:56.491851949	83.991611	27.597577	1004.485272	5.677019	25.424267	691.322733	80.248880	28.480518	1005.670805	8.870172	11.848259	
7/20/2019 10:27:57.491851949	83.801053	27.648425	1005.170254	5.576990	25.458841	691.331279	80.169924	28.489228	1005.646834	15.402360	11.852307	
7/20/2019 10:27:58.491851949	84.109887	27.603224	1006.246418	5.808056	25.483495	694.210665	80.458389	28.537276	1005.811318	12.049542	11.859390	
7/20/2019 10:27:59.491851949	84.123029	27.638331	1004.698802	5.439156	25.480107	693.709303	80.229220	28.468274	1004.931649	15.177302	11.842792	
7/20/2019 10:28:00.491851949	84.287303	27.629957	1005.241930	5.618021	25.506190	697.093998	80.279133	28.566951	1005.958610	15.177302	11.843935	
7/20/2019 10:28:01.491851949	84.228164	27.517002	1006.408617	5.415925	25.474393	694.881559	80.016952	28.454579	1005.894427	6.779937	11.819570	
7/20/2019 10:28:02.491851949	84.241306	27.587258	1004.667893	5.799343	25.485169	697.868713	80.200176	28.516004	1005.840333	10.599637	11.857169	
7/20/2019 10:28:03.491851949	84.169026	27.554504	1005.297600	5.796494	25.411491	695.390804	80.038715	28.419612	1005.220404	5.962498	11.888499	
7/20/2019 10:28:04.491851949	84.149313	27.564973	1004.560969	5.786167	25.483210	698.425270	80.109891	28.458622	1005.660395	4.419316	11.845486	
7/20/2019 10:28:05.491851949	84.116458	27.612121	1005.173251	5.699055	25.439248	698.984459	80.078036	28.479481	1005.434880	11.780467	11.885424	
7/20/2019 10:28:06.491851949	84.155884	27.596455	1006.441419	5.978446	25.547499	702.937541	80.397595	28.532916	1005.754859	10.948883	11.849468	
7/20/2019 10:28:07.491851949	84.366154	27.715506	1005.615133	5.878803	25.440758	701.351968	80.402063	28.556981	1005.745241	4.204743	11.808097	
7/20/2019 10:28:08.491851949	84.175597	27.591108	1006.174900	5.708083	25.410063	704.609843	80.231927	28.424904	1005.246583	5.404961	11.873925	
7/20/2019 10:28:09.491851949	84.366154	27.631454	1006.590605	5.902973	25.443534	705.589570	80.302105	28.606278	1006.036361	19.556889	11.794049	
7/20/2019 10:28:10.491851949	84.247877	27.590284	1004.514211	5.743655	25.438676	707.930145	80.245673	28.474814	1005.338209	7.821123	11.871849	
7/20/2019 10:28:11.491851949	84.399009	27.625733	1005.148571	5.875627	25.446962	707.757983	80.379195	28.628376	1005.789397	13.121910	11.849350	
7/20/2019 10:28:12.491851949	84.241306	27.623488	1005.075239	5.644000	25.414063	711.885196	80.033248	28.411516	1005.146440	8.261025	11.885227	
7/20/2019 10:28:13.491851949	84.353012	27.634930	1003.995606	5.776656	25.523416	713.978047	80.207851	28.644357	1005.588010	16.459001	11.852556	
7/20/2019 10:28:14.491851949	84.215023	27.630032	1006.805553	5.402507	25.459943	714.302647	79.980076	28.411103	1005.391354	8.235084	11.867052	
7/20/2019 10:28:15.491851949	84.339870	27.593653	1004.341211	5.825533	25.484597	715.116790	80.267884	28.580752	1005.537703	7.341406	11.859416	
7/20/2019 10:28:16.491851949	84.090175	27.549980	1007.165984	5.911537	25.300995	716.486174	80.028727	28.457796	1004.840023	8.236395	11.853332	
7/20/2019 10:28:17.491851949	84.234735	27.597877	1004.756047	5.746532	25.521742	716.476975	80.375674	28.513929	1005.282065	7.826365	11.834723	
7/20/2019 10:28:18.491851949	84.175597	27.649847	1005.661814	5.480359	25.459943	717.349596	80.179412	28.497430	1005.616869	12.444116	11.872874	
7/20/2019 10:28:19.491851949	84.228164	27.666412	1005.376451	5.875613	25.540152	718.782721	80.339218	28.495038	1005.431251	9.805517	11.878157	
7/20/2019 10:28:20.491851949	84.274161	27.591707	1004.398536	5.642564	25.386837	719.399072	80.108236	28.411103	1004.924869	3.948503	11.879379	
7/20/2019 10:28:21.491851949	84.247877	27.666711	1006.414293	6.040408	25.521742	721.357873	80.316588	28.495038	1005.283958	5.676657	11.845039	
7/20/2019 10:28:22.491851949	84.221594	27.628460	1005.727813	5.515512	25.431615	721.991970	80.196865	28.478751	1005.262038	10.762600	11.890602	
7/20/2019 10:28:23.491851949	84.188739	27.750613	1005.467997	5.842530	25.580399	723.657704	80.224410	28.527412	1005.435352	12.674416	11.874083	
7/20/2019 10:28:24.491851949	84.090175	27.634481	1004.335691	5.414188	25.448350	725.783404	80.101165	28.447001	1005.213938	9.656699	11.874319	
7/20/2019 10:28:25.491851949	84.215023	27.662819	1006.698158	6.008018	25.476638	725.936505	80.138383	28.477502	1005.776307	5.075102	11.846209	
7/20/2019 10:28:26.491851949	84.142742	27.591781	1005.791762	5.571798	25.405001	728.595112	80.213765	28.419612	1005.174827	7.659470	11.873229	
7/20/2019 10:28:27.491851949	84.267590	27.745416	1005.301621	6.007950	25.486271	729.399393	80.357432	28.523888	1005.266768	9.308763	11.838744	
7/20/2019 10:28:28.491851949	84.142742	27.591183	1005.381261	5.641219	25.459086	731.388422	80.263835	28.502722	1005.294683	9.890660	11.885608	
7/20/2019 10:28:29.491851949	84.307016	27.770428	1006.067742	5.917655	25.462841	732.394431	80.200886	28.503028	1005.400185	12.546296	11.866907	
7/20/2019 10:28:30.491851949	84.234735	27.581537	1005.081862	5.844176	25.425655	732.493653	80.110391	28.493694	1005.309980	5.653338	11.887093	
7/20/2019 10:28:31.491851949	84.320158	27.723804	1006.818485	5.752919	25.508436	733.850553	80.114807	28.567258	1005.758960	12.379401	11.857958	
7/20/2019 10:28:32.491851949	84.221594	27.671085	1004.608674	5.523194	25.436431	736.686575	80.194552	28.440673	1005.045196	9.858438	11.875620	
7/20/2019 10:28:33.491851949	84.451576	27.814400	1004.339870	5.822655	25.420349	737.097914	80.365397	28.526068	1005.843963	8.998292	11.829834	
7/20/2019 10:28:34.491851949	84.228164	27.628460	1004.764326	5.776669	25.451412	737.469836	80.314485	28.540175	1005.205107	9.743152	11.862334	
7/20/2019 10:28:35.491851949	84.320158	27.624162	1005.226713	5.922114	25.445493	738.262286	80.297689	28.628683	1005.948679	13.059816	11.830360	
7/20/2019 10:28:36.491851949	84.142742	27.638929	1005.699978	5.497657	25.431329	740.991202	80.084712	28.478751	1005.257779	10.022712	11.884662	
7/20/2019 10:28:37.491851949	84.155884	27.709485	1005.586117	5.611099	25.511823	742.085265	80.132259	28.594859	1005.724264	11.154553	11.863425	
7/20/2019 10:28:38.491851949	84.057320	27.601801	1004.760385	5.605742	25.442636	742.568229	80.276820	28.512480	1005.479036	9.712240	11.879905	
7/20/2019 10:28:39.491851949	84.077033	27.624910	1006.140836	5.735457	25.418308	743.610381	80.360087	28.589155	1004.958143	3.987278	11.854068	
7/20/2019 10:28:40.491851949	84.182168	27.565197	1005.577048	5.452711	25.390510	745.511355	80.246830	28.456135	1005.305564	4.517565	11.855145	
7/20/2019 10:28:41.491851949	84.208452	27.634331	1004.188081	5.894038	25.518885	748.049058	80.270853	28.592266	1005.262195	10.900934	11.848036	
7/20/2019 10:28:42.491851949	84.175597	27.633732	1005.669778	5.631220	25.437003	747.947205	80.260866	28.481450	1005.198955	7.765581	11.890891	
7/20/2019 10:28:43.491851949	84.293874	27.603224	1005.559938	5.907511	25.498190	748.740318	80.543864	28.515273	1005.285851	3.002944	11.866382	
7/20/2019 10:28:44.491851949	84.228164	27.586210	1006.208491	5.673518	25.381449	749.519632	80.403429	28.475121	1005.051505	-0.261839	11.857537	
7/20/2019 10:28:45.491851949	84.175597	27.671235	1003.980780	5.960335	25.572684	752.092815	80.323526	28.622872	1005.705023	11.873744	11.849889	
7/20/2019 10:28:46.491851949	84.149313	27.671459	1005.344043	5.455994	25.443248	753.226959	80.040371	28.498880	1004.966345	9.736870	11.851045	
7/20/2019 10:28:47.491851949	84.247877	27.702192	1005.292632	5.959041	25.537866	753.899167	80.171842	28.560823	1005.533444	11.883957	11.868169	
7/20/2019 10:28:48.491851949	84.333300	27.564898	1004.505380	5.651031	25.399001	755.422968	80.149265	28.486434	1005.049455	3.000323	11.880785	
7/20/2019 10:28:49.491851949	84.405580	27.777272	1005.720006	5.834542	25.525130	757.351540	80.355566	28.509982	1005.468154	9.466485	11.860034	
7/20/2019 10:28:50.491851949	84.392438	27.601727	1004.921557	5.726320	25.408920	758.421289	80.439885	28.517559	1005.314553	5.465744	11.884268	
7/20/2019 10:28:51.491851949	84.523857	27.728627	1005.082572	5.899709	25.450065	758.828029	80.391443	28.501991	1005.356186	4.437393	11.850624	
7/20/2019 10:28:52.491851949	84.326729	27.649174	1005.340180	5.540278	25.442064	762.050423	80.215578	28.577841	1005.520041	10.536232	11.863648	
7/20/2019 10:28:53.491851949	84.536999	27.713260	1005.430227	5.968962	25.436472	761.690332	80.227117	28.532916	1005.170097	7.618074	11.865081	
7/20/2019 10:28:54.491851949	84.359583	27.681629	1004.796657	5.518708	25.456269	763.563056	80.106632	28.525962	1005.137294	11.661521	11.887685	
7/20/2019 10:28:55.491851949	84.556712	27.687799	1004.526196	5.911719	25.382101	762.445332	80.246673	28.549203	1005.513732	7.438344	11.856893	
7/20/2019 10:28:56.491851949	84.491002	27.597428	1004.923765	5.833448	25.398184	764.902211	80.411288	28.474602	1005.012551	3.951124	11.886817	
7/20/2019 10:28:57.491851949	84.569853	27.635454	1004.718909	5.868477	25.409572	765.573104	80.518684	28.566739	1005.581701	4.178803	11.860967	
7/20/2019 10:28:58.491851949	84.451576	27.596904	1005.480692	5.662046	25.390225	766.700679	80.292274	28.490583	1004.979434	3.698815	11.874319	
7/20/2019 10:28:59.491851949	84.353012	27.503282	1005.533839	6.412491	25.406144	766.991115	80.457837	28.616650	1005.625385	15.272929	11.823381	
7/20/2019 10:29:00.491851949	84.221594	27.654745	1005.222612	5.841532	25.425370	769.183840	80.372782	28.522851	1005.383944	3.921252	11.853082	
7/20/2019 10:29:01.491851949	84.326729	27.519023	1006.162837	6.433683	25.423696	768.650933	80.541314	28.712110	1005.249577	11.599426	11.838008	
7/20/2019 10:29:02.491851949	84.208452	27.639528	1005.207709	5.678939	25.418798	772.422001	80.388079	28.513623	1005.475885	7.043770	11.874924	
7/20/2019 10:29:03.491851949	84.188739	27.613243	1004.705820	5.821954	25.419410	772.435800	80.416466	28.497430	1005.349563	4.850044	11.882218	
7/20/2019 10:29:04.491851949	84.280732	27.860649	1007.297193	5.896846	25.479577	776.910610	80.243123	28.511431	1005.903573	6.329822	11.836891	
7/20/2019 10:29:05.491851949	84.136171	27.693071	1004.016974	5.409784	25.454024	776.821250	80.196970	28.497218	1005.246897	9.224660	11.881744	
7/20/2019 10:29:06.491851949	84.267590	27.750688	1007.121748	5.758030	25.452351	778.913437	80.256712	28.552939	1005.728208	11.780467	11.854002	
7/20/2019 10:29:07.491851949	84.096746	27.650147	1004.514053	5.487677	25.453167	778.792533	80.286098	28.477608	1005.369433	9.244048	11.876015	
7/20/2019 10:29:08.491851949	84.254448	27.662936	1004.055453	5.824648	25.444432	780.784183	80.557505	28.603886	1005.653929	3.911038	11.845144	
7/20/2019 10:29:09.491851949	84.201881	27.660466	1005.984080	5.525570	25.404144	781.078565	80.363346	28.496700	1005.277335	9.387624	11.891535	
7/20/2019 10:29:10.491851949	84.359583	27.709710	1005.649119	5.590349	25.473291	783.159585	80.405636	28.630969	1005.621127	9.198720	11.866671	
7/20/2019 10:29:11.491851949	84.504144	27.633133	1005.125704	5.730611	25.415736	780.829526	80.267042	28.486328	1005.390882	4.045440	11.881508	
7/20/2019 10:29:12.491851949	84.550141	27.599224	1005.100077	5.806069	25.460555	785.641429	80.404323	28.608141	1005.470048	6.642914	11.862479	
7/20/2019 10:29:13.491851949	84.392438	27.661364	1005.499933	5.538997	25.404144	784.278614	80.162354	28.508945	1005.450335	7.213286	11.867735	
7/20/2019 10:29:14.491851949	84.326729	27.725750	1004.746192	5.964886	25.462229	786.593558	80.608864	28.586868	1005.183186	3.000323	11.837706	
7/20/2019 10:29:15.491851949	84.247877	27.592605	1004.022651	5.688792	25.399327	784.952791	80.363950	28.488921	1005.117582	3.109055	11.876645	
7/20/2019 10:29:16.491851949	84.162455	27.687874	1005.825825	5.842567	25.563663	790.270003	80.267042	28.579185	1005.350192	6.622216	11.875660	
7/20/2019 10:29:17.491851949	84.175597	27.629059	1005.566247	5.588936	25.411246	787.970173	80.107079	28.516098	1004.962401	3.966580	11.873281	
7/20/2019 10:29:18.491851949	84.175597	27.745640	1007.244755	6.253551	25.401572	791.831915	80.085868	28.619136	1005.043303	5.010387	11.839191	
7/20/2019 10:29:19.491851949	84.458147	27.665439	1004.889149	5.645281	25.444922	790.254889	80.298583	28.559373	1005.463110	8.207834	11.882967	
7/20/2019 10:29:20.491851949	84.366154	27.686975	1006.899782	5.986858	25.553173	793.744057	80.506199	28.553351	1005.233965	5.954635	11.826719	
7/20/2019 10:29:21.491851949	84.175597	27.686077	1005.165681	5.472749	25.457657	794.221769	80.237999	28.570063	1005.264088	10.649936	11.884044	
7/20/2019 10:29:22.491851949	84.182168	27.792938	1004.982351	5.842603	25.477250	796.624757	80.289567	28.514236	1005.319125	4.275740	11.853069	
7/20/2019 10:29:23.491851949	84.261019	27.581836	1004.556634	5.669628	25.398715	795.097673	80.112152	28.590710	1004.662136	1.048422	11.864437	
7/20/2019 10:29:24.491851949	84.550141	27.808005	1005.518147	5.707271	25.531131	800.117872	79.939704	28.619136	1005.555680	14.207113	11.859443	
7/20/2019 10:29:25.491851949	84.438435	27.613917	1005.373139	5.609864	25.394225	798.391029	80.178650	28.475639	1005.106543	5.406271	11.890865	
7/20/2019 10:29:26.491851949	84.477860	27.787666	1006.761712	5.660947	25.497986	801.464258	80.270249	28.604299	1005.360602	15.889940	11.852780	
7/20/2019 10:29:27.491851949	84.353012	27.599673	1006.328581	5.635579	25.413736	799.604680	80.133363	28.533847	1005.344518	2.674396	11.845342	
7/20/2019 10:29:28.491851949	84.366154	27.738091	1006.064350	5.611806	25.476066	803.479568	80.053066	28.656389	1006.256039	13.940659	11.825655	
7/20/2019 10:29:29.491851949	84.247877	27.624012	1005.860126	5.552926	25.430227	802.273801	80.081847	28.501367	1005.165367	4.397308	11.883795	
7/20/2019 10:29:30.491851949	84.320158	27.687649	1004.692021	5.787904	25.450024	804.914009	80.314642	28.682953	1005.741297	11.692432	11.854423	
7/20/2019 10:29:31.491851949	84.477860	27.618515	1005.126807	5.698658	25.381449	803.172703	80.147609	28.492657	1005.266139	2.635621	11.884399	
7/20/2019 10:29:32.491851949	84.596137	27.630931	1004.869594	5.815187	25.448065	808.239561	80.186877	28.592266	1005.581544	5.818922	11.863898	
7/20/2019 10:29:33.491851949	84.477860	27.619339	1005.231838	5.678524	25.386020	806.754525	80.203830	28.543393	1005.036680	3.625197	11.887211	
7/20/2019 10:29:34.491851949	84.313587	27.730124	1006.303744	5.692731	25.538723	812.073053	80.231980	28.589980	1005.612453	10.951504	11.870061	
7/20/2019 10:29:35.491851949	84.169026	27.723430	1006.614734	5.532596	25.463331	809.987434	79.920543	28.553563	1005.423684	10.527058	11.885319	
7/20/2019 10:29:36.491851949	84.326729	27.751586	1005.878103	5.863563	25.540437	815.027346	79.972953	28.563416	1005.481244	6.234194	11.861769	
7/20/2019 10:29:37.491851949	84.484431	27.630257	1007.021528	5.549384	25.271238	813.566624	80.094437	28.471385	1004.714651	6.757928	11.862492	
7/20/2019 10:29:38.491851949	84.445006	27.661888	1005.183029	6.124100	25.485985	817.180643	79.994926	28.560823	1005.216460	5.525218	11.829939	
7/20/2019 10:29:39.491851949	84.254448	27.629134	1006.254855	5.694829	25.371570	815.710722	79.901225	28.522851	1004.977227	4.358533	11.848798	
7/20/2019 10:29:40.491851949	84.458147	27.697594	1006.266841	5.749094	25.563378	824.318005	80.047546	28.481650	1004.868252	12.692493	11.859758	
7/20/2019 10:29:41.491851949	84.438435	27.686676	1005.406808	5.469398	25.484597	821.500383	79.904589	28.565184	1005.531708	11.330351	11.880325	
7/20/2019 10:29:42.491851949	84.399009	27.787741	1006.081303	5.822834	25.477291	824.146495	79.831809	28.552314	1005.247212	8.236395	11.864621	
7/20/2019 10:29:43.491851949	84.254448	27.628236	1005.179717	5.732681	25.408062	822.807341	79.808128	28.567882	1005.300834	3.737590	11.882283	
7/20/2019 10:29:44.491851949	84.445006	27.776823	1005.400422	5.736045	25.520069	827.607413	79.820218	28.601082	1005.704237	13.734989	11.863530	
7/20/2019 10:29:45.491851949	84.491002	27.718532	1005.979112	5.483076	25.470433	827.244701	80.066892	28.530629	1005.312659	10.368026	11.882980	
7/20/2019 10:29:46.491851949	84.563283	27.729525	1004.428579	5.923363	25.469331	828.805297	80.151920	28.618724	1005.839547	8.559701	11.845355	
7/20/2019 10:29:47.491851949	84.300445	27.612570	1006.496771	5.390110	25.392225	827.720434	80.004809	28.526481	1005.008136	2.631689	11.853555	
7/20/2019 10:29:48.491851949	84.274161	27.707764	1005.363676	5.605190	25.399041	831.550642	80.027281	28.563522	1005.521777	7.720254	11.840045	
7/20/2019 10:29:49.491851949	84.451576	27.691873	1005.545035	5.491333	25.485985	831.746454	79.888740	28.600775	1005.380157	10.114407	11.879852	
7/20/2019 10:29:50.491851949	84.471289	27.730872	1004.889307	5.476196	25.522314	834.792086	79.975161	28.644039	1005.695563	14.661161	11.863254	
7/20/2019 10:29:51.491851949	84.366154	27.723954	1003.547730	4.937375	25.548928	835.470209	79.999789	28.506140	1004.780413	13.490544	11.866868	
7/20/2019 10:29:52.491851949	84.228164	27.661814	1005.165681	5.652020	25.518599	835.585198	80.099457	28.653066	1005.809110	12.993790	11.868182	
7/20/2019 10:29:53.491851949	84.412151	27.694418	1005.134220	5.423526	25.456841	834.957670	79.947221	28.601188	1005.483294	9.813110	11.859338	
7/20/2019 10:29:54.491851949	84.366154	27.747287	1005.267952	5.900959	25.520028	836.572808	80.042526	28.582614	1005.050241	4.196880	11.842582	
7/20/2019 10:29:55.491851949	84.326729	27.670561	1003.821816	5.713253	25.448310	836.518929	79.939047	28.592266	1005.482823	9.603508	11.878814	
7/20/2019 10:29:56.491851949	84.228164	27.641250	1004.394278	6.179757	25.538723	841.930100	80.016190	28.610628	1005.474620	6.930066	11.868051	
7/20/2019 10:29:57.491851949	84.418722	27.707539	1005.331900	5.498496	25.488271	840.922776	79.836067	28.574730	1005.174512	10.920321	11.879458	
7/20/2019 10:29:58.491851949	84.425293	27.692921	1006.324481	5.579170	25.441248	842.590478	80.000893	28.508839	1005.148333	5.257453	11.866566	
7/20/2019 10:29:59.491851949	84.195310	27.702192	1005.529581	5.524243	25.456800	842.710729	80.160593	28.597558	1005.180821	10.670634	11.888539	
7/20/2019 10:30:00.491851949	84.254448	27.814550	1006.650690	5.539152	25.306954	845.013843	80.116909	28.566633	1004.824568	5.429591	11.845999	
7/20/2019 10:30:01.491851949	84.477860	27.686302	1005.277887	5.668347	25.449126	844.205616	80.027229	28.614363	1005.195647	9.810489	11.861848	
7/20/2019 10:30:02.491851949	84.385867	27.655943	1005.360050	5.604270	25.395653	846.161784	80.008016	28.548578	1004.907678	4.895372	11.891246	
7/20/2019 10:30:03.491851949	84.333300	27.660391	1003.611836	5.670053	25.449167	846.173615	79.914471	28.581164	1005.404286	8.925713	11.875528	
7/20/2019 10:30:04.491851949	84.149313	27.750164	1005.919027	5.513341	25.485169	850.985517	79.935683	28.551902	1005.367068	9.240116	11.861112	
7/20/2019 10:30:05.491851949	84.169026	27.691649	1005.497725	5.575281	25.488557	850.032073	80.067444	28.579185	1005.533444	8.101722	11.868826	
7/20/2019 10:30:06.491851949	84.491002	27.718308	1005.111510	5.544897	25.472393	851.754316	80.068101	28.605442	1005.504586	9.726386	11.884294	
7/20/2019 10:30:07.491851949	84.405580	27.750763	1004.615772	5.492213	25.450881	852.030953	80.028333	28.564559	1005.082571	8.704587	11.877237	
7/20/2019 10:30:08.491851949	84.320158	27.688023	1005.930146	5.582717	25.400184	854.370863	80.028280	28.551796	1004.984164	4.218888	11.872808	
7/20/2019 10:30:09.491851949	84.241306	27.720029	1005.434800	5.560034	25.392510	854.187533	79.918782	28.519634	1004.903105	3.908417	11.866040	
7/20/2019 10:30:10.491851949	84.300445	27.724852	1005.444106	5.552019	25.459372	857.700361	79.757373	28.627127	1004.730263	12.238446	11.864883	
7/20/2019 10:30:11.491851949	84.484431	27.702567	1005.099919	5.608615	25.438105	857.550544	79.889686	28.582720	1005.476199	9.480630	11.884688	
7/20/2019 10:30:12.491851949	84.326729	27.739545	1006.126328	5.553765	25.477209	861.161278	80.045076	28.589567	1005.320862	9.766471	11.884478	
7/20/2019 10:30:13.491851949	84.228164	27.661140	1006.984153	5.632369	25.422839	860.675683	80.127686	28.517866	1005.240274	6.637672	11.885148	
7/20/2019 10:30:14.491851949	84.274161	27.718607	1006.255487	5.618901	25.479209	861.732949	80.109235	28.631381	1005.093453	10.815521	11.862111	
7/20/2019 10:30:15.491851949	84.491002	27.718457	1005.904439	5.581390	25.429615	861.671839	79.888188	28.608659	1005.003563	10.814210	11.860901	
7/20/2019 10:30:16.491851949	84.635563	27.692023	1004.164662	5.957035	25.374060	864.318614	79.839931	28.596520	1005.298626	6.979054	11.847812	
7/20/2019 10:30:17.491851949	84.563283	27.677255	1004.199752	5.660647	25.494231	864.398122	79.874888	28.628164	1005.642733	13.017109	11.860231	
7/20/2019 10:30:18.491851949	84.320158	27.707389	1004.453022	5.466024	25.504721	866.693352	79.987594	28.660432	1004.859421	13.838480	11.840794	
7/20/2019 10:30:19.491851949	84.300445	27.676806	1005.137294	5.652526	25.439819	865.828615	80.121877	28.572031	1005.329850	6.693213	11.879629	
7/20/2019 10:30:20.491851949	84.477860	27.645549	1005.136585	5.765709	25.418594	868.104131	80.086815	28.578772	1005.286009	4.834588	11.884570	
7/20/2019 10:30:21.491851949	84.635563	27.677105	1005.706602	5.765650	25.441248	868.550298	79.978473	28.614469	1005.557258	8.830086	11.880312	
7/20/2019 10:30:22.491851949	84.418722	27.728851	1004.264015	5.538842	25.496762	871.233217	79.852626	28.590710	1005.373220	10.895692	11.884465	
7/20/2019 10:30:23.491851949	84.307016	27.729301	1006.999607	5.614647	25.421410	870.997977	79.792935	28.547023	1005.141710	5.830447	11.880154	
7/20/2019 10:30:24.491851949	84.201881	27.687874	1006.559696	5.533672	25.365325	874.294615	79.869921	28.526894	1004.896796	3.911038	11.863977	
7/20/2019 10:30:25.491851949	84.359583	27.714832	1006.683964	5.585284	25.414634	874.652075	79.965069	28.545467	1005.128463	5.201912	11.865856	
7/20/2019 10:30:26.491851949	84.431864	27.645100	1006.185152	5.446770	25.393368	878.762202	80.107132	28.524301	1004.491658	7.350309	11.858115	
7/20/2019 10:30:27.491851949	84.550141	27.656167	1006.666854	5.493253	25.342059	877.378358	79.869027	28.485598	1005.719377	5.341556	11.828415	
7/20/2019 10:30:28.491851949	84.661847	27.676956	1004.866519	5.745415	25.422227	879.787924	79.815907	28.567882	1005.192175	5.972712	11.858405	
7/20/2019 10:30:29.491851949	84.556712	27.723804	1004.905708	5.661891	25.442922	880.403622	79.728829	28.587493	1005.375427	11.246248	11.884281	
7/20/2019 10:30:30.491851949	84.615850	27.671160	1004.751317	5.703350	25.444065	882.106151	79.959654	28.597558	1005.351613	7.658159	11.879458	
7/20/2019 10:30:31.491851949	84.615850	27.767027	1005.066960	5.429034	25.432472	882.674538	80.033643	28.563003	1005.231443	9.982626	11.869444	
7/20/2019 10:30:32.491851949	84.602708	27.692771	1004.598030	5.736761	25.423655	885.240489	79.954949	28.505939	1005.296890	5.177282	11.883045	
7/20/2019 10:30:33.491851949	84.615850	27.634780	1005.461926	6.040960	25.446636	883.624036	79.702650	28.662200	1006.307768	14.741332	11.823053	
7/20/2019 10:30:34.491851949	84.504144	27.703689	1006.579723	5.556642	25.427084	887.720364	79.712376	28.479788	1005.152749	8.649046	11.883926	
7/20/2019 10:30:35.491851949	84.523857	27.635080	1005.632875	5.582813	25.390265	886.860227	79.793330	28.490265	1005.052134	6.043980	11.882047	
7/20/2019 10:30:36.491851949	84.445006	27.699241	1006.943623	5.501948	25.410063	888.680376	79.921332	28.545679	1004.618452	8.072121	11.876356	
7/20/2019 10:30:37.491851949	84.267590	27.793088	1004.972416	5.676162	25.494802	888.851223	79.983283	28.504172	1005.524613	10.349949	11.862899	
7/20/2019 10:30:38.491851949	84.405580	27.703315	1005.432278	5.700783	25.438962	889.587825	79.974661	28.514448	1005.506951	8.971041	11.880312	
7/20/2019 10:30:39.491851949	84.149313	27.583109	1006.114343	6.210565	25.448350	888.171784	79.856831	28.490996	1005.120104	6.680378	11.852964	
7/20/2019 10:30:40.491851949	84.339870	27.682377	1005.526426	5.570858	25.414348	892.450126	79.732588	28.472316	1005.224977	6.968841	11.890615	
7/20/2019 10:30:41.491851949	84.320158	27.618815	1003.835458	5.672948	25.405532	891.764119	79.912054	28.502203	1005.305722	2.838670	11.876185	
7/20/2019 10:30:42.491851949	84.359583	27.654895	1005.659606	5.678428	25.428798	893.108536	80.068548	28.507907	1005.570662	6.528939	11.855421	
7/20/2019 10:30:43.491851949	84.477860	27.697594	1004.975176	5.619056	25.467862	894.075779	80.036297	28.512892	1005.445605	11.247559	11.883624	
7/20/2019 10:30:44.491851949	84.688130	27.777272	1004.433309	5.554914	25.449738	896.943995	79.917179	28.510088	1005.356343	10.348639	11.869076	
7/20/2019 10:30:45.491851949	84.602708	27.702941	1004.175072	6.142511	25.433860	894.132942	79.850365	28.672995	1005.263931	6.651817	11.851794	
7/20/2019 10:30:46.491851949	84.504144	27.761157	1005.380157	5.546178	25.448310	898.985586	79.738160	28.559998	1005.384258	11.266947	11.887698	
7/20/2019 10:30:47.491851949	84.464718	27.697744	1004.497810	5.788830	25.439819	898.613012	79.704701	28.513411	1005.513574	10.018780	11.879182	
7/20/2019 10:30:48.491851949	84.405580	27.698193	1003.660802	5.599209	25.425370	901.476628	79.632473	28.492139	1005.778515	10.058866	11.867840	
7/20/2019 10:30:49.491851949	84.234735	27.777646	1004.101582	5.510337	25.469862	902.411674	79.934974	28.517453	1005.573027	11.479170	11.875568	
7/20/2019 10:30:50.491851949	84.293874	27.772224	1004.402242	5.488000	25.495659	904.048494	79.835515	28.548684	1005.279857	13.881186	11.871888	
7/20/2019 10:30:51.491851949	84.536999	27.719505	1004.142427	5.709387	25.355978	904.589284	79.743574	28.508532	1004.861315	7.766892	11.847444	
7/20/2019 10:30:52.491851949	84.530428	27.734947	1005.426444	5.480947	25.461617	907.711138	79.715240	28.537170	1005.228606	13.431071	11.881508	
7/20/2019 10:30:53.491851949	84.576424	27.656841	1004.793188	5.720594	25.412920	906.506024	79.885560	28.492445	1005.360602	5.399719	11.875437	
7/20/2019 10:30:54.491851949	84.766982	27.882860	1005.547638	6.118268	25.513619	909.685041	79.911502	28.553764	1005.781195	12.548917	11.838008	
7/20/2019 10:30:55.491851949	84.379296	27.698492	1004.871250	5.691742	25.439819	908.825567	79.796642	28.526068	1005.397505	9.324219	11.881390	
7/20/2019 10:30:56.491851949	84.510715	27.778095	1005.435352	5.905965	25.459453	910.639801	79.849813	28.611771	1005.764004	14.782728	11.839336	
7/20/2019 10:30:57.491851949	84.405580	27.698043	1004.676172	5.700861	25.457657	910.599721	79.683280	28.508013	1005.415167	6.018040	11.874490	
7/20/2019 10:30:58.491851949	84.727556	27.753831	1005.981478	5.810988	25.477862	913.486335	79.693162	28.722693	1005.977694	15.543315	11.852596	
7/20/2019 10:30:59.491851949	84.622421	27.730348	1006.847187	5.645592	25.385163	911.993417	79.583612	28.495038	1005.504901	6.558811	11.866894	
7/20/2019 10:31:00.491851949	84.536999	27.747512	1005.438586	5.664125	25.491455	916.920969	79.701337	28.615507	1005.532023	8.839260	11.850283	
7/20/2019 10:31:01.491851949	84.392438	27.735171	1005.762271	5.544035	25.441534	915.393223	79.507020	28.532810	1005.207472	10.247769	11.888079	
7/20/2019 10:31:02.491851949	84.326729	27.767851	1005.064752	5.717292	25.559418	917.906611	79.840773	28.598383	1005.514361	10.419907	11.862465	
7/20/2019 10:31:03.491851949	84.274161	27.782693	1006.827002	5.525624	25.471291	916.229047	79.814489	28.564665	1005.371641	11.580039	11.879983	
7/20/2019 10:31:04.491851949	84.523857	27.741491	1004.292797	6.102297	25.529947	921.023865	79.802713	28.688446	1005.245476	14.415405	11.828559	
7/20/2019 10:31:05.491851949	84.615850	27.745266	1004.976989	5.499093	25.462760	918.680009	79.611604	28.597452	1005.486767	11.468685	11.883111	
7/20/2019 10:31:06.491851949	84.707843	27.767177	1005.788055	6.097779	25.482638	921.825514	79.689903	28.545774	1005.288845	6.068610	11.873084	
7/20/2019 10:31:07.491851949	84.589566	27.724103	1005.005219	5.597467	25.491088	921.391177	79.510332	28.546197	1005.515468	10.590463	11.882612	
7/20/2019 10:31:08.491851949	84.681559	27.814774	1006.336703	5.994331	25.486924	925.375790	79.609396	28.544737	1005.293104	6.869282	11.862478	
7/20/2019 10:31:09.491851949	84.615850	27.767327	1004.636509	5.641319	25.429370	925.492757	79.547997	28.504066	1004.968867	8.856027	11.864345	
7/20/2019 10:31:10.491851949	84.714414	27.878262	1006.010416	5.757579	25.482107	928.619211	79.788809	28.559680	1005.491968	14.518895	11.865790	
7/20/2019 10:31:11.491851949	84.576424	27.693295	1004.689733	5.620150	25.400715	927.312906	79.887321	28.537583	1005.397662	5.487753	11.864345	
7/20/2019 10:31:12.491851949	84.622421	27.746763	1005.413274	5.879976	25.492843	930.870413	79.866662	28.630969	1005.848064	11.698985	11.849941	
7/20/2019 10:31:13.491851949	84.510715	27.661589	1006.694374	5.954217	25.305811	928.320230	79.738107	28.738462	1006.089191	9.921842	11.818256	
7/20/2019 10:31:14.491851949	84.477860	27.720703	1004.671599	5.903092	25.420308	932.161603	79.837119	28.614882	1005.866355	11.546506	11.836642	
7/20/2019 10:31:15.491851949	84.313587	27.719206	1005.150779	5.583460	25.422267	932.135321	79.642303	28.544948	1005.312502	8.504159	11.885621	
7/20/2019 10:31:16.491851949	84.431864	27.778769	1005.450335	5.497999	25.532519	934.951626	79.654236	28.654103	1005.754701	13.124531	11.871100	
