
Time stamp	Inside_humidity (in %rH)	Inside_temperature (in °C)	Inside_pressure (in mbar)	Soil_moisture (in %VWC)	Soil_temperature (in °C)	Inside_CO2_ratio (in ppm)	Outside_humidity (in %rH)	Outside_temperature (in °C)	Outside_pressure (in mbar)	Outside_PAR (in µmol m^-2 s^-1)	Power_box_charge (in V)	
11/28/2019 14:49:17.678629749	80.482727	26.544188	992.273325	14.289361	25.142782	506.069272	75.621385	27.621621	992.398697	1.466315	12.115473	
11/28/2019 14:49:18.678629749	80.193605	26.604200	993.273160	14.208620	25.313077	507.256643	75.890584	27.676717	992.665531	5.847213	12.110124	
11/28/2019 14:49:19.678629749	79.970193	26.617546	992.164588	13.888076	25.182703	505.216364	75.542586	27.652545	992.378040	7.836579	12.123239	
11/28/2019 14:49:20.678629749	80.062187	26.688776	991.256613	14.601950	25.177110	505.678299	75.742816	27.704424	992.741074	7.078613	12.055125	
11/28/2019 14:49:21.678629749	79.989906	26.613322	993.881499	13.970352	25.144210	502.304116	75.772464	27.559984	992.310857	1.097681	12.114526	
11/28/2019 14:49:22.678629749	79.963622	26.629287	993.465321	14.687571	25.252747	503.410663	75.673400	27.650672	992.448847	5.093179	12.107706	
11/28/2019 14:49:23.678629749	79.687643	26.639831	993.177593	13.445220	25.162620	504.088135	75.670483	27.500115	991.848945	8.298489	12.105077	
11/28/2019 14:49:24.678629749	79.924197	26.688102	993.880789	13.967144	25.253849	502.089905	75.889637	27.681490	992.619482	5.049162	12.098152	
11/28/2019 14:49:25.678629749	80.095041	26.581241	992.584314	14.248777	25.146170	499.690849	75.615313	27.605640	992.164036	1.753467	12.119599	
11/28/2019 14:49:26.678629749	80.357879	26.666191	992.136044	14.576036	25.225562	500.711973	75.702286	27.691036	992.940725	10.668013	12.082552	
11/28/2019 14:49:27.678629749	79.970193	26.607975	992.287123	14.196232	25.166865	499.249281	75.705703	27.633972	992.396017	4.681839	12.125237	
11/28/2019 14:49:28.678629749	80.095041	26.635457	993.725137	14.513211	25.307404	501.194285	75.626852	27.689893	992.774662	6.285804	12.091830	
11/28/2019 14:49:29.678629749	80.193605	26.623791	992.527778	14.222813	25.175967	498.644097	75.751095	27.643930	992.296824	5.238066	12.118797	
11/28/2019 14:49:30.678629749	80.298741	26.756263	991.633050	14.024135	25.180212	499.539717	75.683782	27.647454	992.442224	5.037638	12.101292	
11/28/2019 14:49:31.678629749	80.436730	26.681857	992.261891	13.785634	25.197193	499.997715	75.465837	27.625664	992.573276	5.527839	12.104630	
11/28/2019 14:49:32.678629749	80.305311	26.760636	993.684922	14.424772	25.277647	501.428210	75.701445	27.680866	992.454841	7.162716	12.097442	
11/28/2019 14:49:33.678629749	80.305311	26.602329	992.337983	14.007471	25.118984	499.371501	75.592893	27.592877	992.153154	0.439274	12.129114	
11/28/2019 14:49:34.678629749	80.489298	26.567222	993.701086	14.052149	25.247890	501.745590	75.810576	27.749974	992.359271	8.555769	12.079464	
11/28/2019 14:49:35.678629749	80.495869	26.702346	993.491500	13.865426	25.202540	501.007671	75.585822	27.637496	992.457206	5.192738	12.129876	
11/28/2019 14:49:36.678629749	80.640430	26.677932	992.560738	14.278362	25.122699	500.682407	75.412823	27.737211	992.732714	7.897362	12.062103	
11/28/2019 14:49:37.678629749	80.331595	26.618294	992.480940	14.040258	25.116413	500.827625	75.719791	27.590803	992.190372	0.414644	12.127300	
11/28/2019 14:49:38.678629749	80.614146	26.671837	992.248959	14.806991	25.262340	501.723245	75.526132	27.697883	992.509879	8.103033	12.112410	
11/28/2019 14:49:39.678629749	80.653571	26.729304	991.865898	14.043006	25.196867	501.307306	75.661652	27.625357	992.384664	3.918631	12.121965	
11/28/2019 14:49:40.678629749	80.752136	26.730277	993.220645	14.104247	25.170824	501.813268	75.592184	27.647560	992.620111	3.088357	12.097968	
11/28/2019 14:49:41.678629749	80.633859	26.634559	991.502473	14.243048	25.169151	499.079750	75.653083	27.662917	992.295402	3.989899	12.110846	
11/28/2019 14:49:42.678629749	80.673284	26.708815	992.832065	14.311722	25.172865	499.452978	75.528839	27.644862	992.201097	1.294177	12.077808	
11/28/2019 14:49:43.678629749	80.574720	26.686530	992.477471	13.879298	25.192621	499.881410	75.618468	27.618404	992.157570	4.905586	12.119809	
11/28/2019 14:49:44.678629749	80.778419	26.650824	992.084395	14.267962	25.247604	501.281024	75.730383	27.710022	992.654806	9.713551	12.076638	
11/28/2019 14:49:45.678629749	80.778419	26.692775	992.428977	14.073052	25.203398	500.141617	75.413874	27.645074	992.520603	8.742052	12.128917	
11/28/2019 14:49:46.678629749	80.844129	26.778024	991.848945	13.994995	25.163803	500.247407	75.641992	27.688231	992.674048	5.304092	12.090634	
11/28/2019 14:49:47.678629749	80.857271	26.708441	992.309990	13.858798	25.224950	501.044468	75.637786	27.600761	991.912499	5.734819	12.110794	
11/28/2019 14:49:48.678629749	80.968977	26.687728	994.644860	14.748020	25.104575	500.904502	75.588030	27.621515	992.505935	1.012268	12.082710	
11/28/2019 14:49:49.678629749	80.936122	26.703394	991.667666	14.138707	25.160620	500.897934	75.459818	27.623589	991.871180	3.334113	12.093223	
11/28/2019 14:49:50.678629749	81.087254	26.720257	991.514616	13.907991	25.179927	502.847538	75.748625	27.760557	991.831440	-1.097355	12.082184	
11/28/2019 14:49:51.678629749	81.100396	26.655497	992.879140	13.915153	25.145884	501.871094	75.549209	27.578770	992.171131	2.388554	12.122924	
11/28/2019 14:49:52.678629749	81.113538	26.761684	992.791378	14.118169	25.182498	502.476931	75.385435	27.622965	992.475026	3.479000	12.107246	
11/28/2019 14:49:53.678629749	81.080683	26.697223	992.992765	14.034127	25.145598	501.733760	75.731225	27.593502	992.194788	0.947552	12.131571	
11/28/2019 14:49:54.678629749	81.212102	26.751664	994.241849	14.464992	25.243931	502.018280	75.693665	27.687194	992.168452	1.580019	12.092855	
11/28/2019 14:49:55.678629749	81.113538	26.735100	991.518085	13.800644	25.168008	501.663451	75.485550	27.611451	992.017844	2.638242	12.111136	
11/28/2019 14:49:56.678629749	80.995261	26.756861	992.684297	13.946142	25.227195	502.626096	75.568108	27.713864	992.442852	8.686510	12.100399	
11/28/2019 14:49:57.678629749	81.041257	26.661667	992.883319	14.146612	25.148741	500.670577	75.665620	27.648598	992.304234	0.933407	12.125894	
11/28/2019 14:49:58.678629749	81.179247	26.767031	993.566408	14.581400	25.245073	502.247606	75.493382	27.704212	992.949713	7.037217	12.085785	
11/28/2019 14:49:59.678629749	81.225244	26.618594	992.290987	14.305956	25.166008	500.685691	75.653425	27.673500	992.271431	4.176182	12.120585	
11/28/2019 14:50:00.678629749	81.205531	26.657219	993.988974	14.431167	25.231481	502.601782	75.704047	27.697883	992.262757	6.162926	12.083840	
11/28/2019 14:50:01.678629749	81.212102	26.697972	991.440969	14.180580	25.128332	501.671334	75.459266	27.626288	991.836013	1.075672	12.108244	
11/28/2019 14:50:02.678629749	81.304095	26.771929	992.712527	14.011873	25.256992	503.179369	75.707202	27.698921	992.625948	6.716532	12.105616	
11/28/2019 14:50:03.678629749	81.304095	26.650525	992.823628	14.132758	25.132863	502.591267	75.533255	27.597650	992.087707	0.910088	12.129613	
11/28/2019 14:50:04.678629749	81.356662	26.741046	992.696520	14.470960	25.192417	502.715456	75.520560	27.618710	992.413208	0.294388	12.090358	
11/28/2019 14:50:05.678629749	81.330379	26.698122	993.198172	13.878694	25.226909	504.389738	75.627351	27.685332	992.343188	8.185825	12.126551	
11/28/2019 14:50:06.678629749	81.382946	26.677034	992.846810	14.210355	25.185845	505.255792	75.633423	27.675574	992.253612	3.627818	12.109191	
11/28/2019 14:50:07.678629749	81.343521	26.793465	991.529676	14.032624	25.205969	504.760997	75.595943	27.607196	992.006805	2.329081	12.101857	
11/28/2019 14:50:08.678629749	81.442085	26.845661	992.467299	14.081150	25.215357	505.308356	75.562903	27.674431	992.468403	4.421937	12.110781	
11/28/2019 14:50:09.678629749	81.336950	26.729529	993.059868	13.938829	25.202826	504.912130	75.399681	27.650259	992.211821	5.845902	12.115946	
11/28/2019 14:50:10.678629749	81.350091	26.703693	992.590938	14.508746	25.214214	504.133468	75.755353	27.691861	992.144638	0.502679	12.113738	
11/28/2019 14:50:11.678629749	81.166105	26.681857	992.475658	14.024990	25.193479	503.911373	75.499901	27.710647	992.603713	6.482301	12.105984	
11/28/2019 14:50:12.678629749	81.284382	26.699694	991.811965	14.113862	25.209112	505.414808	75.521112	27.785766	992.890574	10.329251	12.068149	
11/28/2019 14:50:13.678629749	81.396088	26.719434	992.956099	14.802074	25.308506	507.240876	75.858490	27.761170	992.606707	5.943111	12.093578	
11/28/2019 14:50:14.678629749	81.448656	26.693748	992.408712	13.926730	25.217562	505.228847	75.402388	27.701725	992.231691	9.255572	12.127432	
11/28/2019 14:50:15.678629749	81.639213	26.736522	993.711968	14.111139	25.128944	506.006847	75.852209	27.761901	992.888838	-0.353535	12.067202	
11/28/2019 14:50:16.678629749	81.534078	26.693449	992.837427	14.165476	25.186703	505.435175	75.492173	27.687819	992.575326	9.052523	12.123542	
11/28/2019 14:50:17.678629749	81.435514	26.819451	992.666083	14.619450	25.207153	506.000932	75.580198	27.688125	992.409736	5.423038	12.095523	
11/28/2019 14:50:18.678629749	81.284382	26.688626	993.558680	14.225825	25.161477	505.030403	75.683230	27.675680	992.336721	5.173350	12.106983	
11/28/2019 14:50:19.678629749	81.231815	26.767630	992.749350	14.173053	25.299444	509.040662	75.559486	27.676611	992.433392	3.472447	12.116235	
11/28/2019 14:50:20.678629749	81.369804	26.793316	993.589749	13.747370	25.138537	507.098942	75.693403	27.606572	992.543310	1.487013	12.100215	
11/28/2019 14:50:21.678629749	81.626071	26.746617	993.619712	14.302962	25.144251	507.185019	75.687593	27.745508	992.490166	6.697145	12.089964	
11/28/2019 14:50:22.678629749	81.566933	26.755888	991.973374	13.983821	25.168538	507.986679	75.427016	27.657106	992.185957	2.565663	12.129403	
11/28/2019 14:50:23.678629749	81.790345	26.751515	992.254873	14.693721	25.253604	508.790960	75.803558	27.698084	992.464144	5.983196	12.110807	
11/28/2019 14:50:24.678629749	81.606358	26.650749	991.700863	14.098525	25.174212	507.598990	75.555123	27.682115	992.244781	4.741312	12.124961	
11/28/2019 14:50:25.678629749	81.389517	26.679429	991.763865	14.185127	25.277647	510.870014	75.528183	27.764187	992.586208	9.276270	12.107443	
11/28/2019 14:50:26.678629749	81.396088	26.761010	992.597009	13.837632	25.201969	509.089942	75.601724	27.637496	992.273325	5.293607	12.130244	
11/28/2019 14:50:27.678629749	81.658926	26.736672	991.692741	14.404612	25.181070	508.582001	75.542533	27.716975	992.610179	7.039838	12.095405	
11/28/2019 14:50:28.678629749	81.612929	26.730352	993.258495	14.031807	25.133434	508.584632	75.636420	27.658038	992.186114	1.591814	12.106155	
11/28/2019 14:50:29.678629749	81.750919	26.746617	994.094713	14.761917	25.238869	510.068354	75.730331	27.703482	992.464144	5.527839	12.097652	
11/28/2019 14:50:30.678629749	81.442085	26.782697	993.676485	13.737705	25.148170	509.238444	75.359703	27.608127	991.678782	2.779197	12.105813	
11/28/2019 14:50:31.678629749	81.560362	26.699394	992.380640	14.112516	25.156089	508.522207	75.870714	27.780686	992.369681	3.185295	12.071933	
11/28/2019 14:50:32.678629749	81.632642	26.704891	991.661122	14.196257	25.181886	507.815832	75.583115	27.672981	992.336250	5.833068	12.111569	
11/28/2019 14:50:33.678629749	81.829770	26.787819	992.395937	14.364738	25.171681	508.744301	75.550655	27.686676	992.542052	1.480460	12.077860	
11/28/2019 14:50:34.678629749	81.783774	26.724556	991.456187	14.017482	25.218705	508.769278	75.597756	27.661255	992.118459	6.549637	12.101582	
11/28/2019 14:50:35.678629749	81.580075	26.746018	992.019028	14.363047	25.296342	512.211802	75.696924	27.680548	992.234371	4.511283	12.082394	
11/28/2019 14:50:36.678629749	81.481510	26.683054	993.350041	14.289393	25.196907	509.090595	75.487758	27.680866	992.647711	5.856387	12.115183	
11/28/2019 14:50:37.678629749	81.678639	26.711435	992.614120	14.325506	25.169436	510.155745	75.690696	27.752567	992.783179	8.369486	12.101923	
11/28/2019 14:50:38.678629749	81.553791	26.755888	992.706061	13.817101	25.192907	511.136136	75.639993	27.688750	992.253455	5.936558	12.115407	
11/28/2019 14:50:39.678629749	81.665497	26.888135	993.678299	14.362336	25.215072	512.313645	75.553467	27.666853	992.302183	0.956726	12.094340	
11/28/2019 14:50:40.678629749	81.718064	26.709339	992.152997	14.128193	25.184417	511.943701	75.486996	27.691967	992.669947	7.101932	12.114921	
11/28/2019 14:50:41.678629749	81.731206	26.782847	993.916194	14.189881	25.276504	514.322390	75.812993	27.740735	992.278212	5.519975	12.107377	
11/28/2019 14:50:42.678629749	81.954618	26.671837	992.876695	14.304396	25.164865	514.896693	75.544241	27.671425	992.470296	5.993410	12.095181	
11/28/2019 14:50:43.678629749	82.059753	26.720332	992.661982	14.332247	25.186703	513.629151	75.791915	27.728183	992.597719	9.823323	12.083538	
11/28/2019 14:50:44.678629749	81.718064	26.756263	992.786410	13.993543	25.154660	514.059552	75.680575	27.627325	992.199046	2.056075	12.129639	
11/28/2019 14:50:45.678629749	81.672068	26.804234	992.706061	14.394601	25.321568	515.595184	75.572181	27.709504	992.299346	7.817191	12.113909	
11/28/2019 14:50:46.678629749	81.764061	26.678381	992.540079	14.001718	25.134291	513.436622	75.716979	27.681384	992.087392	1.137767	12.125933	
11/28/2019 14:50:47.678629749	81.796916	26.778398	992.961304	14.155213	25.227236	515.829109	75.599963	27.731707	992.481649	5.878395	12.092211	
11/28/2019 14:50:48.678629749	81.902051	26.677633	992.222465	14.108775	25.159803	513.409024	75.837859	27.706286	992.126975	1.631899	12.123818	
11/28/2019 14:50:49.678629749	82.066324	26.757236	992.756920	14.515078	25.202050	514.674588	75.652084	27.724860	992.441909	6.672515	12.101056	
11/28/2019 14:50:50.678629749	81.704922	26.672735	992.338377	14.086056	25.177641	513.717858	75.546344	27.691036	992.323475	3.557860	12.125907	
11/28/2019 14:50:51.678629749	81.599787	26.767779	993.102920	14.478204	25.221848	515.794281	75.905828	27.717282	992.081398	1.960448	12.114303	
11/28/2019 14:50:52.678629749	81.639213	26.719135	992.137385	14.030398	25.141598	515.283719	75.760478	27.628574	992.238786	3.356122	12.121623	
11/28/2019 14:50:53.678629749	81.829770	26.704367	992.576350	14.213506	25.194336	516.275277	75.750543	27.751530	992.638566	7.694313	12.104788	
11/28/2019 14:50:54.678629749	81.783774	26.741345	992.959410	14.037014	25.221276	515.850791	75.765683	27.743539	992.551355	8.398048	12.127957	
11/28/2019 14:50:55.678629749	82.046611	26.814104	991.811965	14.226554	25.247074	516.898859	75.762791	27.730151	992.571225	12.559130	12.104473	
11/28/2019 14:50:56.678629749	81.934905	26.719659	992.482596	13.958172	25.197438	516.409980	75.591290	27.735655	992.255662	9.150771	12.132110	
11/28/2019 14:50:57.678629749	82.007186	26.745644	991.796667	14.382842	25.284423	518.113828	75.784949	27.740523	992.123031	6.962288	12.097179	
11/28/2019 14:50:58.678629749	81.777203	26.772378	991.695029	13.876682	25.213602	517.791195	75.832759	27.668727	992.174918	5.315616	12.116327	
11/28/2019 14:50:59.678629749	81.691781	26.788717	993.891828	13.862646	25.221562	519.359025	75.854679	27.788983	992.638880	8.664502	12.100083	
11/28/2019 14:51:00.678629749	81.934905	26.772153	993.203929	13.842889	25.160905	518.462089	75.591342	27.676611	992.249353	3.904486	12.128654	
11/28/2019 14:51:01.678629749	81.928334	26.836464	993.996544	14.447102	25.172579	518.874082	75.980317	27.693523	992.336879	3.697505	12.082263	
11/28/2019 14:51:02.678629749	81.744348	26.819600	991.841061	13.893063	25.181029	519.851188	75.883670	27.661149	992.041815	1.937128	12.103461	
11/28/2019 14:51:03.678629749	81.645784	26.804758	993.960745	14.280218	25.293811	521.809990	75.816305	27.710847	992.610965	3.400139	12.104906	
11/28/2019 14:51:04.678629749	81.737777	26.745644	992.807779	13.985513	25.132291	520.005605	75.879150	27.648904	992.055062	3.106434	12.128391	
11/28/2019 14:51:05.678629749	82.092608	26.758284	991.966670	14.299190	25.173151	519.804530	75.791073	27.723410	992.314958	7.430480	12.088374	
11/28/2019 14:51:06.678629749	82.020328	26.761534	992.734447	14.008132	25.173641	520.823032	75.860146	27.665615	992.135335	3.304241	12.135711	
11/28/2019 14:51:07.678629749	82.164888	26.782697	993.288695	14.632178	25.242828	522.193733	75.743026	27.689057	992.357221	6.269038	12.081948	
11/28/2019 14:51:08.678629749	81.915193	26.704591	992.316771	14.156679	25.172539	519.928065	75.819959	27.711165	992.223017	3.063728	12.128719	
11/28/2019 14:51:09.678629749	81.737777	26.787969	993.317633	13.924875	25.146741	521.305997	75.915816	27.649010	992.277740	1.853026	12.113803	
11/28/2019 14:51:10.678629749	81.777203	26.678531	991.413292	14.146348	25.145068	520.401830	75.865009	27.702032	992.413522	3.044340	12.107351	
11/28/2019 14:51:11.678629749	81.921764	26.688850	992.179176	14.290845	25.159517	520.501052	75.761530	27.736480	992.393967	4.358533	12.122911	
11/28/2019 14:51:12.678629749	82.020328	26.830069	991.146143	13.891214	25.205112	521.733766	75.997322	27.710541	992.240680	3.988588	12.115854	
11/28/2019 14:51:13.678629749	82.000615	26.682530	992.913124	13.966680	25.148456	521.480127	75.886535	27.663329	991.971166	2.003154	12.121584	
11/28/2019 14:51:14.678629749	81.954618	26.698571	993.147550	13.952676	25.159477	521.426901	75.723313	27.747688	992.481020	7.282973	12.102948	
11/28/2019 14:51:15.678629749	81.954618	26.710088	992.159068	14.176204	25.170824	522.687865	75.890032	27.725484	992.319216	3.861779	12.125158	
11/28/2019 14:51:16.678629749	81.974331	26.736073	993.157880	13.935899	25.158334	522.383631	76.066948	27.704318	992.012642	4.491624	12.102948	
11/28/2019 14:51:17.678629749	81.764061	26.788119	991.274356	13.813246	25.211602	524.334549	75.889190	27.684083	992.207405	5.046541	12.120545	
11/28/2019 14:51:18.678629749	81.941476	26.756712	992.506015	13.791979	25.148456	523.844354	75.771964	27.687088	991.995451	3.005565	12.135606	
11/28/2019 14:51:19.678629749	82.178030	26.683054	992.180280	14.080742	25.162048	522.565645	76.016983	27.708879	992.210242	1.342126	12.122201	
11/28/2019 14:51:20.678629749	82.092608	26.740596	992.350677	13.906966	25.230869	523.329193	75.877704	27.742396	992.286414	8.018930	12.120151	
11/28/2019 14:51:21.678629749	82.072895	26.726053	993.038814	14.191026	25.190948	523.411985	75.725468	27.760451	992.279791	8.068189	12.124383	
11/28/2019 14:51:22.678629749	81.994044	26.679055	992.950974	14.271131	25.181274	522.933620	76.108976	27.695703	992.481335	6.155063	12.088886	
11/28/2019 14:51:23.678629749	81.948047	26.709489	992.340742	14.162911	25.147598	521.942062	76.027627	27.672251	992.319531	1.509022	12.124869	
11/28/2019 14:51:24.678629749	81.823199	26.761609	991.983151	14.319853	25.115841	523.405417	75.842641	27.663435	992.623269	10.587842	12.074864	
11/28/2019 14:51:25.678629749	82.178030	26.756188	991.840903	13.912644	25.211888	522.986847	75.836517	27.731813	992.380406	7.670994	12.125907	
11/28/2019 14:51:26.678629749	82.053182	26.757236	991.991036	13.967497	25.212459	522.980931	76.017192	27.711790	992.244781	8.515684	12.128430	
11/28/2019 14:51:27.678629749	81.921764	26.709414	991.986463	14.169331	25.143639	522.608356	75.904487	27.653265	992.205827	1.324049	12.120440	
11/28/2019 14:51:28.678629749	81.987473	26.771629	992.725221	14.018117	25.153231	523.705052	75.876995	27.658662	992.089443	1.867171	12.132439	
11/28/2019 14:51:29.678629749	82.368588	26.635832	993.426842	14.142807	25.192907	523.768130	76.089972	27.722892	992.441595	5.250900	12.092974	
11/28/2019 14:51:30.678629749	82.046611	26.757086	992.245095	14.004723	25.216990	524.825397	75.909455	27.728702	992.369209	7.180793	12.131164	
11/28/2019 14:51:31.678629749	81.895480	26.757385	992.105687	13.903904	25.153844	525.692104	75.799904	27.624732	991.682725	0.149501	12.101936	
11/28/2019 14:51:32.678629749	82.132034	26.714162	992.645109	14.012621	25.137394	525.604712	75.922991	27.649529	992.050332	0.130114	12.129429	
11/28/2019 14:51:33.678629749	81.961189	26.820574	991.117599	14.007528	25.120127	526.691545	76.025367	27.680972	992.494110	2.470036	12.094564	
11/28/2019 14:51:34.678629749	81.875767	26.757310	992.711975	13.895157	25.144782	527.284247	75.792729	27.682315	991.864399	2.367856	12.113265	
11/28/2019 14:51:35.678629749	81.941476	26.803560	993.018944	13.876022	25.212745	527.704133	75.636787	27.713758	992.275532	7.815881	12.123003	
11/28/2019 14:51:36.678629749	82.197743	26.741046	992.686190	13.946727	25.147313	526.960299	75.987492	27.653783	991.901460	1.528409	12.127300	
11/28/2019 14:51:37.678629749	82.138605	26.709264	991.934657	14.040397	25.191764	527.533286	75.888086	27.728702	992.355963	5.807127	12.123515	
11/28/2019 14:51:38.678629749	81.987473	26.751140	992.553720	13.925931	25.131148	528.121388	75.702496	27.625251	992.063421	0.864760	12.129745	
11/28/2019 14:51:39.678629749	81.888909	26.735399	992.242493	13.880675	25.212745	527.933458	75.687593	27.750905	992.439701	7.836579	12.126131	
11/28/2019 14:51:40.678629749	81.974331	26.813879	992.469744	13.977508	25.184703	528.159500	75.806922	27.670282	991.940571	4.186395	12.133424	
11/28/2019 14:51:41.678629749	82.197743	26.709414	992.764490	13.944350	25.173396	527.739614	75.687593	27.628362	992.059163	1.693994	12.132110	
11/28/2019 14:51:42.678629749	82.105750	26.763106	993.374327	14.021714	25.218133	528.213379	75.400233	27.704837	992.380406	8.743362	12.129074	
11/28/2019 14:51:43.678629749	82.026899	26.746392	991.965804	14.061506	25.188662	528.335599	75.741055	27.700582	992.478970	8.391495	12.131913	
11/28/2019 14:51:44.678629749	81.941476	26.808757	992.229089	13.840669	25.207357	528.685176	75.585875	27.657519	992.310543	4.699916	12.132688	
11/28/2019 14:51:45.678629749	81.902051	26.773051	993.319052	13.990166	25.119842	529.386951	75.460370	27.630955	991.919122	2.554139	12.131637	
11/28/2019 14:51:46.678629749	82.000615	26.768154	991.375128	14.113347	25.187274	529.113598	75.662703	27.723929	992.283892	7.246819	12.129271	
11/28/2019 14:51:47.678629749	82.164888	26.730726	992.501757	14.055086	25.124372	529.512455	75.616969	27.652122	992.096223	1.324049	12.129101	
11/28/2019 14:51:48.678629749	82.204314	26.720856	993.371015	14.120534	25.145353	529.220704	75.534806	27.661255	992.054590	2.246289	12.121754	
11/28/2019 14:51:49.678629749	82.079466	26.751589	992.691473	14.128482	25.198581	531.763008	75.364066	27.705355	992.275375	8.613932	12.116971	
11/28/2019 14:51:50.678629749	81.967760	26.689524	992.180595	14.232113	25.151558	531.309609	75.666068	27.684189	991.879068	7.037217	12.097836	
11/28/2019 14:51:51.678629749	82.237169	26.730427	991.516429	14.059368	25.188091	533.019372	75.510283	27.678897	992.434971	6.874253	12.123147	
11/28/2019 14:51:52.678629749	82.302878	26.784568	990.951695	14.550676	25.155231	533.216501	75.469648	27.705874	991.992772	7.120009	12.101555	
11/28/2019 14:51:53.678629749	82.026899	26.814553	993.382211	13.953725	25.198867	535.138507	75.557121	27.631580	991.886006	4.990999	12.112870	
11/28/2019 14:51:54.678629749	81.974331	26.783820	993.115615	13.847963	25.176784	535.057683	75.575178	27.627219	992.229798	3.273330	12.126196	
11/28/2019 14:51:55.678629749	82.138605	26.867721	991.505548	13.178302	25.281035	537.121622	75.397026	27.595576	992.825442	7.105864	12.083222	
11/28/2019 14:51:56.678629749	82.164888	26.783820	991.648980	13.763223	25.220133	535.937536	75.326848	27.691036	992.312908	6.981676	12.098993	
11/28/2019 14:51:57.678629749	81.895480	26.772977	993.665052	13.792451	25.162620	537.181417	75.234855	27.720087	992.059163	7.825055	12.098953	
11/28/2019 14:51:58.678629749	82.368588	26.757011	992.224830	14.020369	25.173641	535.719377	75.643595	27.674230	992.371574	5.335003	12.124462	
11/28/2019 14:51:59.678629749	82.145176	26.767929	992.033931	13.794620	25.205683	536.061724	75.603722	27.628362	992.223332	6.512173	12.112279	
11/28/2019 14:52:00.678629749	82.066324	26.710013	992.400038	14.067084	25.138537	535.022855	75.580855	27.624732	992.022102	0.995501	12.131151	
11/28/2019 14:52:01.678629749	82.283165	26.772453	992.368577	14.058752	25.127760	535.348118	75.382123	27.592877	992.019737	0.272379	12.130007	
11/28/2019 14:52:02.678629749	82.020328	26.788193	992.534559	13.964032	25.211602	536.420500	75.432930	27.655138	992.347603	5.804506	12.135514	
11/28/2019 14:52:03.678629749	82.250311	26.725978	992.594802	14.190894	25.148456	535.478222	75.690091	27.634278	992.275532	1.406842	12.126919	
11/28/2019 14:52:04.678629749	82.184601	26.757760	992.739967	13.830954	25.139679	536.107719	75.485051	27.598275	991.975896	1.364135	12.130034	
11/28/2019 14:52:05.678629749	82.224027	26.946201	994.494884	14.519171	25.229562	536.129402	75.479636	27.666335	992.634622	8.114828	12.082736	
11/28/2019 14:52:06.678629749	82.224027	26.752937	994.004428	13.979652	25.136006	534.876321	75.461921	27.660842	992.371574	0.705728	12.099295	
11/28/2019 14:52:07.678629749	82.230598	26.815152	993.630042	14.608930	25.415043	538.342506	75.846638	27.617155	992.608915	5.527839	12.059370	
11/28/2019 14:52:08.678629749	82.059753	26.793540	991.965252	13.832136	25.222664	535.691780	75.474721	27.687406	992.268909	7.015208	12.128260	
11/28/2019 14:52:09.678629749	82.460581	26.755332	991.964542	14.193628	25.155844	538.156545	75.547948	27.766367	993.012638	12.287434	12.068793	
11/28/2019 14:52:10.678629749	82.250311	26.742168	993.218437	14.308918	25.202295	536.740501	75.269813	27.652958	992.479127	7.596065	12.126446	
11/28/2019 14:52:11.678629749	82.178030	26.883687	992.219626	14.393331	25.263238	538.590882	75.465732	27.712096	992.606235	9.662981	12.072196	
11/28/2019 14:52:12.678629749	82.368588	26.767555	992.211584	14.012150	25.197724	537.498134	75.490965	27.667277	992.259921	8.841611	12.131164	
11/28/2019 14:52:13.678629749	82.237169	26.737420	994.066879	14.554983	25.259809	537.500102	75.605982	27.730670	992.315273	4.372678	12.106207	
11/28/2019 14:52:14.678629749	82.099179	26.736522	993.644944	13.743390	25.140537	537.632837	75.362857	27.634173	992.043551	1.014889	12.104749	
11/28/2019 14:52:15.678629749	82.473723	26.760379	992.266701	14.209984	25.155231	538.410836	75.594786	27.738248	992.511929	8.449658	12.062603	
11/28/2019 14:52:16.678629749	82.197743	26.736148	992.295245	14.047584	25.139924	538.002780	75.375000	27.640195	992.118144	1.418366	12.125316	
11/28/2019 14:52:17.678629749	82.263453	26.899428	993.185083	14.316470	25.251890	542.087285	75.486050	27.718013	992.406742	8.472977	12.108980	
11/28/2019 14:52:18.678629749	82.329162	26.736672	990.804716	14.203445	25.162048	540.035176	75.193169	27.653477	992.347760	4.412764	12.119862	
11/28/2019 14:52:19.678629749	82.105750	26.826669	991.703308	14.310345	25.279933	542.571565	75.581644	27.710435	992.440016	1.040829	12.098874	
11/28/2019 14:52:20.678629749	82.316020	26.719808	993.451522	13.915153	25.188091	541.437420	75.392558	27.688337	992.003811	7.180793	12.104591	
11/28/2019 14:52:21.678629749	82.250311	26.848580	992.731136	13.938476	25.212500	542.683270	75.325640	27.708361	992.376462	6.757928	12.111109	
11/28/2019 14:52:22.678629749	82.033470	26.841287	993.845622	13.741088	25.181886	542.783808	75.257722	27.621515	992.312908	3.988588	12.128351	
11/28/2019 14:52:23.678629749	82.421155	26.842559	993.839156	14.223309	25.236583	542.193075	75.440762	27.688337	991.951453	3.795753	12.071500	
11/28/2019 14:52:24.678629749	82.178030	26.794139	992.220809	13.901835	25.196050	543.047961	75.208072	27.701101	992.082977	8.744673	12.105248	
11/28/2019 14:52:25.678629749	82.105750	26.789241	992.581712	14.444172	25.235154	544.172906	75.406541	27.690306	992.236893	1.673296	12.115499	
11/28/2019 14:52:26.678629749	82.342304	26.778174	992.149371	14.058834	25.120127	542.753579	75.521454	27.624627	992.048124	1.445617	12.116879	
11/28/2019 14:52:27.678629749	82.270024	26.763780	992.171369	14.364235	25.194622	543.630148	75.448385	27.807144	992.714895	11.162146	12.085062	
11/28/2019 14:52:28.678629749	82.197743	26.773426	991.202285	14.029587	25.207643	542.904712	75.178476	27.725590	992.378198	8.410883	12.111306	
11/28/2019 14:52:29.678629749	82.427726	26.842035	992.733895	14.362443	25.204050	542.801543	75.431721	27.658556	992.396017	0.767822	12.105774	
11/28/2019 14:52:30.678629749	82.105750	26.783895	991.835936	14.407417	25.139108	541.959150	75.505106	27.660842	991.883483	2.899454	12.094695	
11/28/2019 14:52:31.678629749	82.217456	26.836015	991.452481	14.571647	25.310792	545.362908	75.350372	27.721018	992.210399	7.312845	12.106326	
11/28/2019 14:52:32.678629749	82.243740	26.825546	992.051278	13.927598	25.211316	543.544724	75.163127	27.671425	992.303605	7.098001	12.135317	
11/28/2019 14:52:33.678629749	82.151747	26.826968	992.912652	14.069077	25.206826	544.280012	75.332053	27.681384	992.326469	6.244408	12.106470	
11/28/2019 14:52:34.678629749	82.013757	26.884136	992.114361	13.770071	25.153558	543.856842	75.333762	27.643200	992.305970	1.960448	12.099098	
11/28/2019 14:52:35.678629749	82.368588	26.837288	993.558208	14.479675	25.190458	544.636810	75.371137	27.690306	992.282313	4.624987	12.094091	
11/28/2019 14:52:36.678629749	82.099179	26.825471	992.284916	13.887806	25.169110	545.577119	75.075549	27.632723	992.207563	4.473547	12.134581	
11/28/2019 14:52:37.678629749	82.079466	26.857627	992.942772	14.301309	25.243073	547.529343	75.260824	27.693417	992.008698	2.777886	12.089005	
11/28/2019 14:52:38.678629749	82.040041	26.820723	991.456267	13.842021	25.168579	547.288851	75.242373	27.643719	992.115779	4.053304	12.114329	
11/28/2019 14:52:39.678629749	82.112321	26.837961	992.603633	13.945135	25.259523	549.467779	75.216141	27.704625	992.391916	6.311745	12.114329	
11/28/2019 14:52:40.678629749	82.414584	26.795037	992.745566	13.929025	25.125801	547.405155	75.027792	27.659181	991.884112	-2.389539	12.102988	
11/28/2019 14:52:41.678629749	82.447439	26.868470	992.850359	14.197043	25.202050	547.712673	75.295387	27.692073	992.229641	1.833638	12.090516	
11/28/2019 14:52:42.678629749	82.184601	26.835940	992.652836	13.959831	25.188662	548.407228	75.267053	27.634384	992.148424	4.368746	12.133713	
11/28/2019 14:52:43.678629749	82.204314	26.802705	992.343659	14.238069	25.218705	548.334288	75.237510	27.689787	992.299189	1.379591	12.085062	
11/28/2019 14:52:44.678629749	82.132034	26.830444	991.943331	13.928969	25.203112	548.219298	75.057387	27.620478	992.216394	6.668583	12.134581	
11/28/2019 14:52:45.678629749	82.440868	26.784793	993.846883	13.765128	25.181886	548.185786	75.571210	27.621515	992.240837	4.784018	12.067597	
11/28/2019 14:52:46.678629749	82.440868	26.737046	991.428432	14.111498	25.162048	547.652879	75.303771	27.634384	992.568703	4.313205	12.104525	
11/28/2019 14:52:47.678629749	82.342304	26.885034	993.343180	13.940357	25.204050	548.591210	75.106695	27.683458	992.483543	6.842031	12.107561	
11/28/2019 14:52:48.678629749	82.270024	26.847532	991.650004	14.025865	25.177641	548.329688	75.380652	27.634903	992.111049	1.380901	12.110203	
11/28/2019 14:52:49.678629749	82.158317	26.894755	992.589991	14.340994	25.260380	549.494061	75.220609	27.634067	991.835698	3.909728	12.103211	
11/28/2019 14:52:50.678629749	82.053182	26.799186	992.695968	13.850447	25.141925	548.641153	74.977432	27.621515	992.056798	3.784229	12.133543	
11/28/2019 14:52:51.678629749	82.066324	26.743141	991.365587	14.315463	25.211357	549.689221	75.437793	27.713240	992.584629	4.888819	12.071184	
11/28/2019 14:52:52.678629749	82.020328	26.757909	992.734290	13.964196	25.120413	548.930273	75.114318	27.613525	992.072252	0.134045	12.131072	
11/28/2019 14:52:53.678629749	82.151747	26.953719	992.320872	13.735693	25.237155	548.021507	75.131823	27.668727	992.570439	5.703637	12.065717	
11/28/2019 14:52:54.678629749	82.342304	26.846110	992.252665	13.937848	25.207357	549.759530	75.198427	27.659287	992.102532	6.359423	12.135146	
11/28/2019 14:52:55.678629749	82.342304	26.905598	992.163484	14.626688	25.240012	549.297585	75.089690	27.682421	991.707011	1.071741	12.086652	
11/28/2019 14:52:56.678629749	82.184601	26.836240	991.151663	13.941017	25.217847	549.932345	75.266843	27.626394	992.135177	5.745033	12.128365	
11/28/2019 14:52:57.678629749	82.184601	26.863722	992.770404	13.690908	25.227521	554.422937	75.342540	27.600655	992.229798	9.925774	12.072591	
11/28/2019 14:52:58.678629749	82.263453	26.794513	992.604027	13.971458	25.143925	550.493502	75.030551	27.616742	992.015479	0.747124	12.130481	
11/28/2019 14:52:59.678629749	82.342304	26.801432	991.803448	14.201483	25.151313	550.289143	75.148119	27.719156	992.373782	4.966369	12.087336	
11/28/2019 14:53:00.678629749	82.230598	26.783670	991.353522	14.001950	25.198581	548.759426	75.245028	27.740428	991.743286	4.719303	12.103106	
11/28/2019 14:53:01.678629749	82.079466	26.836240	992.674205	13.832375	25.211316	552.284089	75.030052	27.692179	992.214029	7.075992	12.131926	
11/28/2019 14:53:02.678629749	82.151747	26.861818	992.214815	14.199118	25.129230	553.699469	75.141653	27.823019	992.329941	-0.342010	12.049619	
11/28/2019 14:53:03.678629749	82.250311	26.820274	992.578243	13.882442	25.175927	553.185624	74.947284	27.640089	992.194630	4.599046	12.133175	
11/28/2019 14:53:04.678629749	82.408013	27.110679	993.683109	14.234005	25.277402	554.211999	75.261534	27.639877	992.376304	2.792032	12.088019	
11/28/2019 14:53:05.678629749	82.243740	26.746318	992.817400	13.903105	25.168253	554.185065	75.103936	27.721336	992.288779	7.590823	12.096022	
11/28/2019 14:53:06.678629749	82.204314	26.801582	991.851548	14.545312	25.338018	557.172221	75.105539	27.793132	992.313379	9.956686	12.083958	
11/28/2019 14:53:07.678629749	82.164888	26.741046	992.102452	14.158678	25.144415	553.664641	74.876660	27.657106	992.449954	3.058485	12.099768	
11/28/2019 14:53:08.678629749	82.178030	26.870566	992.823076	13.934169	25.186172	555.750263	75.047847	27.792095	992.420146	0.485913	12.105340	
11/28/2019 14:53:09.678629749	82.362017	26.795112	991.718605	13.987054	25.141680	554.425558	75.102123	27.649635	991.724202	0.603548	12.108507	
11/28/2019 14:53:10.678629749	82.611713	26.883762	992.785307	14.391451	25.184784	554.737675	74.980744	27.712509	992.205827	2.453270	12.098730	
11/28/2019 14:53:11.678629749	82.408013	26.773725	993.242960	14.010301	25.128903	555.553134	74.849220	27.641538	991.982519	0.646255	12.128535	
11/28/2019 14:53:12.678629749	82.421155	26.863198	992.084081	14.371190	25.309649	559.284124	75.147725	27.762313	991.798637	6.512173	12.088308	
11/28/2019 14:53:13.678629749	82.408013	26.763406	992.103242	14.164156	25.167436	556.407358	74.940766	27.711790	992.352176	7.451179	12.123607	
11/28/2019 14:53:14.678629749	82.342304	26.875164	991.626032	14.063506	25.205153	557.990301	74.984450	27.742290	992.652127	1.859578	12.090687	
11/28/2019 14:53:15.678629749	82.375159	26.763256	992.390340	14.225058	25.149313	555.748947	75.124490	27.694147	992.111049	1.854336	12.118101	
11/28/2019 14:53:16.678629749	82.368588	26.926311	993.914695	14.218410	25.206296	558.034981	75.146069	27.656376	992.354541	3.390965	12.101266	
11/28/2019 14:53:17.678629749	82.289736	26.796085	991.321351	14.023727	25.108494	557.622326	75.106091	27.617367	992.266230	-0.755972	12.103264	
11/28/2019 14:53:18.678629749	82.342304	26.790140	992.395623	14.680434	25.239114	558.701275	75.142257	27.707842	992.264651	4.555029	12.114474	
11/28/2019 14:53:19.678629749	82.217456	26.867796	993.326464	13.914386	25.203112	559.052168	74.980244	27.683564	992.203304	5.889920	12.110886	
11/28/2019 14:53:20.678629749	82.151747	26.826594	992.084318	13.960963	25.273402	561.663465	75.208257	27.785660	992.354698	6.717843	12.110387	
11/28/2019 14:53:21.678629749	82.086037	26.836464	993.009008	13.767537	25.204540	559.938588	75.270103	27.754535	992.319374	7.536592	12.121781	
11/28/2019 14:53:22.678629749	82.454010	26.969610	991.269151	13.460481	25.333527	562.087288	75.068478	27.661774	992.875277	0.049942	12.060526	
11/28/2019 14:53:23.678629749	82.309449	26.815077	992.795636	13.948179	25.141639	560.144916	75.100124	27.653265	992.037242	1.894422	12.134568	
11/28/2019 14:53:24.678629749	82.210885	26.916142	992.470453	14.314678	25.205438	561.051703	74.995541	27.676399	992.135806	1.365446	12.120204	
11/28/2019 14:53:25.678629749	82.072895	26.820124	992.036928	13.770392	25.206214	561.154872	75.162365	27.723823	992.446010	6.933727	12.132399	
11/28/2019 14:53:26.678629749	82.427726	26.817173	992.622951	14.179002	25.221848	562.670790	75.300959	27.735962	991.984570	1.326670	12.107535	
11/28/2019 14:53:27.678629749	82.375159	26.720632	991.997739	14.450749	25.278218	559.546299	75.084275	27.784729	991.788070	5.672725	12.105826	
11/28/2019 14:53:28.678629749	82.171459	26.879687	992.743436	14.100411	25.146496	561.382882	75.079255	27.733157	992.150475	2.969411	12.105104	
11/28/2019 14:53:29.678629749	82.322591	26.815751	991.830888	14.143889	25.165722	560.585169	75.279486	27.746238	992.439230	6.893641	12.114986	
11/28/2019 14:53:30.678629749	82.440868	26.906047	992.716076	14.349659	25.202336	560.093658	75.238614	27.674325	992.008069	0.025313	12.092553	
11/28/2019 14:53:31.678629749	82.178030	26.857851	993.718119	14.025619	25.141925	560.421553	75.094105	27.675468	991.774666	1.752156	12.126380	
11/28/2019 14:53:32.678629749	82.197743	26.793540	992.325760	14.395544	25.283280	561.773855	75.108299	27.770304	992.425190	8.687821	12.081475	
11/28/2019 14:53:33.678629749	82.375159	26.820349	992.181146	13.910953	25.202255	560.699505	75.073683	27.745614	992.213557	6.439594	12.132044	
11/28/2019 14:53:34.678629749	82.335733	26.858749	992.341846	14.103398	25.155558	561.636521	75.369718	27.741772	992.264651	2.247600	12.108770	
11/28/2019 14:53:35.678629749	82.138605	26.815152	993.296027	13.864237	25.223235	561.248179	75.200844	27.718013	992.299504	8.147050	12.123660	
11/28/2019 14:53:36.678629749	82.322591	26.889558	991.016748	14.584223	25.224133	561.656887	75.219505	27.746545	992.348232	9.011127	12.064692	
11/28/2019 14:53:37.678629749	82.105750	26.804833	992.498130	14.047049	25.130291	561.946670	75.059595	27.683977	991.968958	0.629489	12.127905	
11/28/2019 14:53:38.678629749	82.230598	26.842709	992.462883	14.539420	25.217317	563.559179	75.119680	27.717282	992.170974	-0.154417	12.119652	
11/28/2019 14:53:39.678629749	82.355446	26.809805	993.400663	13.834224	25.193479	563.289773	75.230282	27.729633	992.225225	8.351410	12.118758	
11/28/2019 14:53:40.678629749	82.440868	26.901898	993.253290	13.934942	25.200907	566.363005	75.202999	27.714171	992.557978	2.226901	12.098020	
11/28/2019 14:53:41.678629749	82.421155	26.758134	993.174990	13.993342	25.137394	564.407487	74.973568	27.705249	992.253926	0.211595	12.090884	
11/28/2019 14:53:42.678629749	82.394871	26.931733	992.642349	14.023286	25.253033	567.600971	75.193564	27.768748	992.277897	6.861419	12.110255	
11/28/2019 14:53:43.678629749	82.322591	26.774399	992.084395	14.186932	25.169681	566.098852	75.271469	27.722267	992.097645	2.669154	12.118351	
11/28/2019 14:53:44.678629749	82.375159	26.853852	991.215769	14.580772	25.245931	568.192357	75.104435	27.734818	992.507514	5.115188	12.108796	
11/28/2019 14:53:45.678629749	82.500007	26.779446	993.937168	13.861414	25.116699	567.235627	75.306269	27.715420	992.021473	0.330542	12.098270	
11/28/2019 14:53:46.678629749	82.329162	26.795412	991.370160	14.130306	25.218419	568.885595	75.376551	27.769891	992.253455	2.057385	12.108836	
11/28/2019 14:53:47.678629749	82.289736	26.815676	991.771278	13.864155	25.218133	567.970262	75.140207	27.778919	992.047809	6.900194	12.105327	
11/28/2019 14:53:48.678629749	82.460581	26.943175	993.785851	14.069555	25.213929	568.647723	75.028396	27.746439	992.588573	7.395637	12.088939	
11/28/2019 14:53:49.678629749	82.224027	26.773575	992.501205	13.965013	25.148170	567.550376	75.313891	27.657413	991.964542	1.529720	12.129416	
11/28/2019 14:53:50.678629749	82.480294	26.947549	993.237993	14.398556	25.228950	568.004427	75.298961	27.711885	992.177283	5.649406	12.115131	
11/28/2019 14:53:51.678629749	82.381730	26.857402	992.452159	13.958668	25.212174	567.641714	75.057492	27.747688	992.076353	6.073581	12.112463	
11/28/2019 14:53:52.678629749	82.243740	26.826145	992.295088	14.201036	25.290668	569.464498	75.161366	27.826543	992.590938	10.308553	12.110650	
11/28/2019 14:53:53.678629749	82.486865	26.858076	991.495613	13.849102	25.138822	567.742905	75.230939	27.667996	991.919122	1.630589	12.116708	
11/28/2019 14:53:54.678629749	82.368588	26.807378	992.289331	14.255436	25.179355	568.309977	75.265949	27.803408	992.378198	3.142588	12.104407	
11/28/2019 14:53:55.678629749	82.440868	26.794588	992.835771	13.908551	25.178743	568.104965	75.262533	27.765743	992.367159	8.307392	12.128049	
11/28/2019 14:53:56.678629749	82.486865	26.866973	991.977552	14.465079	25.177886	568.693719	75.444469	27.771965	992.089915	6.853555	12.079529	
11/28/2019 14:53:57.678629749	82.283165	26.886681	993.274421	14.045508	25.210786	570.557246	75.481134	27.839931	992.255820	2.795963	12.095050	
11/28/2019 14:53:58.678629749	82.486865	26.853028	993.464769	14.146926	25.178743	569.883721	75.167490	27.779025	991.914078	7.610210	12.112174	
11/28/2019 14:53:59.678629749	82.348875	26.917040	993.251239	14.069366	25.211112	571.083575	75.086535	27.760758	992.422196	5.688181	12.067925	
11/28/2019 14:54:00.678629749	82.434297	26.820798	991.887504	14.025097	25.202540	571.009982	75.218244	27.754641	992.362743	8.288005	12.130980	
11/28/2019 14:54:01.678629749	82.375159	26.942726	994.122548	14.573816	25.251604	570.908128	75.486444	27.723399	992.265122	0.031865	12.103671	
11/28/2019 14:54:02.678629749	82.164888	26.821621	992.267648	13.923630	25.241645	571.462065	75.306584	27.739591	992.464144	6.632429	12.103211	
11/28/2019 14:54:03.678629749	82.624854	26.806105	993.242014	14.191786	25.285851	573.750730	75.309238	27.871162	992.498683	9.648836	12.103040	
11/28/2019 14:54:04.678629749	82.355446	26.805881	993.691940	13.987632	25.154701	571.407523	75.264241	27.691343	991.850995	0.360414	12.127681	
11/28/2019 14:54:05.678629749	82.335733	26.854526	993.176252	14.257549	25.169722	571.519228	75.574074	27.811811	992.511615	10.073011	12.093723	
11/28/2019 14:54:06.678629749	82.414584	26.805656	992.646213	13.863294	25.119842	571.829377	75.330055	27.683352	991.910291	0.646255	12.129455	
11/28/2019 14:54:07.678629749	82.329162	26.895279	993.074139	14.072863	25.259809	574.355914	75.243082	27.664779	992.630364	13.438663	12.063615	
11/28/2019 14:54:08.678629749	82.362017	26.869069	993.324257	13.978646	25.189560	571.566539	75.540063	27.712509	991.170506	2.512743	12.119100	
11/28/2019 14:54:09.678629749	82.467152	26.964188	991.790201	13.553673	25.315037	576.117587	75.350425	27.773415	992.869283	5.714121	12.088611	
11/28/2019 14:54:10.678629749	82.342304	26.811078	993.469737	14.150655	25.139679	571.120371	75.242373	27.721643	992.165929	2.019921	12.112726	
11/28/2019 14:54:11.678629749	82.224027	26.901898	993.918559	14.075497	25.161517	571.702557	75.699369	27.782961	992.288779	3.784229	12.099032	
11/28/2019 14:54:12.678629749	82.355446	26.836838	992.166796	13.825137	25.206500	573.390638	75.492173	27.775807	992.196524	7.836579	12.133332	
11/28/2019 14:54:13.678629749	82.592000	26.905748	992.324893	14.318086	25.252788	573.319013	75.400732	27.806614	992.499154	8.408262	12.086521	
11/28/2019 14:54:14.678629749	82.316020	26.820948	992.032512	13.894308	25.143067	573.853888	75.511177	27.703482	992.004283	2.266987	12.132872	
11/28/2019 14:54:15.678629749	82.237169	26.879014	991.296828	14.506891	25.334589	575.650390	75.691510	27.798317	992.275532	6.651817	12.119113	
11/28/2019 14:54:16.678629749	82.421155	26.806030	992.477234	13.538726	25.217031	574.369050	75.379968	27.695079	992.658750	2.713171	12.071053	
11/28/2019 14:54:17.678629749	82.467152	26.890531	992.477628	13.916788	25.250176	576.536810	75.567503	27.805683	992.530063	7.069710	12.114500	
11/28/2019 14:54:18.678629749	82.296307	26.863198	992.335775	13.828992	25.201152	576.019018	75.580698	27.732744	992.059006	5.342867	12.132373	
11/28/2019 14:54:19.678629749	82.368588	26.879014	990.915975	14.303069	25.198050	576.068297	75.361911	27.829654	992.721833	15.863999	12.049960	
11/28/2019 14:54:20.678629749	82.421155	26.789840	992.798396	14.250896	25.164905	576.020986	75.670483	27.763351	992.109313	2.329081	12.126459	
11/28/2019 14:54:21.678629749	82.421155	26.979180	993.857765	14.444190	25.238297	577.904880	75.559591	27.724023	992.076668	3.786850	12.117470	
11/28/2019 14:54:22.678629749	82.250311	26.795561	993.583835	14.138236	25.155517	576.193801	75.454351	27.771553	992.404219	3.348259	12.115722	
11/28/2019 14:54:23.678629749	82.500007	26.907245	991.283976	14.453918	25.221848	578.731506	75.852604	27.763457	992.385136	1.216627	12.074838	
11/28/2019 14:54:24.678629749	82.368588	26.837288	992.509879	13.928258	25.123230	577.538220	75.596757	27.710847	991.971480	1.772854	12.136828	
11/28/2019 14:54:25.678629749	82.283165	26.858675	992.183906	14.038032	25.217031	578.604686	75.509179	27.900731	992.435128	7.946622	12.104854	
11/28/2019 14:54:26.678629749	82.506577	26.779671	992.021079	13.875739	25.129720	577.136732	75.484446	27.766780	991.920387	-1.660135	12.096588	
11/28/2019 14:54:27.678629749	82.362017	26.847981	991.793356	14.435129	25.198622	577.277350	75.791520	27.784104	991.616335	3.918631	12.081014	
11/28/2019 14:54:28.678629749	82.526290	26.806554	992.406662	13.971069	25.126373	578.057981	75.501951	27.734818	992.286571	-0.016083	12.093407	
11/28/2019 14:54:29.678629749	82.335733	26.910945	992.676807	14.203709	25.312506	580.389357	75.697766	27.806614	992.173182	7.686721	12.123528	
11/28/2019 14:54:30.678629749	82.197743	26.837138	993.258257	13.635691	25.197193	579.365603	75.579803	27.766049	991.695658	6.081445	12.106930	
11/28/2019 14:54:31.678629749	82.519719	26.795711	992.264256	14.222385	25.214459	579.854482	75.576439	27.866389	992.481020	8.840300	12.106996	
11/28/2019 14:54:32.678629749	82.348875	26.795412	991.618148	14.141355	25.149598	577.883850	75.816095	27.772897	991.888213	1.734079	12.127011	
11/28/2019 14:54:33.678629749	82.309449	26.864994	991.529519	14.167029	25.170293	578.079663	75.674504	27.794275	992.386872	4.535641	12.098979	
11/28/2019 14:54:34.678629749	82.289736	26.911169	991.150164	13.807536	25.199438	579.046254	75.490518	27.744365	992.142115	4.747865	12.121294	
11/28/2019 14:54:35.678629749	82.539432	26.800160	993.565778	14.812720	25.231195	580.568088	75.717741	27.834215	992.519024	8.729217	12.088440	
11/28/2019 14:54:36.678629749	82.519719	26.774848	993.217019	14.217417	25.183845	577.672923	75.638338	27.777363	992.325368	0.779347	12.092461	
11/28/2019 14:54:37.678629749	82.486865	26.779446	991.948693	14.496559	25.234012	579.417514	75.566662	27.931962	992.352333	2.610991	12.060342	
11/28/2019 14:54:38.678629749	82.394871	26.842335	991.117757	13.821433	25.225807	579.431312	75.708753	27.812636	992.522811	7.782348	12.105656	
11/28/2019 14:54:39.678629749	82.434297	26.928557	992.595668	13.824345	25.211684	580.583855	75.701839	27.822807	992.728771	3.842391	12.073208	
11/28/2019 14:54:40.678629749	82.434297	26.800683	992.355093	14.098500	25.152986	579.422766	75.529943	27.758790	991.979840	0.476739	12.119494	
11/28/2019 14:54:41.678629749	82.454010	26.883837	993.682400	14.477845	25.156701	581.783056	75.782137	27.741972	991.779396	11.927975	12.091449	
11/28/2019 14:54:42.678629749	82.197743	26.884211	991.434898	14.111039	25.147598	580.495147	75.770308	27.711885	991.971480	-0.135030	12.114723	
11/28/2019 14:54:43.678629749	82.178030	26.931883	993.340972	14.506413	25.254135	582.275219	75.647721	27.787110	992.028568	2.204893	12.111477	
11/28/2019 14:54:44.678629749	82.309449	26.874341	993.403108	14.046157	25.162905	581.690401	75.829080	27.743221	991.947352	0.009857	12.111030	
11/28/2019 14:54:45.678629749	82.500007	26.917863	993.314399	13.650958	25.146782	585.506815	75.865456	27.703376	992.129183	7.068400	12.066808	
11/28/2019 14:54:46.678629749	82.434297	26.822520	992.683983	14.122194	25.190948	582.645163	75.659654	27.760864	992.566495	1.622726	12.094248	
11/28/2019 14:54:47.678629749	82.394871	26.854076	991.630054	14.092256	25.115025	582.963195	75.550260	27.805895	992.986616	2.215106	12.036555	
11/28/2019 14:54:48.678629749	82.322591	26.775072	993.978644	14.061167	25.066859	584.573736	75.719397	27.708361	992.446325	-1.348353	12.093736	
11/28/2019 14:54:49.678629749	82.105750	27.031675	991.858171	14.133947	25.299199	584.923313	75.497246	27.862959	992.575483	9.960617	12.082026	
11/28/2019 14:54:50.678629749	82.316020	26.911394	992.165692	13.913305	25.162048	584.813576	75.815044	27.751106	991.962649	1.815561	12.118285	
11/28/2019 14:54:51.678629749	82.500007	26.906571	993.831586	14.096670	25.254992	586.274299	75.783450	27.811493	992.334985	1.924294	12.105458	
11/28/2019 14:54:52.678629749	82.375159	26.889857	991.516981	13.875996	25.166865	585.935237	75.542533	27.728796	992.286571	2.595535	12.122057	
11/28/2019 14:54:53.678629749	82.243740	26.942726	991.972822	13.905614	25.147027	585.851129	75.790364	27.760133	992.080926	1.158465	12.113212	
11/28/2019 14:54:54.678629749	82.230598	26.842634	992.722304	14.939284	25.356141	588.231785	75.920336	27.850397	992.413994	8.142078	12.112542	
11/28/2019 14:54:55.678629749	82.447439	26.864396	991.692032	14.144631	25.181029	585.445042	75.643305	27.788359	992.343188	5.216057	12.128706	
11/28/2019 14:54:56.678629749	82.539432	26.869892	992.698491	14.108102	25.196622	588.326408	75.820011	27.877797	992.290830	3.892961	12.099269	
11/28/2019 14:54:57.678629749	82.408013	26.869967	991.541662	14.331166	25.198010	586.531222	75.887981	27.814923	992.176654	7.713701	12.104092	
11/28/2019 14:54:58.678629749	82.388301	26.965011	994.375109	14.235187	25.169191	586.820342	75.781847	27.800910	992.253769	9.364305	12.094196	
11/28/2019 14:54:59.678629749	82.250311	26.811901	991.746755	14.227938	25.174784	586.797344	75.705151	27.816584	992.284206	5.953324	12.117325	
11/28/2019 14:55:00.678629749	82.592000	26.932781	991.346584	14.676787	25.272299	588.992039	75.902174	27.847085	992.339087	6.407372	12.108520	
11/28/2019 14:55:01.678629749	82.434297	26.869668	992.591727	13.903162	25.172824	588.074737	75.896760	27.738342	991.665063	1.856957	12.116300	
11/28/2019 14:55:02.678629749	82.329162	26.906796	993.557814	14.245086	25.236012	589.210197	75.858990	27.791883	991.976210	0.990259	12.078412	
11/28/2019 14:55:03.678629749	82.263453	26.890755	991.450273	14.197471	25.155272	587.735675	75.769547	27.763869	991.756690	0.113347	12.102317	
11/28/2019 14:55:04.678629749	82.283165	26.881409	991.943331	14.164489	25.165763	589.302188	75.878703	27.846048	992.255977	4.747865	12.102396	
11/28/2019 14:55:05.678629749	82.519719	26.857776	992.075250	13.927070	25.210745	589.752303	75.565663	27.804752	992.102532	7.999542	12.125710	
11/28/2019 14:55:06.678629749	82.513148	27.127692	992.067680	13.390178	25.223603	592.588979	75.657946	27.769679	992.107262	1.280032	12.079661	
11/28/2019 14:55:07.678629749	82.408013	26.843233	992.751795	14.320306	25.165191	590.218837	75.764237	27.809938	992.246988	5.857697	12.120519	
11/28/2019 14:55:08.678629749	82.289736	26.937604	992.717889	14.371190	25.259238	592.788738	75.612106	27.796444	992.129655	3.237176	12.115170	
11/28/2019 14:55:09.678629749	82.178030	26.837662	992.695416	14.276759	25.212459	591.502146	75.811233	27.807969	991.968958	8.286694	12.107193	
11/28/2019 14:55:10.678629749	82.401442	26.880361	992.264099	14.012118	25.249604	592.229550	75.767549	27.907472	992.385293	10.303311	12.112910	
11/28/2019 14:55:11.678629749	82.473723	26.921863	992.208981	13.726160	25.209357	592.582411	75.615813	27.776008	992.268909	5.382952	12.124225	
11/28/2019 14:55:12.678629749	82.473723	26.870266	992.607496	14.135745	25.149353	592.836702	75.817357	27.804128	992.426769	1.281343	12.102515	
11/28/2019 14:55:13.678629749	82.316020	26.869967	993.493313	13.926598	25.144782	592.335340	75.610950	27.768642	991.809047	-0.669248	12.104354	
11/28/2019 14:55:14.678629749	82.289736	26.937155	992.417938	14.449793	25.252747	593.372893	75.826030	27.854451	992.361007	9.293037	12.114645	
11/28/2019 14:55:15.678629749	82.565716	26.832165	991.781765	14.158289	25.178457	592.571896	75.756115	27.819177	992.338772	6.913029	12.130507	
11/28/2019 14:55:16.678629749	82.250311	26.985949	992.965482	13.720532	25.372305	593.355810	75.685438	27.799661	991.825131	2.395107	12.099255	
