
Time stamp	Inside_humidity (in %rH)	Inside_temperature (in °C)	Inside_pressure (in mbar)	Soil_moisture (in %VWC)	Soil_temperature (in °C)	Inside_CO2_ratio (in ppm)	Outside_humidity (in %rH)	Outside_temperature (in °C)	Outside_pressure (in mbar)	Outside_PAR (in µmol m^-2 s^-1)	Power_box_charge (in V)	
11/28/2019 15:04:15.678629749	81.757490	26.881259	991.771987	26.296651	25.391000	619.416197	75.570525	27.946482	991.580224	10.036857	12.124922	
11/28/2019 15:04:16.678629749	81.718064	26.986024	993.577764	27.335959	25.474107	624.716320	75.953586	28.041518	991.442070	3.010807	12.106773	
11/28/2019 15:04:17.678629749	81.810058	26.881110	991.562321	26.563767	25.409450	624.842487	75.772464	27.962981	991.806840	10.687400	12.129574	
11/28/2019 15:04:18.678629749	82.053182	27.014180	993.195965	26.591238	25.402184	628.557036	75.822928	28.064664	992.414787	9.778266	12.085010	
11/28/2019 15:04:19.678629749	82.125463	26.948821	991.934500	26.527413	25.287647	627.227079	75.596809	27.950842	991.458789	1.878966	12.129048	
11/28/2019 15:04:20.678629749	82.191172	27.019452	991.930084	26.806630	25.379163	634.507696	76.085399	28.008943	991.940571	9.841671	12.111661	
11/28/2019 15:04:21.678629749	82.007186	27.033621	993.645654	26.468329	25.316220	632.393163	75.898863	27.924172	991.683990	6.116288	12.116406	
11/28/2019 15:04:22.678629749	81.994044	27.017880	993.750764	27.053786	25.357039	636.432322	75.931927	28.047953	991.118305	4.044130	12.070514	
11/28/2019 15:04:23.678629749	81.921764	26.923884	992.049071	26.502585	25.316506	635.837653	75.747888	27.943889	991.338147	6.627187	12.135133	
11/28/2019 15:04:24.678629749	82.105750	27.050335	992.796188	26.958500	25.341487	640.721837	75.721605	27.990888	992.078089	12.392235	12.107850	
11/28/2019 15:04:25.678629749	82.059753	27.002588	991.871498	26.595468	25.290137	640.292099	75.656947	27.943783	991.250779	5.232823	12.126367	
11/28/2019 15:04:26.678629749	82.105750	26.977801	993.256916	26.940263	25.390470	643.107092	75.879150	28.011124	992.178862	12.418176	12.105564	
11/28/2019 15:04:27.678629749	82.210885	26.970358	992.610099	26.302787	25.247114	641.340820	75.786105	28.002615	991.789649	2.208825	12.117983	
11/28/2019 15:04:28.678629749	82.243740	27.098456	993.213864	27.076356	25.345161	647.627900	76.008913	27.946376	992.277268	9.964549	12.091830	
11/28/2019 15:04:29.678629749	82.250311	26.901149	991.809047	26.113562	25.239767	644.575699	75.900571	28.020976	991.579274	6.592344	12.125618	
11/28/2019 15:04:30.678629749	82.276594	26.925306	992.272378	26.507750	25.292464	648.056986	75.925199	28.111981	992.182805	10.326630	12.115302	
11/28/2019 15:04:31.678629749	81.915193	26.997616	990.905726	26.944236	25.267197	648.148324	75.715586	27.989545	992.176025	12.131024	12.114066	
11/28/2019 15:04:32.678629749	82.118892	26.944373	990.994670	26.931085	25.294097	651.283981	75.747888	28.056980	991.395707	2.180263	12.100083	
11/28/2019 15:04:33.678629749	82.138605	26.933754	990.601517	26.324251	25.213643	649.849540	75.615865	28.007081	991.712691	6.183624	12.130875	
11/28/2019 15:04:34.678629749	82.289736	27.080994	992.632571	27.086784	25.268911	653.807223	75.861041	27.970029	991.689034	5.811059	12.103461	
11/28/2019 15:04:35.678629749	82.210885	26.928332	991.757636	26.853212	25.248461	653.571330	75.845796	27.937348	991.655760	9.379761	12.134830	
11/28/2019 15:04:36.678629749	82.276594	27.003562	992.797292	26.998755	25.270299	656.973108	75.882015	28.043804	991.769622	10.424878	12.113252	
11/28/2019 15:04:37.678629749	82.033470	26.907769	990.608692	26.402798	25.245931	656.464515	75.735798	27.982073	991.972745	8.867551	12.134646	
11/28/2019 15:04:38.678629749	82.335733	27.055233	990.885066	26.411480	25.371734	661.712737	75.651637	27.877373	991.938206	9.891970	12.071697	
11/28/2019 15:04:39.678629749	82.125463	26.913190	991.351866	26.326878	25.211929	658.257069	75.596205	27.982073	991.838856	9.796343	12.130192	
11/28/2019 15:04:40.678629749	82.256882	26.986997	992.049860	26.476258	25.184743	660.923560	75.937080	28.087280	991.994665	1.774165	12.099702	
11/28/2019 15:04:41.678629749	82.171459	26.880661	992.228299	26.623091	25.232624	661.065494	75.836570	28.016003	992.048917	9.015059	12.107837	
11/28/2019 15:04:42.678629749	82.204314	27.029921	992.349731	27.197816	25.305118	664.662433	75.786710	27.997736	991.432610	6.675136	12.096128	
11/28/2019 15:04:43.678629749	82.256882	26.913041	991.676182	26.351915	25.234869	663.017064	75.649876	27.971490	991.758111	11.538643	12.134252	
11/28/2019 15:04:44.678629749	82.460581	27.091912	992.615461	27.317200	25.238012	665.040259	75.968935	27.981236	991.671215	10.754737	12.110045	
11/28/2019 15:04:45.678629749	82.381730	26.991521	992.436941	26.622386	25.171355	664.448874	75.773068	27.972315	990.937738	3.388344	12.109164	
11/28/2019 15:04:46.678629749	82.263453	26.797732	991.851390	27.701346	25.287606	665.874769	75.862854	28.139371	991.612234	6.228952	12.069515	
11/28/2019 15:04:47.678629749	82.283165	26.996343	991.407930	26.954063	25.192948	665.833373	75.844639	27.964537	991.104587	5.714121	12.113922	
11/28/2019 15:04:48.678629749	82.072895	26.986324	993.549220	27.207194	25.229521	667.863136	75.977871	28.004583	991.501052	4.071381	12.090463	
11/28/2019 15:04:49.678629749	81.994044	27.013057	990.734224	26.733065	25.332875	667.880881	75.615470	28.019633	992.047023	7.920682	12.101673	
11/28/2019 15:04:50.678629749	82.283165	27.056356	992.182330	27.083107	25.188948	669.766742	75.852814	28.004795	992.047652	7.449868	12.082355	
11/28/2019 15:04:51.678629749	82.289736	26.902572	991.813068	26.725593	25.207928	668.532061	75.957449	27.991619	991.905089	10.257983	12.137288	
11/28/2019 15:04:52.678629749	82.276594	26.935476	991.782711	27.707673	25.294382	669.576182	75.957554	28.060303	991.758740	9.982626	12.103855	
11/28/2019 15:04:53.678629749	82.322591	26.902572	991.979997	26.513549	25.200295	669.823252	75.720448	27.966198	991.817250	10.485662	12.138169	
11/28/2019 15:04:54.678629749	82.447439	27.076695	994.002221	27.193995	25.207683	670.845691	75.904330	28.001472	991.815671	7.184725	12.106418	
11/28/2019 15:04:55.678629749	82.362017	27.028199	993.347281	27.009823	25.163191	669.844935	75.898416	27.952292	991.277430	6.043980	12.113922	
11/28/2019 15:04:56.678629749	82.460581	26.981875	993.133514	26.990000	25.196907	671.310257	75.906747	27.973246	992.174760	6.901504	12.067294	
11/28/2019 15:04:57.678629749	82.434297	26.949645	991.968406	27.098870	25.197724	671.908873	75.799352	27.969098	991.704017	10.979795	12.140008	
11/28/2019 15:04:58.678629749	82.388301	27.086640	993.564437	27.316423	25.156742	671.701883	75.657104	28.002509	991.800374	6.042670	12.084510	
11/28/2019 15:04:59.678629749	82.164888	26.966284	993.007353	26.689911	25.093758	670.707041	75.963259	28.011748	991.734612	4.813890	12.100543	
11/28/2019 15:05:00.678629749	82.250311	27.004011	992.054118	27.548899	25.228052	675.970377	75.931218	28.045572	992.084713	13.253691	12.098244	
11/28/2019 15:05:01.678629749	82.362017	26.986249	992.677596	27.191448	25.147027	673.296655	75.565058	27.931019	991.250936	10.162356	12.108967	
11/28/2019 15:05:02.678629749	82.460581	27.003112	992.108604	27.365696	25.268585	676.264749	75.882619	28.012679	991.795958	11.902034	12.121662	
11/28/2019 15:05:03.678629749	82.197743	26.939625	992.972500	26.634928	25.141639	674.814541	75.718240	28.000646	991.721208	5.852455	12.133424	
11/28/2019 15:05:04.678629749	82.414584	27.040315	993.403423	26.902427	25.157558	679.233506	75.788261	28.056155	991.820244	3.892961	12.100596	
11/28/2019 15:05:05.678629749	82.486865	26.976304	991.107427	26.653638	25.122944	677.339099	75.802559	28.019738	991.463205	4.380541	12.121662	
11/28/2019 15:05:06.678629749	82.362017	27.014704	990.718138	27.043774	25.417329	681.507056	75.728228	28.064664	991.671687	14.086857	12.085877	
11/28/2019 15:05:07.678629749	82.388301	26.971631	991.694239	26.806421	25.092044	678.593494	75.567713	27.995355	991.620436	5.173350	12.134370	
11/28/2019 15:05:08.678629749	82.624854	27.050635	991.347845	27.039497	25.138822	682.097125	75.793176	28.024300	991.935841	5.051783	12.089688	
11/28/2019 15:05:09.678629749	82.342304	26.928108	991.768361	26.759575	25.148210	681.273783	75.880701	27.988095	991.680203	8.316566	12.107916	
11/28/2019 15:05:10.678629749	82.342304	26.918088	990.706547	26.863967	25.182743	682.728591	75.756719	28.008319	991.877646	10.663041	12.122346	
11/28/2019 15:05:11.678629749	82.618284	27.112401	991.584479	25.875864	25.101963	684.164347	75.566162	27.857869	991.894679	6.142228	12.093552	
11/28/2019 15:05:12.678629749	82.434297	26.985874	992.367473	27.216989	25.161762	683.851567	75.859280	27.957065	991.595200	9.241427	12.128877	
11/28/2019 15:05:13.678629749	82.237169	26.902796	992.370942	26.751334	25.159191	683.212871	75.862249	28.000540	991.972745	8.780827	12.138142	
11/28/2019 15:05:14.678629749	82.388301	26.966134	992.967690	26.969937	25.087799	683.394885	75.587478	27.969415	991.598672	2.448028	12.129942	
11/28/2019 15:05:15.678629749	82.532861	26.966508	992.791221	26.921241	25.121229	683.465194	75.870766	28.018701	991.316384	3.804927	12.119231	
11/28/2019 15:05:16.678629749	82.434297	26.960937	991.748096	26.760993	25.087513	684.343730	75.799852	28.019220	991.726095	3.777676	12.123029	
11/28/2019 15:05:17.678629749	82.237169	27.028125	992.184933	27.207194	25.150741	685.556729	75.606744	27.904668	991.557353	7.380181	12.129153	
11/28/2019 15:05:18.678629749	82.513148	27.003112	992.252823	26.950964	25.122903	686.079774	75.721947	27.972739	991.349500	3.380752	12.122885	
11/28/2019 15:05:19.678629749	82.348875	26.907918	991.773800	26.848662	25.166824	686.354442	75.872027	27.995661	991.944043	9.298279	12.134187	
11/28/2019 15:05:20.678629749	82.335733	26.976828	992.528250	26.917709	25.118944	687.271743	75.620833	27.981861	991.635890	1.849094	12.122057	
11/28/2019 15:05:21.678629749	82.467152	26.950468	992.098511	26.938973	25.097677	687.060816	75.647668	27.987576	991.617913	3.212546	12.121636	
11/28/2019 15:05:22.678629749	82.539432	26.943924	991.786023	27.127270	25.197724	688.536653	75.871028	27.961319	992.036928	11.476548	12.135448	
11/28/2019 15:05:23.678629749	82.316020	27.001765	992.630758	27.239840	25.145884	688.315211	75.602328	27.936936	991.835384	8.853406	12.135566	
11/28/2019 15:05:24.678629749	82.309449	26.976603	992.031408	26.825403	25.090615	688.309296	75.765736	28.008118	991.874180	3.039098	12.132951	
11/28/2019 15:05:25.678629749	82.316020	26.997391	993.564280	27.107151	25.167681	689.494698	75.808683	27.910372	991.642828	9.237495	12.127011	
11/28/2019 15:05:26.678629749	82.440868	27.086939	991.592758	26.300752	25.137394	688.626013	75.578700	28.031983	991.730196	2.660251	12.100031	
11/28/2019 15:05:27.678629749	82.526290	26.967107	992.633361	26.753544	25.100534	689.208199	75.930956	27.993281	991.853203	7.089098	12.095852	
11/28/2019 15:05:28.678629749	82.296307	26.933904	991.797062	26.918927	25.179845	690.480340	75.785658	27.953329	991.885377	10.833597	12.135540	
11/28/2019 15:05:29.678629749	82.473723	26.918387	992.114123	26.862053	25.182417	690.301610	75.633423	27.944301	991.935841	10.321388	12.140022	
11/28/2019 15:05:30.678629749	82.611713	27.022928	993.397589	27.084565	25.123801	690.150477	75.823770	27.895122	991.634311	4.935458	12.121925	
11/28/2019 15:05:31.678629749	82.394871	26.950318	991.770568	26.798981	25.092901	689.388245	75.744629	28.021919	991.519978	5.426969	12.126748	
11/28/2019 15:05:32.678629749	82.618284	27.017880	993.609934	26.949346	25.084411	690.815455	75.568922	27.930607	991.130766	4.628918	12.119021	
11/28/2019 15:05:33.678629749	82.322591	27.001466	991.806840	27.271540	25.144455	691.414071	75.769205	27.906742	991.563348	7.967320	12.127445	
11/28/2019 15:05:34.678629749	82.381730	26.949345	991.960127	27.143729	25.192336	692.226898	75.811942	27.951255	991.638412	11.660210	12.139522	
11/28/2019 15:05:35.678629749	82.539432	26.997242	992.382218	27.241490	25.173355	692.184187	75.672349	27.958726	991.699759	11.867191	12.135842	
11/28/2019 15:05:36.678629749	82.289736	27.029173	993.267641	27.155799	25.127760	692.265663	75.731277	27.907366	991.334360	3.480310	12.123528	
11/28/2019 15:05:37.678629749	82.572287	27.176188	991.674055	25.946433	25.078737	693.715218	75.856835	27.846767	991.710955	5.855076	12.090069	
11/28/2019 15:05:38.678629749	82.592000	27.054859	992.665926	27.094320	25.128046	693.692873	75.666882	27.929570	991.507360	4.158105	12.131322	
11/28/2019 15:05:39.678629749	82.375159	27.018105	992.257870	27.054979	25.117556	693.566054	75.522873	27.926352	991.456896	3.317347	12.132110	
11/28/2019 15:05:40.678629749	82.644567	26.986848	992.374649	26.927264	25.089799	694.024704	75.839068	28.008637	991.607661	2.741732	12.126919	
11/28/2019 15:05:41.678629749	82.309449	27.023377	992.117435	26.741266	25.113882	694.457073	75.818013	27.995249	991.815828	2.661561	12.104828	
11/28/2019 15:05:42.678629749	82.526290	26.998215	992.184143	27.048315	25.117270	694.880243	75.572129	27.961944	991.385932	2.530820	12.131032	
11/28/2019 15:05:43.678629749	82.618284	27.030370	992.725379	26.899096	25.087227	694.391364	75.860883	28.002308	991.657811	1.688751	12.111241	
11/28/2019 15:05:44.678629749	82.342304	27.034220	992.304076	27.380001	25.175314	696.595920	75.770913	27.932681	991.397443	6.362044	12.133621	
11/28/2019 15:05:45.678629749	82.513148	27.026071	992.628313	27.183071	25.123393	696.760851	75.608952	27.899895	991.885534	8.373418	12.109756	
11/28/2019 15:05:46.678629749	82.355446	26.955815	992.224358	27.319427	25.170784	696.924467	75.768495	27.970241	992.003496	11.449298	12.113882	
11/28/2019 15:05:47.678629749	82.394871	26.950842	991.876071	26.776907	25.140496	696.429673	75.843088	28.006044	991.935527	6.651817	12.121965	
11/28/2019 15:05:48.678629749	82.664280	27.024425	991.236191	27.133589	25.075594	695.913196	75.648772	27.979999	991.517613	1.809008	12.118548	
11/28/2019 15:05:49.678629749	82.224027	26.992569	990.855261	27.226040	25.165967	697.182706	75.637234	27.943370	991.600723	11.570865	12.116511	
11/28/2019 15:05:50.678629749	82.401442	26.986997	993.230108	27.285572	25.190336	697.014490	75.871922	27.955922	992.257556	10.876304	12.119888	
11/28/2019 15:05:51.678629749	82.618284	27.023601	991.956106	27.163640	25.113311	696.194432	75.667434	27.905186	991.491749	4.794503	12.118442	
11/28/2019 15:05:52.678629749	82.572287	26.971256	993.377796	26.942033	25.117270	696.681996	75.531599	27.953435	990.979686	3.131064	12.101240	
11/28/2019 15:05:53.678629749	82.414584	27.034145	991.117757	27.204999	25.075063	697.057855	75.819617	27.973564	991.137704	2.682259	12.104762	
11/28/2019 15:05:54.678629749	82.756273	26.991970	991.539454	27.491257	25.046450	697.363404	75.478032	27.993693	991.360382	2.968101	12.106523	
11/28/2019 15:05:55.678629749	82.473723	27.002888	992.479679	27.153308	25.107637	697.198473	75.843431	27.967235	991.422043	3.727377	12.108021	
11/28/2019 15:05:56.678629749	82.296307	27.013432	993.092038	26.826581	25.090615	700.038441	75.897811	27.894497	990.874342	9.869962	12.119205	
11/28/2019 15:05:57.678629749	82.513148	27.039941	992.308729	26.685602	25.122372	696.816699	75.614814	27.993281	991.425830	3.808858	12.095825	
11/28/2019 15:05:58.678629749	82.697135	27.039567	991.170981	27.176999	25.064573	698.662479	75.782741	27.963605	991.734769	2.661561	12.108494	
11/28/2019 15:05:59.678629749	82.362017	27.014255	993.056476	27.004361	25.086656	698.601369	75.804267	28.015590	991.487333	3.274640	12.117076	
11/28/2019 15:06:00.678629749	82.427726	26.950393	991.208988	27.011874	25.166824	700.767813	75.730331	28.002096	991.822137	9.624206	12.131256	
11/28/2019 15:06:01.678629749	82.598571	27.024724	992.583763	27.063052	25.105065	700.531257	75.629059	27.987470	991.526602	2.776576	12.131256	
11/28/2019 15:06:02.678629749	82.624854	27.044988	993.547879	27.406983	25.127760	702.427632	75.905881	27.899376	991.467935	8.095440	12.129166	
11/28/2019 15:06:03.678629749	82.637996	27.024874	992.178229	27.021692	25.099963	701.578009	75.892397	27.971490	991.613812	4.005355	12.134186	
11/28/2019 15:06:04.678629749	82.388301	26.997766	991.537089	26.962537	25.113270	702.343525	75.643805	28.007494	991.692664	5.376399	12.135527	
11/28/2019 15:06:05.678629749	82.480294	27.060729	992.508617	27.262882	25.141639	703.390277	75.780244	27.937973	991.437340	3.930426	12.130283	
11/28/2019 15:06:06.678629749	82.637996	27.071573	992.458705	28.287548	25.252666	706.221046	75.766997	28.058748	991.743443	1.542554	12.121150	
11/28/2019 15:06:07.678629749	82.670851	26.982474	991.759687	27.014524	25.128291	703.850243	75.633922	27.970040	992.222546	9.296968	12.113120	
11/28/2019 15:06:08.678629749	82.690564	27.036391	992.213239	27.339193	25.237767	706.244697	76.026366	28.089672	992.522182	11.828416	12.101345	
11/28/2019 15:06:09.678629749	82.368588	27.033696	992.274428	26.805621	25.113596	704.333207	75.697581	27.949699	991.487648	2.680949	12.127563	
11/28/2019 15:06:10.678629749	82.467152	27.102306	993.551033	28.363891	25.255809	706.445109	75.653792	28.001778	992.240837	10.793512	12.093223	
11/28/2019 15:06:11.678629749	82.447439	26.976678	991.811807	28.056114	25.166538	703.511181	75.821510	28.074834	992.279476	8.800214	12.075508	
11/28/2019 15:06:12.678629749	82.729990	27.097376	992.602686	27.327964	25.160865	706.672466	75.979580	28.014965	991.574701	10.871333	12.078084	
11/28/2019 15:06:13.678629749	82.532861	27.150202	991.203232	27.518079	25.101677	705.330679	75.695373	27.926871	991.432610	9.034446	12.102383	
11/28/2019 15:06:14.678629749	82.683993	27.145903	992.206379	27.904739	25.250176	705.105291	75.954585	28.008319	992.185328	10.444266	12.100451	
11/28/2019 15:06:15.678629749	82.493436	27.008010	993.270558	27.361764	25.139639	704.268813	75.801560	27.946376	991.480867	7.230052	12.100964	
11/28/2019 15:06:16.678629749	82.572287	27.041213	993.458383	27.438780	25.198622	707.505007	75.746784	28.055118	992.002075	8.142078	12.094367	
11/28/2019 15:06:17.678629749	82.670851	27.092361	991.509254	26.930604	25.093187	704.883196	75.537119	27.936936	991.868343	3.356122	12.109900	
11/28/2019 15:06:18.678629749	82.821983	27.161495	991.555383	27.885285	25.217888	706.984583	75.799195	27.980824	992.272853	16.165297	12.094327	
11/28/2019 15:06:19.678629749	82.381730	27.039567	993.186976	27.426942	25.141925	706.371516	75.832706	27.910478	991.682254	10.228382	12.132176	
11/28/2019 15:06:20.678629749	82.559145	27.020500	992.419594	27.548217	25.218705	707.887433	75.845848	28.027623	991.820401	3.807548	12.117220	
11/28/2019 15:06:21.678629749	82.716848	26.982174	991.898938	27.064070	25.171355	706.654068	75.648720	27.965986	992.003968	11.059966	12.133582	
11/28/2019 15:06:22.678629749	82.559145	27.083539	993.875270	27.687929	25.070002	709.375753	75.928853	27.895016	991.222864	10.926874	12.093683	
11/28/2019 15:06:23.678629749	82.624854	26.979480	991.462733	27.545599	25.153884	708.015568	75.816857	27.937242	991.867714	12.093559	12.099466	
11/28/2019 15:06:24.678629749	82.348875	27.024200	992.525176	28.317798	25.283566	710.970526	75.758875	27.981131	992.067522	12.314685	12.128036	
11/28/2019 15:06:25.678629749	82.618284	27.009208	992.119643	27.140789	25.076737	708.261976	75.706650	27.964124	991.638098	1.563252	12.130822	
11/28/2019 15:06:26.678629749	82.723419	27.063274	992.198809	27.397716	25.088656	709.715468	75.883513	28.045678	991.927639	6.291046	12.087401	
11/28/2019 15:06:27.678629749	82.408013	27.007486	992.129815	27.527194	25.160334	710.103157	75.722209	27.940153	991.791700	11.867191	12.132649	
11/28/2019 15:06:28.678629749	82.710277	27.150576	992.589834	27.980194	25.222378	711.693982	75.663675	27.980093	991.739184	11.638201	12.119520	
11/28/2019 15:06:29.678629749	82.375159	26.994664	992.284521	27.024328	25.066818	709.681955	75.678710	28.021813	991.539377	3.436293	12.109808	
11/28/2019 15:06:30.678629749	82.532861	27.057404	992.133442	27.685047	25.197479	711.715665	76.086660	27.933612	991.531803	15.435892	12.106247	
11/28/2019 15:06:31.678629749	82.585429	26.976528	992.759285	27.278540	25.154374	712.135550	75.758218	27.931750	992.248096	8.906326	12.113199	
11/28/2019 15:06:32.678629749	82.670851	27.051009	993.328592	27.450457	25.076247	713.587727	75.690406	27.925103	992.047967	9.489804	12.059685	
11/28/2019 15:06:33.678629749	82.473723	26.978400	991.702913	26.816866	25.138822	712.264338	75.843983	27.955615	991.822294	6.937658	12.117089	
11/28/2019 15:06:34.678629749	82.729990	27.019078	992.279948	27.436193	25.203969	715.370428	75.812546	28.017346	991.844215	0.899874	12.073589	
11/28/2019 15:06:35.678629749	82.454010	26.983297	991.692741	26.898335	25.087718	712.794613	75.610555	27.970971	991.908562	7.553358	12.118232	
11/28/2019 15:06:36.678629749	82.500007	27.077069	992.008384	27.794420	25.182458	716.148427	75.940943	28.006245	992.179019	10.631859	12.111201	
11/28/2019 15:06:37.678629749	82.624854	26.965835	990.888221	27.392342	25.175641	715.260692	75.873840	27.956546	991.979840	9.960617	12.138576	
11/28/2019 15:06:38.678629749	82.618284	27.140856	992.950579	28.070250	25.235971	717.835191	75.745785	27.989121	991.800531	11.845182	12.119362	
11/28/2019 15:06:39.678629749	82.421155	27.029771	992.084081	27.063829	25.094289	714.644993	75.750990	27.985184	991.826395	3.407732	12.133700	
11/28/2019 15:06:40.678629749	82.526290	27.010405	993.339474	27.493971	25.208500	717.774081	75.889927	28.027729	992.279319	15.160265	12.110426	
11/28/2019 15:06:41.678629749	82.631425	27.040166	993.171284	27.740070	25.141067	716.532169	75.816043	27.918468	991.638255	10.268467	12.130494	
11/28/2019 15:06:42.678629749	82.546003	27.093484	992.295797	27.908840	25.141067	716.346208	75.728228	28.001578	991.782869	4.146310	12.113133	
11/28/2019 15:06:43.678629749	82.539432	27.024425	992.189663	27.161589	25.093718	715.438106	75.580855	27.977818	991.824188	2.709239	12.132715	
11/28/2019 15:06:44.678629749	82.677422	27.009283	992.396569	27.757842	25.250992	718.930570	75.694112	28.048683	992.150475	11.211405	12.122398	
11/28/2019 15:06:45.678629749	82.342304	27.040091	991.150954	27.660787	25.141925	717.218177	75.758113	27.958726	991.360697	11.973302	12.118258	
11/28/2019 15:06:46.678629749	82.552574	27.198623	992.041343	28.107388	25.195479	716.865316	75.638442	27.961732	992.316851	17.911528	12.085877	
11/28/2019 15:06:47.678629749	82.723419	26.998290	991.617201	27.086848	25.093432	715.620120	75.499796	27.983216	992.082505	6.591033	12.110163	
11/28/2019 15:06:48.678629749	82.519719	27.129339	991.823161	28.113066	25.180131	717.873303	75.633475	27.941603	991.385454	6.204322	12.092724	
11/28/2019 15:06:49.678629749	82.500007	27.093858	991.401069	27.761543	25.107923	716.677387	75.693508	27.954059	991.062639	11.252801	12.116484	
11/28/2019 15:06:50.678629749	82.828554	27.078341	991.877412	27.028748	25.157558	716.141196	75.677316	28.125676	991.586055	3.438914	12.076191	
11/28/2019 15:06:51.678629749	82.440868	26.904518	993.026514	27.869571	25.000528	715.681230	75.509127	28.012373	991.378044	5.650717	12.092330	
11/28/2019 15:06:52.678629749	82.624854	27.114646	992.390655	27.735361	25.216174	718.036256	75.643752	28.034470	992.217973	7.558601	12.095747	
11/28/2019 15:06:53.678629749	82.795699	27.093409	992.554824	27.237436	25.116984	717.362079	75.691195	27.956134	991.163568	2.988799	12.111964	
11/28/2019 15:06:54.678629749	82.585429	27.047009	990.946098	27.482366	25.143598	719.849187	75.734142	28.011018	991.592521	4.731098	12.075850	
11/28/2019 15:06:55.678629749	82.500007	27.087463	992.568860	27.510975	25.138782	719.438500	75.487863	27.930607	991.590313	8.523547	12.116195	
11/28/2019 15:06:56.678629749	82.887692	27.091612	992.049465	27.226342	25.078778	718.603328	75.749282	28.024818	991.594571	3.068970	12.065533	
11/28/2019 15:06:57.678629749	82.598571	26.998814	991.786969	27.615423	25.030000	718.929907	75.647668	27.973564	991.905404	2.928015	12.097954	
11/28/2019 15:06:58.678629749	82.637996	27.113898	991.497820	28.766418	25.274504	721.942690	75.676160	27.992338	992.041501	11.409212	12.099466	
11/28/2019 15:06:59.678629749	82.618284	27.087688	990.591187	27.489839	25.116086	720.504965	75.535910	27.994212	992.091336	9.233564	12.110413	
11/28/2019 15:07:00.678629749	82.486865	27.089409	991.201418	27.993641	25.194907	721.782358	75.868111	28.059372	992.660486	10.859538	12.093867	
11/28/2019 15:07:01.678629749	82.598571	27.045961	992.612307	27.005410	25.204500	720.636384	75.688802	27.970347	992.207091	10.956475	12.105590	
11/28/2019 15:07:02.678629749	82.775986	27.208717	991.587001	27.837166	25.206826	721.257335	75.617126	27.926141	991.443649	6.570335	12.086442	
11/28/2019 15:07:03.678629749	82.697135	27.107920	993.705344	27.538101	25.126985	720.725744	75.676659	28.127232	992.078404	13.960047	12.078780	
11/28/2019 15:07:04.678629749	82.559145	27.035118	991.293517	27.282200	25.084942	719.855754	75.843378	27.992550	991.811255	4.231723	12.128430	
11/28/2019 15:07:05.678629749	82.769415	27.261511	991.814015	28.536465	25.228664	722.556410	75.806080	27.946058	991.518399	9.214176	12.087756	
11/28/2019 15:07:06.678629749	82.578858	27.081667	991.576514	27.350687	25.120372	721.049039	75.502660	27.940153	991.458789	8.276481	12.104302	
11/28/2019 15:07:07.678629749	82.841696	27.084811	992.363058	28.124311	25.266014	725.136172	75.987887	28.044641	992.098589	16.347918	12.093368	
11/28/2019 15:07:08.678629749	82.789128	27.083314	991.364798	27.335165	25.101392	721.562885	75.833705	27.931231	991.419363	1.648666	12.127589	
11/28/2019 15:07:09.678629749	82.808841	27.178882	992.779944	28.061911	25.166620	723.823288	75.840433	27.962981	991.920387	15.616933	12.100031	
11/28/2019 15:07:10.678629749	82.454010	27.050410	991.910371	27.433534	25.085227	722.112874	75.716137	27.990476	991.883641	5.649406	12.136986	
11/28/2019 15:07:11.678629749	82.532861	27.098456	992.426217	28.335458	25.327527	725.138140	75.711774	27.980093	992.171131	13.125842	12.117891	
11/28/2019 15:07:12.678629749	82.651138	27.031343	990.715221	26.968447	25.064287	722.984179	75.946805	27.947106	992.047652	5.429591	12.073694	
11/28/2019 15:07:13.678629749	82.874550	27.136482	992.468797	27.677238	25.183315	727.578589	75.937342	28.035095	991.982205	13.738921	12.106457	
11/28/2019 15:07:14.678629749	82.565716	27.008684	990.694561	27.119157	25.147558	725.474571	75.706255	27.979268	991.916128	9.093919	12.131243	
11/28/2019 15:07:15.678629749	82.618284	27.120442	992.646765	27.663037	25.133189	727.121244	75.678867	28.012785	991.758426	6.429380	12.106431	
11/28/2019 15:07:16.678629749	82.519719	26.977426	991.563110	27.172594	25.141884	726.995088	75.964363	28.001165	992.222388	7.121320	12.120545	
11/28/2019 15:07:17.678629749	82.624854	27.157121	991.316541	28.317222	25.224909	728.568831	75.883670	27.989745	991.660962	11.737760	12.097705	
11/28/2019 15:07:18.678629749	82.513148	27.087763	991.045529	27.114439	25.097391	726.952376	75.843983	27.988814	991.843900	4.803406	12.110505	
11/28/2019 15:07:19.678629749	82.775986	27.031718	992.039136	27.459203	25.194336	728.388785	75.939392	28.070580	992.217815	15.571605	12.114079	
11/28/2019 15:07:20.678629749	82.821983	27.119244	993.158195	27.384301	25.113311	727.829597	75.600068	27.898857	991.732718	5.633950	12.109716	
11/28/2019 15:07:21.678629749	82.670851	27.183480	992.655596	27.903185	25.190662	728.388785	75.676107	27.980411	991.500737	5.120430	12.112542	
11/28/2019 15:07:22.678629749	82.388301	26.987446	992.659460	27.267023	25.172498	728.739677	75.788865	27.905080	992.561293	10.836219	12.084142	
11/28/2019 15:07:23.678629749	82.486865	27.106198	993.763853	28.039414	25.214174	728.599059	75.844245	28.001990	992.413522	12.977024	12.088900	
11/28/2019 15:07:24.678629749	82.592000	26.998065	991.800374	27.269618	25.141598	726.217089	75.701892	27.966092	991.947037	10.981105	12.141507	
11/28/2019 15:07:25.678629749	82.828554	27.067274	991.054203	27.691846	25.200581	726.576517	75.898758	28.023262	992.483228	14.834338	12.103789	
11/28/2019 15:07:26.678629749	82.532861	27.067648	990.941997	27.181876	25.098004	725.397031	75.888533	27.982179	991.404066	3.088357	12.115354	
11/28/2019 15:07:27.678629749	82.519719	27.188528	991.655523	27.974563	25.226664	727.719860	75.797853	27.994106	991.463834	4.286225	12.094248	
11/28/2019 15:07:28.678629749	82.716848	27.052057	993.092748	27.387193	25.063389	726.179629	75.891031	27.949699	991.213089	2.022542	12.093920	
11/28/2019 15:07:29.678629749	82.762844	27.020874	993.454519	27.465017	25.087268	730.625538	75.956450	27.870632	991.102536	7.527689	12.101726	
11/28/2019 15:07:30.678629749	82.421155	27.009956	991.360540	27.170776	25.065675	727.618670	75.684334	28.007081	991.729882	4.644374	12.106667	
11/28/2019 15:07:31.678629749	82.749702	27.036615	992.213082	28.349682	25.097473	727.458990	75.984732	28.068506	991.588105	12.034086	12.062222	
11/28/2019 15:07:32.678629749	82.631425	27.046111	992.267490	27.605108	25.161232	729.742402	75.906538	27.934543	992.174446	11.737760	12.111937	
11/28/2019 15:07:33.678629749	82.716848	27.119394	992.482281	28.313658	25.230583	732.775552	75.848713	27.948344	991.765521	9.851885	12.112923	
11/28/2019 15:07:34.678629749	82.493436	27.036316	992.096776	26.880395	25.121229	729.539358	75.713930	27.972421	991.703074	5.640232	12.129613	
11/28/2019 15:07:35.678629749	82.644567	27.073668	992.294851	27.256610	25.104535	732.574476	76.071653	28.065913	992.139436	5.082965	12.109611	
11/28/2019 15:07:36.678629749	82.703706	27.078042	992.020527	27.476944	25.069920	731.561237	75.834966	27.962981	991.436711	0.741882	12.131545	
11/28/2019 15:07:37.678629749	82.848267	27.198997	994.090455	28.285304	25.192989	734.009570	75.808183	27.944301	991.936156	14.884908	12.111398	
11/28/2019 15:07:38.678629749	82.513148	27.130387	993.410046	27.966114	25.150129	733.480610	75.865956	27.916394	991.583690	10.863469	12.119678	
11/28/2019 15:07:39.678629749	82.572287	27.099803	991.012489	28.089215	25.208500	734.322350	75.922492	28.013304	991.653710	3.891651	12.103487	
11/28/2019 15:07:40.678629749	82.729990	26.935101	992.664979	28.086228	25.079839	733.755278	75.747941	27.974495	992.299346	6.343967	12.101555	
11/28/2019 15:07:41.678629749	82.848267	27.080213	991.988986	27.312811	25.084411	733.827556	75.701787	28.104097	992.063107	5.755518	12.104328	
11/28/2019 15:07:42.678629749	82.559145	27.056505	991.982047	27.310737	25.103065	732.795918	75.967622	27.987259	991.900831	5.050472	12.134226	
11/28/2019 15:07:43.678629749	82.683993	27.173161	991.422123	27.997069	25.148170	735.540601	75.774829	27.941190	991.747701	6.553569	12.101634	
11/28/2019 15:07:44.678629749	82.598571	27.088287	992.725064	27.173195	25.104249	734.290806	75.585323	27.935898	991.469828	3.317347	12.107206	
11/28/2019 15:07:45.678629749	82.736560	27.037289	991.837986	27.585164	25.199438	735.342157	75.835361	28.056261	992.111835	5.243308	12.102883	
11/28/2019 15:07:46.678629749	82.677422	27.034819	992.247540	27.384542	25.158048	736.533474	75.791178	27.972421	991.879068	11.620124	12.140547	
11/28/2019 15:07:47.678629749	82.605142	27.152598	991.953266	27.772403	25.122127	737.516484	75.684387	27.989957	991.807154	11.049752	12.107088	
11/28/2019 15:07:48.678629749	82.539432	27.105075	991.461154	27.791152	25.111596	736.972410	75.819460	27.925940	991.570286	7.006305	12.113580	
11/28/2019 15:07:49.678629749	82.756273	27.146802	993.429916	27.546536	25.162375	737.444860	75.833415	27.998466	991.721365	4.672936	12.080055	
11/28/2019 15:07:50.678629749	82.756273	27.115469	993.074928	27.496158	25.105065	737.375866	75.597860	27.903218	991.421571	1.587882	12.123923	
11/28/2019 15:07:51.678629749	82.513148	27.052206	991.409428	27.874448	25.195152	738.391737	75.777826	28.010499	991.800059	5.464434	12.111635	
11/28/2019 15:07:52.678629749	82.690564	27.061627	992.168294	27.512785	25.074451	737.193852	75.778878	27.961319	991.524394	0.986327	12.127405	
11/28/2019 15:07:53.678629749	82.802270	27.063274	990.679264	27.636615	25.072492	737.336438	76.001790	28.043604	992.517609	5.134575	12.045820	
11/28/2019 15:07:54.678629749	82.532861	27.124292	992.431185	27.977942	25.114454	737.815466	75.643805	27.872706	991.500580	6.201701	12.111675	
11/28/2019 15:07:55.678629749	82.828554	27.267831	992.460518	28.382560	25.183886	739.050799	75.607796	27.945857	991.592678	10.231003	12.101555	
11/28/2019 15:07:56.678629749	82.513148	27.009732	991.629029	27.104852	25.160579	737.930455	75.718583	27.936311	992.028097	8.489743	12.128720	
11/28/2019 15:07:57.678629749	82.802270	27.079090	992.434734	27.871349	25.198295	739.592905	75.942100	28.021294	991.826553	4.591454	12.110098	
11/28/2019 15:07:58.678629749	82.480294	27.019377	991.677681	27.679728	25.155517	738.554037	75.769809	27.953953	991.868658	11.132544	12.132596	
11/28/2019 15:07:59.678629749	82.775986	27.072620	991.803291	27.422561	25.063104	737.747125	75.614866	27.974189	991.585740	1.335574	12.117615	
11/28/2019 15:08:00.678629749	82.473723	27.041363	992.068389	28.269767	25.388715	740.650171	75.790521	28.020976	992.232163	11.313585	12.119757	
11/28/2019 15:08:01.678629749	82.749702	27.057478	992.401299	27.099125	25.075308	737.670901	75.730726	27.962568	991.845951	3.850255	12.121413	
11/28/2019 15:08:02.678629749	82.532861	27.052057	991.131713	27.426172	25.109596	738.636829	75.960104	28.106065	992.248724	5.213436	12.063720	
11/28/2019 15:08:03.678629749	82.664280	27.082940	991.469276	27.641341	25.112698	737.822034	75.825636	28.008012	992.040557	4.596425	12.105892	
11/28/2019 15:08:04.678629749	82.611713	27.247193	992.372203	28.358732	25.182498	740.156030	75.665830	27.926871	991.708433	12.053474	12.094866	
11/28/2019 15:08:05.678629749	82.605142	27.061852	992.856273	27.520330	25.177029	740.006876	75.624144	27.914108	991.896730	11.313585	12.134528	
11/28/2019 15:08:06.678629749	82.565716	27.116143	992.398934	28.198116	25.213031	740.046956	75.871922	27.983004	991.697865	3.454370	12.117207	
11/28/2019 15:08:07.678629749	82.572287	27.126912	993.115300	27.782279	25.134577	740.699451	75.657603	27.882358	991.524551	10.781988	12.093946	
11/28/2019 15:08:08.678629749	82.670851	27.117416	991.731852	27.624729	25.097187	741.045081	75.556332	28.046821	992.540316	9.817041	12.054928	
11/28/2019 15:08:09.678629749	82.624854	27.035717	991.724125	27.581768	25.058287	741.506363	75.770099	27.950323	992.044815	1.520546	12.106326	
11/28/2019 15:08:10.678629749	82.861408	27.331094	992.393415	28.056802	25.188458	744.067716	75.858490	27.905599	991.658597	10.802686	12.092224	
11/28/2019 15:08:11.678629749	82.808841	27.014554	992.713079	27.264700	25.117229	743.821308	75.779087	27.990994	991.841850	7.060536	12.132294	
11/28/2019 15:08:12.678629749	82.585429	27.119993	991.876308	28.064387	25.188336	745.671687	75.715586	28.054906	991.950824	2.428640	12.119336	
11/28/2019 15:08:13.678629749	82.526290	27.082565	990.767578	27.532840	25.115270	744.492201	75.735194	27.998360	992.266544	4.663762	12.112437	
11/28/2019 15:08:14.678629749	82.605142	27.149047	992.270170	28.096271	25.163191	746.058713	75.995719	28.013928	992.124453	14.822813	12.117273	
11/28/2019 15:08:15.678629749	82.546003	27.081218	991.377887	27.595263	25.148415	745.769594	75.708567	27.906223	992.093544	9.444476	12.111740	
11/28/2019 15:08:16.678629749	82.821983	27.246444	992.158202	28.232940	25.188743	746.494366	75.594654	27.939528	991.804789	15.314325	12.102738	
11/28/2019 15:08:17.678629749	82.710277	27.040764	991.690218	27.345465	25.117801	744.172853	75.954480	27.951773	992.062635	5.808438	12.119441	
11/28/2019 15:08:18.678629749	82.841696	27.089035	991.596937	28.562143	25.278463	746.027832	75.981683	28.033740	992.159306	6.958356	12.099821	
11/28/2019 15:08:19.678629749	82.762844	27.040914	991.753221	27.181412	25.150374	744.065747	75.734142	27.937973	991.911713	9.806557	12.138418	
11/28/2019 15:08:20.678629749	82.723419	27.141829	992.431579	27.725606	25.183560	746.313015	75.754906	28.000540	991.964542	12.622535	12.109309	
11/28/2019 15:08:21.678629749	82.703706	27.098980	991.329316	27.488885	25.099432	744.426492	75.743867	27.890348	992.268437	9.284134	12.070501	
11/28/2019 15:08:22.678629749	82.841696	27.115020	992.051278	28.079852	25.203724	744.472487	75.859647	28.014754	992.319059	11.290266	12.106142	
11/28/2019 15:08:23.678629749	82.723419	27.120517	992.104740	27.838503	25.135108	745.101984	75.677264	27.914838	991.699759	9.038378	12.126196	
11/28/2019 15:08:24.678629749	82.795699	27.157271	991.613418	28.414846	25.254380	746.000235	75.739662	27.984972	992.045602	9.604818	12.096890	
11/28/2019 15:08:25.678629749	82.854837	27.141979	992.146374	27.646987	25.104494	745.500841	75.857729	27.913282	991.355809	3.760910	12.132294	
11/28/2019 15:08:26.678629749	82.736560	27.047309	991.904143	28.013424	25.238216	747.755339	75.925356	27.998773	992.154261	11.414454	12.106852	
11/28/2019 15:08:27.678629749	82.670851	27.094157	992.327496	27.180395	25.056328	746.152020	75.701287	28.004488	991.826081	2.424708	12.112266	
11/28/2019 15:08:28.678629749	82.670851	27.178658	992.860846	28.249423	25.166905	748.555672	75.594102	27.948662	992.065314	11.746934	12.113383	
11/28/2019 15:08:29.678629749	82.532861	27.015303	991.899332	27.463985	25.141312	748.694322	75.771203	27.976157	992.126504	6.341346	12.114487	
11/28/2019 15:08:30.678629749	82.572287	27.194399	992.885527	28.045333	25.152415	749.130628	75.932717	27.980411	991.660176	1.832327	12.111530	
11/28/2019 15:08:31.678629749	82.447439	27.056655	991.856043	27.394801	25.141027	749.524232	75.870476	27.957583	991.922437	8.414814	12.133819	
11/28/2019 15:08:32.678629749	82.440868	27.009507	992.018556	27.976181	25.267973	751.803696	75.867164	28.022119	992.128397	11.047131	12.119875	
11/28/2019 15:08:33.678629749	82.447439	27.072171	991.726332	27.642350	25.182988	750.599896	75.595705	27.940153	992.003654	11.003114	12.137288	
11/28/2019 15:08:34.678629749	82.598571	27.110347	991.669559	27.865822	25.168579	750.988238	76.018034	28.044016	992.385136	10.699195	12.114447	
11/28/2019 15:08:35.678629749	82.598571	27.045737	991.353602	27.531326	25.141353	750.701086	75.778588	27.940153	992.021473	9.037067	12.138300	
11/28/2019 15:08:36.678629749	82.775986	27.193875	993.443086	27.981387	25.127475	751.106511	75.616574	28.001059	991.662384	0.763891	12.094025	
11/28/2019 15:08:37.678629749	82.664280	27.035567	991.546000	27.743970	25.173355	751.925253	75.660653	27.939116	991.995923	10.203752	12.129469	
11/28/2019 15:08:38.678629749	82.749702	27.052132	991.982757	28.116783	25.233971	751.527712	75.999582	28.041730	992.132970	8.761439	12.124462	
11/28/2019 15:08:39.678629749	82.743131	27.056430	991.563819	27.586045	25.156660	751.559909	75.791677	27.964018	992.106791	11.911208	12.140652	
11/28/2019 15:08:40.678629749	82.848267	27.149272	993.092433	27.960451	25.137394	751.859543	75.668433	27.987470	991.922752	10.185675	12.106076	
11/28/2019 15:08:41.678629749	82.598571	27.136333	992.016348	27.255105	25.049511	750.681373	75.883408	27.975744	991.795486	2.034066	12.104657	
11/28/2019 15:08:42.678629749	82.526290	27.183630	992.719230	28.202994	25.205398	752.611260	75.904540	27.988814	992.259606	13.705117	12.095444	
11/28/2019 15:08:43.678629749	82.486865	27.115245	993.284594	27.436225	25.085227	751.034233	75.667381	27.997429	991.675473	2.401389	12.125802	
11/28/2019 15:08:44.678629749	82.519719	27.110422	992.162538	28.001586	25.169681	751.665699	75.978870	28.019527	991.778296	4.868121	12.105169	
11/28/2019 15:08:45.678629749	82.565716	27.062451	993.075717	27.323992	25.088330	750.377139	75.806974	28.013410	991.856990	2.997702	12.122898	
11/28/2019 15:08:46.678629749	82.683993	27.137381	993.279784	27.718437	25.172212	751.918685	75.803111	28.010605	992.141801	10.113096	12.099439	
11/28/2019 15:08:47.678629749	82.703706	27.035642	991.655760	27.441711	25.105351	750.293031	76.007704	27.995249	991.822294	5.363565	12.133017	
11/28/2019 15:08:48.678629749	82.854837	27.094606	992.322685	27.709811	25.108494	750.493443	76.013985	28.070993	992.095595	8.905015	12.111241	
11/28/2019 15:08:49.678629749	82.749702	27.120442	992.433787	27.596545	25.074451	750.729999	75.713930	27.982591	991.640463	1.993980	12.130507	
11/28/2019 15:08:50.678629749	82.697135	27.220384	992.903032	28.161698	25.151027	752.026443	75.690958	27.946482	991.481181	4.896683	12.116406	
11/28/2019 15:08:51.678629749	82.421155	27.151550	992.854932	27.869467	25.130863	753.067942	75.906195	27.896783	991.403594	9.100472	12.133543	
11/28/2019 15:08:52.678629749	82.434297	27.200194	990.753937	27.305378	25.315853	752.837301	75.921887	28.034989	992.071938	2.859368	12.094498	
11/28/2019 15:08:53.678629749	82.473723	27.083089	991.756218	27.680073	25.175600	754.054900	75.742921	27.946894	992.290515	10.322698	12.118469	
11/28/2019 15:08:54.678629749	82.690564	27.169835	993.125630	27.655724	25.142210	754.258596	76.005497	28.047339	992.084713	4.300370	12.090555	
11/28/2019 15:08:55.678629749	82.611713	27.184454	993.890252	29.158028	25.315568	759.088246	75.991513	27.956228	991.789964	12.169799	12.104565	
11/28/2019 15:08:56.678629749	82.690564	27.077818	991.885691	27.469407	25.094575	754.493836	75.725468	28.008012	991.817879	3.310794	12.131243	
11/28/2019 15:08:57.678629749	82.835125	27.057628	991.363694	27.754470	25.152415	757.889046	76.241946	28.121940	992.107105	5.816301	12.073116	
11/28/2019 15:08:58.678629749	82.375159	27.067947	992.411077	27.849235	25.146455	757.568382	75.820274	27.986327	991.798009	11.276120	12.112016	
11/28/2019 15:08:59.678629749	82.887692	27.215935	993.624365	28.100443	25.213929	758.674928	75.797696	27.979162	992.286414	16.453759	12.080489	
11/28/2019 15:09:00.678629749	82.670851	27.072022	992.320320	27.867753	25.160334	758.521827	76.036853	27.941815	991.894679	12.669174	12.137170	
11/28/2019 15:09:01.678629749	82.821983	27.173086	992.634622	28.217707	25.183560	758.467285	75.956003	27.981861	991.680518	1.971972	12.108612	
11/28/2019 15:09:02.678629749	82.473723	27.083164	991.591969	27.438043	25.087472	757.296345	75.808131	27.993175	991.912027	4.456781	12.127997	
11/28/2019 15:09:03.678629749	82.592000	27.096328	992.407293	28.067838	25.199724	761.095010	75.959605	28.034470	991.406746	5.659890	12.075587	
11/28/2019 15:09:04.678629749	82.703706	27.137006	992.673101	27.624946	25.103922	759.356336	75.961760	27.903112	991.408324	2.322529	12.131072	
11/28/2019 15:09:05.678629749	82.736560	27.121265	991.392318	28.001378	25.198050	761.432756	76.163304	28.060409	992.220652	11.023812	12.105603	
11/28/2019 15:09:06.678629749	82.500007	27.137006	991.557668	27.685751	25.101677	759.979918	75.896865	27.913176	991.349186	3.766152	12.114723	
11/28/2019 15:09:07.678629749	82.565716	27.180529	992.641797	28.255847	25.186703	761.479405	75.831208	27.989333	991.719943	13.662411	12.080909	
11/28/2019 15:09:08.678629749	82.552574	27.126163	992.131076	27.750033	25.104494	760.178362	75.901018	27.926458	991.335939	3.018400	12.121754	
11/28/2019 15:09:09.678629749	82.578858	27.132408	992.074698	28.164398	25.163436	760.706005	76.081798	28.022744	991.752274	2.695094	12.118101	
11/28/2019 15:09:10.678629749	82.532861	27.088661	993.215677	27.730083	25.175886	761.480067	75.950484	27.957065	991.747858	11.801165	12.125986	
11/28/2019 15:09:11.678629749	82.690564	27.144075	992.678620	27.886854	25.147884	763.929715	75.870424	28.008425	991.816143	7.784969	12.107180	
11/28/2019 15:09:12.678629749	82.710277	27.158019	993.297683	27.529003	25.094003	760.942562	75.722104	27.906848	991.510990	0.966940	12.127957	
11/28/2019 15:09:13.678629749	82.795699	27.194324	992.499706	28.185998	25.183600	761.755388	76.093731	27.989745	991.959812	11.166077	12.092816	
11/28/2019 15:09:14.678629749	82.756273	27.199970	991.830259	28.008514	25.135394	760.180330	75.874392	27.943370	991.369528	6.538113	12.105708	
11/28/2019 15:09:15.678629749	82.795699	27.183106	991.116496	28.456838	25.241114	762.155560	75.892002	27.963288	992.072095	13.653507	12.120637	
11/28/2019 15:09:16.678629749	82.789128	27.152373	992.501757	27.641837	25.090615	761.035868	75.663070	27.899376	991.334203	3.539783	12.127668	
11/28/2019 15:09:17.678629749	82.815412	27.095505	992.711185	27.908359	25.171110	763.737187	76.134812	28.019114	991.591099	4.964019	12.086652	
11/28/2019 15:09:18.678629749	82.565716	27.109374	992.416362	27.558854	25.155517	761.816498	75.990461	27.989439	991.745651	10.471517	12.120059	
11/28/2019 15:09:19.678629749	82.519719	27.122313	992.647079	27.756384	25.139353	761.891407	76.035749	28.085005	991.795644	6.569025	12.091147	
11/28/2019 15:09:20.678629749	82.414584	27.109898	992.339638	27.965809	25.176784	761.815183	75.689854	27.896677	991.688405	11.316206	12.131729	
11/28/2019 15:09:21.678629749	82.651138	27.231077	993.733811	28.404192	25.167477	762.269234	76.042215	27.935898	992.352019	17.325699	12.100478	
11/28/2019 15:09:22.678629749	82.624854	27.130836	993.499227	27.875057	25.163436	761.967631	75.919837	27.931644	991.850838	11.229482	12.126262	
11/28/2019 15:09:23.678629749	82.828554	27.278300	993.699510	28.355641	25.191519	764.096615	75.758980	27.934131	991.730825	9.945162	12.120650	
11/28/2019 15:09:24.678629749	82.703706	27.083539	991.338699	27.437274	25.144415	762.018226	75.805766	27.974495	991.782869	9.498707	12.127024	
11/28/2019 15:09:25.678629749	82.572287	27.111395	990.810631	28.474610	25.258054	764.899590	76.186171	28.014341	991.949088	11.534711	12.087559	
11/28/2019 15:09:26.678629749	82.421155	27.056730	992.821106	27.668123	25.154660	762.557700	75.904487	27.943370	991.802739	9.734249	12.128706	
11/28/2019 15:09:27.678629749	82.651138	27.186325	992.126818	27.821026	25.104249	763.094543	75.761030	28.034682	991.793593	5.918481	12.109927	
11/28/2019 15:09:28.678629749	82.572287	27.147700	992.802812	27.668996	25.095432	763.063662	75.869714	27.907991	991.355809	3.903175	12.129561	
11/28/2019 15:09:29.678629749	82.835125	27.220758	991.947195	27.950896	25.137965	764.138011	75.880963	28.025549	991.756218	6.733299	12.111714	
11/28/2019 15:09:30.678629749	82.782557	27.067199	991.979288	27.491617	25.101106	763.795665	75.772516	27.989957	991.907926	5.958567	12.133924	
11/28/2019 15:09:31.678629749	82.539432	27.126313	991.893970	28.065092	25.220378	767.819056	75.815149	28.009981	991.920701	7.677547	12.127668	
11/28/2019 15:09:32.678629749	82.460581	27.104102	991.835698	27.825752	25.169967	767.612728	75.920783	27.892010	991.715371	11.539953	12.136486	
11/28/2019 15:09:33.678629749	82.572287	27.197168	992.902794	27.528418	25.025183	769.635922	76.105769	27.998985	991.791385	6.110006	12.066414	
11/28/2019 15:09:34.678629749	82.677422	27.073968	992.920617	27.800748	25.179560	768.081893	75.670745	27.997842	991.668850	11.163456	12.093039	
11/28/2019 15:09:35.678629749	82.486865	27.196120	992.323080	27.086118	25.133148	770.094573	75.816700	28.030428	992.435128	3.991210	12.078899	
11/28/2019 15:09:36.678629749	82.572287	27.110123	992.373702	27.590250	25.083227	768.175200	75.893448	27.980930	991.679731	0.659090	12.127681	
11/28/2019 15:09:37.678629749	82.743131	27.204418	991.830416	28.317613	25.222419	770.020980	75.952744	27.962769	991.931897	12.542364	12.116957	
11/28/2019 15:09:38.678629749	82.749702	27.072770	991.940414	27.769824	25.164293	769.993383	75.802664	27.923135	992.027939	11.005735	12.137643	
11/28/2019 15:09:39.678629749	82.486865	27.221956	992.571225	28.705459	25.224378	772.136165	75.840828	27.955509	991.745808	9.880446	12.123791	
11/28/2019 15:09:40.678629749	82.578858	27.083314	991.556407	27.527962	25.122617	770.691873	75.977662	27.969722	991.829075	8.291936	12.132097	
11/28/2019 15:09:41.678629749	82.716848	27.096478	992.506882	28.106115	25.198540	773.364278	75.899967	28.053350	992.276954	12.458261	12.088624	
11/28/2019 15:09:42.678629749	82.565716	27.093708	991.276563	27.501276	25.157477	771.002022	75.717793	27.983004	991.695343	7.187346	12.120913	
11/28/2019 15:09:43.678629749	82.565716	27.242145	991.518637	28.190667	25.151027	772.508740	75.805818	27.969310	992.122245	15.765751	12.100412	
11/28/2019 15:09:44.678629749	82.427726	27.189875	992.561842	26.886433	25.160048	770.218761	75.846847	27.943476	991.143541	3.520396	12.106536	
11/28/2019 15:09:45.678629749	82.769415	27.194698	992.863921	28.006528	25.158374	772.245239	75.790573	28.017558	991.528652	4.764631	12.091515	
11/28/2019 15:09:46.678629749	82.762844	27.179631	992.421802	27.880567	25.115270	772.648042	75.591841	27.866589	991.504681	6.325890	12.134765	
11/28/2019 15:09:47.678629749	82.546003	27.185202	991.584399	28.204371	25.174212	774.991900	75.915421	27.952292	991.590627	3.422148	12.109664	
11/28/2019 15:09:48.678629749	82.572287	27.077892	991.704412	27.460189	25.146700	773.485182	75.715034	27.934755	992.021002	10.981105	12.136618	
11/28/2019 15:09:49.678629749	82.802270	27.201018	993.202036	27.915904	25.151272	775.237655	75.869215	27.940566	992.001918	8.546866	12.098322	
11/28/2019 15:09:50.678629749	82.775986	27.099279	991.807944	27.468934	25.084656	772.484426	75.891845	27.993069	991.800216	5.278151	12.136933	
11/28/2019 15:09:51.678629749	82.427726	27.093558	991.609159	27.678792	25.127760	773.638283	75.846400	27.950217	991.947037	9.344917	12.128903	
11/28/2019 15:09:52.678629749	82.651138	27.142428	992.060347	27.440125	25.077023	773.158603	75.666277	27.948249	991.552623	2.801205	12.121229	
11/28/2019 15:09:53.678629749	82.670851	27.072546	990.490100	27.730651	25.173355	774.822369	75.973851	27.922722	991.907769	10.965649	12.132570	
11/28/2019 15:09:54.678629749	82.500007	27.141979	992.332306	27.625314	25.092003	773.761819	75.832863	27.915981	991.458160	1.814250	12.122135	
11/28/2019 15:09:55.678629749	82.670851	27.152148	993.102211	27.680305	25.089187	774.338089	75.722156	27.960801	991.671215	1.481771	12.128141	
11/28/2019 15:09:56.678629749	82.795699	27.072546	991.649452	27.688042	25.145598	775.036580	76.091471	27.918468	991.988671	8.951654	12.130481	
11/28/2019 15:09:57.678629749	82.394871	27.147400	992.547254	28.019151	25.135965	775.840208	75.906695	27.881946	991.706225	9.074532	12.130783	
11/28/2019 15:09:58.678629749	82.664280	27.136108	992.430475	28.019046	25.141353	776.318572	75.798248	27.889417	991.515877	9.510502	12.134541	
11/28/2019 15:09:59.678629749	82.414584	27.184603	991.942385	27.935791	25.134536	776.454590	75.897155	27.905292	991.576909	8.297179	12.122884	
11/28/2019 15:10:00.678629749	82.756273	27.153121	990.837913	27.693224	25.069920	775.698274	75.978423	27.931856	991.432138	2.158254	12.125986	
11/28/2019 15:10:01.678629749	82.473723	27.125714	992.267253	27.548826	25.086085	775.027381	75.848713	27.970865	991.877332	3.105124	12.132439	
11/28/2019 15:10:02.678629749	82.651138	27.178658	991.699444	27.826617	25.124332	776.181238	75.854075	27.910584	991.622958	5.226541	12.106483	
11/28/2019 15:10:03.678629749	82.598571	27.061403	990.897367	27.572750	25.119760	775.708789	76.125981	27.978856	992.172553	5.807127	12.112279	
11/28/2019 15:10:04.678629749	82.546003	27.164040	991.374576	28.004774	25.099718	776.182553	76.044632	27.821558	992.071781	8.671055	12.080844	
11/28/2019 15:10:05.678629749	82.716848	27.131210	992.176022	27.875298	25.149027	775.748216	75.814754	27.916806	991.712219	11.867191	12.130638	
11/28/2019 15:10:06.678629749	82.447439	27.083464	991.841061	27.667355	25.156048	775.743617	76.090419	27.909441	991.824030	12.026223	12.138195	
11/28/2019 15:10:07.678629749	82.710277	27.147850	992.359509	27.587703	25.069349	774.813823	76.008518	27.933211	991.412426	1.634521	12.112332	
11/28/2019 15:10:08.678629749	82.572287	27.147251	992.148029	27.956150	25.140210	775.360528	75.942809	27.849572	991.533225	8.052733	12.131795	
11/28/2019 15:10:09.678629749	82.480294	27.136707	992.325997	28.014873	25.155517	775.892118	75.774172	27.901038	991.769465	10.022712	12.136342	
11/28/2019 15:10:10.678629749	82.762844	27.115769	990.569661	27.645810	25.068206	774.333490	76.072310	27.961319	991.714742	3.511222	12.127024	
11/28/2019 15:10:11.678629749	82.565716	27.169162	992.842475	27.540040	25.062859	774.980070	75.846452	27.948768	991.406117	1.009647	12.116024	
11/28/2019 15:10:12.678629749	82.598571	27.117491	991.976528	27.317850	25.075063	774.732999	75.777878	27.945868	991.730353	5.508451	12.116761	
11/28/2019 15:10:13.678629749	82.729990	27.214962	991.705830	27.803807	25.122658	776.440792	76.057512	27.882464	991.454531	11.724925	12.114224	
11/28/2019 15:10:14.678629749	82.467152	27.093484	991.585740	27.628318	25.162579	776.672748	75.974612	27.925834	991.809205	11.435152	12.141309	
11/28/2019 15:10:15.678629749	82.677422	27.148374	991.079198	27.511567	25.092044	776.303458	75.687646	27.955202	991.716949	1.400289	12.103881	
11/28/2019 15:10:16.678629749	82.729990	27.115544	991.872602	28.054279	25.155517	777.736582	76.057512	27.890454	991.944672	12.546296	12.136946	
