
Time stamp	Inside_humidity (in %rH)	Inside_temperature (in °C)	Inside_pressure (in mbar)	Soil_moisture (in %VWC)	Soil_temperature (in °C)	Inside_CO2_ratio (in ppm)	Outside_humidity (in %rH)	Outside_temperature (in °C)	Outside_pressure (in mbar)	Outside_PAR (in µmol m^-2 s^-1)	Power_box_charge (in V)	
11/28/2019 15:47:07.678629749	80.568149	27.093858	990.588822	26.659637	25.145313	545.669111	77.033586	27.941920	991.654181	6.717843	12.127419	
11/28/2019 15:47:08.678629749	80.653571	27.238670	990.704734	26.702766	25.103963	545.644797	77.063129	28.060103	991.733983	3.793132	12.100044	
11/28/2019 15:47:09.678629749	80.982119	27.121116	991.815276	26.577895	25.114413	543.548008	76.952027	27.971902	991.401858	3.922562	12.118837	
11/28/2019 15:47:10.678629749	81.041257	27.174359	992.307625	26.523264	25.104861	543.510549	77.141271	28.035095	991.769622	4.214957	12.077545	
11/28/2019 15:47:11.678629749	80.706139	27.121116	991.572888	26.281955	25.127720	542.562366	77.077874	27.987777	991.401544	5.246969	12.127681	
11/28/2019 15:47:12.678629749	80.436730	27.190324	991.750618	26.811026	25.108494	542.565650	76.939385	28.069437	991.935527	5.640232	12.105826	
11/28/2019 15:47:13.678629749	80.068758	27.141380	991.806840	26.806470	25.139639	541.807364	76.907529	27.939010	991.311811	4.953535	12.116432	
11/28/2019 15:47:14.678629749	80.016190	27.217432	992.415021	26.329697	25.064042	542.710867	77.163743	27.978337	991.739027	12.741481	12.074023	
11/28/2019 15:47:15.678629749	79.871629	27.141230	992.062397	26.835680	25.130291	541.562924	76.698520	27.943264	991.537640	5.342867	12.121741	
11/28/2019 15:47:16.678629749	80.154180	27.158618	990.531259	26.558873	25.152456	540.680440	77.021390	28.119972	991.475822	8.950343	12.063877	
11/28/2019 15:47:17.678629749	80.272457	27.115844	991.992535	26.412393	25.118944	539.469419	76.934470	28.001578	991.307552	6.151131	12.125828	
11/28/2019 15:47:18.678629749	80.417018	27.169536	991.768675	26.669047	25.162048	539.608722	76.966720	28.054081	991.961863	8.818291	12.110308	
11/28/2019 15:47:19.678629749	80.233031	27.163965	991.753535	26.331628	25.082942	537.744542	76.841820	28.026067	991.585268	1.662811	12.115762	
11/28/2019 15:47:20.678629749	80.292170	27.190699	992.853276	26.617997	25.192376	539.468103	77.189922	28.043910	991.926538	6.870322	12.082276	
11/28/2019 15:47:21.678629749	80.193605	27.221058	990.944757	26.979196	25.133148	538.459463	76.753295	27.940671	991.180759	2.489424	12.113199	
11/28/2019 15:47:22.678629749	80.791561	27.275199	993.523908	27.082394	25.107678	538.626363	77.060764	28.042460	991.355495	-0.917625	12.095142	
11/28/2019 15:47:23.678629749	80.686426	27.195671	991.026762	26.518026	25.070492	537.732059	77.014924	28.038206	991.375208	-0.903480	12.127970	
11/28/2019 15:47:24.678629749	80.686426	27.274675	992.721200	26.907401	25.112780	538.540940	76.922484	28.030840	991.563819	-2.965153	12.103132	
11/28/2019 15:47:25.678629749	80.574720	26.995039	992.325288	27.269626	24.978119	537.065765	76.942539	27.996286	991.701180	1.290246	12.100175	
11/28/2019 15:47:26.678629749	80.627288	27.337489	992.875592	26.806453	25.159517	538.826123	77.174730	28.033221	991.885691	2.751946	12.079832	
11/28/2019 15:47:27.678629749	80.752136	27.126687	992.881820	26.476171	25.130536	539.053480	77.058713	27.879035	991.420942	12.736239	12.111123	
11/28/2019 15:47:28.678629749	80.890125	27.189651	991.874415	26.922122	25.190662	539.137588	77.010114	28.072442	991.890264	13.458051	12.106602	
11/28/2019 15:47:29.678629749	80.752136	27.163590	991.820638	26.467208	25.090615	538.496260	76.835905	28.004901	991.256931	-0.304546	12.130520	
11/28/2019 15:47:30.678629749	80.587862	27.327170	991.241239	27.245758	25.220419	540.257933	77.244750	28.061341	992.283577	6.791461	12.081133	
11/28/2019 15:47:31.678629749	80.962406	27.127211	991.679417	26.939086	25.156660	539.498332	77.040209	28.000953	991.281216	7.290836	12.111556	
11/28/2019 15:47:32.678629749	81.028115	27.254411	990.897761	27.060825	25.128903	538.843205	76.918068	28.057817	991.580853	1.479150	12.097967	
11/28/2019 15:47:33.678629749	80.719281	27.189351	992.056720	26.619319	25.101106	538.688788	76.998865	27.995249	991.417627	-1.612186	12.121636	
11/28/2019 15:47:34.678629749	80.896696	27.306606	990.608849	26.948633	25.075104	539.048217	77.111937	28.061965	991.366848	3.354811	12.075574	
11/28/2019 15:47:35.678629749	81.014973	27.143176	991.756138	26.365042	25.105351	538.412152	76.949215	28.051488	991.832547	0.736640	12.118206	
11/28/2019 15:47:36.678629749	80.916409	27.233398	991.715371	26.976560	25.102004	539.236147	77.019183	28.055742	991.348871	-1.472541	12.084050	
11/28/2019 15:47:37.678629749	80.758707	27.231826	992.998127	26.636546	25.111025	539.608722	77.091963	27.954472	991.342720	-0.402794	12.113567	
11/28/2019 15:47:38.678629749	81.074112	27.284695	992.023681	27.013515	25.152170	540.411034	77.061578	28.028554	991.826710	5.262695	12.103500	
11/28/2019 15:47:39.678629749	80.837558	27.137455	991.657022	26.678700	25.160538	540.056205	76.917122	27.992137	991.311968	6.860108	12.110137	
11/28/2019 15:47:40.678629749	80.758707	27.254037	991.590708	27.398742	25.220419	539.882074	77.043259	28.083544	991.767100	9.661670	12.084405	
11/28/2019 15:47:41.678629749	81.041257	27.200045	990.804796	26.706547	25.161191	539.712543	77.112332	27.973977	991.498215	4.236965	12.110373	
11/28/2019 15:47:42.678629749	80.909838	27.254037	991.500108	27.022574	25.167722	540.690302	77.082394	28.050652	991.826553	6.897573	12.099952	
11/28/2019 15:47:43.678629749	80.804703	27.211637	992.114675	26.559786	25.110453	538.928629	76.851807	28.011230	991.285475	-0.942255	12.126275	
11/28/2019 15:47:44.678629749	81.192389	27.243044	990.799040	26.741026	25.107678	539.265060	76.995107	28.098594	991.776088	2.717103	12.100031	
11/28/2019 15:47:45.678629749	81.014973	27.117116	991.828918	26.074717	25.108168	539.304488	77.101845	28.061553	991.852417	1.392426	12.102055	
11/28/2019 15:47:46.678629749	81.080683	27.164114	991.820086	26.602050	25.150986	539.561410	77.157882	28.110626	992.126189	10.238595	12.112752	
11/28/2019 15:47:47.678629749	81.146392	27.179631	992.266859	26.597277	25.088615	539.628435	76.925139	28.047646	991.677209	0.018760	12.115735	
11/28/2019 15:47:48.678629749	81.106967	27.233847	990.334920	26.574546	25.106249	540.348609	76.942092	28.155976	991.933476	2.039308	12.090910	
11/28/2019 15:47:49.678629749	80.791561	27.121490	991.231855	26.542094	25.183274	541.005051	77.158224	28.034883	991.568392	8.335954	12.122490	
11/28/2019 15:47:50.678629749	81.271240	27.181053	993.212366	26.537032	25.137394	540.571366	77.185165	28.150991	991.990407	7.589512	12.106733	
11/28/2019 15:47:51.678629749	81.133250	27.201093	991.411636	26.295955	25.075023	540.031892	76.941592	28.057192	991.600723	2.358682	12.130231	
11/28/2019 15:47:52.678629749	81.113538	27.217732	991.687773	26.819372	25.073921	540.927511	76.832594	28.124427	991.644721	-2.440109	12.100754	
11/28/2019 15:47:53.678629749	80.863842	27.144374	992.258579	26.720268	25.165681	541.978864	77.054140	27.988814	991.047499	6.219778	12.098099	
11/28/2019 15:47:54.678629749	81.120108	27.159591	992.746985	26.823008	25.174824	541.809332	77.053850	27.984041	991.487333	6.409993	12.124238	
11/28/2019 15:47:55.678629749	81.028115	27.259758	991.334598	27.510143	25.247890	541.497867	77.047384	28.009250	991.988514	-0.590387	12.046701	
11/28/2019 15:47:56.678629749	81.271240	27.174359	991.726332	26.321601	25.073594	539.816365	76.859429	28.094127	991.565870	1.539933	12.126315	
11/28/2019 15:47:57.678629749	81.067541	27.258560	991.724282	27.320781	25.252992	541.340167	77.172023	28.055213	991.842164	6.038738	12.107522	
11/28/2019 15:47:58.678629749	80.988690	27.126912	991.689904	26.482321	25.168498	541.455819	77.039605	28.026374	992.021473	6.543084	12.108665	
11/28/2019 15:47:59.678629749	81.185818	27.253138	992.057587	27.233721	25.271973	541.987410	77.067097	28.090285	991.807154	6.820023	12.119546	
11/28/2019 15:48:00.678629749	80.830987	27.189651	990.973381	26.853340	25.170538	541.966380	76.851807	27.995767	991.767414	7.947932	12.115170	
11/28/2019 15:48:01.678629749	81.192389	27.317449	992.347760	27.709627	25.230052	543.612402	77.202565	27.996074	991.410532	4.872053	12.113225	
11/28/2019 15:48:02.678629749	80.936122	27.238146	990.932614	26.661687	25.100534	541.307970	76.930159	27.980930	991.241791	-2.151646	12.122043	
11/28/2019 15:48:03.678629749	81.264669	27.275124	991.171061	27.132484	25.167436	542.417801	76.908238	28.078877	991.198264	0.498747	12.092093	
11/28/2019 15:48:04.678629749	80.909838	27.210514	990.910773	26.712778	25.141067	542.459860	77.085944	27.982380	991.550730	7.126562	12.110189	
11/28/2019 15:48:05.678629749	81.198960	27.338312	992.945060	27.180203	25.177355	543.622917	77.123975	28.015685	991.555146	1.876345	12.096877	
11/28/2019 15:48:06.678629749	81.159534	27.253887	992.361954	26.644492	25.149558	542.669471	76.889025	27.967129	991.285632	-1.639437	12.125999	
11/28/2019 15:48:07.678629749	81.028115	27.316326	992.430081	27.567521	25.205398	544.552049	76.845393	28.021495	991.664591	8.047491	12.090963	
11/28/2019 15:48:08.678629749	81.218673	27.222405	992.533692	26.448130	25.116127	542.067571	76.983016	28.070061	991.697237	-0.840075	12.093407	
11/28/2019 15:48:09.678629749	81.060970	27.306831	990.253151	27.102634	25.259523	542.465764	77.214760	28.146218	991.249043	6.080134	12.070356	
11/28/2019 15:48:10.678629749	81.212102	27.211562	992.415415	26.293960	25.141639	542.272583	77.022599	28.055742	991.272700	0.685030	12.086350	
11/28/2019 15:48:11.678629749	80.890125	27.342985	994.212124	28.168274	25.088411	546.893278	76.845945	28.034258	991.349815	11.375679	12.070606	
11/28/2019 15:48:12.678629749	81.192389	27.152747	992.498525	26.764461	25.138822	545.834042	76.863793	27.996699	991.176500	7.927234	12.108047	
11/28/2019 15:48:13.678629749	81.001831	27.310905	992.061845	27.249867	25.224093	547.137718	77.025359	28.028342	991.531489	6.624566	12.096548	
11/28/2019 15:48:14.678629749	81.106967	27.247866	992.674442	26.898495	25.157803	546.405714	76.955286	28.017452	991.747387	6.657059	12.105774	
11/28/2019 15:48:15.678629749	81.100396	27.279498	991.403909	27.232127	25.147639	545.755187	76.942749	28.114362	991.750066	3.741522	12.106037	
11/28/2019 15:48:16.678629749	81.284382	27.232350	991.882222	26.541581	25.076451	545.644797	76.927242	28.026998	991.230752	-1.222854	12.123726	
11/28/2019 15:48:17.678629749	81.231815	27.284919	992.272221	26.743966	25.107147	546.685635	77.088808	28.019833	991.408324	1.651287	12.067610	
11/28/2019 15:48:18.678629749	81.271240	27.264880	991.617439	26.455266	25.085799	545.048812	76.927951	28.073691	991.340198	-0.801300	12.124777	
11/28/2019 15:48:19.678629749	81.238385	27.316925	992.047100	27.489734	25.184213	546.506904	76.890733	28.002509	991.695658	6.572956	12.100662	
11/28/2019 15:48:20.678629749	81.001831	27.184753	991.263159	26.550199	25.115841	545.025814	76.773508	28.056674	991.900988	6.735920	12.132846	
11/28/2019 15:48:21.678629749	81.474939	27.322946	993.243512	26.843095	25.123842	545.759786	77.015319	28.080020	991.489384	-1.755762	12.095983	
11/28/2019 15:48:22.678629749	81.080683	27.153496	991.150559	26.534221	25.192866	544.964704	77.048831	28.037476	991.419049	6.870322	12.094261	
11/28/2019 15:48:23.678629749	81.494652	27.265029	991.666247	26.618069	25.142496	545.337932	77.048331	28.083544	991.944515	8.798904	12.113409	
11/28/2019 15:48:24.678629749	81.159534	27.269852	990.458796	26.982064	25.045552	545.002817	76.839165	28.077215	991.231066	-0.327865	12.104105	
11/28/2019 15:48:25.678629749	81.520936	27.317973	992.339796	27.030374	25.128903	545.868208	77.034979	28.057711	991.587162	1.250160	12.099282	
11/28/2019 15:48:26.678629749	81.225244	27.174434	991.209146	26.455434	25.141598	545.759134	76.899459	28.068706	991.681939	5.479890	12.127865	
11/28/2019 15:48:27.678629749	81.152963	27.312851	992.553800	27.218823	25.146210	547.171230	76.825471	28.034152	991.686512	10.756047	12.067991	
11/28/2019 15:48:28.678629749	81.350091	27.174209	992.088182	26.866290	25.136536	547.504377	77.071750	28.029697	991.962177	8.420057	12.108415	
11/28/2019 15:48:29.678629749	81.126679	27.306606	992.436152	27.145203	25.172539	548.453223	76.971845	28.025855	991.478974	9.316356	12.088610	
11/28/2019 15:48:30.678629749	81.343521	27.254037	992.162775	26.946318	25.140782	548.025454	76.772404	27.976157	991.333731	2.751946	12.130888	
11/28/2019 15:48:31.678629749	81.146392	27.254785	992.701330	26.772030	25.184703	549.076806	76.979205	28.102636	992.171924	8.655328	12.104197	
11/28/2019 15:48:32.678629749	81.258098	27.190998	991.157025	26.327792	25.146415	547.922948	77.094670	28.068706	991.625009	5.909307	12.135777	
11/28/2019 15:48:33.678629749	81.428943	27.222180	991.726490	27.087921	25.184743	549.828524	76.994712	28.132417	992.144166	13.608180	12.107377	
11/28/2019 15:48:34.678629749	81.093825	27.232425	990.493017	27.155134	25.184703	549.602482	76.827127	28.024818	991.585897	8.933577	12.110768	
11/28/2019 15:48:35.678629749	81.277811	27.323545	992.493320	26.916941	25.157803	550.231980	76.916860	28.099419	991.522500	7.739641	12.092054	
11/28/2019 15:48:36.678629749	81.363233	27.248690	991.737766	26.320592	25.071880	548.474906	77.017579	28.068918	991.642514	1.453209	12.117431	
11/28/2019 15:48:37.678629749	81.093825	27.222854	991.651502	26.889140	25.175927	551.359556	77.061473	28.156695	992.133127	11.287645	12.113882	
11/28/2019 15:48:38.678629749	81.238385	27.275648	992.271274	26.925791	25.113270	550.372598	76.767988	27.978231	991.164990	-2.090863	12.121032	
11/28/2019 15:48:39.678629749	81.258098	27.256058	991.029365	26.366107	25.156660	551.558653	77.062315	28.181291	991.747387	1.173921	12.093591	
11/28/2019 15:48:40.678629749	81.100396	27.238670	991.947589	27.062924	25.143884	551.503458	76.998970	28.021707	991.397286	4.022121	12.131663	
11/28/2019 15:48:41.678629749	81.350091	27.212984	991.859907	26.830994	25.208786	553.744812	77.040157	28.104816	992.006019	8.747294	12.116064	
11/28/2019 15:48:42.678629749	81.060970	27.201018	992.035115	26.784957	25.156089	552.215748	76.750536	28.010086	991.366534	3.534541	12.132018	
11/28/2019 15:48:43.678629749	81.225244	27.218930	990.106882	27.077933	25.178743	552.854445	77.223172	28.157944	991.534961	5.085316	12.088282	
11/28/2019 15:48:44.678629749	81.330379	27.174359	991.546709	26.794016	25.179315	553.250017	77.023703	28.036957	991.601037	7.804356	12.134765	
11/28/2019 15:48:45.678629749	81.310666	27.271499	992.882610	26.882004	25.160620	554.588521	77.019287	28.114987	991.231066	1.008336	12.095589	
11/28/2019 15:48:46.678629749	81.244956	27.296736	991.048131	26.703047	25.093718	552.831447	76.760366	28.014235	991.215454	-1.559265	12.123831	
11/28/2019 15:48:47.678629749	81.422372	27.318422	991.892314	26.853668	25.171110	555.231817	76.892731	28.075141	991.618542	1.573737	12.113541	
11/28/2019 15:48:48.678629749	81.238385	27.173610	991.534961	26.484403	25.171355	553.092317	77.020891	28.054387	991.335939	8.496296	12.096180	
11/28/2019 15:48:49.678629749	81.159534	27.245439	991.911870	26.833244	25.185560	555.319209	77.117799	28.154727	991.349815	2.041929	12.086232	
11/28/2019 15:48:50.678629749	81.304095	27.279648	991.113421	26.779607	25.147884	554.261942	76.755451	28.025855	991.323164	4.564203	12.108402	
11/28/2019 15:48:51.678629749	81.461798	27.286342	992.207720	26.681846	25.105351	554.924952	76.814931	28.014235	991.163096	-2.031390	12.124120	
11/28/2019 15:48:52.678629749	81.251527	27.218106	993.299339	26.385634	25.071920	556.367277	76.815036	27.976157	991.777824	-3.152747	12.089268	
11/28/2019 15:48:53.678629749	81.244956	27.179706	991.213404	26.687292	25.171396	555.093168	76.891233	28.067257	991.592363	7.784969	12.133989	
11/28/2019 15:48:54.678629749	81.382946	27.214256	992.434182	26.224794	25.105677	554.090442	76.804707	28.058854	991.493642	3.812519	12.103895	
11/28/2019 15:48:55.678629749	81.317237	27.248765	991.830022	26.596573	25.078696	553.948509	76.765780	28.084687	991.517770	1.604649	12.117615	
11/28/2019 15:48:56.678629749	81.192389	27.211562	992.352571	26.945982	25.186703	555.577447	76.904717	28.014235	991.666642	8.665812	12.131821	
11/28/2019 15:48:57.678629749	81.461798	27.222555	991.629976	26.609427	25.098820	554.605604	76.968718	28.105853	991.548365	0.435343	12.133989	
11/28/2019 15:48:58.678629749	81.501223	27.232949	991.726647	26.633759	25.083799	554.666714	76.992295	28.077215	991.375208	-0.038092	12.129547	
11/28/2019 15:48:59.678629749	81.146392	27.227377	992.101114	26.831971	25.127189	555.027458	76.928451	27.995143	991.301401	3.231933	12.123476	
11/28/2019 15:49:00.678629749	81.336950	27.237996	990.688884	26.640928	25.084370	553.925511	76.874832	28.081988	991.631632	1.214006	12.129745	
11/28/2019 15:49:01.678629749	81.428943	27.248241	991.929927	26.575436	25.069104	553.336093	76.813433	28.083650	991.774037	3.270708	12.131243	
11/28/2019 15:49:02.678629749	81.330379	27.216908	991.377573	26.540708	25.114984	553.624561	76.863188	28.091016	991.631789	4.089458	12.133832	
11/28/2019 15:49:03.678629749	81.126679	27.249289	991.302190	27.093647	25.124903	555.652356	76.959492	28.030216	991.125879	6.916960	12.125342	
11/28/2019 15:49:04.678629749	81.343521	27.186175	991.510280	26.485989	25.178743	555.440776	76.931815	28.084475	991.749123	8.068189	12.112831	
11/28/2019 15:49:05.678629749	81.290953	27.294865	992.852330	26.730558	25.110984	556.304852	76.846445	27.989957	991.446171	2.018610	12.094892	
11/28/2019 15:49:06.678629749	81.238385	27.296436	992.365817	26.740506	25.073880	555.878398	76.665718	28.080951	991.309917	-1.740306	12.127681	
11/28/2019 15:49:07.678629749	81.415801	27.190175	991.137549	26.686388	25.155517	557.327291	76.888316	28.042249	991.822137	7.618074	12.131243	
11/28/2019 15:49:08.678629749	81.389517	27.229249	991.590236	27.079047	25.168334	557.666353	76.955524	28.054493	991.505310	6.488853	12.110176	
11/28/2019 15:49:09.678629749	81.363233	27.286042	991.551991	27.324209	25.021183	557.906193	76.820056	28.020564	991.217977	-1.190632	12.100057	
11/28/2019 15:49:10.678629749	81.382946	27.206664	990.642441	27.036470	25.174784	558.543574	76.713817	28.060928	991.740763	7.350309	12.129482	
11/28/2019 15:49:11.678629749	81.356662	27.302607	992.405558	26.965436	25.117229	558.891836	76.692344	28.026268	991.101121	1.354961	12.125040	
11/28/2019 15:49:12.678629749	81.179247	27.243717	993.427631	26.644555	25.059471	560.018096	76.820398	28.064664	990.699605	2.369167	12.091870	
11/28/2019 15:49:13.678629749	81.461798	27.264955	993.313375	26.918622	25.149558	559.885362	76.908186	28.026998	991.281216	3.183984	12.121951	
11/28/2019 15:49:14.678629749	81.290953	27.238969	991.791542	26.364674	25.103637	558.759101	76.785546	28.081470	991.602773	1.251471	12.132688	
11/28/2019 15:49:15.678629749	81.376375	27.275498	992.855959	26.705706	25.134822	560.754700	76.726407	28.016203	991.546629	2.961548	12.109151	
11/28/2019 15:49:16.678629749	81.159534	27.190773	992.498840	26.719065	25.166008	560.293417	77.052984	28.051276	992.054118	8.050112	12.121846	
11/28/2019 15:49:17.678629749	81.363233	27.327769	992.302026	26.653654	25.127720	561.145010	76.891233	28.003970	991.198264	0.549317	12.105695	
11/28/2019 15:49:18.678629749	81.323808	27.238820	991.109163	26.290773	25.083513	560.317731	76.852911	28.100043	991.662226	0.986327	12.115367	
11/28/2019 15:49:19.678629749	81.310666	27.255309	991.491592	27.087961	25.163722	561.660834	76.676599	28.024924	991.423622	5.827825	12.125973	
11/28/2019 15:49:20.678629749	81.146392	27.248690	990.922993	27.154189	25.160334	561.607608	76.823211	28.039137	991.087082	9.385003	12.105406	
11/28/2019 15:49:21.678629749	81.409230	27.253962	991.729092	26.298750	25.094289	561.008339	77.010404	28.100043	991.531017	4.455470	12.136342	
11/28/2019 15:49:22.678629749	81.310666	27.212310	990.939080	26.596308	25.163722	561.529415	76.908238	28.104192	991.598987	7.409782	12.114513	
11/28/2019 15:49:23.678629749	81.330379	27.276097	991.847764	26.325565	25.078451	560.777697	76.745068	28.109801	991.799902	0.142948	12.103145	
11/28/2019 15:49:24.678629749	81.514365	27.228276	992.243834	26.831603	25.144455	561.754141	77.029565	28.070262	991.907297	6.653127	12.116984	
11/28/2019 15:49:25.678629749	81.238385	27.243343	991.506179	26.589773	25.112453	560.663361	76.902719	28.099525	991.544107	4.256353	12.135606	
11/28/2019 15:49:26.678629749	81.409230	27.269927	993.003332	26.931518	25.156374	561.908558	76.711609	28.016828	991.955554	8.152292	12.111228	
11/28/2019 15:49:27.678629749	81.277811	27.318347	991.858723	27.004673	25.140496	561.833649	76.946850	27.994106	991.188804	2.633000	12.115315	
11/28/2019 15:49:28.678629749	81.382946	27.254560	990.860229	26.387492	25.098820	560.876920	76.936677	28.079290	991.686355	5.931316	12.132951	
11/28/2019 15:49:29.678629749	81.520936	27.249513	992.492768	26.198531	25.104494	562.392838	76.799239	28.091534	991.849895	5.108635	12.107679	
11/28/2019 15:49:30.678629749	81.231815	27.244765	991.126510	26.639686	25.159517	562.580767	76.906925	28.036957	991.613812	8.870172	12.091515	
11/28/2019 15:49:31.678629749	81.514365	27.248540	991.252672	26.583677	25.108780	562.573536	77.009405	28.096413	991.612076	5.732198	12.132807	
11/28/2019 15:49:32.678629749	81.192389	27.255159	992.053329	27.025033	25.139924	563.763538	76.748328	28.039137	991.311968	4.574417	12.130428	
11/28/2019 15:49:33.678629749	81.396088	27.268430	991.534724	26.834750	25.128291	564.277384	76.892784	28.026268	991.252829	5.364875	12.095011	
11/28/2019 15:49:34.678629749	81.205531	27.334538	991.291861	26.660174	25.101677	564.015861	76.640485	28.030110	991.322692	-1.846417	12.121110	
11/28/2019 15:49:35.678629749	81.376375	27.307280	992.322291	26.750565	25.099432	565.136207	76.859272	28.033327	991.327108	-2.553813	12.094721	
11/28/2019 15:49:36.678629749	81.422372	27.238820	991.811807	26.981046	25.197438	566.129080	76.928898	28.052938	991.604981	6.668583	12.132596	
11/28/2019 15:49:37.678629749	81.238385	27.323844	991.649846	26.675687	25.115841	565.738107	76.786650	28.027517	991.195742	-1.332897	12.125631	
11/28/2019 15:49:38.678629749	81.422372	27.307579	992.873384	26.451294	25.105065	565.452271	76.756502	28.083650	991.263554	-1.334208	12.126564	
11/28/2019 15:49:39.678629749	81.474939	27.334463	991.488280	27.013860	25.119515	566.081769	76.689636	28.057711	991.248414	1.415745	12.127786	
11/28/2019 15:49:40.678629749	81.468368	27.328891	991.879382	26.641800	25.092861	565.603404	76.936967	28.081470	991.497900	-2.460807	12.107377	
11/28/2019 15:49:41.678629749	81.218673	27.291913	992.328205	27.055124	25.130251	566.334092	76.906425	28.012055	991.154737	1.044490	12.116090	
11/28/2019 15:49:42.678629749	81.474939	27.222180	992.692656	26.662865	25.166008	566.075854	76.848890	28.124427	991.725781	7.537903	12.130126	
11/28/2019 15:49:43.678629749	81.317237	27.403297	990.843590	26.375839	25.231440	565.258427	76.817349	28.126607	990.563037	2.361304	12.090201	
11/28/2019 15:49:44.678629749	81.369804	27.200194	991.664829	26.519027	25.154905	566.755294	76.753847	28.045360	991.336096	7.940069	12.099768	
11/28/2019 15:49:45.678629749	81.514365	27.344857	991.825211	27.004033	25.143027	567.287538	76.748775	28.020564	991.296514	0.783278	12.121176	
11/28/2019 15:49:46.678629749	81.317237	27.329415	992.019265	26.990401	25.129965	567.102892	76.888368	28.015791	991.227122	-0.701741	12.109611	
11/28/2019 15:49:47.678629749	81.520936	27.501742	991.974320	27.563876	25.212255	569.583423	76.748537	28.101281	991.483232	0.606169	12.102685	
11/28/2019 15:49:48.678629749	81.553791	27.238370	991.448145	26.658692	25.148456	567.605571	76.752087	28.081470	992.126189	6.574267	12.115551	
11/28/2019 15:49:49.678629749	81.672068	27.454744	992.469901	27.376052	25.177967	568.727232	77.059108	28.158769	991.539848	5.859008	12.107666	
11/28/2019 15:49:50.678629749	81.205531	27.361197	992.036533	27.180067	25.164293	568.384885	76.837561	28.069331	991.296356	2.876134	12.095260	
11/28/2019 15:49:51.678629749	81.593216	27.381012	991.912579	27.267182	25.237767	569.846261	76.821160	28.129094	991.789335	7.293457	12.108915	
11/28/2019 15:49:52.678629749	81.580075	27.334687	993.150073	26.811035	25.141353	569.455951	76.819847	28.029073	991.436554	1.151912	12.117536	
11/28/2019 15:49:53.678629749	81.442085	27.413242	992.209061	27.012810	25.175437	571.186081	76.883663	28.095164	992.231848	9.670844	12.071263	
11/28/2019 15:49:54.678629749	81.356662	27.291688	991.905798	27.000332	25.150701	570.339088	76.718180	27.997736	991.430088	5.360944	12.114119	
11/28/2019 15:49:55.678629749	81.685210	27.350054	991.421571	27.133877	25.177396	570.209637	76.855513	28.152546	991.848316	12.256523	12.108494	
11/28/2019 15:49:56.678629749	81.507794	27.239493	990.619416	27.127198	25.154089	570.450793	76.827731	28.066220	991.618228	7.717632	12.129666	
11/28/2019 15:49:57.678629749	81.402659	27.324443	992.990162	26.665483	25.129189	569.791067	76.701727	28.209198	992.117043	6.869011	12.090477	
11/28/2019 15:49:58.678629749	81.409230	27.296586	991.596622	26.673805	25.091473	569.666879	76.871258	28.098900	991.441599	0.335784	12.125303	
11/28/2019 15:49:59.678629749	81.527507	27.435902	992.518867	27.276873	25.201765	571.285303	76.827232	28.100562	991.865978	9.549277	12.082289	
11/28/2019 15:50:00.678629749	81.448656	27.212535	991.640463	26.760216	25.165150	570.511903	76.703383	28.075766	991.723101	9.093919	12.135593	
11/28/2019 15:50:01.678629749	81.343521	27.266826	991.986148	27.003752	25.170008	570.450793	76.900301	28.169458	991.738870	14.855036	12.079805	
11/28/2019 15:50:02.678629749	81.534078	27.318422	992.063107	26.401052	25.079554	569.455951	76.846130	28.138227	991.384196	-0.677111	12.124580	
11/28/2019 15:50:03.678629749	81.704922	27.266676	991.695343	26.736157	25.135108	569.127404	77.011061	28.200583	991.852103	6.545705	12.096154	
11/28/2019 15:50:04.678629749	81.363233	27.265029	990.856365	26.745215	25.109025	568.610927	76.677703	28.121728	991.349500	0.659090	12.099400	
11/28/2019 15:50:05.678629749	81.422372	27.266003	991.313939	26.920473	25.227236	571.901002	76.806652	28.171014	991.932212	8.254472	12.100951	
11/28/2019 15:50:06.678629749	81.566933	27.302232	990.923073	26.460144	25.090901	569.465150	76.880194	28.125983	991.749594	3.555239	12.108336	
11/28/2019 15:50:07.678629749	81.606358	27.287090	991.791542	26.768330	25.173926	572.086963	76.949767	28.219781	991.995137	3.147831	12.112463	
11/28/2019 15:50:08.678629749	81.244956	27.334238	991.479763	26.523985	25.136496	569.882405	76.609786	28.111145	991.213561	0.368006	12.098546	
11/28/2019 15:50:09.678629749	81.474939	27.244316	991.271990	26.981551	25.255278	573.893316	77.052432	28.159394	991.868343	8.694374	12.119192	
11/28/2019 15:50:10.678629749	81.573504	27.254111	992.757946	26.627656	25.140210	572.211151	76.861637	28.143413	991.773566	4.478789	12.111845	
11/28/2019 15:50:11.678629749	81.442085	27.335361	990.988046	27.099975	25.208214	575.264016	76.771300	28.100456	991.428509	0.669574	12.108481	
11/28/2019 15:50:12.678629749	81.422372	27.313525	991.610263	26.398289	25.074451	572.466758	76.807704	28.111251	991.248414	-0.838764	12.092658	
11/28/2019 15:50:13.678629749	81.626071	27.308852	992.751243	26.826485	25.198295	575.398719	76.896700	28.173607	991.598672	1.276100	12.112424	
11/28/2019 15:50:14.678629749	81.251527	27.318647	990.975903	26.493758	25.102249	574.101612	76.606527	28.078877	991.535118	-0.731342	12.108507	
11/28/2019 15:50:15.678629749	81.501223	27.329266	992.045759	27.228939	25.167396	574.556979	76.819847	28.142270	991.523922	-1.396302	12.113160	
11/28/2019 15:50:16.678629749	81.448656	27.255534	991.106166	26.932150	25.182417	575.281099	76.895439	28.085830	991.543635	7.919371	12.132596	
11/28/2019 15:50:17.678629749	81.336950	27.323245	990.934822	27.152652	25.274790	576.422474	76.814142	28.138947	991.629739	7.021761	12.118048	
11/28/2019 15:50:18.678629749	81.455227	27.291988	992.837270	26.911791	25.165722	575.641844	76.578035	28.058748	991.421414	6.201701	12.128535	
11/28/2019 15:50:19.678629749	81.415801	27.381087	992.091493	27.487260	25.247033	576.697142	76.991191	28.072749	991.485283	8.029414	12.119744	
11/28/2019 15:50:20.678629749	81.356662	27.351775	991.893104	26.487239	25.134046	575.397404	76.750930	28.064558	991.200943	-1.021115	12.109138	
11/28/2019 15:50:21.678629749	81.547220	27.396753	991.835778	27.521548	25.237440	576.794386	76.656939	28.084369	991.798166	8.745984	12.095063	
11/28/2019 15:50:22.678629749	81.435514	27.291913	991.695738	26.328969	25.093718	574.952552	76.768383	28.127538	991.576909	1.927954	12.126867	
11/28/2019 15:50:23.678629749	81.540649	27.375964	992.037874	27.513898	25.229807	577.530336	76.919619	28.087174	991.728146	12.235825	12.110347	
11/28/2019 15:50:24.678629749	81.632642	27.222929	991.589998	26.639950	25.180172	577.148562	76.742309	28.103261	991.716949	8.193688	12.136342	
11/28/2019 15:50:25.678629749	81.481510	27.391331	991.532516	27.121111	25.194948	577.889765	76.607683	28.093503	991.811413	8.562322	12.109900	
11/28/2019 15:50:26.678629749	81.652355	27.291239	991.346978	26.706683	25.071920	575.787061	76.908476	28.166241	991.351079	2.019921	12.119823	
11/28/2019 15:50:27.678629749	81.330379	27.355101	992.194079	27.542931	25.240583	577.663724	76.952579	28.111558	991.730196	8.134215	12.090279	
11/28/2019 15:50:28.678629749	81.553791	27.323395	991.777586	26.591727	25.084942	575.585333	76.684274	28.132311	991.399336	1.335574	12.131256	
11/28/2019 15:50:29.678629749	81.698351	27.376937	992.809672	26.814799	25.098575	576.147806	76.798031	28.201102	991.649137	4.514943	12.096548	
11/28/2019 15:50:30.678629749	81.363233	27.297784	991.252987	27.106638	25.130291	577.003345	76.856013	28.045053	991.255037	5.089247	12.129009	
11/28/2019 15:50:31.678629749	81.770632	27.288138	992.094805	26.456235	25.123230	576.448756	76.937177	28.207537	992.069258	4.597736	12.109361	
11/28/2019 15:50:32.678629749	81.369804	27.308028	991.547261	26.583982	25.078696	575.612931	76.590126	28.144556	990.758115	-1.313510	12.104565	
11/28/2019 15:50:33.678629749	81.639213	27.351701	991.577618	26.764757	25.122087	577.087453	76.680910	28.194879	991.795644	0.656469	12.101108	
11/28/2019 15:50:34.678629749	81.586645	27.302981	990.851160	26.684001	25.073308	576.806216	76.801947	28.125358	991.325215	-1.661445	12.105314	
11/28/2019 15:50:35.678629749	81.488081	27.320518	992.505463	26.725056	25.099718	577.651241	76.896543	28.235762	991.382145	2.074152	12.072341	
11/28/2019 15:50:36.678629749	81.520936	27.308103	991.339408	27.134975	25.162865	578.192031	76.605370	28.045984	991.403437	7.138086	12.131190	
11/28/2019 15:50:37.678629749	81.284382	27.341307	992.041895	27.326082	25.213317	580.300650	76.986223	28.109589	991.526287	5.997342	12.111517	
11/28/2019 15:50:38.678629749	81.481510	27.381985	992.241074	26.938413	25.128291	577.942992	76.772404	28.043286	991.248414	-0.267082	12.124212	
11/28/2019 15:50:39.678629749	81.474939	27.314872	991.751013	26.990096	25.137394	580.994542	76.741704	28.164167	991.404066	1.062838	12.076126	
11/28/2019 15:50:40.678629749	81.435514	27.328816	990.995064	27.002119	25.118658	580.087092	76.709849	28.103049	991.215612	-1.433766	12.113396	
11/28/2019 15:50:41.678629749	81.442085	27.265553	991.597726	26.922355	25.179315	581.340172	76.887264	28.062378	991.675001	8.251851	12.129298	
11/28/2019 15:50:42.678629749	81.704922	27.499464	992.063107	27.686335	25.165844	581.546499	76.762179	28.178898	992.301397	22.035146	12.060526	
11/28/2019 15:50:43.678629749	81.534078	27.366768	992.064763	26.662496	25.123760	581.856649	76.512825	28.032290	991.165147	-1.372983	12.121268	
11/28/2019 15:50:44.678629749	81.645784	27.456840	992.332858	27.285660	25.175110	583.221434	76.897542	28.212310	991.979525	13.908166	12.075324	
11/28/2019 15:50:45.678629749	81.599787	27.254785	991.769070	26.743061	25.180457	582.987509	76.834697	28.076178	991.305502	7.495196	12.129666	
11/28/2019 15:50:46.678629749	81.402659	27.295057	991.225310	26.817650	25.149884	583.088699	76.888421	28.272390	992.085977	8.293247	12.098598	
11/28/2019 15:50:47.678629749	81.448656	27.275873	991.662384	26.786975	25.159191	583.841732	76.588969	28.063521	991.316226	7.184725	12.125224	
11/28/2019 15:50:48.678629749	81.330379	27.321791	990.497827	27.366552	25.246216	585.146723	77.078611	28.190731	992.077775	8.897423	12.073708	
11/28/2019 15:50:49.678629749	81.527507	27.302307	992.367473	26.751374	25.200295	584.686757	76.813485	28.062896	991.349343	8.297179	12.114605	
11/28/2019 15:50:50.678629749	81.376375	27.273370	991.607661	27.076475	25.215602	585.673715	76.799082	28.174856	992.045130	9.814420	12.109651	
11/28/2019 15:50:51.678629749	81.560362	27.392529	991.246758	27.113374	25.099106	583.571011	76.756397	28.066526	991.213561	2.238426	12.125145	
11/28/2019 15:50:52.678629749	81.330379	27.283315	991.578880	27.213345	25.266871	585.876758	76.854961	28.177967	991.866450	9.307453	12.101884	
11/28/2019 15:50:53.678629749	81.488081	27.318647	990.645990	26.736829	25.128903	583.565096	76.547940	28.089873	990.990883	5.446357	12.101713	
11/28/2019 15:50:54.678629749	81.724635	27.340184	992.193921	27.251685	25.228583	586.362354	76.717471	28.127951	991.373943	1.398978	12.108862	
11/28/2019 15:50:55.678629749	81.317237	27.335286	991.065636	27.201003	25.139639	583.861446	76.797926	28.048059	991.346821	4.940429	12.116603	
11/28/2019 15:50:56.678629749	81.586645	27.360822	993.044019	27.390637	25.234542	585.572524	76.843580	28.117156	991.290362	0.149501	12.102751	
11/28/2019 15:50:57.678629749	81.580075	27.376937	993.191786	26.836312	25.107882	584.006664	76.595540	28.098382	991.296671	-1.701531	12.119047	
11/28/2019 15:50:58.678629749	81.389517	27.425433	992.762282	27.705086	25.236828	587.105525	76.847234	28.077522	991.598987	5.584691	12.118351	
11/28/2019 15:50:59.678629749	81.514365	27.381461	991.482208	27.279654	25.136251	585.287341	76.759814	28.102118	991.533068	7.127873	12.098441	
11/28/2019 15:51:00.678629749	81.586645	27.371441	993.109071	27.540698	25.254992	586.025260	76.581399	28.118193	992.045444	6.935037	12.097718	
11/28/2019 15:51:01.678629749	81.363233	27.308103	991.599933	26.927473	25.154660	585.629687	76.738945	28.038513	991.377415	5.932626	12.129902	
11/28/2019 15:51:02.678629749	81.652355	27.392005	991.796353	27.039642	25.233440	585.891210	76.735790	28.133655	991.877017	4.437393	12.120020	
11/28/2019 15:51:03.678629749	81.632642	27.303280	992.247540	26.272264	25.112698	584.705155	76.626634	28.162505	991.513198	1.990049	12.124685	
11/28/2019 15:51:04.678629749	81.494652	27.471607	990.892399	27.156007	25.166620	586.348545	76.838613	28.108859	991.016904	0.751056	12.074391	
11/28/2019 15:51:05.678629749	81.501223	27.286117	992.167033	26.690024	25.190091	586.995788	76.618512	28.093715	991.517770	7.680168	12.130691	
11/28/2019 15:51:06.678629749	81.895480	27.371142	992.150789	28.398995	25.130658	587.098294	76.776714	28.046916	992.321267	11.291576	12.081737	
11/28/2019 15:51:07.678629749	81.310666	27.323095	991.955711	26.805957	25.145884	587.009587	76.773246	28.044841	990.999242	4.296438	12.127668	
11/28/2019 15:51:08.678629749	81.553791	27.398624	991.864874	26.599423	25.128332	587.199484	76.822764	28.196953	991.778138	2.400079	12.107035	
11/28/2019 15:51:09.678629749	81.652355	27.339809	991.492143	26.300096	25.059430	586.754632	76.504598	28.163130	991.029522	-0.761214	12.097652	
11/28/2019 15:51:10.678629749	81.599787	27.325266	991.980392	26.402085	25.183560	586.148132	77.035874	28.231402	991.388612	8.306082	12.081396	
11/28/2019 15:51:11.678629749	81.382946	27.350802	991.069185	26.683392	25.121229	588.013627	76.667321	28.074104	991.535118	-2.415479	12.103816	
11/28/2019 15:51:12.678629749	81.560362	27.420535	992.664270	27.266037	25.174539	589.928402	76.556666	28.156282	991.762841	7.497817	12.105314	
11/28/2019 15:51:13.678629749	81.409230	27.291838	992.691947	26.288555	25.095146	587.614771	76.736842	28.152959	991.605453	3.185295	12.126354	
11/28/2019 15:51:14.678629749	81.540649	27.336633	992.008936	27.147517	25.208541	589.580141	76.707194	28.198615	991.885377	11.085906	12.111727	
11/28/2019 15:51:15.678629749	81.619500	27.371216	991.547970	26.798180	25.120372	589.370529	76.663800	28.064039	991.287840	2.979625	12.122516	
11/28/2019 15:51:16.678629749	81.369804	27.315246	990.902257	26.583277	25.236542	589.474351	76.938728	28.234513	991.655603	7.938759	12.095116	
11/28/2019 15:51:17.678629749	81.488081	27.366468	992.620823	26.671787	25.083513	588.582015	76.639933	28.138016	991.327423	-1.843796	12.118456	
11/28/2019 15:51:18.678629749	81.652355	27.362768	992.745329	26.860772	25.145598	591.222225	76.612441	28.171014	991.616335	0.538833	12.107824	
11/28/2019 15:51:19.678629749	81.448656	27.308702	991.492695	26.974318	25.183274	589.864008	76.772641	28.070368	991.548208	6.790151	12.132215	
11/28/2019 15:51:20.678629749	81.409230	27.399223	992.198179	27.247576	25.199152	591.032980	76.807414	28.105747	991.475980	2.630379	12.108823	
11/28/2019 15:51:21.678629749	81.639213	27.302083	990.721135	26.467985	25.137108	589.806182	76.654679	28.093090	991.675630	5.672725	12.135672	
11/28/2019 15:51:22.678629749	81.527507	27.351027	991.671610	27.192457	25.206214	592.470706	76.762968	28.207949	991.594728	-0.217822	12.115367	
11/28/2019 15:51:23.678629749	81.382946	27.387930	991.470460	27.194339	25.162293	591.793897	76.823158	28.040587	991.007601	5.166797	12.114066	
11/28/2019 15:51:24.678629749	81.573504	27.408344	993.491500	27.898653	25.249604	594.125926	76.753795	28.114669	991.804946	9.426399	12.112778	
11/28/2019 15:51:25.678629749	81.369804	27.388005	992.276084	26.930068	25.136782	591.991025	76.494821	28.027824	991.305345	0.307222	12.128062	
11/28/2019 15:51:26.678629749	81.553791	27.435827	992.259683	27.157962	25.156374	592.888613	76.695103	28.103567	991.075571	-1.102597	12.116445	
11/28/2019 15:51:27.678629749	81.652355	27.345231	990.302197	26.230536	25.194295	590.726115	76.903665	28.178380	991.123513	6.788840	12.102909	
11/28/2019 15:51:28.678629749	81.468368	27.498940	993.300048	27.465811	25.193764	594.250114	76.661302	28.110415	991.263868	1.847783	12.101673	
11/28/2019 15:51:29.678629749	81.527507	27.339585	992.468088	26.626551	25.093473	592.288029	76.601507	28.124946	991.633682	3.825625	12.131440	
11/28/2019 15:51:30.678629749	81.770632	27.450669	992.106239	27.136993	25.127475	592.893213	76.783890	28.160738	991.473772	-1.824409	12.109559	
11/28/2019 15:51:31.678629749	81.336950	27.302232	991.798560	26.564840	25.180743	593.290101	76.657438	28.088317	991.631632	9.385003	12.133424	
11/28/2019 15:51:32.678629749	81.645784	27.451119	991.087951	26.958732	25.087799	592.191438	76.603163	28.197885	991.388769	3.240836	12.089320	
11/28/2019 15:51:33.678629749	81.639213	27.350877	991.830731	26.320624	25.073594	591.355613	76.873413	28.161468	991.633054	1.004404	12.123989	
11/28/2019 15:51:34.678629749	81.514365	27.371740	990.434983	27.010792	25.183315	592.383967	76.796033	28.164579	991.857147	11.100051	12.094958	
11/28/2019 15:51:35.678629749	81.566933	27.371965	991.877017	26.787752	25.115270	592.558097	76.563237	28.053350	991.312125	2.030134	12.126078	
11/28/2019 15:51:36.678629749	81.481510	27.361421	992.615461	26.892168	25.218745	594.336853	76.890471	28.157214	992.051911	8.892181	12.105958	
11/28/2019 15:51:37.678629749	81.284382	27.482600	992.246122	26.758206	25.318180	592.328109	76.746172	28.221019	991.270963	0.581540	12.086849	
11/28/2019 15:51:38.678629749	81.606358	27.355176	991.867477	26.553667	25.068778	593.027263	76.730271	28.138121	991.404223	0.743193	12.127379	
11/28/2019 15:51:39.678629749	81.566933	27.482825	990.813233	27.515108	25.242257	594.731763	76.696917	28.180973	991.598830	4.566824	12.104499	
11/28/2019 15:51:40.678629749	81.435514	27.388230	992.094805	26.888363	25.127965	594.894726	76.586157	28.046196	991.257245	0.946242	12.107942	
11/28/2019 15:51:41.678629749	81.757490	27.477553	991.883089	27.420911	25.255890	596.130061	76.880194	28.127432	991.867872	8.257093	12.100714	
11/28/2019 15:51:42.678629749	81.376375	27.297110	991.665853	26.787848	25.160905	596.396845	76.649159	28.088942	991.532753	8.502849	12.125736	
11/28/2019 15:51:43.678629749	81.652355	27.530946	991.907060	27.347587	25.184213	595.894820	76.607578	28.122247	991.353602	1.626657	12.067912	
11/28/2019 15:51:44.678629749	81.632642	27.334088	992.118382	26.477644	25.146170	596.551262	76.704487	28.119029	991.502473	4.379231	12.118929	
11/28/2019 15:51:45.678629749	81.527507	27.425957	993.567197	27.579637	25.095513	599.213155	77.005884	28.052726	991.480867	16.993220	12.074207	
11/28/2019 15:51:46.678629749	81.586645	27.339809	991.864480	26.686796	25.087472	596.138607	76.675600	28.149223	991.541742	-0.243762	12.100622	
11/28/2019 15:51:47.678629749	81.672068	27.347028	991.635101	27.048235	25.175967	596.890977	76.684774	28.175374	992.088971	11.433842	12.103868	
11/28/2019 15:51:48.678629749	81.448656	27.323170	991.405959	26.592127	25.128903	597.306264	76.721335	28.135010	991.638255	6.266417	12.135317	
11/28/2019 15:51:49.678629749	81.645784	27.406067	991.866136	27.268296	25.164620	598.789985	76.833093	28.144556	991.900517	9.686300	12.105143	
11/28/2019 15:51:50.678629749	81.461798	27.339435	992.824575	26.618109	25.088370	597.573701	76.535298	28.181597	991.552938	2.286375	12.127865	
11/28/2019 15:51:51.678629749	81.494652	27.388903	991.697551	26.776179	25.164089	600.314449	76.954472	28.175163	991.916128	5.424348	12.080949	
11/28/2019 15:51:52.678629749	81.698351	27.371142	990.373951	26.612159	25.057185	598.006070	76.647556	28.092053	991.635733	-4.738635	12.097100	
11/28/2019 15:51:53.678629749	81.389517	27.409692	990.850688	27.154662	25.196907	601.619440	76.641537	28.191037	992.080455	9.758879	12.084878	
11/28/2019 15:51:54.678629749	81.514365	27.330164	991.361566	27.140493	25.178172	599.917561	76.714107	28.067257	991.211039	7.962078	12.115472	
11/28/2019 15:51:55.678629749	81.711493	27.356598	991.130689	26.921418	25.172784	598.771586	76.914152	28.239180	991.645036	1.067809	12.116103	
11/28/2019 15:51:56.678629749	81.382946	27.297709	991.459893	26.710847	25.137679	600.315102	76.633258	28.116955	991.677052	7.537903	12.129482	
11/28/2019 15:51:57.678629749	81.566933	27.467833	992.293352	27.587431	25.256952	602.246306	76.774349	28.090804	991.281531	4.749175	12.086679	
11/28/2019 15:51:58.678629749	81.369804	27.366244	991.856752	26.898736	25.134822	601.184439	76.608130	28.050757	991.276801	4.558961	12.132110	
11/28/2019 15:51:59.678629749	81.488081	27.461363	991.138101	27.372232	25.220705	602.767382	76.554564	28.135317	991.518242	6.822644	12.098874	
11/28/2019 15:52:00.678629749	81.639213	27.419936	991.692032	26.727379	25.125189	601.564898	76.749617	28.057711	991.088503	0.142948	12.126761	
11/28/2019 15:52:01.678629749	81.448656	27.435003	991.185569	27.103347	25.184703	601.925642	76.710111	28.212098	991.568235	0.211595	12.103724	
11/28/2019 15:52:02.678629749	81.520936	27.403971	992.948529	26.996800	25.131393	602.232507	76.528727	28.046397	991.373314	1.516614	12.118009	
11/28/2019 15:52:03.678629749	81.566933	27.345830	992.865419	28.446314	25.131761	601.834303	76.712057	28.048884	991.804632	5.201912	12.086074	
11/28/2019 15:52:04.678629749	81.442085	27.328667	992.518001	26.557672	25.085513	602.852806	76.608734	28.197472	992.031569	0.271069	12.074851	
11/28/2019 15:52:05.678629749	81.658926	27.308103	992.453105	28.431136	25.187029	601.855986	76.820056	28.110933	992.167980	6.550948	12.083787	
11/28/2019 15:52:06.678629749	81.271240	27.520103	993.133672	26.482817	25.046164	604.326012	76.730665	28.049096	991.305187	3.823004	12.096864	
11/28/2019 15:52:07.678629749	81.488081	27.424010	991.603245	27.117490	25.187029	602.120139	76.659199	28.311400	991.785234	-4.360828	12.045860	
11/28/2019 15:52:08.678629749	81.566933	27.356823	991.721522	26.493662	25.070778	602.263389	76.522708	28.141857	991.344613	-1.784323	12.129009	
11/28/2019 15:52:09.678629749	81.790345	27.457813	991.226099	27.368915	25.157517	603.426446	76.819190	28.120172	991.460682	4.084215	12.093460	
11/28/2019 15:52:10.678629749	81.323808	27.298607	990.731779	26.897118	25.192050	603.118928	76.777818	28.095789	991.499794	8.533761	12.131860	
11/28/2019 15:52:11.678629749	81.553791	27.463085	991.572888	26.728307	25.137965	603.249031	76.542421	28.178380	991.534961	2.124722	12.096601	
11/28/2019 15:52:12.678629749	81.580075	27.362694	991.082432	26.535718	25.046980	602.738469	76.677941	28.077215	991.655289	-3.918576	12.101227	
11/28/2019 15:52:13.678629749	81.783774	27.342579	991.578959	26.765398	25.044164	602.341581	76.923273	28.113219	991.219713	4.038888	12.084642	
11/28/2019 15:52:14.678629749	81.520936	27.382658	991.862429	27.077701	25.128005	604.462031	76.589521	28.065489	991.388297	3.176121	12.121570	
11/28/2019 15:52:15.678629749	81.488081	27.420760	992.225225	26.993765	25.159191	605.800534	76.596592	28.156176	991.419049	-0.221754	12.106510	
11/28/2019 15:52:16.678629749	81.547220	27.425208	993.189026	27.029310	25.126863	605.489069	76.673078	28.094127	991.110581	2.521646	12.118758	
11/28/2019 15:52:17.678629749	81.698351	27.388005	991.354943	27.178866	25.269973	607.886155	76.883558	28.140608	991.760948	10.078253	12.095037	
11/28/2019 15:52:18.678629749	81.402659	27.360747	991.687696	26.532995	25.078982	605.827468	76.629446	28.169152	991.568549	3.049582	12.119823	
11/28/2019 15:52:19.678629749	81.547220	27.335810	992.803364	27.499866	25.262054	608.022826	76.600403	28.138534	991.725781	8.749915	12.116747	
11/28/2019 15:52:20.678629749	81.343521	27.345980	990.994355	27.082411	25.149558	609.173400	76.743151	28.116024	991.473615	6.849624	12.121018	
11/28/2019 15:52:21.678629749	81.553791	27.379632	991.650635	26.805380	25.220664	609.429007	76.748328	28.200583	991.357545	2.141488	12.072039	
11/28/2019 15:52:22.678629749	81.612929	27.462037	990.698030	27.100584	25.158048	609.810781	76.500235	28.086761	991.112317	2.400079	12.105603	
11/28/2019 15:52:23.678629749	81.507794	27.392678	991.666642	27.317505	25.237440	610.066388	76.713660	28.132205	991.861720	8.421367	12.121045	
11/28/2019 15:52:24.678629749	81.573504	27.355999	992.413759	27.017128	25.191519	610.872648	76.727958	28.081988	991.500265	9.157324	12.106523	
11/28/2019 15:52:25.678629749	81.461798	27.429657	991.149613	26.739425	25.120127	610.092017	76.756502	28.145487	992.018479	1.455830	12.085010	
11/28/2019 15:52:26.678629749	81.488081	27.363068	991.329710	27.068628	25.138863	610.041422	76.444908	28.064865	990.967704	5.686871	12.094051	
11/28/2019 15:52:27.678629749	81.606358	27.460839	991.738713	27.195180	25.124658	609.422439	76.666612	28.148186	991.603717	2.406631	12.093933	
11/28/2019 15:52:28.678629749	81.461798	27.366992	991.793198	27.232840	25.111556	610.056536	76.701122	28.095058	991.259453	3.178742	12.127274	
11/28/2019 15:52:29.678629749	81.540649	27.410066	991.692032	27.362284	25.227807	610.677487	76.597748	28.120172	992.079826	9.994150	12.108652	
11/28/2019 15:52:30.678629749	81.534078	27.382359	991.031573	26.332269	25.089473	608.900047	76.763363	28.160325	991.493642	1.255402	12.128141	
11/28/2019 15:52:31.678629749	81.665497	27.394400	991.729487	26.950691	25.154415	610.586812	76.712713	28.135317	992.351862	8.166437	12.076323	
11/28/2019 15:52:32.678629749	81.435514	27.561455	993.217176	27.691863	25.318996	612.846564	76.581794	28.120172	991.318434	5.809748	12.115630	
11/28/2019 15:52:33.678629749	81.665497	27.376413	992.613410	26.631173	25.089473	608.551786	76.744911	28.197472	991.086610	1.746914	12.088426	
11/28/2019 15:52:34.678629749	81.501223	27.546163	993.006249	27.693305	25.201193	611.046115	76.665822	28.197154	991.109474	2.366546	12.066335	
11/28/2019 15:52:35.678629749	81.573504	27.387781	991.537483	27.125052	25.136496	611.014581	76.486541	28.068600	991.180444	4.839560	12.127037	
11/28/2019 15:52:36.678629749	81.488081	27.482226	992.366369	27.412165	25.265238	612.288028	76.895439	28.150260	991.824345	12.050852	12.102488	
11/28/2019 15:52:37.678629749	81.645784	27.345306	990.848795	26.548677	25.108494	610.428448	76.750483	28.149329	991.668693	3.927805	12.128719	
11/28/2019 15:52:38.678629749	81.540649	27.340034	992.638723	28.196707	25.070043	608.888870	76.648660	28.263564	991.084402	2.488113	12.060066	
11/28/2019 15:52:39.678629749	81.514365	27.366992	991.711193	26.807975	25.139067	611.496230	76.584449	28.068188	991.164990	1.851715	12.123949	
11/28/2019 15:52:40.678629749	81.803487	27.494267	992.631862	27.080752	25.104820	612.320225	76.779369	28.153478	991.465098	4.161766	12.092711	
11/28/2019 15:52:41.678629749	81.501223	27.424235	992.507514	26.836248	25.104208	611.783381	76.529936	28.114669	991.272542	-1.103908	12.124199	
11/28/2019 15:52:42.678629749	81.810058	27.367816	990.114609	26.630147	25.179355	613.345295	76.604267	28.259521	991.986149	11.332972	12.098730	
11/28/2019 15:52:43.678629749	81.290953	27.371890	991.668298	26.806966	25.160048	613.359094	76.781972	28.069331	991.353287	6.839410	12.127957	
11/28/2019 15:52:44.678629749	81.520936	27.437623	991.314728	27.165690	25.183600	613.729037	76.789304	28.219263	991.935841	12.172420	12.098204	
11/28/2019 15:52:45.678629749	81.573504	27.394250	991.935684	26.772647	25.084697	612.328771	76.482126	28.110721	991.308181	-2.630323	12.104315	
11/28/2019 15:52:46.678629749	81.442085	27.373911	991.803685	27.436025	25.232583	616.390276	76.663800	28.154621	991.690613	9.811799	12.110939	
11/28/2019 15:52:47.678629749	81.678639	27.366468	992.210874	26.758198	25.137965	613.085741	76.762968	28.133973	991.854939	5.692113	12.110649	
11/28/2019 15:52:48.678629749	81.323808	27.410665	992.146059	27.562322	25.285280	617.403516	76.675443	28.152441	991.868029	9.143179	12.105945	
11/28/2019 15:52:49.678629749	81.593216	27.329864	990.977716	26.738407	25.132577	614.225800	76.530882	28.176306	991.331838	3.599257	12.111241	
11/28/2019 15:52:50.678629749	81.389517	27.387706	992.193921	27.558766	25.198010	616.034132	76.651867	28.187195	991.454845	-0.627852	12.117220	
11/28/2019 15:52:51.678629749	81.494652	27.335286	990.612241	26.909668	25.185274	615.110252	76.771747	28.098382	991.508939	7.680168	12.126472	
11/28/2019 15:52:52.678629749	81.580075	27.420310	991.972270	27.838111	25.262054	616.247027	76.680463	28.148186	991.520135	8.767992	12.120992	
11/28/2019 15:52:53.678629749	81.520936	27.352524	991.603008	27.885902	25.139639	612.291312	76.425248	28.198721	990.747076	3.077873	12.104696	
11/28/2019 15:52:54.678629749	81.704922	27.525150	992.020132	27.479115	25.203438	615.477564	76.755084	28.092360	991.258031	2.156944	12.097298	
11/28/2019 15:52:55.678629749	81.343521	27.477778	990.567058	27.255890	25.085227	613.169849	76.737788	28.084475	990.857151	3.136036	12.079188	
11/28/2019 15:52:56.678629749	81.606358	27.441024	991.501764	27.057542	25.175069	615.273868	76.554511	28.217083	991.799902	5.783808	12.092093	
11/28/2019 15:52:57.678629749	81.494652	27.393801	993.446555	27.054210	25.137639	615.635928	76.714055	28.064452	991.241633	4.798164	12.116314	
11/28/2019 15:52:58.678629749	81.520936	27.583366	991.138968	27.291459	25.189846	616.390929	76.725960	28.157108	991.817721	8.088887	12.083314	
11/28/2019 15:52:59.678629749	81.672068	27.309301	992.059952	25.634274	25.195438	613.625215	76.508462	28.295112	991.141176	-0.821998	12.110189	
11/28/2019 15:53:00.678629749	81.376375	27.483199	992.107500	26.980501	25.181641	616.530232	76.604162	28.103155	991.618228	6.614352	12.104000	
11/28/2019 15:53:01.678629749	81.507794	27.435602	991.983389	26.589636	25.135394	615.686523	76.701122	28.064558	991.430245	0.868692	12.102199	
11/28/2019 15:53:02.678629749	81.599787	27.373088	991.630291	26.591054	25.210214	617.598013	76.660093	28.195292	992.239893	5.212125	12.089163	
11/28/2019 15:53:03.678629749	81.488081	27.325191	991.406117	26.840581	25.162579	617.086136	76.706984	28.116543	991.545843	7.038528	12.130849	
11/28/2019 15:53:04.678629749	81.862625	27.437698	992.807779	26.661983	25.126332	618.715075	76.720336	28.252674	991.607189	0.863449	12.101595	
11/28/2019 15:53:05.678629749	81.501223	27.328966	990.096315	26.611509	25.141067	617.793826	76.499184	28.138640	991.924802	7.927234	12.117339	
11/28/2019 15:53:06.678629749	81.750919	27.409318	992.111126	26.871768	25.137598	617.994239	76.866133	28.252049	991.254566	-0.369261	12.077177	
11/28/2019 15:53:07.678629749	81.382946	27.334912	990.928198	26.790403	25.190948	618.441722	76.672736	28.113325	991.620436	7.063157	12.131742	
