
Time stamp	Inside_humidity (in %rH)	Inside_temperature (in °C)	Inside_pressure (in mbar)	Soil_moisture (in %VWC)	Soil_temperature (in °C)	Inside_CO2_ratio (in ppm)	Outside_humidity (in %rH)	Outside_temperature (in °C)	Outside_pressure (in mbar)	Outside_PAR (in µmol m^-2 s^-1)	Power_box_charge (in V)	
11/28/2019 14:29:17.678629749	83.807624	26.196723	992.044260	14.926380	25.136822	503.224049	79.964227	26.789912	992.592831	6.257243	12.089754	
11/28/2019 14:29:18.678629749	83.728773	26.227381	992.376067	15.383416	25.204255	509.392860	80.098301	26.831927	993.140533	10.149521	12.067071	
11/28/2019 14:29:19.678629749	83.564499	26.211416	993.060892	14.933403	25.198295	508.737081	79.987094	26.835356	992.772926	7.925924	12.100780	
11/28/2019 14:29:20.678629749	83.781340	26.191301	991.614599	14.210631	25.226664	514.273110	80.076170	26.832657	992.448690	2.555450	12.045807	
11/28/2019 14:29:21.678629749	83.794482	26.190103	992.494581	15.041335	25.178743	511.243242	79.903275	26.852374	992.700698	9.854506	12.096115	
11/28/2019 14:29:22.678629749	83.847050	26.318052	991.849340	15.491737	25.206255	514.363786	79.861799	26.889309	992.998442	10.104193	12.042101	
11/28/2019 14:29:23.678629749	83.860192	26.332894	993.577527	15.745129	25.193479	515.832393	79.501211	26.781297	993.085967	6.737230	12.057057	
11/28/2019 14:29:24.678629749	83.544786	26.312405	992.750848	15.270598	25.236297	517.492213	79.871734	26.824043	992.431342	0.807908	12.079267	
11/28/2019 14:29:25.678629749	83.590783	26.211490	991.326634	14.884286	25.224664	517.490245	79.836120	26.801839	992.418095	4.214957	12.079608	
11/28/2019 14:29:26.678629749	83.459364	26.242341	993.760776	14.661600	25.152946	519.023246	79.965883	26.918572	992.673890	1.895732	12.036871	
11/28/2019 14:29:27.678629749	83.393655	26.175186	993.269296	14.984401	25.138822	519.617916	79.845398	26.794579	992.581792	4.802095	12.087218	
11/28/2019 14:29:28.678629749	83.755057	26.264135	992.398697	15.290802	25.227807	520.782289	79.854072	26.920021	992.908551	13.262865	12.061078	
11/28/2019 14:29:29.678629749	83.787911	26.143854	992.934335	15.073003	25.142741	519.712538	79.710220	26.843135	992.647711	8.639872	12.087967	
11/28/2019 14:29:30.678629749	83.702489	26.259087	992.908866	15.343574	25.289280	523.716219	79.791779	26.860565	992.276161	3.662661	12.072788	
11/28/2019 14:29:31.678629749	83.531645	26.248693	993.471707	15.414310	25.451616	527.278342	80.039162	27.045887	993.481016	13.972882	12.065271	
11/28/2019 14:29:32.678629749	83.439651	26.200722	994.028714	14.767368	25.220419	524.863509	79.926457	26.833589	992.565073	6.720464	12.093052	
11/28/2019 14:29:33.678629749	83.755057	26.346208	991.560743	14.823924	25.215072	528.191697	80.089127	26.955094	993.297921	4.815201	12.026791	
11/28/2019 14:29:34.678629749	83.695918	26.258563	992.523835	14.864968	25.157232	525.956258	80.073173	26.838880	992.521075	1.982456	12.076664	
11/28/2019 14:29:35.678629749	83.728773	26.480134	993.250845	15.525819	25.212255	526.800619	80.124689	26.891171	992.989768	8.854716	12.056571	
11/28/2019 14:29:36.678629749	83.590783	26.210966	991.876623	14.860818	25.222093	527.354556	79.922646	26.907364	993.256602	11.189396	12.088164	
11/28/2019 14:29:37.678629749	83.498790	26.212763	994.062935	15.401331	25.377367	533.110058	80.193553	26.926350	992.723091	5.160516	12.073695	
11/28/2019 14:29:38.678629749	83.603925	26.238449	994.221584	14.662002	25.130903	529.503256	80.211952	26.847495	992.612544	2.424708	12.068977	
11/28/2019 14:29:39.678629749	83.820766	26.271952	992.180280	14.845493	25.173722	529.275899	80.206485	26.985912	992.818504	10.874994	12.040866	
11/28/2019 14:29:40.678629749	83.709060	26.237476	992.739730	14.720118	25.207357	530.920615	79.964464	26.805268	992.172553	2.777886	12.086915	
11/28/2019 14:29:41.678629749	83.682776	26.411898	992.292643	15.156982	25.190458	532.301820	79.944014	26.838362	992.588730	7.674926	12.054284	
11/28/2019 14:29:42.678629749	83.327945	26.333269	992.822130	14.680578	25.139108	531.699267	79.961519	26.832139	992.855407	5.152652	12.066440	
11/28/2019 14:29:43.678629749	83.781340	26.185655	992.880479	15.507710	25.277361	535.205532	80.158648	26.951559	992.637144	10.066729	12.059738	
11/28/2019 14:29:44.678629749	83.709060	26.238449	993.897900	14.750755	25.129761	533.774374	80.191792	26.827884	992.223174	1.563252	12.083919	
11/28/2019 14:29:45.678629749	83.722202	26.276251	994.329374	14.875475	25.227236	537.508649	80.171475	26.916804	992.742332	1.595746	12.062235	
11/28/2019 14:29:46.678629749	83.498790	26.243421	994.123415	14.925927	25.134006	535.623439	79.858540	26.874990	992.345710	1.668053	12.078176	
11/28/2019 14:29:47.678629749	83.932472	26.275876	992.876301	15.359445	25.242543	538.079005	79.858145	26.935896	992.877485	4.866811	12.064640	
11/28/2019 14:29:48.678629749	83.912759	26.248394	993.566093	14.937761	25.211602	537.565159	79.905193	26.843759	992.599926	2.877445	12.096075	
11/28/2019 14:29:49.678629749	83.787911	26.270155	992.410763	15.733313	25.388143	538.987770	79.932081	26.784609	992.064050	-3.108729	12.019839	
11/28/2019 14:29:50.678629749	83.643351	26.185954	991.979602	14.965562	25.156946	538.646077	80.120274	26.896781	992.833644	6.933727	12.078005	
11/28/2019 14:29:51.678629749	83.702489	26.186628	991.871812	15.297568	25.252992	543.289117	80.269040	26.997945	992.956651	8.379971	12.079687	
11/28/2019 14:29:52.678629749	83.958756	26.163819	992.706061	15.012988	25.188662	540.699502	80.211505	26.894082	992.956494	8.290626	12.097692	
11/28/2019 14:29:53.678629749	83.919330	26.227755	993.208897	15.039423	25.256707	543.314083	80.038006	26.944299	992.821026	10.925564	12.069266	
11/28/2019 14:29:54.678629749	83.801053	26.354281	992.895856	14.269905	25.096616	543.984977	80.000840	26.826741	992.575326	-0.220443	12.068149	
11/28/2019 14:29:55.678629749	83.860192	26.258638	993.397509	15.388220	25.304873	544.808972	79.965935	26.889510	992.720568	6.104764	12.081225	
11/28/2019 14:29:56.678629749	83.998181	26.180607	992.217812	15.090006	25.217276	543.844359	79.952793	26.932891	992.722147	7.775795	12.091081	
11/28/2019 14:29:57.678629749	83.833908	26.227980	993.914143	15.126622	25.313935	544.532335	80.074277	26.903935	992.576270	1.221870	12.080042	
11/28/2019 14:29:58.678629749	83.636780	26.216762	994.420211	15.046491	25.134863	543.649199	80.155284	26.915354	992.630364	6.240476	12.085128	
11/28/2019 14:29:59.678629749	83.939043	26.266455	993.862338	15.021910	25.149027	544.133479	80.270853	26.961423	992.941039	6.998442	12.067781	
11/28/2019 14:30:00.678629749	83.899617	26.252917	992.845864	14.818731	25.221807	544.521168	80.159752	26.869592	992.462094	3.865710	12.098782	
11/28/2019 14:30:01.678629749	84.011323	26.179260	991.586055	14.542695	25.111392	544.262266	80.217234	27.108550	993.545514	14.430861	12.026279	
11/28/2019 14:30:02.678629749	83.709060	26.227306	992.605289	14.790912	25.234583	544.749178	80.160803	26.924170	992.396489	5.855076	12.083919	
11/28/2019 14:30:03.678629749	83.899617	26.237700	993.109938	15.432558	25.264340	546.431343	80.242309	26.966397	992.803678	8.487393	12.071552	
11/28/2019 14:30:04.678629749	83.952185	26.243047	992.745329	14.690671	25.176784	545.111238	80.255794	26.862227	992.387501	1.609891	12.098690	
11/28/2019 14:30:05.678629749	83.945614	26.181356	991.869053	15.492511	25.217031	548.164104	80.277662	27.010603	992.717889	10.775435	12.046754	
11/28/2019 14:30:06.678629749	83.682776	26.237700	992.868574	14.730356	25.158089	545.569889	80.013430	26.863782	992.562551	2.122101	12.095379	
11/28/2019 14:30:07.678629749	83.682776	26.281747	994.110720	14.702102	25.201152	546.176389	79.973557	26.959761	993.046384	5.750275	12.037186	
11/28/2019 14:30:08.678629749	83.833908	26.122841	991.513118	13.871758	25.039919	547.016813	80.308808	26.820413	992.687294	3.079184	12.056479	
11/28/2019 14:30:09.678629749	83.893046	26.354581	993.475651	15.133496	25.218174	548.557698	80.180306	26.859009	992.334671	3.572006	12.071710	
11/28/2019 14:30:10.678629749	83.735344	26.217810	993.446160	14.670617	25.129434	547.955145	80.034195	26.903628	992.796740	3.037787	12.069949	
11/28/2019 14:30:11.678629749	83.669634	26.243421	992.484252	15.259342	25.279647	550.118959	79.936287	26.917323	992.630678	4.070070	12.078426	
11/28/2019 14:30:12.678629749	83.709060	26.138282	992.921561	15.122083	25.139639	548.376999	79.908400	26.931748	992.501048	8.864930	12.079897	
11/28/2019 14:30:13.678629749	83.919330	26.185355	992.839478	15.029676	25.235726	550.540813	80.038663	26.978747	992.682722	8.094130	12.077020	
11/28/2019 14:30:14.678629749	83.886475	26.132037	993.674435	15.023080	25.177314	549.448065	80.060636	26.906327	992.772612	9.749705	12.091646	
11/28/2019 14:30:15.678629749	83.985040	26.221660	992.088259	15.177607	25.161232	550.450790	80.051804	26.965465	993.131701	8.996982	12.048764	
11/28/2019 14:30:16.678629749	83.985040	26.122017	992.478180	15.109167	25.155231	550.044050	80.125084	26.889203	992.792010	7.811949	12.086797	
11/28/2019 14:30:17.678629749	84.037607	26.343288	993.627125	15.056798	25.197479	551.625678	80.161145	26.843759	992.483228	1.230773	12.072420	
11/28/2019 14:30:18.678629749	84.090175	26.195675	993.140847	14.686998	25.202295	551.818207	79.835463	26.867000	992.494739	4.459402	12.088716	
11/28/2019 14:30:19.678629749	84.083604	26.165540	993.308642	15.468005	25.265238	552.825532	80.132811	26.996897	993.049850	10.537542	12.052168	
11/28/2019 14:30:20.678629749	84.090175	26.142057	992.202910	15.023501	25.160334	551.025093	79.882011	26.910475	992.818661	9.547966	12.095786	
11/28/2019 14:30:21.678629749	83.985040	26.206518	993.984478	14.935617	25.169722	553.146196	79.950928	26.971900	993.173178	9.263436	12.061013	
11/28/2019 14:30:22.678629749	83.840479	26.174512	993.701560	14.775983	25.201724	552.822248	79.773117	26.907258	992.667424	7.208044	12.083459	
11/28/2019 14:30:23.678629749	84.024465	26.190178	993.829693	15.364199	25.181927	553.025944	79.832308	26.970344	993.341605	15.393186	12.056084	
11/28/2019 14:30:24.678629749	84.077033	26.183185	993.162296	14.724181	25.205969	553.413633	79.884876	26.852575	992.469189	2.821904	12.079911	
11/28/2019 14:30:25.678629749	84.129600	26.306385	994.138003	15.034493	25.232052	555.191074	79.995426	26.901448	992.556242	0.556910	12.055178	
11/28/2019 14:30:26.678629749	84.063891	26.153125	993.252895	15.159705	25.178743	553.540453	80.011722	26.914730	992.622004	9.300900	12.073510	
11/28/2019 14:30:27.678629749	84.103317	26.189804	992.402798	15.190058	25.287280	557.574362	80.058113	26.908083	992.624212	4.366396	12.087086	
11/28/2019 14:30:28.678629749	84.057320	26.169315	992.737759	15.308278	25.264911	554.767904	80.129237	26.977404	992.885844	8.105654	12.079372	
11/28/2019 14:30:29.678629749	83.991611	26.248094	994.001274	14.774795	25.166865	557.342405	79.727068	26.851019	992.308649	1.404221	12.095195	
11/28/2019 14:30:30.678629749	84.136171	26.171935	994.024219	15.292437	25.178784	557.854282	79.899621	27.054184	993.422664	8.704587	12.052194	
11/28/2019 14:30:31.678629749	83.985040	26.204721	992.240994	14.884826	25.192336	558.354992	79.862246	26.879869	992.444274	2.411874	12.086876	
11/28/2019 14:30:32.678629749	84.063891	26.307732	992.243597	15.354502	25.226133	557.320060	80.049754	26.961211	993.434175	12.870912	12.036188	
11/28/2019 14:30:33.678629749	83.952185	26.131438	993.471944	14.957500	25.161191	558.740703	79.901829	26.940563	992.803521	8.646425	12.097087	
11/28/2019 14:30:34.678629749	83.939043	26.237326	993.028090	15.685573	25.291811	560.562171	80.067311	26.983933	992.806043	8.995671	12.084077	
11/28/2019 14:30:35.678629749	83.860192	26.168716	992.617117	14.802696	25.183560	559.167157	80.035403	26.937452	992.545361	6.034806	12.080489	
11/28/2019 14:30:36.678629749	83.879905	26.179559	993.219541	15.367110	25.328915	561.612870	80.200676	27.001988	992.882844	7.481051	12.086758	
11/28/2019 14:30:37.678629749	83.807624	26.142057	994.242638	15.111669	25.178457	558.337247	80.157886	26.937970	992.803364	8.930956	12.091278	
11/28/2019 14:30:38.678629749	83.906188	26.165615	993.262436	15.070739	25.166293	559.403713	80.213109	27.037167	993.004593	7.122630	12.069647	
11/28/2019 14:30:39.678629749	83.952185	26.248319	994.335289	14.855278	25.138537	558.034981	79.835568	26.912031	992.422353	0.598306	12.086810	
11/28/2019 14:30:40.678629749	84.155884	26.195450	994.106462	15.318539	25.174824	558.377327	79.933632	27.034362	993.190840	12.114257	12.070751	
11/28/2019 14:30:41.678629749	84.129600	26.228055	992.690606	14.595329	25.152660	558.927317	79.934237	26.911195	992.497418	0.397878	12.091843	
11/28/2019 14:30:42.678629749	84.280732	26.258114	991.846975	15.478714	25.231481	560.108772	79.891552	26.992854	992.987560	7.562532	12.074536	
11/28/2019 14:30:43.678629749	84.169026	26.201096	992.906895	14.640208	25.192376	559.617924	79.929769	26.925832	992.540631	2.199651	12.104052	
11/28/2019 14:30:44.678629749	84.149313	26.237850	993.811084	15.314723	25.295240	561.397996	80.089075	26.937864	992.761887	0.944931	12.072972	
11/28/2019 14:30:45.678629749	84.090175	26.142357	993.482589	15.259550	25.184131	559.200669	80.031093	27.015376	992.888838	8.338575	12.071237	
11/28/2019 14:30:46.678629749	84.116458	26.159595	993.859421	15.261373	25.226093	561.995297	80.167322	27.064037	992.814403	8.250540	12.069213	
11/28/2019 14:30:47.678629749	84.044178	26.141608	992.825836	15.044058	25.143027	559.633039	80.117566	26.970238	992.687452	7.616763	12.095668	
11/28/2019 14:30:48.678629749	84.129600	26.160867	993.507506	14.612011	25.251604	561.288259	80.119669	27.071096	992.546625	4.655898	12.052142	
11/28/2019 14:30:49.678629749	83.991611	26.159145	993.863994	14.960569	25.121801	561.279060	80.169924	26.960280	992.612544	4.368746	12.095392	
11/28/2019 14:30:50.678629749	84.096746	26.184532	994.134848	15.424861	25.190989	562.220675	80.159490	27.034774	993.015789	12.524287	12.071684	
11/28/2019 14:30:51.678629749	83.912759	26.205395	992.998836	14.858737	25.143067	562.880402	80.107422	26.907671	992.536529	0.356482	12.097639	
11/28/2019 14:30:52.678629749	83.985040	26.227381	993.751236	15.413512	25.166008	562.808777	80.121220	26.987150	992.676413	6.896262	12.083406	
11/28/2019 14:30:53.678629749	83.860192	26.200797	993.099923	14.654312	25.145027	561.884244	80.205144	26.910369	992.733029	2.387244	12.059896	
11/28/2019 14:30:54.678629749	83.853621	26.169689	992.025966	15.446695	25.235400	564.872716	80.248933	27.045982	992.917540	8.682579	12.071211	
11/28/2019 14:30:55.678629749	83.807624	26.184831	993.078397	14.616928	25.197193	565.068529	80.146952	26.927800	992.391916	2.056075	12.103277	
11/28/2019 14:30:56.678629749	84.077033	26.170812	992.700541	15.046070	25.247278	566.479973	80.172474	27.050861	992.803364	5.403650	12.073616	
11/28/2019 14:30:57.678629749	84.070462	26.210517	993.032900	14.665989	25.138863	566.186243	80.165166	26.938065	992.484486	0.806597	12.080174	
11/28/2019 14:30:58.678629749	84.169026	26.158771	992.589991	15.231799	25.183600	566.686953	80.183566	27.067773	993.089911	8.955585	12.077611	
11/28/2019 14:30:59.678629749	84.109887	26.162845	992.497499	14.919796	25.198010	566.471426	80.047784	26.996696	992.906343	7.004995	12.091870	
11/28/2019 14:31:00.678629749	83.827337	26.190403	992.576113	15.067563	25.286749	568.071452	80.135466	26.925514	992.630521	7.171890	12.037778	
11/28/2019 14:31:01.678629749	84.155884	26.190403	991.993953	14.043553	25.026326	564.824742	79.713479	26.824974	992.074460	0.309844	12.080108	
11/28/2019 14:31:02.678629749	84.149313	26.231830	992.105764	15.588419	25.249319	567.464952	80.090573	27.034774	992.749112	10.225761	12.073418	
11/28/2019 14:31:03.678629749	84.017894	26.178811	993.176409	14.738932	25.182498	566.963590	79.933370	26.883086	992.314486	-1.605904	12.085562	
11/28/2019 14:31:04.678629749	84.057320	26.205919	993.994099	15.178463	25.199724	566.508223	79.988855	26.976874	992.720568	2.860679	12.078242	
11/28/2019 14:31:05.678629749	84.044178	26.221585	991.884902	14.638434	25.227807	566.450397	79.871682	26.932679	992.573118	1.745603	12.070133	
11/28/2019 14:31:06.678629749	83.991611	26.132037	993.442296	15.101916	25.196336	567.805330	79.988802	27.062894	993.031244	8.998292	12.083512	
11/28/2019 14:31:07.678629749	83.945614	26.168566	992.623898	14.832577	25.200010	566.940592	79.826289	26.990262	992.691867	5.363565	12.104552	
11/28/2019 14:31:08.678629749	83.939043	26.132936	993.020757	15.159195	25.184743	567.432755	79.987751	27.083648	993.330880	9.836429	12.080095	
11/28/2019 14:31:09.678629749	83.827337	26.195226	992.817162	14.748032	25.186417	568.066853	80.006203	26.935272	992.510193	1.996602	12.103421	
11/28/2019 14:31:10.678629749	84.024465	26.184757	992.719150	15.275742	25.190989	567.831612	80.115753	27.054491	992.974156	11.204852	12.077059	
11/28/2019 14:31:11.678629749	83.978469	26.131588	992.319531	14.995575	25.144170	566.897880	80.162749	26.999395	992.796740	7.224810	12.097192	
11/28/2019 14:31:12.678629749	84.103317	26.210592	993.229871	15.457472	25.223276	568.472277	80.022604	27.045876	992.812509	10.922943	12.085811	
11/28/2019 14:31:13.678629749	84.057320	26.159744	992.898536	14.963957	25.195234	568.320492	79.777271	26.957168	992.862817	5.463123	12.080108	
11/28/2019 14:31:14.678629749	84.077033	26.184307	994.650142	15.568630	25.181029	568.173958	79.842139	27.036849	992.779707	9.096540	12.081527	
11/28/2019 14:31:15.678629749	84.037607	26.179859	993.111199	14.942918	25.122372	568.337574	79.784052	26.940151	992.457049	-0.388649	12.092724	
11/28/2019 14:31:16.678629749	84.024465	26.205994	992.400196	15.044001	25.241359	569.730620	79.913315	27.030001	992.514923	3.890340	12.063312	
11/28/2019 14:31:17.678629749	83.958756	26.178661	992.654887	15.023627	25.207928	569.710906	79.769911	26.950522	992.492374	4.277051	12.103829	
11/28/2019 14:31:18.678629749	83.925901	26.127589	991.640383	14.804827	25.250747	568.064221	80.013773	27.051274	993.151886	9.961928	12.052089	
11/28/2019 14:31:19.678629749	83.866763	26.148003	994.381732	14.924738	25.130291	568.488707	79.903223	26.961835	992.448690	4.740001	12.085049	
11/28/2019 14:31:20.678629749	84.096746	26.179934	992.291302	15.074971	25.187315	570.148527	79.799087	27.049718	993.209767	6.609110	12.052904	
11/28/2019 14:31:21.678629749	84.070462	26.164268	994.000328	14.583028	25.173355	571.367442	79.757006	26.951771	992.658908	0.021381	12.081041	
11/28/2019 14:31:22.678629749	84.261019	26.184607	992.979675	15.245546	25.237195	571.025749	79.459972	27.058745	992.939146	11.965439	12.078688	
11/28/2019 14:31:23.678629749	84.149313	26.189804	992.380563	15.068286	25.182458	571.717672	79.600617	26.962873	992.608600	-0.695188	12.076862	
11/28/2019 14:31:24.678629749	84.096746	26.316779	992.517763	15.167735	25.171396	571.870773	79.706409	26.964841	992.549776	0.497437	12.080003	
11/28/2019 14:31:25.678629749	84.155884	26.326200	994.263613	15.302404	25.339977	573.700787	79.755560	26.936203	992.971634	0.254302	12.050460	
11/28/2019 14:31:26.678629749	83.932472	26.198701	992.035115	14.737336	25.146782	572.556781	79.555724	26.959761	992.549776	-1.600662	12.071592	
11/28/2019 14:31:27.678629749	83.879905	26.238449	994.498668	15.368997	25.259238	574.802082	79.647270	27.086547	992.679249	4.482721	12.055243	
11/28/2019 14:31:28.678629749	83.840479	26.136860	994.021696	14.983445	25.130577	572.140842	79.638991	26.991923	992.696126	4.826725	12.095116	
11/28/2019 14:31:29.678629749	83.774769	26.212463	994.376607	15.344837	25.266054	576.024933	79.819561	27.085203	993.053007	5.990789	12.059160	
11/28/2019 14:31:30.678629749	84.090175	26.171561	994.167965	14.866956	25.173355	573.913683	79.514695	27.000432	992.010592	-1.248794	12.077151	
11/28/2019 14:31:31.678629749	84.221594	26.132636	993.057580	15.209130	25.211071	574.663432	79.568919	27.138744	992.917382	8.383903	12.079569	
11/28/2019 14:31:32.678629749	83.998181	26.343513	992.652204	14.339579	25.206500	572.784138	79.606137	26.943156	992.387658	-0.020015	12.062406	
11/28/2019 14:31:33.678629749	83.998181	26.186403	993.816998	15.266045	25.141965	572.686884	79.763787	27.072546	993.089753	11.118128	12.070580	
11/28/2019 14:31:34.678629749	83.952185	26.158547	991.838301	15.147022	25.211929	573.618648	79.655944	26.981340	992.625791	4.231723	12.084484	
11/28/2019 14:31:35.678629749	84.261019	26.221286	992.953654	15.404305	25.170579	573.326897	79.770410	27.066630	993.125078	8.338575	12.070711	
11/28/2019 14:31:36.678629749	84.123029	26.190403	994.044958	14.997399	25.141353	572.717113	79.817853	27.006867	992.765831	2.441475	12.087007	
11/28/2019 14:31:37.678629749	84.063891	26.305262	992.132180	15.430992	25.253604	573.764518	79.927903	27.015471	993.254394	9.611371	12.054442	
11/28/2019 14:31:38.678629749	84.004752	26.168342	991.954370	15.010258	25.224664	575.323811	79.772803	26.972207	992.632886	2.348469	12.103382	
11/28/2019 14:31:39.678629749	83.952185	26.032021	992.418884	15.431559	25.391572	580.006931	79.908637	27.032076	992.236893	5.768352	12.071316	
11/28/2019 14:31:40.678629749	83.906188	26.168566	993.204401	14.749088	25.209929	576.961949	79.782948	26.963285	992.645661	3.121890	12.103067	
11/28/2019 14:31:41.678629749	83.991611	26.174737	992.286177	15.078618	25.338834	580.554289	79.879856	27.039547	992.407371	1.379591	12.071408	
11/28/2019 14:31:42.678629749	83.879905	26.168791	993.022570	14.873665	25.115270	577.608529	79.876492	26.957994	992.593146	-0.285158	12.100202	
11/28/2019 14:31:43.678629749	83.965327	26.101379	994.110483	15.211281	25.115841	579.970787	79.854624	27.089976	993.092590	8.088887	12.073629	
11/28/2019 14:31:44.678629749	83.853621	26.153125	993.048749	14.659972	25.226664	579.828853	79.852758	26.984039	992.586522	2.936918	12.104407	
11/28/2019 14:31:45.678629749	84.175597	26.080890	993.951124	15.026696	25.239685	580.786898	79.930610	27.110212	992.717417	4.267877	12.056058	
11/28/2019 14:31:46.678629749	84.057320	26.200572	991.942937	14.808299	25.139639	579.669837	79.624798	26.964947	992.295402	-0.615017	12.095773	
11/28/2019 14:31:47.678629749	84.241306	26.222184	992.964693	14.782768	25.172539	579.815055	79.715135	27.010909	992.606392	4.626297	12.072512	
11/28/2019 14:31:48.678629749	84.136171	26.101154	993.685317	14.624248	25.235971	579.368887	79.626401	26.997839	992.604185	2.770023	12.076770	
11/28/2019 14:31:49.678629749	83.958756	26.222334	993.480776	14.935988	25.223848	580.033865	79.675158	26.970238	992.805571	2.441475	12.073077	
11/28/2019 14:31:50.678629749	84.004752	26.216313	993.295633	14.726470	25.168538	579.318292	79.688352	26.939420	992.757472	-0.201056	12.089386	
11/28/2019 14:31:51.678629749	84.096746	26.299841	992.206379	15.246388	25.285892	579.858419	79.658809	26.899362	992.105998	-1.402584	12.006671	
11/28/2019 14:31:52.678629749	83.945614	26.179559	992.431185	14.780373	25.197193	580.016783	79.647218	26.943781	992.578006	2.180263	12.104210	
11/28/2019 14:31:53.678629749	83.952185	26.236952	993.726398	15.230353	25.199193	581.325057	79.746334	27.018900	992.838374	9.585431	12.063365	
11/28/2019 14:31:54.678629749	84.162455	26.125867	992.624135	15.264090	25.169967	580.701475	79.648769	27.037367	992.693603	7.742262	12.090648	
11/28/2019 14:31:55.678629749	83.925901	26.248618	993.453335	15.360326	25.244788	583.482303	79.729276	26.994516	992.516817	0.598306	12.088019	
11/28/2019 14:31:56.678629749	83.748486	26.169540	991.929532	14.840475	25.114984	582.191111	79.643302	26.948448	992.651970	0.352550	12.057622	
11/28/2019 14:31:57.678629749	83.952185	26.153574	992.812195	15.335380	25.308547	585.364881	79.658599	26.993998	992.711580	4.111466	12.092251	
11/28/2019 14:31:58.678629749	84.313587	26.158472	991.388217	15.163327	25.166293	583.884444	79.540874	26.997839	992.772612	2.361304	12.075258	
11/28/2019 14:31:59.678629749	84.070462	26.217960	993.557419	15.104878	25.171396	583.254946	79.795827	26.999395	992.763938	1.336884	12.082289	
11/28/2019 14:32:00.678629749	84.050749	26.057931	994.173565	14.916262	25.183600	582.055745	79.666064	27.027515	993.052536	7.818502	12.070291	
11/28/2019 14:32:01.678629749	83.886475	26.216987	992.850122	14.837117	25.194907	585.294572	79.631316	27.001469	992.575955	2.754567	12.081567	
11/28/2019 14:32:02.678629749	83.840479	25.947370	991.735478	14.757012	25.254135	584.969308	79.559036	26.932573	993.063889	10.261915	12.058410	
11/28/2019 14:32:03.678629749	84.241306	26.132486	992.470058	15.263058	25.185315	584.188678	79.618517	27.100041	993.063889	10.265846	12.082881	
11/28/2019 14:32:04.678629749	84.129600	26.150623	993.954593	14.766708	25.185764	584.082888	79.560535	26.965053	992.366052	3.017089	12.064968	
11/28/2019 14:32:05.678629749	84.103317	26.242523	991.913289	14.859334	25.173396	584.410120	79.600355	26.980197	992.724827	4.380541	12.066887	
11/28/2019 14:32:06.678629749	83.886475	26.152526	992.190215	14.834615	25.118699	582.856090	79.314150	27.014127	992.433392	-1.689736	12.039907	
11/28/2019 14:32:07.678629749	84.070462	26.291168	992.173734	15.183185	25.184458	585.036986	79.440050	26.979160	992.991661	0.415955	12.058056	
11/28/2019 14:32:08.678629749	84.129600	26.173539	993.372276	14.973642	25.187560	585.212433	79.461970	26.944818	992.269381	1.258023	12.104998	
11/28/2019 14:32:09.678629749	84.116458	26.331996	992.252428	15.232227	25.222419	585.947720	79.544685	26.995447	992.801785	1.221870	12.055072	
11/28/2019 14:32:10.678629749	83.932472	26.115772	993.140690	15.018748	25.167436	584.732752	79.519348	26.997215	992.812195	7.762960	12.101306	
11/28/2019 14:32:11.678629749	84.037607	26.211341	993.402161	15.318685	25.185315	585.365534	79.628899	26.996696	992.291773	4.088147	12.050828	
11/28/2019 14:32:12.678629749	84.201881	26.084291	994.387804	15.296009	25.121515	584.517225	79.471958	26.977086	992.670104	7.537903	12.077427	
11/28/2019 14:32:13.678629749	84.136171	26.168117	992.056089	15.601656	25.205398	586.878168	79.486151	27.042140	993.046856	9.200031	12.085456	
11/28/2019 14:32:14.678629749	84.004752	26.078270	993.068067	15.016735	25.184703	585.059984	79.451588	26.971170	993.265433	7.455110	12.079162	
11/28/2019 14:32:15.678629749	83.840479	26.195226	992.088102	15.182317	25.271687	588.514337	79.458659	26.974800	992.659537	1.547797	12.084169	
11/28/2019 14:32:16.678629749	84.070462	26.189954	993.477464	14.947564	25.119515	586.818373	79.395604	26.918878	992.240994	-0.181668	12.103868	
11/28/2019 14:32:17.678629749	84.077033	26.138282	993.108754	15.210671	25.292382	590.308208	79.463969	26.999395	992.492531	4.088147	12.059186	
11/28/2019 14:32:18.678629749	83.722202	26.057781	993.227506	15.429943	25.088656	587.046383	79.422940	26.988187	992.363844	4.912139	12.069528	
11/28/2019 14:32:19.678629749	83.932472	26.149275	991.485992	14.977207	25.271402	591.190028	79.293676	26.984039	992.713473	1.441685	12.077295	
11/28/2019 14:32:20.678629749	84.090175	26.115623	993.814475	15.101727	25.107923	588.222586	79.248783	26.926456	992.676255	3.763531	12.088992	
11/28/2019 14:32:21.678629749	84.011323	26.169764	994.438111	15.094200	25.150741	590.195839	79.335861	27.030626	993.247613	6.697145	12.074720	
11/28/2019 14:32:22.678629749	83.833908	26.098278	993.848933	15.134564	25.091840	589.917887	79.299143	27.106476	992.696283	4.358533	12.035281	
11/28/2019 14:32:23.678629749	83.866763	26.189355	992.042367	14.755955	25.148701	590.080850	79.175451	26.917217	992.648026	0.273690	12.080173	
11/28/2019 14:32:24.678629749	84.044178	26.194851	992.364476	14.658883	25.153231	590.339089	79.047949	26.916180	992.451212	0.947552	12.102830	
11/28/2019 14:32:25.678629749	84.063891	26.116371	991.800374	15.107607	25.161762	589.532829	78.863016	26.976154	992.524862	8.165127	12.076875	
11/28/2019 14:32:26.678629749	83.899617	26.152900	992.682641	15.078643	25.201152	590.666321	78.788632	26.985595	992.700227	5.543295	12.104893	
11/28/2019 14:32:27.678629749	83.814195	26.105378	991.230120	13.738773	25.020938	588.562301	79.022217	27.044945	993.067990	4.688391	12.056741	
11/28/2019 14:32:28.678629749	84.024465	26.115698	994.385044	15.017924	25.136822	588.731832	78.993226	26.964322	992.895462	4.954845	12.098572	
11/28/2019 14:32:29.678629749	84.057320	26.177763	992.864315	14.809902	25.138577	589.007153	79.144567	26.963073	992.401062	-0.424803	12.078859	
11/28/2019 14:32:30.678629749	83.932472	26.183709	991.791305	14.806789	25.163150	588.785059	79.130112	26.937864	992.278212	0.910088	12.095865	
11/28/2019 14:32:31.678629749	83.820766	26.179934	992.834825	14.783649	25.194336	589.150403	79.057936	26.947516	992.663009	3.712961	12.108376	
11/28/2019 14:32:32.678629749	83.919330	26.169090	993.454282	14.547833	25.235685	587.750789	79.160863	27.073170	992.812038	2.080704	12.043481	
11/28/2019 14:32:33.678629749	84.142742	26.158846	991.516035	14.810493	25.209071	589.098492	79.139048	26.943262	992.625791	3.795753	12.104039	
11/28/2019 14:32:34.678629749	83.958756	26.184158	993.358792	14.735355	25.154129	587.317105	79.203548	26.927906	992.943247	1.788310	12.068977	
11/28/2019 14:32:35.678629749	83.768198	26.189729	991.709851	14.639038	25.160334	589.005185	79.149377	26.916592	992.427241	0.585471	12.085417	
11/28/2019 14:32:36.678629749	84.037607	26.111324	992.913913	15.029425	25.180172	588.463079	79.029549	26.987775	992.658750	8.227221	12.098756	
11/28/2019 14:32:37.678629749	84.063891	26.137309	992.395071	15.095320	25.177355	589.731273	79.061248	27.019112	992.829700	7.902605	12.107233	
11/28/2019 14:32:38.678629749	83.925901	26.100181	992.609547	15.116668	25.171967	589.468435	79.104932	26.994209	992.903664	8.043559	12.099702	
11/28/2019 14:32:39.678629749	83.755057	26.173689	993.020520	14.789038	25.206786	590.982385	79.085219	26.941082	992.726877	3.939329	12.105458	
11/28/2019 14:32:40.678629749	83.906188	25.995042	992.778131	15.480337	25.273687	589.452006	79.117469	27.028658	992.516188	9.377140	12.069620	
11/28/2019 14:32:41.678629749	84.017894	26.206144	993.354771	14.814826	25.181315	592.726313	79.128351	26.949697	992.498997	1.560631	12.107995	
11/28/2019 14:32:42.678629749	83.893046	26.173464	993.393645	14.887455	25.130006	591.628965	79.092289	26.942119	992.453262	0.723805	12.104328	
11/28/2019 14:32:43.678629749	83.847050	26.116296	992.907053	15.051987	25.172539	593.434003	79.126143	26.984145	992.860137	8.457521	12.101529	
11/28/2019 14:32:44.678629749	84.077033	26.121943	992.372203	15.055264	25.194050	593.684358	79.111950	27.018075	993.124764	6.358112	12.094183	
11/28/2019 14:32:45.678629749	83.998181	26.206144	993.912330	14.662135	25.162905	595.323811	79.101068	26.939420	992.079505	1.917741	12.062498	
11/28/2019 14:32:46.678629749	83.899617	26.163519	992.969346	14.745259	25.203398	595.750265	79.084667	26.984663	992.643453	4.307963	12.100005	
11/28/2019 14:32:47.678629749	83.925901	26.105453	992.391207	15.049447	25.146455	595.484796	79.126196	27.004062	992.842789	7.374939	12.098283	
11/28/2019 14:32:48.678629749	84.090175	26.142581	992.945612	14.710831	25.200826	596.712910	78.977429	26.982483	992.656700	5.618223	12.103408	
11/28/2019 14:32:49.678629749	83.853621	26.163893	991.634392	14.770073	25.187846	597.469227	78.870243	26.941082	992.902400	0.520756	12.082762	
11/28/2019 14:32:50.678629749	83.945614	26.173764	994.103387	14.946451	25.124944	596.757590	78.979689	26.987563	992.641874	2.696404	12.069187	
11/28/2019 14:32:51.678629749	84.011323	26.153649	992.370548	14.947118	25.187805	597.406801	79.002214	27.016413	992.800999	6.112356	12.095300	
11/28/2019 14:32:52.678629749	83.820766	26.148078	992.925504	15.111116	25.186988	597.654525	79.064612	27.019630	992.617117	5.254832	12.105064	
11/28/2019 14:32:53.678629749	84.103317	26.158472	993.170338	14.808827	25.206500	597.157762	79.153293	26.946373	992.704485	3.529299	12.111293	
11/28/2019 14:32:54.678629749	83.893046	26.115772	992.789328	15.060810	25.146455	596.245713	79.245182	27.009354	992.751006	5.485132	12.102344	
11/28/2019 14:32:55.678629749	84.063891	26.220762	991.825211	14.940905	25.136822	595.720037	79.156553	27.008835	992.687923	1.796174	12.076375	
11/28/2019 14:32:56.678629749	84.077033	26.110276	991.983466	15.064161	25.122944	595.889568	79.173006	26.998771	992.934887	4.687081	12.099045	
11/28/2019 14:32:57.678629749	83.906188	26.089488	993.063100	15.094521	25.161477	596.678082	79.184992	27.009660	993.068619	6.118909	12.095944	
11/28/2019 14:32:58.678629749	83.971898	26.215864	993.610249	14.765306	25.190091	597.834571	79.182889	26.957994	992.245881	1.075672	12.088808	
11/28/2019 14:32:59.678629749	84.070462	26.163669	992.573196	14.813398	25.182703	598.115807	79.187200	27.010603	992.643453	6.091658	12.110636	
11/28/2019 14:33:00.678629749	83.952185	26.158996	994.054736	14.905056	25.192336	598.176917	79.230779	27.025959	992.604027	6.439594	12.097744	
11/28/2019 14:33:01.678629749	83.774769	26.169090	992.871096	14.744656	25.218705	599.292663	79.003713	26.962047	992.441595	3.098571	12.101384	
11/28/2019 14:33:02.678629749	84.017894	26.157948	993.353273	14.552744	25.184703	598.410842	78.992331	26.977498	992.339244	-0.503663	12.080095	
11/28/2019 14:33:03.678629749	84.057320	26.174886	993.462324	14.986986	25.235400	599.847252	78.966652	26.979784	992.791853	4.205783	12.086889	
11/28/2019 14:33:04.678629749	83.925901	26.116072	993.810217	15.096244	25.134577	599.427366	79.114919	27.020667	992.783494	7.325680	12.092566	
11/28/2019 14:33:05.678629749	83.952185	26.142731	993.721745	14.904553	25.178457	601.081933	78.988520	27.011640	992.763781	6.010176	12.105918	
11/28/2019 14:33:06.678629749	84.116458	26.137683	992.782862	14.890656	25.182988	601.179840	78.943076	26.994209	992.774505	5.660930	12.111964	
11/28/2019 14:33:07.678629749	84.182168	26.311657	993.753444	15.312717	25.066818	599.060706	78.996143	27.110212	992.518553	7.260964	12.079437	
11/28/2019 14:33:08.678629749	83.801053	26.158547	993.932121	14.929656	25.192336	601.217952	79.014252	27.020149	993.004593	5.968780	12.095208	
11/28/2019 14:33:09.678629749	84.096746	26.168417	993.078791	14.871653	25.117270	601.066819	79.111108	26.939420	992.492845	0.236225	12.101765	
11/28/2019 14:33:10.678629749	83.939043	26.147554	993.205348	15.151379	25.125475	600.738272	79.155449	26.984039	992.706850	1.358893	12.098414	
11/28/2019 14:33:11.678629749	83.755057	26.178212	993.242251	14.772896	25.160660	602.200963	79.120648	26.949685	992.339873	-0.547681	12.086574	
11/28/2019 14:33:12.678629749	84.031036	26.206218	991.911553	14.780316	25.201398	602.279819	79.030206	27.008941	992.899877	4.005355	12.078702	
11/28/2019 14:33:13.678629749	83.807624	26.179110	992.852487	14.768236	25.105922	602.561707	79.117022	26.931948	992.995762	-1.367741	12.065875	
11/28/2019 14:33:14.678629749	84.037607	26.161017	991.832150	14.786516	25.173886	603.202383	78.996695	27.030933	992.871176	3.185295	12.082657	
11/28/2019 14:33:15.678629749	84.017894	26.126990	993.367309	15.091780	25.161762	602.975678	79.039380	27.034468	993.026357	7.037217	12.090858	
11/28/2019 14:33:16.678629749	83.860192	26.131962	993.208502	15.040889	25.148170	602.694442	79.111503	27.022117	992.757472	5.094490	12.102988	
11/28/2019 14:33:17.678629749	84.037607	26.110575	992.846258	15.309409	25.176784	602.999992	79.127904	27.015788	992.728928	8.109585	12.109217	
11/28/2019 14:33:18.678629749	83.965327	26.178886	993.233734	14.737908	25.183845	603.800336	79.147117	26.955295	992.573433	2.246289	12.105406	
11/28/2019 14:33:19.678629749	84.070462	26.184233	992.288779	16.014945	25.320466	605.136208	79.301009	27.072228	992.703063	10.512913	12.057451	
11/28/2019 14:33:20.678629749	84.044178	26.158996	992.357458	14.822831	25.235400	604.301699	79.219345	27.004687	992.505463	4.204472	12.103369	
11/28/2019 14:33:21.678629749	84.050749	26.221810	992.743278	15.539597	25.307159	605.617857	79.359543	27.016095	992.775134	3.389655	12.092816	
11/28/2019 14:33:22.678629749	83.801053	26.116072	991.754482	15.095609	25.153558	603.970520	79.243421	27.025853	992.728928	7.227431	12.104013	
11/28/2019 14:33:23.678629749	84.103317	26.279127	993.469499	15.344919	25.246461	604.853004	79.259979	27.013290	992.770719	2.562002	12.084077	
11/28/2019 14:33:24.678629749	83.893046	26.221510	992.356354	15.088365	25.147313	603.403448	79.140599	27.035293	992.836166	3.290096	12.075074	
11/28/2019 14:33:25.678629749	83.932472	26.263386	992.172710	15.756460	25.218990	605.774905	79.266603	27.036224	992.681614	4.872053	12.072867	
11/28/2019 14:33:26.678629749	83.998181	26.210293	993.009323	14.820051	25.131720	604.686756	79.097966	26.977498	992.376933	-0.173805	12.103461	
11/28/2019 14:33:27.678629749	83.860192	26.221585	993.449077	15.312346	25.245073	606.641611	79.221211	27.025641	992.720411	1.565874	12.079043	
11/28/2019 14:33:28.678629749	83.709060	26.205620	994.214409	14.725092	25.099432	605.309023	79.108900	26.997109	992.352805	1.794863	12.080699	
11/28/2019 14:33:29.678629749	84.169026	26.164417	991.589919	15.707984	25.255564	606.646211	79.199842	27.081880	992.742332	6.669894	12.092054	
11/28/2019 14:33:30.678629749	84.050749	26.115847	992.984248	14.901013	25.119556	605.440442	79.229832	27.011640	992.689345	2.943471	12.102081	
11/28/2019 14:33:31.678629749	83.893046	26.190403	993.054268	15.581345	25.241400	607.740274	79.452587	27.059677	992.726877	7.959457	12.082368	
11/28/2019 14:33:32.678629749	83.827337	26.205021	992.795794	14.811147	25.151843	606.572618	79.357335	27.005618	992.400747	0.134045	12.109204	
11/28/2019 14:33:33.678629749	84.050749	26.242448	994.087064	15.161585	25.207398	609.413240	79.550048	27.065487	992.148739	3.451749	12.071920	
11/28/2019 14:33:34.678629749	83.945614	26.179784	991.720970	14.999091	25.173926	608.652324	79.402385	27.059783	992.967218	5.455260	12.087204	
11/28/2019 14:33:35.678629749	84.116458	26.215939	993.171994	15.139702	25.280463	609.440838	79.529940	27.028752	992.503884	1.937128	12.096404	
11/28/2019 14:33:36.678629749	83.991611	26.127738	993.864308	15.075021	25.130251	607.874977	79.467438	27.062894	992.958072	6.380121	12.080147	
11/28/2019 14:33:37.678629749	83.833908	26.270080	992.605051	15.296204	25.229195	609.133972	79.624588	27.086135	992.945455	1.210075	12.063667	
11/28/2019 14:33:38.678629749	84.050749	26.173314	992.284758	14.781397	25.183845	609.193114	79.606032	27.035293	992.293666	1.239947	12.090595	
11/28/2019 14:33:39.678629749	83.827337	26.247720	993.586358	15.227605	25.229766	610.732030	79.675552	27.058322	992.650548	0.958037	12.095628	
11/28/2019 14:33:40.678629749	84.136171	26.031571	991.378282	14.769456	25.274218	611.316847	79.828682	27.179627	992.927792	4.458091	12.042522	
11/28/2019 14:33:41.678629749	83.958756	26.242673	994.599677	15.301084	25.248176	611.619765	79.706147	27.083848	992.716310	2.373099	12.086495	
11/28/2019 14:33:42.678629749	83.879905	26.158098	992.813851	15.070374	25.216460	610.843735	79.609791	27.050755	992.683036	6.406061	12.111293	
11/28/2019 14:33:43.678629749	84.031036	26.180458	991.870471	15.932273	25.208500	612.516701	79.596858	27.146004	992.593775	6.880806	12.066532	
11/28/2019 14:33:44.678629749	83.741915	26.205470	993.750921	14.878551	25.148170	610.697201	79.595650	27.009766	992.589045	0.544075	12.096022	
11/28/2019 14:33:45.678629749	84.090175	26.216014	993.644944	15.280263	25.277075	614.446589	79.678916	27.055210	992.604814	2.186816	12.096101	
11/28/2019 14:33:46.678629749	83.801053	26.189280	993.530136	14.929146	25.139353	612.463474	79.369031	27.003956	992.466666	0.501368	12.105340	
11/28/2019 14:33:47.678629749	84.247877	26.227156	993.592272	15.702167	25.198336	615.072140	79.506916	27.058015	992.380877	4.438704	12.068832	
11/28/2019 14:33:48.678629749	83.985040	26.115772	992.808883	15.353263	25.162048	613.612732	79.345402	27.056978	992.963274	8.564943	12.106378	
11/28/2019 14:33:49.678629749	83.873334	26.205769	992.734605	15.366243	25.308792	616.346249	79.447777	27.069117	992.696283	4.331282	12.097994	
11/28/2019 14:33:50.678629749	84.090175	26.200572	992.726168	14.769645	25.134006	614.508352	79.489805	27.007174	992.641560	0.665643	12.104578	
11/28/2019 14:33:51.678629749	83.833908	26.222858	994.498274	15.216953	25.176743	614.818501	79.551256	27.034774	992.532114	2.482871	12.050447	
11/28/2019 14:33:52.678629749	83.860192	26.215714	993.530531	14.657877	25.175355	615.988789	79.494720	26.991711	992.499469	0.810529	12.108639	
11/28/2019 14:33:53.678629749	83.965327	26.222034	993.094798	15.225870	25.221562	616.415243	79.668772	27.062269	992.455313	2.670464	12.091015	
11/28/2019 14:33:54.678629749	83.801053	26.147853	992.332778	15.078543	25.135394	615.406602	79.556014	27.084166	992.923534	7.940069	12.077966	
11/28/2019 14:33:55.678629749	84.129600	26.215789	993.680506	15.295299	25.238257	617.208356	79.509780	27.075964	992.512715	5.404961	12.077847	
11/28/2019 14:33:56.678629749	83.912759	26.116596	991.900199	15.096112	25.163477	616.300906	79.437999	27.078875	992.921641	8.434202	12.107968	
11/28/2019 14:33:57.678629749	83.761628	26.200198	993.441193	15.609686	25.217317	617.051308	79.419443	27.115598	992.939303	8.074742	12.094196	
11/28/2019 14:33:58.678629749	84.017894	26.110950	993.174911	15.021564	25.161558	615.743686	79.350974	27.051486	992.701491	5.164176	12.086981	
11/28/2019 14:33:59.678629749	83.919330	26.173838	993.634220	15.045089	25.266871	615.252838	79.385484	27.117778	993.186582	9.487183	12.058884	
11/28/2019 14:34:00.678629749	83.847050	26.127289	993.700219	14.993809	25.164579	615.240355	79.224470	27.081986	992.862188	6.378810	12.104499	
11/28/2019 14:34:01.678629749	83.978469	26.242897	993.366994	15.212156	25.194091	615.620814	79.274278	27.058946	992.468088	1.931886	12.075824	
11/28/2019 14:34:02.678629749	83.610496	26.205620	993.076346	15.259185	25.117841	613.483282	79.109505	27.111555	993.164346	2.755878	12.059278	
11/28/2019 14:34:03.678629749	84.070462	26.258563	994.153220	15.316251	25.286423	616.309453	79.175319	27.095056	992.681143	5.340245	12.080660	
11/28/2019 14:34:04.678629749	83.728773	26.132262	992.787120	15.137778	25.164048	614.907208	79.091947	27.104295	992.816296	7.819812	12.106142	
11/28/2019 14:34:05.678629749	83.998181	26.236952	994.195406	15.337229	25.195764	615.564303	79.169195	27.142680	993.038024	8.790001	12.072012	
11/28/2019 14:34:06.678629749	83.702489	26.158472	993.116719	14.876734	25.137679	614.234999	79.447173	27.053867	992.453105	1.686130	12.104670	
11/28/2019 14:34:07.678629749	84.011323	26.311807	993.745716	15.165333	25.190417	614.542517	79.381673	27.044109	992.442066	1.561942	12.082224	
11/28/2019 14:34:08.678629749	83.715631	26.117494	994.629483	15.930878	25.196867	613.926165	79.183546	26.950416	992.271746	6.399508	12.088019	
11/28/2019 14:34:09.678629749	84.169026	26.242074	994.106462	15.150637	25.221848	616.432325	79.124907	27.136870	993.070512	7.825055	12.085522	
11/28/2019 14:34:10.678629749	83.925901	26.142955	992.871648	15.068079	25.161191	615.756832	79.061852	27.133971	993.017683	6.953114	12.105511	
11/28/2019 14:34:11.678629749	83.893046	26.258039	993.803988	14.803481	25.278830	616.705678	79.125906	27.096506	992.468717	3.740211	12.062208	
11/28/2019 14:34:12.678629749	83.952185	26.137758	992.786805	15.031802	25.143925	616.285792	79.173453	27.107407	992.962960	5.561371	12.096785	
11/28/2019 14:34:13.678629749	83.774769	26.290719	992.616880	15.100859	25.164089	616.913974	79.220002	27.081256	992.595511	1.216627	12.074299	
11/28/2019 14:34:14.678629749	83.971898	26.173689	992.380325	14.737726	25.216705	617.270782	79.395052	27.098273	992.798791	6.015419	12.113186	
11/28/2019 14:34:15.678629749	83.840479	26.216014	992.713079	15.158824	25.212500	617.348974	79.412163	27.202137	992.906501	8.668433	12.070606	
11/28/2019 14:34:16.678629749	84.385867	26.450598	993.181139	14.615764	25.089023	617.916046	79.607635	27.159180	993.827803	19.922902	12.006316	
11/28/2019 14:34:17.678629749	83.715631	26.226558	993.351460	14.673202	25.155231	617.354889	79.404041	27.052099	992.545361	0.256923	12.106299	
11/28/2019 14:34:18.678629749	84.129600	26.264808	991.995294	15.441500	25.157599	617.504044	79.349870	27.267816	993.145263	19.369296	12.034256	
11/28/2019 14:34:19.678629749	83.695918	26.157424	993.298944	15.164006	25.141353	616.775987	79.354233	27.108338	992.536529	3.332803	12.102055	
11/28/2019 14:34:20.678629749	84.096746	26.366622	993.282938	14.851354	25.244543	620.382125	79.348818	27.194252	993.411782	9.066668	12.040380	
11/28/2019 14:34:21.678629749	83.590783	26.284773	991.665538	14.784806	25.156660	619.564698	79.264447	27.094432	992.066101	0.871313	12.074798	
11/28/2019 14:34:22.678629749	84.103317	26.197621	992.607654	15.060011	25.211398	621.238317	79.214088	27.202867	993.098742	9.990219	12.081658	
11/28/2019 14:34:23.678629749	83.722202	26.184682	993.804303	14.861560	25.165722	621.031337	79.174662	27.022424	992.051118	3.085736	12.077860	
11/28/2019 14:34:24.678629749	84.182168	26.307732	992.503570	14.196174	24.983017	619.537754	79.279140	27.305587	993.630831	5.505830	12.018538	
11/28/2019 14:34:25.678629749	83.755057	26.163070	992.658118	14.762086	25.219562	621.340170	79.224365	27.080218	992.670104	3.742833	12.088584	
11/28/2019 14:34:26.678629749	83.794482	26.161017	993.069171	15.165276	25.202010	622.394806	79.311391	27.201206	993.205980	7.982776	12.079871	
11/28/2019 14:34:27.678629749	83.958756	26.226707	992.892702	14.685778	25.166008	621.850732	79.417972	27.057909	992.490638	1.734079	12.111858	
11/28/2019 14:34:28.678629749	83.939043	26.184532	992.923454	14.903162	25.250216	623.237862	79.448277	27.167382	992.922112	8.223560	12.068359	
11/28/2019 14:34:29.678629749	83.610496	26.194178	992.277108	14.844940	25.116372	621.667402	79.306186	27.094114	992.530849	0.895943	12.097889	
11/28/2019 14:34:30.678629749	84.017894	26.138657	994.146439	15.336751	25.174539	621.472242	79.453192	27.189892	993.214968	10.141658	12.074457	
11/28/2019 14:34:31.678629749	83.807624	26.184831	992.368734	14.596982	25.216460	622.381007	79.173506	27.075858	992.755107	4.438704	12.065297	
11/28/2019 14:34:32.678629749	83.676205	26.212613	993.779780	14.919481	25.271157	623.620288	79.280796	27.153369	992.790431	1.459762	12.066204	
11/28/2019 14:34:33.678629749	83.906188	26.200048	992.071386	14.628285	25.199438	622.607049	79.205861	27.061645	992.453262	2.204893	12.105064	
11/28/2019 14:34:34.678629749	83.755057	26.191151	992.723171	15.073833	25.303404	625.121755	79.247494	27.187299	992.856036	4.994931	12.096640	
11/28/2019 14:34:35.678629749	83.998181	26.139779	992.454367	15.035286	25.108453	621.626006	79.216086	27.102634	992.836480	5.055715	12.082473	
11/28/2019 14:34:36.678629749	83.722202	26.211940	993.761566	15.174105	25.226093	623.726078	79.329001	27.151189	992.724669	0.311154	12.078596	
11/28/2019 14:34:37.678629749	83.985040	26.232728	992.663166	14.656161	25.148986	623.561147	79.188803	27.095056	992.015164	-0.548991	12.077952	
11/28/2019 14:34:38.678629749	83.735344	26.253291	993.532976	15.268957	25.265442	625.502866	79.327240	27.145167	992.533214	1.390075	12.091528	
11/28/2019 14:34:39.678629749	84.031036	26.169016	993.448211	14.976157	25.144210	623.143892	79.360647	27.121101	992.582421	5.318237	12.089425	
11/28/2019 14:34:40.678629749	83.748486	26.270080	993.854373	15.004587	25.069104	623.880495	79.625587	27.298010	993.696279	11.246248	12.058884	
11/28/2019 14:34:41.678629749	84.083604	26.116746	992.939066	15.087076	25.145598	623.533549	79.550547	27.134383	992.851306	5.619534	12.102686	
11/28/2019 14:34:42.678629749	83.866763	26.222483	993.702742	15.244942	25.182172	625.286023	79.648007	27.056247	992.561130	8.743362	12.074917	
11/28/2019 14:34:43.678629749	83.847050	26.147105	992.593540	14.904257	25.188948	624.662441	79.508414	27.135420	992.790746	8.747294	12.087940	
11/28/2019 14:34:44.678629749	84.017894	26.276026	993.714255	15.010938	25.246257	627.484002	79.542820	27.123588	992.496632	1.768923	12.071789	
11/28/2019 14:34:45.678629749	83.853621	26.173988	993.728763	14.990344	25.177314	625.915521	79.465677	27.133240	993.098742	8.106964	12.091436	
11/28/2019 14:34:46.678629749	84.050749	26.263461	992.646922	15.311333	25.236012	628.216669	79.459158	27.136870	992.825599	10.122270	12.093631	
11/28/2019 14:34:47.678629749	83.722202	26.203267	992.532823	14.865968	25.139067	627.179115	79.235956	27.104496	992.555613	0.148191	12.074536	
11/28/2019 14:34:48.678629749	84.004752	26.322201	992.409579	14.949514	25.222460	629.595905	79.124854	27.087584	992.836166	-0.832212	12.069226	
11/28/2019 14:34:49.678629749	83.787911	26.194178	992.664427	14.950406	25.154089	629.360012	79.164070	27.040891	992.753371	-0.563137	12.084734	
11/28/2019 14:34:50.678629749	84.050749	26.238673	993.940952	15.501433	25.235726	630.133411	79.158551	27.149221	992.680828	9.950133	12.073576	
11/28/2019 14:34:51.678629749	83.781340	26.174812	992.606392	15.312686	25.181600	629.424405	79.068713	27.133865	992.831593	8.105654	12.111937	
11/28/2019 14:34:52.678629749	84.228164	26.263985	991.682097	14.764532	25.228664	629.469085	79.041587	27.157518	993.453730	7.438344	12.057490	
11/28/2019 14:34:53.678629749	83.755057	26.184607	992.259289	14.837677	25.196295	630.544098	78.761297	27.102009	992.650076	5.541984	12.113383	
11/28/2019 14:34:54.678629749	84.116458	26.243272	992.402798	14.925467	25.215888	631.731468	78.820383	27.188336	992.928264	5.076413	12.089110	
11/28/2019 14:34:55.678629749	83.814195	26.174587	991.659624	15.085667	25.137067	630.270745	78.534573	27.148596	992.527541	8.809388	12.072249	
11/28/2019 14:34:56.678629749	83.939043	26.255612	993.634220	14.953639	25.153272	630.931124	78.608956	27.163021	992.669632	2.792032	12.071053	
11/28/2019 14:34:57.678629749	83.932472	26.185580	992.873541	15.054735	25.174784	630.908126	78.439820	27.150364	992.820554	7.364455	12.111109	
11/28/2019 14:34:58.678629749	83.715631	26.301712	992.145190	14.768450	25.198295	630.252347	78.692618	27.237728	992.816610	8.544245	12.060934	
11/28/2019 14:34:59.678629749	83.715631	26.216014	993.696118	14.770230	25.165191	630.115013	78.532708	27.015058	992.567281	4.784018	12.090661	
11/28/2019 14:35:00.678629749	83.965327	26.196273	993.351854	15.017421	25.301444	632.437190	78.639946	27.159180	992.874013	6.020661	12.092225	
11/28/2019 14:35:01.678629749	83.689347	26.323174	992.303919	14.602924	25.157232	628.746281	78.663522	27.108444	992.310857	4.205783	12.081172	
11/28/2019 14:35:02.678629749	83.689347	26.222483	992.968084	15.105224	25.241114	631.184763	78.694773	27.107195	992.737916	1.358893	12.084970	
11/28/2019 14:35:03.678629749	83.991611	26.216388	991.258506	14.779681	25.185274	630.904842	78.482505	27.105639	992.530063	5.671415	12.104039	
11/28/2019 14:35:04.678629749	83.847050	26.175335	993.019258	15.537906	25.211602	631.161765	78.487473	27.193003	992.753213	8.802836	12.097048	
11/28/2019 14:35:05.678629749	83.715631	26.184532	993.071459	14.786786	25.211847	631.609248	78.413089	27.109481	992.603556	4.326040	12.099847	
11/28/2019 14:35:06.678629749	83.682776	26.190328	992.999860	15.301593	25.232583	632.154638	78.446444	27.163847	992.761887	9.839050	12.095050	
11/28/2019 14:35:07.678629749	83.952185	26.232354	992.333172	14.621393	25.168008	631.866171	78.326958	27.094432	992.553877	1.241257	12.109756	
11/28/2019 14:35:08.678629749	83.945614	26.268508	991.932449	15.302115	25.255278	633.888051	78.555680	27.191966	992.674677	8.153603	12.094564	
11/28/2019 14:35:09.678629749	83.695918	26.248244	991.908478	14.857837	25.137679	632.451641	78.575340	27.100242	992.309121	0.215527	12.094222	
11/28/2019 14:35:10.678629749	83.860192	26.200123	993.155987	15.902542	25.320466	634.126575	78.300831	27.143611	993.293662	8.708519	12.043021	
11/28/2019 14:35:11.678629749	84.004752	26.179335	992.216157	14.983024	25.182988	633.462913	78.432750	27.175679	992.794375	7.511962	12.112226	
11/28/2019 14:35:12.678629749	83.932472	26.168941	992.486774	15.080196	25.157272	633.018713	78.499458	27.194040	993.140533	7.021761	12.088610	
11/28/2019 14:35:13.678629749	83.998181	26.259686	993.328198	15.351729	25.243155	634.039184	78.546059	27.220604	992.965010	11.158214	12.049093	
11/28/2019 14:35:14.678629749	83.584212	26.269257	994.046771	14.858680	25.122087	633.776346	78.448547	27.114561	992.396489	0.955416	12.095641	
11/28/2019 14:35:15.678629749	84.083604	26.223531	992.980937	15.255475	25.160130	634.059550	78.535020	27.248830	993.323943	10.076943	12.074010	
