
Time stamp	Inside_humidity (in %rH)	Inside_temperature (in °C)	Inside_pressure (in mbar)	Soil_moisture (in %VWC)	Soil_temperature (in °C)	Inside_CO2_ratio (in ppm)	Outside_humidity (in %rH)	Outside_temperature (in °C)	Outside_pressure (in mbar)	Outside_PAR (in µmol m^-2 s^-1)	Power_box_charge (in V)	
11/28/2019 15:56:37.678629749	80.377592	27.158693	992.891203	27.106198	25.098004	567.422241	77.171128	27.968685	990.734301	-0.259218	12.093854	
11/28/2019 15:56:38.678629749	80.522153	27.207113	990.399658	27.053993	25.138822	569.231225	77.313771	28.119347	991.283581	1.343437	12.087493	
11/28/2019 15:56:39.678629749	80.482727	27.084362	992.001208	26.735524	25.152374	565.811047	77.316688	28.031147	991.539691	7.510652	12.127221	
11/28/2019 15:56:40.678629749	80.127896	27.158618	991.478345	27.392151	25.230869	569.020961	77.224143	28.056462	991.532910	9.074532	12.109178	
11/28/2019 15:56:41.678629749	80.213318	27.200644	989.989077	26.925422	25.093432	563.226032	77.293059	28.063108	991.077464	1.598096	12.100530	
11/28/2019 15:56:42.678629749	80.403876	27.185801	990.719084	27.231758	25.235400	565.749937	76.990848	28.119654	991.410532	-0.343321	12.105564	
11/28/2019 15:56:43.678629749	80.121325	27.167515	992.044655	27.030198	25.072696	562.405321	77.061815	28.070061	990.850056	-2.731193	12.099545	
11/28/2019 15:56:44.678629749	80.127896	27.163665	992.052068	27.591340	25.191479	564.168310	77.122320	28.140608	991.362433	2.935608	12.115065	
11/28/2019 15:56:45.678629749	79.871629	27.189276	990.203791	26.834189	25.078696	562.016979	76.949215	28.090497	991.495693	0.863449	12.119034	
11/28/2019 15:56:46.678629749	79.746781	27.294715	993.427474	27.536685	25.244788	563.789820	77.142584	28.057499	991.576909	6.429380	12.083945	
11/28/2019 15:56:47.678629749	79.897913	27.153121	991.590708	26.711929	25.090615	560.763899	77.009457	28.072961	991.267341	-0.265771	12.114500	
11/28/2019 15:56:48.678629749	80.180464	27.239119	991.857542	27.628816	25.202336	562.515710	76.936625	28.067870	991.066740	9.049902	12.073721	
11/28/2019 15:56:49.678629749	79.911055	27.099953	991.171456	26.712738	25.172498	560.934746	77.071408	28.075554	991.736033	7.612832	12.109914	
11/28/2019 15:56:50.678629749	80.049045	27.242744	991.611367	27.071566	25.128903	560.616050	76.982726	28.119548	991.699444	2.238426	12.105590	
11/28/2019 15:56:51.678629749	80.081899	27.201168	991.821900	26.995319	25.093146	560.345328	77.115092	28.042460	991.217819	-2.749270	12.108297	
11/28/2019 15:56:52.678629749	80.469585	27.254037	991.606951	27.219832	25.085023	561.269861	77.141533	28.093715	991.097963	6.719153	12.077322	
11/28/2019 15:56:53.678629749	80.384163	27.153496	990.646856	26.626823	25.108453	559.561414	76.985381	28.096826	991.357860	-0.104118	12.126091	
11/28/2019 15:56:54.678629749	80.410447	27.313225	990.227682	25.918216	25.230052	560.602251	77.256341	28.262844	991.322221	3.036477	12.061630	
11/28/2019 15:56:55.678629749	80.108183	27.163441	990.526766	26.869526	25.174498	560.303932	77.100451	28.108965	991.559404	8.377350	12.127024	
11/28/2019 15:56:56.678629749	80.298741	27.192196	991.375917	27.028084	25.139108	559.870247	77.138616	28.203801	991.453430	-0.819377	12.100990	
11/28/2019 15:56:57.678629749	80.338166	27.221956	991.784367	26.943155	25.109596	559.683634	77.089860	28.058748	991.348714	-1.458396	12.101844	
11/28/2019 15:56:58.678629749	80.587862	27.190848	992.130919	27.181580	25.142741	560.629196	77.360924	28.215939	991.587948	1.909878	12.114040	
11/28/2019 15:56:59.678629749	80.285599	27.164414	991.501921	26.517402	25.084697	559.399766	77.106813	28.121940	991.469985	1.990049	12.105235	
11/28/2019 15:57:00.678629749	80.390734	27.212011	990.966835	27.288295	25.181845	561.469621	77.084445	28.166654	991.401858	-1.063822	12.094656	
11/28/2019 15:57:01.678629749	80.430159	27.179556	991.722311	27.256154	25.126903	560.857206	77.243699	28.078877	991.178236	2.755878	12.123161	
11/28/2019 15:57:02.678629749	80.581291	27.254111	991.287288	27.351255	25.200867	562.081373	77.117457	28.104710	991.152372	0.976114	12.104880	
11/28/2019 15:57:03.678629749	80.213318	27.222854	992.388685	27.063684	25.098820	559.897845	76.999627	28.048683	990.891375	2.203582	12.085404	
11/28/2019 15:57:04.678629749	80.541865	27.243118	990.842723	27.371014	25.174212	560.305901	77.238993	28.156483	991.303451	2.441475	12.102423	
11/28/2019 15:57:05.678629749	80.587862	27.120667	991.396182	26.973710	25.168253	560.950513	77.056610	28.061341	991.599144	8.643804	12.109020	
11/28/2019 15:57:06.678629749	80.594433	27.306756	992.264099	27.330687	25.170293	560.830261	77.227849	28.105335	991.386089	-1.515248	12.102225	
11/28/2019 15:57:07.678629749	80.410447	27.233323	992.455865	26.976032	25.114699	560.650878	77.087257	28.094233	990.959345	-1.314820	12.110676	
11/28/2019 15:57:08.678629749	80.574720	27.244615	992.614672	26.797963	25.149884	560.698842	76.993109	28.190731	991.230594	2.956306	12.072236	
11/28/2019 15:57:09.678629749	80.574720	27.243268	991.999395	27.207658	25.111841	561.091131	77.184403	28.022638	991.141805	0.638392	12.109690	
11/28/2019 15:57:10.678629749	80.719281	27.164040	991.056805	27.292396	25.173926	561.660834	77.127235	28.066220	991.690299	8.950343	12.104946	
11/28/2019 15:57:11.678629749	80.574720	27.401501	992.832617	27.852384	25.266014	562.645161	77.065993	28.107610	990.976850	1.604649	12.095431	
11/28/2019 15:57:12.678629749	80.476156	27.211861	992.926136	26.871913	25.080697	559.740144	77.265567	28.119548	991.408167	-1.437698	12.109177	
11/28/2019 15:57:13.678629749	80.706139	27.337414	992.142905	27.537926	25.155884	560.552309	77.112042	28.143201	991.677681	2.429951	12.099676	
11/28/2019 15:57:14.678629749	80.778419	27.211487	991.630371	26.724856	25.103351	559.702032	76.982122	28.144662	990.994669	-1.601972	12.107942	
11/28/2019 15:57:15.678629749	80.706139	27.418439	993.130360	27.873327	25.225848	561.892128	77.317083	28.150366	991.510990	8.128973	12.078504	
11/28/2019 15:57:16.678629749	80.410447	27.248839	992.144166	26.931581	25.117801	560.684391	77.088361	28.068188	990.917868	-1.764936	12.123187	
11/28/2019 15:57:17.678629749	80.607575	27.270451	990.807556	27.854649	25.100902	562.660275	77.069752	28.052207	992.086606	17.671014	12.073090	
11/28/2019 15:57:18.678629749	80.640430	27.216235	991.727436	26.958909	25.186703	561.379598	77.256788	28.075035	991.594257	7.495196	12.106996	
11/28/2019 15:57:19.678629749	80.817845	27.186774	991.814567	27.298778	25.203724	562.932312	77.355510	28.226216	992.014535	11.766322	12.104302	
11/28/2019 15:57:20.678629749	80.752136	27.158618	990.117132	26.573658	25.139067	560.783613	77.105814	28.148599	991.185017	6.356802	12.080647	
11/28/2019 15:57:21.678629749	80.679855	27.233847	991.728146	26.999115	25.139639	563.159670	77.118903	28.261595	991.605138	1.564563	12.090897	
11/28/2019 15:57:22.678629749	80.548436	27.168638	991.332233	26.858786	25.147598	561.963752	77.301733	28.103673	991.657811	6.738541	12.120821	
11/28/2019 15:57:23.678629749	80.647001	27.212834	991.456739	27.274095	25.278463	564.291845	77.322602	28.245096	991.673265	4.189016	12.087007	
11/28/2019 15:57:24.678629749	80.798132	27.195596	991.408719	26.759584	25.080982	561.716029	76.975052	28.157732	991.425987	1.690062	12.129666	
11/28/2019 15:57:25.678629749	80.883555	27.254486	992.760232	27.537398	25.206500	564.411434	77.303836	28.154515	991.224600	1.261955	12.068096	
11/28/2019 15:57:26.678629749	80.541865	27.285668	991.128638	26.979532	25.125189	562.819292	77.180801	28.099525	991.171613	-2.502203	12.104657	
11/28/2019 15:57:27.678629749	80.712710	27.258111	991.422123	27.367514	25.202867	564.263585	77.253187	28.176612	991.624851	6.001273	12.112647	
11/28/2019 15:57:28.678629749	80.890125	27.211262	991.763550	26.586441	25.132536	563.430391	77.093881	28.155033	991.712691	3.266777	12.106838	
11/28/2019 15:57:29.678629749	81.014973	27.311204	992.793980	27.266959	25.230909	564.554020	77.024912	28.156483	991.782711	7.081234	12.105695	
11/28/2019 15:57:30.678629749	80.653571	27.184828	991.213247	26.758607	25.180743	564.128882	77.270534	28.123284	991.524394	7.292147	12.133253	
11/28/2019 15:57:31.678629749	80.824416	27.350129	991.086848	27.853312	25.049878	564.688723	77.216468	28.030416	991.449486	4.623676	12.044835	
11/28/2019 15:57:32.678629749	80.922980	27.232051	991.147090	26.919359	25.085268	563.822017	76.951975	28.164167	991.443335	2.164807	12.127208	
11/28/2019 15:57:33.678629749	81.054399	27.254486	991.732956	27.274896	25.198907	567.241542	77.275397	28.165616	991.784919	7.885838	12.102291	
11/28/2019 15:57:34.678629749	80.699568	27.211262	991.817169	26.745680	25.132863	565.591574	77.185821	28.134386	991.609711	6.082755	12.129758	
11/28/2019 15:57:35.678629749	80.863842	27.228725	991.177842	26.819140	25.150701	566.838086	77.143032	28.272179	991.865821	5.728267	12.109493	
11/28/2019 15:57:36.678629749	80.857271	27.153870	991.513355	27.092534	25.169967	567.142320	77.035084	28.096307	991.526130	8.065568	12.129429	
11/28/2019 15:57:37.678629749	80.962406	27.207188	991.300772	26.908186	25.182988	567.702824	77.278709	28.259934	991.852732	1.726216	12.096706	
11/28/2019 15:57:38.678629749	80.745565	27.163965	991.434661	26.806430	25.194336	567.294769	77.022100	28.097239	991.714427	6.856177	12.095957	
11/28/2019 15:57:39.678629749	80.942693	27.422813	990.832788	26.955104	25.383041	568.905309	77.198806	28.151710	991.546786	8.032035	12.082723	
11/28/2019 15:57:40.678629749	80.732423	27.210813	990.994749	26.891191	25.085227	566.326861	77.144635	28.147043	991.459575	1.502469	12.115972	
11/28/2019 15:57:41.678629749	80.936122	27.217657	991.573597	27.383741	25.245604	566.859768	77.099900	28.166442	991.640463	6.547016	12.115512	
11/28/2019 15:57:42.678629749	80.771848	27.180005	989.796602	27.168253	25.184988	567.461668	77.003386	28.139783	991.596465	8.007406	12.120164	
11/28/2019 15:57:43.678629749	80.922980	27.343734	992.245332	27.270763	25.165436	566.149447	77.233369	28.221019	991.482760	2.731248	12.112397	
11/28/2019 15:57:44.678629749	80.962406	27.254486	991.504366	27.186162	25.163722	566.171792	76.986485	28.066526	991.152215	0.895672	12.118745	
11/28/2019 15:57:45.678629749	80.706139	27.438629	993.384814	27.415825	25.188458	567.187000	76.855723	28.112595	991.270492	9.037067	12.087717	
11/28/2019 15:57:46.678629749	80.896696	27.174509	989.959272	26.882517	25.167967	566.237501	77.137907	28.114775	991.611919	8.972352	12.117904	
11/28/2019 15:57:47.678629749	80.949264	27.340109	992.277740	27.517222	25.158660	566.835455	77.041865	28.125983	991.672794	9.747084	12.102685	
11/28/2019 15:57:48.678629749	80.647001	27.265104	991.783421	27.207226	25.129148	566.077169	76.829939	28.098382	990.985681	1.331642	12.121294	
11/28/2019 15:57:49.678629749	80.942693	27.335885	992.044183	27.225182	25.153884	566.674470	77.112622	28.181385	991.303294	-0.859462	12.080988	
11/28/2019 15:57:50.678629749	80.936122	27.259758	991.828208	27.347659	25.146986	566.054172	76.960806	28.101493	991.195899	2.603128	12.125513	
11/28/2019 15:57:51.678629749	81.074112	27.266676	991.960836	27.601118	25.214745	568.693066	76.922931	28.168940	991.563348	8.460142	12.107785	
11/28/2019 15:57:52.678629749	80.732423	27.285743	990.532600	26.975064	25.081268	565.831414	77.009852	28.072961	991.123671	-1.967985	12.093644	
11/28/2019 15:57:53.678629749	80.975548	27.246936	991.932135	27.109387	25.178457	569.183914	76.997866	28.248313	991.467620	-0.204987	12.078255	
11/28/2019 15:57:54.678629749	81.060970	27.248914	991.078174	26.767585	25.101677	566.614013	76.954630	28.161574	991.454059	-0.523051	12.100806	
11/28/2019 15:57:55.678629749	81.113538	27.312776	991.841298	27.900407	25.225766	570.011856	77.109125	28.113113	991.194477	0.922923	12.100767	
11/28/2019 15:57:56.678629749	81.054399	27.195297	991.009100	26.696215	25.169967	568.155560	76.860586	28.094127	991.631632	8.338575	12.130507	
11/28/2019 15:57:57.678629749	80.929551	27.311728	992.396964	27.595408	25.281076	569.708275	77.175229	28.148599	991.708590	8.422678	12.116629	
11/28/2019 15:57:58.678629749	80.771848	27.222330	991.708275	27.181276	25.169967	568.601728	76.976655	28.107409	991.285475	7.678857	12.129022	
11/28/2019 15:57:59.678629749	80.949264	27.301035	992.990951	27.336583	25.225562	569.176683	76.931210	28.194149	991.627216	7.907847	12.107285	
11/28/2019 15:58:00.678629749	80.955835	27.286417	990.547977	26.857376	25.105065	568.438112	77.064732	28.104192	991.261503	-2.339240	12.102620	
11/28/2019 15:58:01.678629749	81.133250	27.387182	993.320313	27.106558	25.111637	569.586055	76.999627	28.025125	991.189275	14.799494	12.074785	
11/28/2019 15:58:02.678629749	81.028115	27.281968	992.921720	27.368779	25.142741	569.822611	76.929397	28.129613	991.315755	5.997342	12.098519	
11/28/2019 15:58:03.678629749	81.271240	27.265479	991.627374	26.940151	25.122658	569.648480	77.136513	28.267818	991.699287	2.401389	12.100517	
11/28/2019 15:58:04.678629749	81.021544	27.286342	992.041186	26.856999	25.068737	569.164200	76.811435	28.117580	991.140390	-2.212430	12.115249	
11/28/2019 15:58:05.678629749	80.830987	27.298457	992.236107	27.396475	25.164334	572.550213	77.226036	28.222893	990.957923	12.648476	12.096483	
11/28/2019 15:58:06.678629749	80.962406	27.229399	990.805348	26.989624	25.132863	569.557142	76.967981	28.169458	990.924649	-1.103908	12.093723	
11/28/2019 15:58:07.678629749	80.955835	27.386882	990.367328	26.047894	25.204500	569.819980	76.880246	28.183671	991.469514	-2.543599	12.093328	
11/28/2019 15:58:08.678629749	81.106967	27.293784	990.732411	26.902332	25.120332	571.412122	77.081476	28.092572	991.101436	-2.830751	12.090595	
11/28/2019 15:58:09.678629749	81.100396	27.291838	992.056089	27.265109	25.147843	572.310373	76.815089	28.108446	991.088189	2.623826	12.122871	
11/28/2019 15:58:10.678629749	81.034686	27.269703	991.332628	26.844826	25.086370	571.300417	77.119298	28.173607	991.307710	0.171510	12.129653	
11/28/2019 15:58:11.678629749	80.962406	27.254186	991.454768	26.875685	25.086370	571.529742	76.973448	28.173607	991.290205	0.316396	12.128351	
11/28/2019 15:58:12.678629749	81.014973	27.270451	993.029745	27.278291	25.158007	572.570580	76.828678	28.095683	991.225864	4.335214	12.093854	
11/28/2019 15:58:13.678629749	81.225244	27.275873	993.014843	26.849567	25.076166	571.619765	76.955838	28.111970	990.823720	-0.533535	12.101660	
11/28/2019 15:58:14.678629749	80.844129	27.233622	990.290764	27.195676	25.203112	572.868246	76.901562	28.130237	991.699287	8.951654	12.123660	
11/28/2019 15:58:15.678629749	80.942693	27.291165	991.535275	27.507443	25.143598	573.386038	76.732479	28.096096	991.292412	4.784018	12.127681	
11/28/2019 15:58:16.678629749	81.172676	27.280696	991.807234	26.901154	25.086370	572.470705	76.901115	28.164579	991.101278	-1.967985	12.099702	
11/28/2019 15:58:17.678629749	81.152963	27.244017	991.775379	27.165762	25.231195	573.397206	76.828835	28.177449	991.920701	7.537903	12.093683	
11/28/2019 15:58:18.678629749	80.830987	27.307654	992.166638	27.268745	25.162865	574.075330	76.909842	28.072442	991.331366	4.244558	12.114526	
11/28/2019 15:58:19.678629749	81.028115	27.237921	991.410375	26.731247	25.102249	572.651403	77.039999	28.180973	991.546314	5.730888	12.133332	
11/28/2019 15:58:20.678629749	81.060970	27.228500	991.857542	27.172058	25.175927	573.850604	76.992609	28.075766	991.502316	8.544245	12.118758	
11/28/2019 15:58:21.678629749	81.212102	27.276022	991.994900	25.802331	25.137067	573.428750	76.616462	28.241985	991.220184	-0.615017	12.097639	
11/28/2019 15:58:22.678629749	81.100396	27.286117	990.829791	27.015142	25.099106	572.652719	77.044363	28.171945	991.165461	-1.868426	12.098756	
11/28/2019 15:58:23.678629749	80.988690	27.322796	991.444990	26.947736	25.122617	573.493144	76.829939	28.154515	991.045134	-0.754662	12.119494	
11/28/2019 15:58:24.678629749	81.080683	27.259383	992.464539	26.727819	25.048940	573.445833	76.866448	28.240842	990.714903	-1.251415	12.113475	
11/28/2019 15:58:25.678629749	81.093825	27.254635	991.509097	27.323223	25.166293	574.148923	76.948715	28.089873	991.592049	8.070810	12.108783	
11/28/2019 15:58:26.678629749	81.264669	27.206290	992.015954	26.689415	25.168293	573.641646	76.765281	28.133867	991.622958	7.107175	12.124580	
11/28/2019 15:58:27.678629749	81.225244	27.211711	991.333731	26.716806	25.152701	573.383407	77.013873	28.175268	991.491591	7.395637	12.127405	
11/28/2019 15:58:28.678629749	80.955835	27.345081	992.603318	27.184848	25.128291	573.901200	76.837561	28.080327	991.204415	2.705308	12.112647	
11/28/2019 15:58:29.678629749	81.067541	27.243942	992.533061	27.044983	25.170538	575.782462	76.917859	28.153478	991.616177	8.297179	12.115578	
11/28/2019 15:58:30.678629749	81.146392	27.318497	992.722856	27.245726	25.113841	575.398719	76.974894	28.114150	991.142912	1.639492	12.121965	
11/28/2019 15:58:31.678629749	81.205531	27.233622	991.198659	27.119557	25.151272	577.431114	76.925691	28.143519	991.493485	8.293247	12.129114	
11/28/2019 15:58:32.678629749	80.955835	27.317749	992.038269	27.183775	25.133108	576.915953	76.716025	28.092360	991.077779	1.069120	12.120322	
11/28/2019 15:58:33.678629749	81.133250	27.217956	990.751572	26.935978	25.192662	576.875210	77.178384	28.050027	991.303609	14.123010	12.104880	
11/28/2019 15:58:34.678629749	81.277811	27.318273	992.683116	26.838226	25.094003	576.543378	76.883558	28.157108	990.944205	-1.579964	12.105143	
11/28/2019 15:58:35.678629749	81.047828	27.349455	991.321746	26.986941	25.132536	578.266940	76.727012	28.155965	991.053808	-1.451843	12.121846	
11/28/2019 15:58:36.678629749	81.277811	27.328367	992.065709	27.048356	25.102780	578.158518	76.988536	28.137910	991.060274	-1.534636	12.121807	
11/28/2019 15:58:37.678629749	80.922980	27.312327	991.195741	27.479571	25.175927	580.015467	76.913600	28.107822	991.443806	9.527268	12.091883	
11/28/2019 15:58:38.678629749	81.284382	27.264431	991.067529	26.822680	25.103677	578.747273	76.787701	28.202763	991.333889	2.656319	12.116957	
11/28/2019 15:58:39.678629749	80.922980	27.329715	991.049787	27.212440	25.148129	580.993226	76.988983	28.120691	990.983316	3.982036	12.114355	
11/28/2019 15:58:40.678629749	81.146392	27.350353	990.551998	26.954632	25.105065	580.476749	76.863845	28.123802	991.108216	-0.104118	12.118955	
11/28/2019 15:58:41.678629749	81.179247	27.239793	991.624062	27.303841	25.201398	581.402597	76.770196	28.127538	991.495535	6.849624	12.129600	
11/28/2019 15:58:42.678629749	81.126679	27.264431	991.182889	26.940191	25.102004	579.917561	76.745068	28.168315	991.361961	0.401810	12.122346	
11/28/2019 15:58:43.678629749	81.336950	27.391032	990.138186	26.061285	25.269156	580.718558	77.047175	28.133867	991.891843	4.358533	12.098835	
11/28/2019 15:58:44.678629749	80.988690	27.292063	992.792719	27.277859	25.145027	582.438835	76.790461	28.098900	991.460682	7.985397	12.115380	
11/28/2019 15:58:45.678629749	81.139821	27.323021	991.452008	26.701501	25.084370	580.997826	76.754794	28.210542	991.296671	-1.473852	12.125526	
11/28/2019 15:58:46.678629749	81.310666	27.312552	991.614521	26.929731	25.103065	581.237666	76.864949	28.151710	991.082352	-2.212430	12.121781	
11/28/2019 15:58:47.678629749	80.936122	27.333190	991.975187	26.991938	25.125679	581.839566	76.746277	28.104086	990.853371	-0.838764	12.109506	
11/28/2019 15:58:48.678629749	81.172676	27.318422	989.747555	27.129025	25.060001	579.488475	76.858825	28.301854	990.790760	-1.905891	12.111767	
11/28/2019 15:58:49.678629749	81.297524	27.371441	992.385215	27.249963	25.158905	583.030220	76.977497	28.124427	991.145277	4.474858	12.110032	
11/28/2019 15:58:50.678629749	80.995261	27.287240	992.516345	27.144866	25.178172	583.227349	76.761417	28.136566	991.414476	6.937658	12.121110	
11/28/2019 15:58:51.678629749	81.205531	27.280770	991.080776	26.759247	25.090615	582.047862	76.941383	28.224967	991.393184	1.198550	12.131545	
11/28/2019 15:58:52.678629749	81.264669	27.233697	992.055222	26.797803	25.161191	582.362611	76.898356	28.215939	991.459104	5.567924	12.093591	
11/28/2019 15:58:53.678629749	81.310666	27.318422	991.295567	27.268913	25.123760	583.509901	76.724804	28.129507	991.252829	3.075252	12.123279	
11/28/2019 15:58:54.678629749	81.093825	27.249588	991.837749	27.161494	25.168824	583.892327	76.787596	28.168940	991.782554	7.189967	12.106155	
11/28/2019 15:58:55.678629749	81.159534	27.307130	992.639984	26.923236	25.095432	583.293058	76.902666	28.196847	991.226651	-0.568379	12.118364	
11/28/2019 15:58:56.678629749	81.185818	27.325566	991.585425	27.294495	25.145353	584.313529	76.748328	28.149117	991.322064	4.601667	12.097087	
11/28/2019 15:58:57.678629749	81.336950	27.365570	990.619416	27.128079	25.109025	583.546697	76.635570	28.128469	991.104272	-1.143993	12.120243	
11/28/2019 15:58:58.678629749	81.218673	27.428758	989.929781	26.977146	25.066532	583.198436	76.861085	28.238661	991.410847	-2.193043	12.089806	
11/28/2019 15:58:59.678629749	81.113538	27.291239	991.395078	26.882741	25.118127	583.013790	76.859981	28.173607	991.530703	4.173561	12.127852	
11/28/2019 15:59:00.678629749	81.212102	27.265628	991.397048	27.314205	25.207928	584.865487	76.810069	28.135423	991.296828	8.748605	12.109191	
11/28/2019 15:59:01.678629749	81.304095	27.289186	991.233117	27.314765	25.216460	583.563780	77.245749	28.364316	992.067051	7.202802	12.095221	
11/28/2019 15:59:02.678629749	81.133250	27.265928	991.180602	27.074729	25.179029	584.489628	76.864897	28.144450	991.422836	7.226121	12.126275	
11/28/2019 15:59:03.678629749	81.258098	27.283465	992.359746	27.580327	25.328915	587.662745	76.883401	28.236587	991.905089	9.840361	12.096680	
11/28/2019 15:59:04.678629749	81.356662	27.350054	992.082662	27.061683	25.130291	583.797052	76.947954	28.117156	990.987260	-1.169934	12.114211	
11/28/2019 15:59:05.678629749	81.271240	27.323769	992.262128	27.572999	25.238257	586.096885	76.888630	28.243741	991.301715	-0.292751	12.092395	
11/28/2019 15:59:06.678629749	81.028115	27.303131	991.695186	27.252390	25.158334	584.382522	76.628342	28.127432	991.357703	3.546065	12.125263	
11/28/2019 15:59:07.678629749	81.231815	27.402324	991.601275	27.942535	25.228093	583.776675	76.938833	28.288360	991.568549	-1.059890	12.072354	
11/28/2019 15:59:08.678629749	81.356662	27.287464	991.180050	26.938100	25.163436	584.757066	76.756502	28.184815	991.488912	6.977744	12.130165	
11/28/2019 15:59:09.678629749	81.251527	27.514007	990.408646	27.705847	25.266095	584.841826	76.736237	28.255055	991.699916	8.748605	12.080239	
11/28/2019 15:59:10.678629749	81.067541	27.266601	991.175239	27.217758	25.167967	584.865487	76.869207	28.113738	991.458317	6.460292	12.129311	
11/28/2019 15:59:11.678629749	81.277811	27.456615	993.360371	27.258828	25.189029	586.280867	76.767489	28.192593	991.682097	8.094130	12.067702	
11/28/2019 15:59:12.678629749	81.336950	27.350129	991.900042	27.171289	25.137067	584.819491	76.639829	28.114044	991.185174	2.153012	12.121124	
11/28/2019 15:59:13.678629749	81.323808	27.366543	990.884514	26.733321	25.125801	585.324138	77.033876	28.335265	992.128240	3.085736	12.083327	
11/28/2019 15:59:14.678629749	81.028115	27.303131	992.162775	27.316295	25.133108	585.443074	76.711609	28.104192	991.311654	3.812519	12.125736	
11/28/2019 15:59:15.678629749	81.323808	27.345980	993.125550	27.176294	25.165191	587.730423	76.749826	28.219157	991.172085	3.745454	12.060198	
11/28/2019 15:59:16.678629749	81.409230	27.297784	992.466984	27.132748	25.194622	586.230272	76.959387	28.154515	991.791071	7.434412	12.112384	
11/28/2019 15:59:17.678629749	81.284382	27.298682	991.131950	27.571036	25.299730	588.772576	76.875279	28.226004	991.636047	10.681118	12.116208	
11/28/2019 15:59:18.678629749	81.106967	27.281145	992.500101	27.002919	25.132006	586.958992	76.766228	28.144450	991.732404	9.549277	12.089438	
11/28/2019 15:59:19.678629749	81.271240	27.424385	992.324736	28.129814	25.248706	589.472382	76.935416	28.197154	991.242105	6.834168	12.114605	
11/28/2019 15:59:20.678629749	81.317237	27.298383	990.870478	27.517703	25.149272	587.027985	76.831437	28.081364	991.438605	11.693743	12.079661	
11/28/2019 15:59:21.678629749	81.415801	27.413242	990.680920	27.700369	25.247074	589.833779	76.825418	28.169659	991.349500	10.290476	12.102331	
11/28/2019 15:59:22.678629749	81.139821	27.360598	991.475585	26.956754	25.088615	587.254026	76.801395	28.173501	991.174135	-1.121985	12.122122	
11/28/2019 15:59:23.678629749	81.382946	27.440275	992.404691	27.390765	25.140251	588.420367	76.692001	28.183460	991.287997	-0.000628	12.099781	
11/28/2019 15:59:24.678629749	81.356662	27.297859	992.925190	26.712593	25.159191	590.100564	76.515637	28.146630	991.587633	4.807338	12.105169	
11/28/2019 15:59:25.678629749	81.573504	27.339510	990.544666	27.298987	25.201479	588.796226	76.914205	28.252462	992.274903	9.566043	12.085088	
11/28/2019 15:59:26.678629749	81.146392	27.349230	990.633058	27.085911	25.102249	588.079337	76.598352	28.157626	991.136917	-0.422182	12.118364	
11/28/2019 15:59:27.678629749	81.310666	27.351252	992.241469	27.100543	25.121801	589.249625	76.861480	28.248207	991.307867	1.419676	12.101844	
11/28/2019 15:59:28.678629749	81.376375	27.265853	991.080539	26.720243	25.083554	588.332976	76.915309	28.189894	991.366534	3.574627	12.099610	
11/28/2019 15:59:29.678629749	81.494652	27.282417	990.170831	27.317432	25.241971	588.829739	76.815588	28.237624	991.892157	9.875204	12.101227	
11/28/2019 15:59:30.678629749	81.396088	27.264955	991.144330	26.717784	25.172253	588.933560	76.767331	28.159806	991.651345	8.767992	12.131111	
11/28/2019 15:59:31.678629749	81.093825	27.478077	990.697478	27.444579	25.148415	590.183356	76.909737	28.171839	991.264183	-0.679733	12.085943	
11/28/2019 15:59:32.678629749	81.218673	27.365421	991.381279	27.103411	25.101677	589.051181	76.637778	28.154515	991.318749	-1.385817	12.124869	
11/28/2019 15:59:33.678629749	81.343521	27.413991	992.306364	27.545807	25.211888	591.694675	76.653075	28.237412	991.638412	-2.233128	12.089491	
11/28/2019 15:59:34.678629749	81.277811	27.282717	991.518874	27.263122	25.176743	591.168999	76.878433	28.130650	991.342248	5.927384	12.127997	
11/28/2019 15:59:35.678629749	81.501223	27.439826	992.559319	27.344832	25.132006	592.367537	76.722648	28.181279	991.073678	-0.574932	12.090766	
11/28/2019 15:59:36.678629749	81.442085	27.371216	992.904373	27.137939	25.092289	591.638164	76.598248	28.153784	991.572493	-3.569329	12.097376	
11/28/2019 15:59:37.678629749	81.205531	27.371591	991.477241	27.372143	25.209969	593.455685	76.919567	28.178898	991.721208	12.132334	12.107417	
11/28/2019 15:59:38.678629749	81.106967	27.366693	991.748962	27.367546	25.176743	594.164038	76.737893	28.167278	991.499794	6.315405	12.117168	
11/28/2019 15:59:39.678629749	81.415801	27.424984	993.342314	27.412598	25.166293	594.121327	76.616409	28.209399	991.439076	4.144999	12.094222	
11/28/2019 15:59:40.678629749	81.402659	27.307804	992.338929	26.897918	25.098004	592.775592	76.934155	28.208055	991.377573	2.367856	12.125434	
11/28/2019 15:59:41.678629749	81.580075	27.393951	992.073199	27.019033	25.130291	594.585893	76.898303	28.255785	991.598515	0.615072	12.083354	
11/28/2019 15:59:42.678629749	81.488081	27.497518	990.640785	26.497595	25.161436	592.124413	76.628999	28.191556	990.854314	-1.863184	12.099952	
11/28/2019 15:59:43.678629749	81.481510	27.383108	992.765831	27.175389	25.193193	594.830332	76.892075	28.238661	991.572651	-0.512837	12.092974	
11/28/2019 15:59:44.678629749	81.008402	27.446520	990.521798	27.566735	25.105922	594.984749	76.804155	28.187407	991.615706	7.532660	12.101306	
11/28/2019 15:59:45.678629749	81.350091	27.383033	990.760323	27.453093	25.168538	594.147608	76.638173	28.248102	991.522186	-2.750580	12.082250	
11/28/2019 15:59:46.678629749	81.428943	27.303580	992.979755	27.112021	25.191764	595.267301	76.814931	28.156176	991.234696	6.911718	12.099400	
11/28/2019 15:59:47.678629749	81.442085	27.477628	990.830581	27.470793	25.194336	596.252943	76.625188	28.196847	991.097492	0.004615	12.099913	
11/28/2019 15:59:48.678629749	81.100396	27.270451	990.308426	26.832908	25.204540	596.030186	76.669319	28.180560	991.511147	7.577988	12.126183	
11/28/2019 15:59:49.678629749	81.343521	27.477478	992.592988	27.416979	25.128332	596.522349	76.770144	28.139984	991.250464	-1.415689	12.101384	
11/28/2019 15:59:50.678629749	81.238385	27.297933	991.460288	27.258213	25.153231	596.164236	76.688585	28.126808	991.462576	5.659620	12.127708	
11/28/2019 15:59:51.678629749	81.514365	27.366094	991.603245	26.998402	25.141108	595.770632	76.655783	28.278920	991.821980	1.688751	12.105879	
11/28/2019 15:59:52.678629749	81.461798	27.309376	991.782397	26.644468	25.104004	595.369807	76.863136	28.198403	991.627374	3.061107	12.105931	
11/28/2019 15:59:53.678629749	81.612929	27.400196	991.678628	26.687684	25.215602	595.882337	76.800291	28.265850	990.964389	6.247029	12.075653	
11/28/2019 15:59:54.678629749	81.540649	27.397801	990.428359	27.179498	25.071349	595.739751	76.552803	28.180348	991.338304	-2.030079	12.081645	
11/28/2019 15:59:55.678629749	81.231815	27.298981	992.579742	27.136312	25.208255	596.099179	77.023336	28.271035	991.874652	8.112206	12.103474	
11/28/2019 15:59:56.678629749	81.369804	27.328816	991.281768	26.658460	25.101392	595.260070	76.659646	28.228597	991.533068	1.524477	12.128627	
11/28/2019 15:59:57.678629749	81.514365	27.272098	991.424488	26.699042	25.153558	596.275941	76.521104	28.180041	991.493013	7.499127	12.115683	
11/28/2019 15:59:58.678629749	81.461798	27.470228	990.819147	27.510397	25.130658	598.072432	76.771195	28.271660	992.254719	-0.008220	12.057766	
11/28/2019 15:59:59.678629749	81.409230	27.282941	992.081006	26.819612	25.192050	597.819457	76.575880	28.184815	991.716792	6.713911	12.099242	
11/28/2019 16:00:00.678629749	81.330379	27.444168	990.886013	27.179609	25.160946	598.893806	76.604267	28.283905	991.692821	1.348679	12.073287	
11/28/2019 16:00:01.678629749	81.448656	27.319246	991.032834	26.880050	25.135108	597.405486	76.745805	28.156695	991.357703	6.096900	12.131676	
11/28/2019 16:00:02.678629749	81.205531	27.405168	991.186358	27.823470	25.319282	600.985343	76.839060	28.311918	992.156469	10.320077	12.070646	
11/28/2019 16:00:03.678629749	81.547220	27.381985	992.057272	26.767088	25.084942	597.584216	76.504703	28.191968	991.388612	-2.621149	12.103973	
11/28/2019 16:00:04.678629749	81.225244	27.346578	991.723178	27.954853	25.326629	601.530732	76.843818	28.238968	991.577066	8.927024	12.112870	
11/28/2019 16:00:05.678629749	81.435514	27.323844	991.235562	26.789562	25.182458	599.700718	76.633362	28.160325	991.848159	8.912879	12.114447	
11/28/2019 16:00:06.678629749	81.198960	27.424609	991.709379	27.939476	25.313322	602.770666	76.628999	28.207219	991.493485	9.150771	12.115262	
11/28/2019 16:00:07.678629749	81.336950	27.398474	991.377415	27.093679	25.124903	600.580571	76.351863	28.124734	990.687623	-0.697809	12.098887	
11/28/2019 16:00:08.678629749	81.599787	27.466036	991.918888	27.381306	25.126087	602.695758	76.756949	28.193418	991.592521	1.642113	12.057688	
11/28/2019 16:00:09.678629749	81.284382	27.360523	991.663488	26.628545	25.068206	600.995194	76.583450	28.214796	991.425830	-1.376914	12.090595	
11/28/2019 16:00:10.678629749	81.619500	27.404195	991.274198	27.304161	25.173681	602.411890	76.562685	28.269067	991.716635	11.530779	12.101713	
11/28/2019 16:00:11.678629749	81.218673	27.323470	991.781055	26.729861	25.088942	601.449246	76.784180	28.200689	991.471879	3.149141	12.126840	
11/28/2019 16:00:12.678629749	81.534078	27.383033	991.866215	27.020443	25.121270	601.756111	76.660698	28.353214	991.752117	4.337835	12.079648	
11/28/2019 16:00:13.678629749	81.422372	27.298757	990.782086	27.013419	25.192621	602.208194	76.442700	28.163542	991.668535	7.445936	12.126958	
11/28/2019 16:00:14.678629749	81.304095	27.331511	990.932929	27.318201	25.233154	603.496102	76.832988	28.244271	991.813149	11.131234	12.100123	
11/28/2019 16:00:15.678629749	81.461798	27.355326	992.464461	26.454521	25.086942	601.399966	76.524416	28.237624	991.399336	-0.670559	12.094235	
11/28/2019 16:00:16.678629749	81.192389	27.394849	993.396405	27.731797	25.276504	603.971183	76.462965	28.226110	991.447907	9.488493	12.097021	
11/28/2019 16:00:17.678629749	81.415801	27.307804	992.588967	26.764221	25.133148	600.327585	76.747961	28.210129	991.421728	4.685770	12.124120	
11/28/2019 16:00:18.678629749	81.258098	27.429732	992.226724	27.677527	25.215276	602.430951	76.627396	28.190201	991.172399	-0.261839	12.110636	
11/28/2019 16:00:19.678629749	81.422372	27.324069	990.493017	26.864840	25.142210	600.976796	76.467381	28.175787	991.762841	6.346588	12.121031	
11/28/2019 16:00:20.678629749	81.297524	27.425058	991.825606	27.452020	25.145027	601.530069	76.752981	28.277777	990.970384	1.580019	12.069266	
11/28/2019 16:00:21.678629749	81.396088	27.424085	992.214581	27.285708	25.135965	602.124086	76.484438	28.158663	991.073678	2.859368	12.125237	
11/28/2019 16:00:22.678629749	81.461798	27.466560	989.982928	27.624073	25.102289	603.629489	76.426903	28.285249	991.625009	1.891801	12.070711	
11/28/2019 16:00:23.678629749	81.363233	27.335136	991.401149	26.823345	25.102534	603.177406	76.619064	28.195398	991.513040	5.075102	12.131558	
11/28/2019 16:00:24.678629749	81.632642	27.430255	989.998935	27.409002	25.093513	604.858256	76.565945	28.282656	991.557353	0.906156	12.076007	
11/28/2019 16:00:25.678629749	81.172676	27.413392	990.694404	27.439565	25.157762	605.250544	76.559374	28.164992	991.154580	2.693783	12.113278	
11/28/2019 16:00:26.678629749	81.461798	27.394849	993.000729	26.552769	25.223235	608.532735	76.403379	28.193217	992.331834	9.934677	12.038027	
11/28/2019 16:00:27.678629749	81.428943	27.392154	991.938206	27.352441	25.143027	606.231587	76.320165	28.127326	991.082352	2.138867	12.126656	
11/28/2019 16:00:28.678629749	81.290953	27.394400	991.564371	27.577059	25.253278	608.729864	76.690583	28.237212	991.548679	10.150832	12.100110	
11/28/2019 16:00:29.678629749	81.566933	27.419786	991.905089	26.791885	25.133394	604.891768	76.394653	28.202033	990.486865	-0.493450	12.080909	
11/28/2019 16:00:30.678629749	81.363233	27.392529	991.634786	27.368396	25.197765	606.706668	76.449428	28.263870	991.473772	1.057595	12.103579	
11/28/2019 16:00:31.678629749	81.435514	27.423861	991.629424	27.210590	25.138537	606.041027	76.576170	28.166135	991.066897	-0.440259	12.122700	
11/28/2019 16:00:32.678629749	81.488081	27.445622	992.593698	27.558822	25.246502	606.577217	76.535902	28.247170	991.476451	8.361894	12.102988	
11/28/2019 16:00:33.678629749	81.448656	27.382209	992.378197	26.702438	25.056613	605.517982	76.220996	28.242503	990.512887	-1.930520	12.109086	
11/28/2019 16:00:34.678629749	81.468368	27.413467	991.706620	27.160612	25.222745	606.658694	76.700466	28.214796	991.690770	8.769303	12.108428	
11/28/2019 16:00:35.678629749	81.540649	27.334463	991.945224	26.551913	25.107637	605.655969	76.462465	28.222374	991.618385	5.446357	12.128154	
11/28/2019 16:00:36.678629749	81.389517	27.446969	992.415573	27.153644	25.128903	607.810583	76.479261	28.214902	991.348871	1.127282	12.088111	
11/28/2019 16:00:37.678629749	81.580075	27.392828	991.217977	27.109266	25.089758	606.821657	76.535298	28.159594	991.316226	-1.125916	12.103737	
11/28/2019 16:00:38.678629749	81.389517	27.389502	990.637079	27.321805	25.120944	607.725160	76.412553	28.215421	991.537326	0.554289	12.065612	
11/28/2019 16:00:39.678629749	81.540649	27.457214	991.739894	27.048788	25.168824	607.993913	76.511065	28.144450	991.443020	2.199651	12.087191	
11/28/2019 16:00:40.678629749	81.277811	27.388978	991.523999	27.574904	25.290137	611.013266	76.671579	28.228078	991.644564	10.781988	12.073037	
11/28/2019 16:00:41.678629749	81.540649	27.381985	989.941295	26.785021	25.104820	608.640493	76.276876	28.245721	991.384353	0.789831	12.113199	
11/28/2019 16:00:42.678629749	81.468368	27.398325	991.657811	27.307381	25.172784	610.496789	76.664352	28.245403	991.594728	-0.898237	12.112608	
11/28/2019 16:00:43.678629749	81.435514	27.429956	992.173104	26.980950	25.104208	609.844294	76.393549	28.144344	990.999399	-2.111561	12.102856	
11/28/2019 16:00:44.678629749	81.527507	27.451418	991.747307	27.196317	25.391858	611.224193	76.382563	28.337752	991.306445	8.073431	12.092974	
11/28/2019 16:00:45.678629749	81.198960	27.335960	990.765685	27.278132	25.215562	610.872648	76.607973	28.189069	991.648508	6.645264	12.110768	
11/28/2019 16:00:46.678629749	81.573504	27.439677	991.795801	27.358856	25.138577	610.790508	76.441754	28.278401	991.520135	4.031295	12.105314	
11/28/2019 16:00:47.678629749	81.356662	27.376413	992.056878	27.033202	25.114984	610.483643	76.541107	28.208055	991.393813	-0.625231	12.109572	
11/28/2019 16:00:48.678629749	81.553791	27.437174	993.036211	27.052744	25.106249	612.170408	76.459259	28.154515	991.362433	9.730317	12.071395	
11/28/2019 16:00:49.678629749	81.376375	27.362095	991.261661	27.199721	25.158334	611.774182	76.361089	28.123284	991.355338	5.372468	12.126301	
11/28/2019 16:00:50.678629749	81.501223	27.367741	990.644334	26.919687	25.180743	610.515187	76.699914	28.314511	992.361800	0.494816	12.044993	
11/28/2019 16:00:51.678629749	81.474939	27.429881	992.112862	26.510217	25.099677	610.693917	76.384166	28.193630	991.279008	-2.953629	12.091975	
11/28/2019 16:00:52.678629749	81.304095	27.409093	991.464941	27.262217	25.112984	611.572454	76.527965	28.137497	991.440970	5.331072	12.100346	
11/28/2019 16:00:53.678629749	81.869196	27.525599	991.957682	27.567559	25.145965	611.645384	76.399568	28.216458	991.581010	3.778987	12.075206	
11/28/2019 16:00:54.678629749	81.350091	27.371890	992.452948	26.812140	25.136251	611.184765	76.352363	28.232957	991.410218	5.135886	12.117352	
11/28/2019 16:00:55.678629749	81.718064	27.427079	992.026046	27.026153	25.157558	611.745922	76.571150	28.359236	992.035984	4.231723	12.091594	
11/28/2019 16:00:56.678629749	81.336950	27.387107	990.861332	26.861308	25.094616	610.883815	76.459154	28.200689	991.349186	-0.195813	12.122516	
11/28/2019 16:00:57.678629749	81.626071	27.463534	990.596944	27.166771	25.172824	612.191437	76.517740	28.266262	991.539848	4.824104	12.095576	
11/28/2019 16:00:58.678629749	81.317237	27.351476	991.943174	26.808976	25.125475	612.194721	76.355018	28.194361	991.375050	6.570335	12.116419	
11/28/2019 16:00:59.678629749	81.534078	27.409467	991.168221	27.446765	25.228909	614.052332	76.567548	28.222162	991.181230	1.853026	12.087507	
11/28/2019 16:01:00.678629749	81.474939	27.383033	992.122403	27.194571	25.188948	613.598934	76.419728	28.146630	991.740606	7.779727	12.109361	
11/28/2019 16:01:01.678629749	81.198960	27.445847	991.963439	26.847444	25.317323	612.094183	76.506701	28.251731	991.772301	0.888079	12.071237	
11/28/2019 16:01:02.678629749	81.435514	27.287914	993.001044	27.551926	25.015835	613.062743	76.731060	28.136460	991.694714	9.198720	12.080962	
11/28/2019 16:01:03.678629749	81.396088	27.493668	992.159306	28.117328	25.237114	614.901956	76.378147	28.168622	991.335782	9.355131	12.105958	
11/28/2019 16:01:04.678629749	81.310666	27.393726	991.520530	27.328477	25.166538	614.266543	76.509304	28.150154	991.359753	6.704737	12.125460	
11/28/2019 16:01:05.678629749	81.783774	27.562128	993.443795	27.682091	25.184458	614.584576	76.341034	28.198191	991.406117	6.606489	12.088860	
11/28/2019 16:01:06.678629749	81.192389	27.373312	991.183519	27.170071	25.196009	615.725951	76.512563	28.194773	991.182338	8.104343	12.102528	
11/28/2019 16:01:07.678629749	81.593216	27.493668	990.744554	27.349789	25.134291	615.373090	76.460862	28.187926	991.497429	8.087577	12.056702	
11/28/2019 16:01:08.678629749	81.402659	27.351027	991.412740	27.206721	25.195438	616.139922	76.214425	28.182010	991.390505	6.809538	12.126525	
11/28/2019 16:01:09.678629749	81.448656	27.467758	992.307231	27.513321	25.154701	617.403516	76.623822	28.249245	991.526759	8.070810	12.101108	
11/28/2019 16:01:10.678629749	81.547220	27.426032	991.763393	27.582353	25.154089	616.814099	76.316249	28.166760	991.272071	6.010176	12.089544	
11/28/2019 16:01:11.678629749	81.290953	27.352075	990.385070	26.978691	25.175355	617.544134	76.502443	28.323433	991.340512	4.499488	12.055651	
11/28/2019 16:01:12.678629749	81.527507	27.387481	991.304793	26.835671	25.078166	616.831182	76.297140	28.204838	991.380095	0.501368	12.126380	
11/28/2019 16:01:13.678629749	81.448656	27.352599	991.679889	27.856884	25.252992	618.018552	76.669661	28.215834	991.736505	7.451179	12.114132	
11/28/2019 16:01:14.678629749	81.258098	27.356898	991.469671	27.242867	25.138210	618.786699	76.269201	28.136978	991.276801	5.988168	12.121781	
11/28/2019 16:01:15.678629749	81.468368	27.510158	992.772374	27.906621	25.246502	619.910329	76.528517	28.211060	991.399808	9.037067	12.095760	
11/28/2019 16:01:16.678629749	81.428943	27.414664	991.198107	27.252863	25.141598	618.500864	76.422488	28.134798	991.189433	4.800785	12.125263	
11/28/2019 16:01:17.678629749	81.382946	27.536442	992.367868	27.678528	25.205398	619.173725	76.244073	28.172982	991.423150	10.219208	12.085706	
11/28/2019 16:01:18.678629749	81.481510	27.446071	991.691560	26.735724	25.131679	617.466594	76.295275	28.161881	990.795647	-2.811364	12.089346	
11/28/2019 16:01:19.678629749	81.777203	27.505934	991.968721	27.573286	25.178498	618.774869	76.446012	28.230364	992.001289	9.153392	12.073248	
11/28/2019 16:01:20.678629749	81.172676	27.430854	990.535755	27.118684	25.148986	617.738631	76.177155	28.149742	991.525973	5.888609	12.106759	
11/28/2019 16:01:21.678629749	81.547220	27.383632	992.685796	26.837377	25.120699	617.555302	76.651604	28.331010	991.592363	3.335424	12.087743	
11/28/2019 16:01:22.678629749	81.626071	27.356074	990.157584	26.711288	25.161762	617.352258	76.504651	28.211791	991.419206	6.677757	12.115091	
11/28/2019 16:01:23.678629749	81.238385	27.400420	991.841455	27.564781	25.246461	620.581885	76.425695	28.253605	991.594257	10.693953	12.113304	
11/28/2019 16:01:24.678629749	81.435514	27.340109	990.250549	26.552554	25.138822	618.057980	76.433764	28.202552	991.620750	5.155273	12.090792	
11/28/2019 16:01:25.678629749	81.580075	27.473179	993.191392	27.800019	25.200255	619.405682	76.388582	28.159901	991.292255	1.291556	12.107167	
11/28/2019 16:01:26.678629749	81.442085	27.434030	991.269940	27.045792	25.082942	619.911644	76.362745	28.143201	991.416527	-2.052088	12.094367	
11/28/2019 16:01:27.678629749	81.350091	27.446146	991.672476	27.487612	25.255278	621.861899	76.312937	28.226723	991.493485	7.252061	12.113764	
11/28/2019 16:01:28.678629749	81.389517	27.387856	991.991273	27.304386	25.137353	622.067574	76.373022	28.166548	991.386404	5.930005	12.125907	
11/28/2019 16:01:29.678629749	81.704922	27.551659	990.867404	27.835211	25.196050	622.738468	76.434526	28.182422	991.764735	11.506150	12.089438	
11/28/2019 16:01:30.678629749	81.093825	27.498940	991.345085	27.068779	25.148129	623.316054	76.197972	28.139053	991.491434	6.910407	12.099689	
11/28/2019 16:01:31.678629749	81.652355	27.410740	992.839163	28.163316	25.088125	624.774146	76.339668	28.257341	991.618228	8.236395	12.075731	
11/28/2019 16:01:32.678629749	81.619500	27.529898	990.265926	26.010475	25.212174	621.059587	76.473400	28.234407	991.239897	3.247389	12.093276	
11/28/2019 16:01:33.678629749	81.396088	27.409467	992.679252	26.841854	25.147884	622.990791	76.334858	28.341075	991.824188	3.393586	12.091988	
11/28/2019 16:01:34.678629749	81.553791	27.413392	991.724282	26.773224	25.079594	622.117506	76.384561	28.205050	991.498529	1.180473	12.108126	
11/28/2019 16:01:35.678629749	81.343521	27.409916	991.175634	27.068106	25.168538	624.538253	76.385822	28.308595	991.445857	0.112037	12.105656	
11/28/2019 16:01:36.678629749	81.422372	27.446146	990.699057	27.076356	25.113556	621.762025	76.239553	28.130438	990.924806	1.045800	12.100057	
11/28/2019 16:01:37.678629749	81.645784	27.457364	991.838695	27.638554	25.229726	623.827932	76.441097	28.192900	990.887588	1.397668	12.097402	
11/28/2019 16:01:38.678629749	81.284382	27.351626	991.826001	27.178185	25.177600	622.602449	76.216081	28.167691	991.545685	6.870322	12.125920	
11/28/2019 16:01:39.678629749	81.540649	27.546837	992.436941	27.758387	25.198867	622.824544	76.339668	28.157002	991.272385	4.450228	12.109887	
11/28/2019 16:01:40.678629749	81.442085	27.381985	992.022340	27.351856	25.160824	622.830459	76.372023	28.174538	991.637155	6.462913	12.099137	
11/28/2019 16:01:41.678629749	81.461798	27.530048	993.109229	27.682228	25.167436	622.781179	76.159807	28.158970	991.458632	8.308703	12.100609	
11/28/2019 16:01:42.678629749	81.665497	27.234970	992.031646	27.268577	25.073921	623.107096	76.498422	28.216458	991.927325	3.168529	12.093171	
11/28/2019 16:01:43.678629749	81.527507	27.457438	991.864322	26.904918	25.102289	622.260756	76.353572	28.302266	991.846108	4.027363	12.104460	
11/28/2019 16:01:44.678629749	81.297524	27.367591	992.576430	26.707347	25.177886	624.042143	76.245177	28.189069	991.530703	6.876875	12.094997	
11/28/2019 16:01:45.678629749	81.599787	27.474377	992.240522	27.183799	25.179600	625.343849	76.184278	28.216977	991.416841	3.572006	12.103579	
11/28/2019 16:01:46.678629749	81.363233	27.356598	990.442001	26.681029	25.141639	622.842942	76.369658	28.212310	991.539534	5.217368	12.126091	
11/28/2019 16:01:47.678629749	81.409230	27.404195	991.610263	27.132948	25.214745	624.807659	76.418072	28.307558	991.498372	2.908627	12.105077	
11/28/2019 16:01:48.678629749	81.731206	27.521600	992.344843	27.220256	25.140251	622.678011	76.144905	28.316691	992.099381	8.348788	12.069673	
11/28/2019 16:01:49.678629749	81.448656	27.456316	990.894449	27.246535	25.113556	623.522382	76.368712	28.149636	991.012017	3.244768	12.105774	
11/28/2019 16:01:50.678629749	81.363233	27.427603	991.184308	27.564236	25.212214	623.802303	76.381906	28.360061	992.104268	12.310754	12.096785	
11/28/2019 16:01:51.678629749	81.402659	27.403297	991.799112	27.328614	25.149558	623.812817	76.307313	28.132724	991.294463	4.110156	12.120979	
11/28/2019 16:01:52.678629749	81.678639	27.394699	991.331129	27.380024	25.177600	625.872157	76.463964	28.315654	991.764892	2.116858	12.094275	
11/28/2019 16:01:53.678629749	81.356662	27.426256	990.446968	26.846861	25.090942	622.654360	76.060691	28.192074	991.408167	-2.067543	12.091397	
11/28/2019 16:01:54.678629749	81.474939	27.489968	993.155592	27.979081	25.309077	626.946506	76.504336	28.244472	991.817564	9.198720	12.089452	
11/28/2019 16:01:55.678629749	81.678639	27.377087	991.044819	26.762098	25.116984	623.209602	76.302555	28.186370	991.329316	4.806027	12.130822	
11/28/2019 16:01:56.678629749	81.442085	27.510382	992.986930	27.644945	25.251849	627.975513	76.169033	28.152641	991.229173	8.514373	12.084786	
11/28/2019 16:01:57.678629749	81.566933	27.367292	991.266076	26.744734	25.107637	624.617098	76.427693	28.214490	991.495221	3.636721	12.122188	
11/28/2019 16:01:58.678629749	81.488081	27.536068	993.321812	27.410451	25.150741	628.052390	76.184987	28.178062	991.200472	1.168678	12.086508	
11/28/2019 16:01:59.678629749	81.520936	27.330912	991.995532	28.209170	25.121801	626.099503	76.312176	28.246758	990.591424	8.577778	12.095392	
11/28/2019 16:02:00.678629749	81.698351	27.542089	992.185642	27.257668	25.148456	629.580138	76.338222	28.197154	991.445857	2.684609	12.093644	
11/28/2019 16:02:01.678629749	81.297524	27.403596	991.152610	26.612078	25.137679	628.654290	76.155234	28.204838	991.432296	6.164237	12.132872	
11/28/2019 16:02:02.678629749	81.481510	27.506158	991.228307	27.316928	25.150701	630.105814	76.404668	28.249869	991.482446	8.243987	12.100188	
11/28/2019 16:02:03.678629749	81.566933	27.416386	990.940026	27.093511	25.160620	629.795665	76.221049	28.145487	991.316384	3.039098	12.098611	
11/28/2019 16:02:04.678629749	81.310666	27.436950	991.949088	27.497984	25.183560	630.267461	76.228619	28.196223	991.275065	3.138657	12.103106	
11/28/2019 16:02:05.678629749	81.336950	27.445622	992.372283	27.225303	25.138496	629.873204	76.354518	28.147456	991.270492	3.388344	12.123450	
11/28/2019 16:02:06.678629749	81.514365	27.442222	993.109543	27.934926	25.277933	630.931124	76.282290	28.253912	991.734454	9.117238	12.099939	
11/28/2019 16:02:07.678629749	81.198960	27.467383	989.620527	27.144057	25.095473	630.523068	76.307260	28.203801	991.834912	5.200601	12.093079	
11/28/2019 16:02:08.678629749	81.520936	27.483349	992.963906	27.439429	25.134822	630.394933	76.376544	28.232015	991.047656	-0.122195	12.065126	
11/28/2019 16:02:09.678629749	81.612929	27.440575	991.589446	27.003960	25.084411	629.568307	76.056775	28.186889	991.274907	-0.091012	12.124961	
11/28/2019 16:02:10.678629749	81.442085	27.605202	991.852652	27.350310	25.169151	630.990918	76.341271	28.193006	991.355652	4.695984	12.080042	
11/28/2019 16:02:11.678629749	81.422372	27.373237	991.007602	26.833140	25.134822	630.119612	76.176051	28.186370	991.622329	6.627187	12.130730	
11/28/2019 16:02:12.678629749	81.507794	27.532892	991.777349	27.706247	25.232909	631.710439	76.362483	28.222893	991.806682	12.541054	12.076191	
11/28/2019 16:02:13.678629749	81.422372	27.420460	991.432848	27.317609	25.185519	631.619763	76.161858	28.147456	991.322692	6.502999	12.128838	
11/28/2019 16:02:14.678629749	81.363233	27.356973	991.455083	27.058952	25.230909	633.922879	76.212665	28.282137	991.741078	11.066519	12.081606	
11/28/2019 16:02:15.678629749	81.534078	27.361870	991.256693	26.921650	25.153803	632.418129	76.352600	28.161362	991.167984	7.680168	12.104276	
11/28/2019 16:02:16.678629749	81.264669	27.368265	991.195347	27.287887	25.263768	633.198759	76.347947	28.221750	991.793593	8.541624	12.115446	
11/28/2019 16:02:17.678629749	81.442085	27.483648	991.818116	27.077278	25.095228	631.910851	75.956450	28.152853	991.070048	-1.472541	12.103211	
11/28/2019 16:02:18.678629749	81.481510	27.526947	991.480315	27.873952	25.323813	633.542421	76.329391	28.301748	990.859044	5.901715	12.093670	
11/28/2019 16:02:19.678629749	81.336950	27.368115	992.463278	26.860700	25.184703	632.428643	76.035906	28.192699	991.747229	7.001063	12.116327	
11/28/2019 16:02:20.678629749	81.553791	27.524851	992.802969	27.713832	25.224419	633.981358	76.323214	28.211060	991.675159	9.201341	12.087638	
11/28/2019 16:02:21.678629749	81.284382	27.419712	991.538430	27.052520	25.092901	632.230199	76.166273	28.214902	991.205044	-0.440259	12.119928	
11/28/2019 16:02:22.678629749	81.527507	27.562428	992.344449	27.698110	25.183029	634.589173	76.095044	28.171109	991.476137	8.656638	12.100793	
11/28/2019 16:02:23.678629749	81.573504	27.405094	991.225547	26.883718	25.121801	633.179045	76.317248	28.207018	991.445071	5.007766	12.127050	
11/28/2019 16:02:24.678629749	81.396088	27.453140	992.381272	27.375947	25.205398	634.907206	76.179862	28.250494	991.832547	6.913029	12.104394	
11/28/2019 16:02:25.678629749	81.501223	27.499314	992.137385	26.999428	25.151803	633.669240	76.162804	28.126183	991.141333	0.801355	12.120072	
11/28/2019 16:02:26.678629749	81.304095	27.368789	992.428820	26.980901	25.208255	634.144974	76.496819	28.281725	991.752117	7.149881	12.105734	
11/28/2019 16:02:27.678629749	81.520936	27.440650	990.837204	26.980614	25.111596	633.996472	76.075988	28.179830	991.189433	-0.790815	12.119494	
11/28/2019 16:02:28.678629749	81.494652	27.435902	991.748253	27.340355	25.199724	636.289736	76.058983	28.235857	991.238004	-0.314760	12.099242	
11/28/2019 16:02:29.678629749	81.350091	27.441248	991.021086	27.319964	25.171069	635.411199	76.313779	28.139053	991.235010	7.444626	12.113317	
11/28/2019 16:02:30.678629749	81.698351	27.451193	991.669402	27.486611	25.201438	635.925045	76.278584	28.280994	991.461154	0.503990	12.107692	
11/28/2019 16:02:31.678629749	81.297524	27.451343	992.432526	27.109538	25.114699	635.035341	75.965886	28.143201	991.097649	0.559531	12.121846	
11/28/2019 16:02:32.678629749	81.606358	27.593685	992.339481	27.656622	25.180457	635.890880	76.305262	28.166854	991.287997	4.615813	12.105997	
11/28/2019 16:02:33.678629749	81.468368	27.404944	991.687221	26.815808	25.107351	634.187685	76.153027	28.196953	991.425358	3.167218	12.121097	
11/28/2019 16:02:34.678629749	81.415801	27.437249	991.625166	27.454325	25.192091	636.116258	76.376676	28.197366	991.828446	12.658689	12.100675	
11/28/2019 16:02:35.678629749	81.514365	27.362394	991.246758	27.271772	25.184948	636.059095	76.101011	28.194667	991.475822	7.033285	12.126564	
11/28/2019 16:02:36.678629749	81.448656	27.489145	991.638255	27.073889	25.120127	636.771385	76.360537	28.285873	991.452166	1.137767	12.102225	
11/28/2019 16:02:37.678629749	81.428943	27.393951	991.634944	26.983737	25.136782	635.987470	76.121276	28.192180	991.595993	5.227581	12.128851	
