
Time stamp	Inside_humidity (in %rH)	Inside_temperature (in °C)	Inside_pressure (in mbar)	Soil_moisture (in %VWC)	Soil_temperature (in °C)	Inside_CO2_ratio (in ppm)	Outside_humidity (in %rH)	Outside_temperature (in °C)	Outside_pressure (in mbar)	Outside_PAR (in µmol m^-2 s^-1)	Power_box_charge (in V)	
11/28/2019 14:39:18.678629749	80.830987	26.377540	994.368643	14.280193	25.144210	507.195533	78.016258	27.281817	992.418252	0.646255	12.114066	
11/28/2019 14:39:19.678629749	80.745565	26.510161	992.096538	13.806530	25.189519	516.826582	77.967816	27.272790	992.915332	1.809008	12.068451	
11/28/2019 14:39:20.678629749	80.791561	26.335589	991.822846	14.714114	25.158946	514.714016	77.769531	27.340236	992.726720	8.889560	12.112739	
11/28/2019 14:39:21.678629749	80.719281	26.415192	993.694305	14.764413	25.183886	520.956419	77.729107	27.378420	993.181852	12.966539	12.079569	
11/28/2019 14:39:22.678629749	80.476156	26.357051	992.116094	14.295360	25.135149	520.167905	77.599239	27.300496	992.439387	0.414644	12.068858	
11/28/2019 14:39:23.678629749	80.660142	26.399825	992.812747	14.613595	25.158374	530.598635	77.836582	27.331103	992.698491	2.374409	12.095983	
11/28/2019 14:39:24.678629749	80.456443	26.346283	993.835687	14.464797	25.127189	528.946698	77.847122	27.279330	992.398540	3.835839	12.084050	
11/28/2019 14:39:25.678629749	80.568149	26.414892	993.531398	14.844300	25.206255	535.653668	77.709946	27.312635	992.606550	0.104173	12.076625	
11/28/2019 14:39:26.678629749	80.686426	26.392981	991.403357	14.307087	25.176743	535.650384	77.470632	27.322806	992.868811	7.016519	12.107127	
11/28/2019 14:39:27.678629749	80.469585	26.519957	993.877792	14.571929	25.181355	543.856842	77.605205	27.378727	992.553877	10.573696	12.057569	
11/28/2019 14:39:28.678629749	80.620717	26.324222	993.651253	15.392994	25.222093	540.439947	77.684057	27.400730	992.792796	6.629808	12.091475	
11/28/2019 14:39:29.678629749	80.738994	26.410668	993.024778	14.512933	25.214459	547.432100	77.817683	27.423452	992.888681	11.141448	12.093434	
11/28/2019 14:39:30.678629749	80.725852	26.435306	993.197935	14.316607	25.152415	546.038402	77.699354	27.245601	992.537001	3.412974	12.099715	
11/28/2019 14:39:31.678629749	80.824416	26.441851	993.759200	14.418616	25.300056	552.868243	77.628282	27.320414	992.730978	0.907467	12.077387	
11/28/2019 14:39:32.678629749	80.712710	26.430858	991.235797	14.482976	25.192907	552.123757	77.439381	27.312223	992.595196	8.820913	12.108060	
11/28/2019 14:39:33.678629749	81.133250	26.482829	993.504195	14.990469	25.147068	555.217356	77.652805	27.334214	992.735708	3.603188	12.091883	
11/28/2019 14:39:34.678629749	80.870413	26.377914	992.435600	14.715987	25.157803	554.998545	77.782464	27.301946	992.715367	6.657059	12.106865	
11/28/2019 14:39:35.678629749	81.028115	26.443348	992.474317	14.760772	25.267197	560.982709	77.520492	27.337019	993.300286	8.068189	12.061473	
11/28/2019 14:39:36.678629749	80.896696	26.346058	993.929835	14.910452	25.152415	560.152799	77.654514	27.324256	992.531957	8.112206	12.078163	
11/28/2019 14:39:37.678629749	80.876984	26.483951	991.421019	14.903660	25.304301	564.178162	77.486481	27.448661	993.414619	7.699555	12.056124	
11/28/2019 14:39:38.678629749	81.014973	26.430409	992.099221	14.603610	25.108780	565.633633	77.330934	27.225059	992.853514	4.811269	12.068122	
11/28/2019 14:39:39.678629749	80.942693	26.546765	991.663802	14.485278	25.212255	570.410050	77.711787	27.237304	992.790117	4.990999	12.046662	
11/28/2019 14:39:40.678629749	81.172676	26.446748	991.959338	14.421200	25.191764	570.105163	77.599686	27.271858	992.440016	4.390755	12.118035	
11/28/2019 14:39:41.678629749	81.113538	26.437702	992.960277	14.410170	25.207683	574.263260	77.664948	27.344903	992.584943	6.085376	12.073970	
11/28/2019 14:39:42.678629749	81.304095	26.432205	992.873541	14.227674	25.177274	572.892559	77.424793	27.321969	992.695811	7.572746	12.100833	
11/28/2019 14:39:43.678629749	81.100396	26.411417	992.834273	14.854996	25.223235	575.049142	77.481461	27.341792	992.862345	6.257243	12.101450	
11/28/2019 14:39:44.678629749	81.277811	26.431232	992.184301	14.368203	25.207071	575.473628	77.296423	27.339824	992.658593	9.190857	12.115946	
11/28/2019 14:39:45.678629749	81.566933	26.519882	992.420855	14.766186	25.239114	577.377888	77.522438	27.359222	992.849098	9.850574	12.093131	
11/28/2019 14:39:46.678629749	81.317237	26.383710	992.890889	14.463615	25.128903	575.982874	77.559052	27.303195	992.545203	3.984657	12.111964	
11/28/2019 14:39:47.678629749	81.547220	26.494420	992.676333	14.469619	25.214133	581.862564	77.469134	27.359222	992.678149	4.853976	12.087086	
11/28/2019 14:39:48.678629749	81.238385	26.515283	991.391766	14.323122	25.165722	580.974828	77.390073	27.257433	992.221438	3.211235	12.110518	
11/28/2019 14:39:49.678629749	81.494652	26.425885	992.243991	14.669297	25.281035	585.239377	77.335297	27.383500	992.762359	9.139247	12.104985	
11/28/2019 14:39:50.678629749	81.501223	26.505039	994.371008	14.305471	25.124087	582.296901	77.213761	27.306095	992.566810	1.366756	12.089990	
11/28/2019 14:39:51.678629749	81.606358	26.410818	993.779465	15.474024	25.170579	585.429928	77.201171	27.333802	993.039761	11.489383	12.067150	
11/28/2019 14:39:52.678629749	81.658926	26.309978	993.866439	15.172320	25.077064	583.553265	77.325257	27.279224	992.729085	4.685770	12.083130	
11/28/2019 14:39:53.678629749	81.488081	26.521828	993.039918	14.396990	25.161232	587.637769	77.439066	27.330584	992.842789	2.065249	12.096601	
11/28/2019 14:39:54.678629749	81.652355	26.467088	992.659697	14.296724	25.195193	587.368363	77.469161	27.285447	992.419831	5.346798	12.099058	
11/28/2019 14:39:55.678629749	81.474939	26.480176	992.071781	14.536219	25.187560	590.785257	77.345075	27.289501	992.328519	3.159355	12.094419	
11/28/2019 14:39:56.678629749	81.777203	26.553010	992.859348	15.189650	25.345120	592.956954	77.386261	27.344279	992.733815	4.725856	12.101043	
11/28/2019 14:39:57.678629749	81.645784	26.383560	992.909103	14.749063	25.150701	590.852934	77.371963	27.292400	992.761887	5.980575	12.112778	
11/28/2019 14:39:58.678629749	81.856054	26.521454	992.627761	14.810330	25.190172	591.759721	77.340817	27.367213	993.008852	7.001063	12.084142	
11/28/2019 14:39:59.678629749	81.750919	26.456993	991.468962	14.146970	25.213317	593.601566	77.174335	27.291363	992.514766	5.073792	12.104972	
11/28/2019 14:40:00.678629749	81.810058	26.454041	992.641323	14.445454	25.261768	595.716100	77.172127	27.404878	992.991661	9.324219	12.092619	
11/28/2019 14:40:01.678629749	81.915193	26.467686	993.231132	14.432532	25.168253	594.821133	77.149655	27.255359	992.564916	2.591604	12.121544	
11/28/2019 14:40:02.678629749	81.718064	26.566730	993.102525	14.771380	25.263768	595.896799	77.306201	27.285542	992.501519	2.823214	12.090779	
11/28/2019 14:40:03.678629749	81.941476	26.399301	993.622314	14.745662	25.095759	597.237270	77.315874	27.315122	992.053011	3.109055	12.085483	
11/28/2019 14:40:04.678629749	81.810058	26.595260	992.686111	14.457578	25.174008	597.034227	77.432048	27.326330	992.407371	7.412404	12.069292	
11/28/2019 14:40:05.678629749	82.020328	26.473033	991.483627	14.191226	25.217847	597.933793	77.280022	27.309418	992.632571	4.703847	12.112016	
11/28/2019 14:40:06.678629749	81.856054	26.459313	992.193684	14.674447	25.265442	600.001016	77.314480	27.429262	992.851463	9.950133	12.099913	
11/28/2019 14:40:07.678629749	82.099179	26.447198	991.413292	14.430312	25.215031	598.786701	77.087310	27.360884	992.192580	9.200031	12.076047	
11/28/2019 14:40:08.678629749	81.856054	26.531024	993.698011	14.706316	25.230338	599.060706	77.173783	27.315947	992.411629	2.761120	12.099558	
11/28/2019 14:40:09.678629749	82.118892	26.447048	992.586128	14.597007	25.122087	599.512789	77.109677	27.310455	992.529906	2.555450	12.117286	
11/28/2019 14:40:10.678629749	82.112321	26.479952	992.481649	14.763092	25.204295	600.600937	77.198806	27.405915	992.927792	13.723194	12.092816	
11/28/2019 14:40:11.678629749	81.829770	26.426484	991.189196	14.712001	25.153558	601.441362	77.260047	27.376240	992.621375	9.381071	12.105301	
11/28/2019 14:40:12.678629749	82.197743	26.479652	991.563188	14.794798	25.247604	604.310245	77.095432	27.395332	992.731293	8.661881	12.091962	
11/28/2019 14:40:13.678629749	82.099179	26.435905	991.469514	14.439587	25.261768	602.568938	77.152757	27.243633	992.904293	3.190537	12.096798	
11/28/2019 14:40:14.678629749	81.934905	26.511059	993.007667	14.768702	25.223562	603.392933	77.399089	27.312942	992.547411	2.061317	12.103855	
11/28/2019 14:40:15.678629749	82.118892	26.495618	992.649130	13.998089	25.204826	604.671642	77.227902	27.320001	992.037242	3.621265	12.089754	
11/28/2019 14:40:16.678629749	82.013757	26.505338	993.629490	14.382722	25.230093	605.196002	77.254290	27.363371	992.635094	9.754947	12.087073	
11/28/2019 14:40:17.678629749	82.210885	26.483502	992.998994	14.189403	25.209071	604.813576	77.159038	27.333177	992.681300	7.477119	12.116563	
11/28/2019 14:40:18.678629749	82.099179	26.432654	994.128225	14.808223	25.212500	605.939836	77.251426	27.351857	992.921483	5.161826	12.093512	
11/28/2019 14:40:19.678629749	82.204314	26.489822	991.298247	14.845003	25.154374	606.188876	77.074115	27.365657	992.207720	8.205212	12.095024	
11/28/2019 14:40:20.678629749	82.224027	26.562880	993.431652	14.693658	25.299485	607.498466	77.086758	27.322382	992.939460	7.666023	12.093710	
11/28/2019 14:40:21.678629749	82.184601	26.420539	992.733658	14.302673	25.169396	606.887367	76.991558	27.361403	993.044333	8.929645	12.084957	
11/28/2019 14:40:22.678629749	82.210885	26.521903	993.750289	14.221900	25.205438	608.204840	77.247562	27.265836	992.579899	12.766111	12.086692	
11/28/2019 14:40:23.678629749	82.230598	26.430184	994.009001	14.655764	25.125760	607.931488	77.371149	27.314816	992.417781	3.410353	12.089898	
11/28/2019 14:40:24.678629749	82.092608	26.463912	992.395385	15.030557	25.273116	608.980871	77.500965	27.389829	992.589202	8.952964	12.075364	
11/28/2019 14:40:25.678629749	82.342304	26.463462	993.367309	14.275546	25.130618	609.208881	77.312825	27.297279	992.400590	0.686341	12.117628	
11/28/2019 14:40:26.678629749	82.066324	26.600083	994.555284	14.614426	25.233767	610.512556	77.286094	27.312529	992.431499	3.762220	12.101384	
11/28/2019 14:40:27.678629749	82.388301	26.452320	993.110647	14.325952	25.192050	611.107888	77.165609	27.343972	992.761416	8.329401	12.120572	
11/28/2019 14:40:28.678629749	82.171459	26.517454	991.911633	14.467092	25.134863	611.076344	77.188529	27.354555	992.658593	2.014678	12.078333	
11/28/2019 14:40:29.678629749	82.342304	26.468136	991.863296	14.551304	25.120372	610.955440	77.050539	27.334426	992.903507	5.703637	12.092356	
11/28/2019 14:40:30.678629749	82.053182	26.506312	991.680361	14.380144	25.285892	612.579779	77.156121	27.335876	992.433707	2.921462	12.092501	
11/28/2019 14:40:31.678629749	82.270024	26.493896	992.976521	14.408649	25.139067	613.328212	77.206428	27.251623	992.509879	2.750635	12.121662	
11/28/2019 14:40:32.678629749	82.138605	26.521603	991.999078	15.135929	25.216174	613.324265	77.259548	27.383606	993.100792	10.789580	12.081001	
11/28/2019 14:40:33.678629749	82.309449	26.431457	993.332851	14.501634	25.130332	613.004917	77.272138	27.277150	992.578163	0.907467	12.112437	
11/28/2019 14:40:34.678629749	82.105750	26.516182	991.735873	14.334661	25.245931	615.134565	77.308909	27.398962	992.888838	7.192588	12.094997	
11/28/2019 14:40:35.678629749	82.375159	26.474156	992.592042	14.380094	25.130332	615.376374	77.255290	27.275488	992.306599	1.772854	12.119888	
11/28/2019 14:40:36.678629749	82.224027	26.463013	992.363372	14.894517	25.308506	617.455427	77.167265	27.408921	992.823234	10.942330	12.108047	
11/28/2019 14:40:37.678629749	82.316020	26.516032	993.124131	14.217518	25.153517	616.331135	77.007906	27.368356	992.763623	8.144429	12.092290	
11/28/2019 14:40:38.678629749	82.270024	26.505338	992.373702	14.861913	25.160701	616.354785	77.215864	27.352269	992.866918	5.914549	12.093552	
11/28/2019 14:40:39.678629749	82.421155	26.410369	993.159613	14.475154	25.202540	617.194557	77.228953	27.392221	992.647711	8.207834	12.094393	
11/28/2019 14:40:40.678629749	82.348875	26.437178	992.613173	14.627838	25.195193	618.143403	77.434756	27.434035	992.833644	9.795033	12.096141	
11/28/2019 14:40:41.678629749	82.197743	26.473557	993.034004	14.418559	25.212459	618.612569	77.281126	27.328097	992.437494	5.724335	12.122963	
11/28/2019 14:40:42.678629749	82.427726	26.521678	992.690921	14.698953	25.320466	620.223109	77.323259	27.378208	992.238472	5.443736	12.080555	
11/28/2019 14:40:43.678629749	82.329162	26.500216	991.673265	14.417289	25.153272	619.268348	77.244960	27.275901	992.615066	1.982456	12.099203	
11/28/2019 14:40:44.678629749	82.408013	26.515807	993.738541	14.797942	25.186703	619.142844	77.226456	27.385680	992.890889	13.295087	12.088781	
11/28/2019 14:40:45.678629749	82.480294	26.446973	992.026993	14.160527	25.183600	620.202079	77.085154	27.407471	992.295402	10.575007	12.086061	
11/28/2019 14:40:46.678629749	82.447439	26.548262	993.273160	14.529628	25.230338	621.743626	77.217520	27.359635	992.514452	4.467265	12.106602	
11/28/2019 14:40:47.678629749	82.289736	26.493896	991.904457	14.224598	25.209357	621.574095	77.103763	27.351857	992.855722	8.928335	12.122083	
11/28/2019 14:40:48.678629749	82.572287	26.499468	992.688398	14.882205	25.245359	622.164165	77.213813	27.386093	992.886945	10.635791	12.109914	
11/28/2019 14:40:49.678629749	82.506577	26.409845	992.994815	14.177329	25.168824	620.845376	77.193549	27.365138	992.538423	5.543295	12.090805	
11/28/2019 14:40:50.678629749	82.394871	26.537419	993.176252	14.751094	25.173722	621.663455	77.235629	27.353931	992.840582	1.691373	12.090069	
11/28/2019 14:40:51.678629749	82.572287	26.513080	992.992922	14.405548	25.188131	623.704396	77.589094	27.410170	992.895619	5.076413	12.086534	
11/28/2019 14:40:52.678629749	82.302878	26.457292	992.809435	14.505746	25.137679	622.347495	77.416646	27.273827	992.431499	1.714692	12.119638	
11/28/2019 14:40:53.678629749	82.454010	26.520930	993.094641	15.454599	25.286994	624.251102	77.507588	27.342405	992.819290	6.479950	12.103159	
11/28/2019 14:40:54.678629749	82.572287	26.425586	992.572092	14.624373	25.146782	621.863215	77.230452	27.301534	992.952392	6.050262	12.090582	
11/28/2019 14:40:55.678629749	82.572287	26.594437	991.895074	14.570841	25.256421	623.010505	77.291404	27.328404	992.560658	12.049542	12.067623	
11/28/2019 14:40:56.678629749	82.486865	26.442001	993.205742	14.564038	25.118984	621.453844	77.337190	27.310974	992.617274	2.861989	12.114526	
11/28/2019 14:40:57.678629749	82.697135	26.439199	992.737207	14.884846	25.187560	621.585263	77.522176	27.403841	993.332774	10.564522	12.081711	
11/28/2019 14:40:58.678629749	82.447439	26.457517	993.325123	14.526912	25.123515	621.337539	77.286279	27.310349	992.505778	1.325360	12.117457	
11/28/2019 14:40:59.678629749	82.440868	26.568901	993.181219	14.997456	25.304832	623.615689	77.290247	27.366482	992.722304	7.183414	12.107929	
11/28/2019 14:41:00.678629749	82.532861	26.426858	992.249511	14.653979	25.153844	621.304026	77.301576	27.301428	992.873384	6.982986	12.119691	
11/28/2019 14:41:01.678629749	82.644567	26.579070	993.163714	14.628121	25.203724	622.231190	77.239887	27.360260	992.845154	9.343607	12.097823	
11/28/2019 14:41:02.678629749	82.631425	26.443423	992.675546	14.524309	25.158701	621.219919	77.277500	27.280674	992.041658	0.829917	12.093552	
11/28/2019 14:41:03.678629749	82.355446	26.536970	992.990162	14.719942	25.285566	624.909512	77.423165	27.334733	992.672469	4.282293	12.106076	
11/28/2019 14:41:04.678629749	82.388301	26.453218	991.846265	14.759402	25.210786	620.813831	77.172575	27.381119	992.503098	0.106794	12.086639	
11/28/2019 14:41:05.678629749	82.578858	26.545867	992.337903	14.788000	25.207071	624.221526	77.300787	27.398232	992.374411	6.883427	12.057819	
11/28/2019 14:41:06.678629749	82.578858	26.541793	992.814640	14.406429	25.174784	624.249786	77.106418	27.292294	992.634936	4.401239	12.109940	
11/28/2019 14:41:07.678629749	82.611713	26.486047	992.575798	14.718465	25.148210	625.946402	77.212552	27.396888	992.939146	6.491474	12.089898	
11/28/2019 14:41:08.678629749	82.427726	26.431382	992.020527	14.510588	25.158905	625.417442	76.983278	27.333908	992.820554	7.632219	12.110873	
11/28/2019 14:41:09.678629749	82.480294	26.542092	991.688720	14.531534	25.356101	629.988856	76.952184	27.375510	993.381345	9.467795	12.067715	
11/28/2019 14:41:10.678629749	82.519719	26.511059	992.889390	14.249651	25.162048	627.355214	76.939437	27.260132	992.397911	1.627968	12.118127	
11/28/2019 14:41:11.678629749	82.881121	26.553459	994.217326	15.024269	25.183886	628.401967	77.024859	27.342311	992.969426	10.361473	12.074969	
11/28/2019 14:41:12.678629749	82.473723	26.515733	991.868343	14.203249	25.176212	629.083375	76.849652	27.299247	992.208349	3.788160	12.101949	
11/28/2019 14:41:13.678629749	82.532861	26.527699	993.214574	14.407171	25.170579	630.082816	77.017027	27.376759	992.431342	2.326460	12.100504	
11/28/2019 14:41:14.678629749	82.775986	26.467986	990.898865	14.522793	25.163436	628.788340	76.962909	27.364101	992.862345	9.252951	12.112752	
11/28/2019 14:41:15.678629749	82.394871	26.573649	993.406497	14.614087	25.195193	629.341613	77.220674	27.327780	992.260550	0.972182	12.076310	
11/28/2019 14:41:16.678629749	82.532861	26.504964	991.204021	14.689168	25.122658	629.327815	77.111123	27.379246	992.823076	8.934887	12.095024	
11/28/2019 14:41:17.678629749	82.782557	26.521753	994.228760	14.387558	25.258993	628.790308	77.152205	27.379352	992.689502	2.018610	12.069200	
11/28/2019 14:41:18.678629749	82.500007	26.452694	992.944823	14.716755	25.163722	627.862492	77.148841	27.373129	992.632414	7.713701	12.111517	
11/28/2019 14:41:19.678629749	82.467152	26.516182	992.737050	14.519907	25.269156	630.962668	77.157015	27.342511	992.573433	4.636782	12.106116	
11/28/2019 14:41:20.678629749	82.644567	26.484475	994.028005	14.700499	25.137108	628.237035	77.085549	27.325705	992.330884	1.427540	12.101647	
11/28/2019 14:41:21.678629749	82.572287	26.568976	992.181698	14.945691	25.162375	629.440172	77.068701	27.349158	992.840582	0.497437	12.075061	
11/28/2019 14:41:22.678629749	82.440868	26.458041	993.069014	14.585066	25.132863	628.932242	76.951475	27.300285	992.343974	1.754777	12.121426	
11/28/2019 14:41:23.678629749	82.624854	26.538692	993.868015	14.262617	25.225848	631.925965	77.003990	27.349158	992.556085	6.673825	12.087283	
11/28/2019 14:41:24.678629749	82.729990	26.472734	991.732641	14.191975	25.226991	631.669043	76.775663	27.378103	992.783179	7.828986	12.093210	
11/28/2019 14:41:25.678629749	82.362017	26.516706	992.819133	14.704870	25.208173	633.380773	76.884267	27.351539	992.428820	0.281282	12.093407	
11/28/2019 14:41:26.678629749	82.578858	26.489223	992.145822	14.559253	25.185845	633.204674	76.806362	27.378314	992.932208	9.999392	12.098112	
11/28/2019 14:41:27.678629749	82.802270	26.495768	993.941821	14.810990	25.190131	634.637137	76.759761	27.370112	993.197621	10.043410	12.069765	
11/28/2019 14:41:28.678629749	82.480294	26.455870	992.888049	14.767871	25.156619	634.179802	76.822711	27.369393	992.713945	9.296968	12.087651	
11/28/2019 14:41:29.678629749	82.598571	26.528297	991.965804	14.358450	25.205398	636.861408	77.029460	27.371467	992.369996	1.977214	12.089202	
11/28/2019 14:41:30.678629749	82.585429	26.525902	992.377408	14.204067	25.215888	635.810056	76.936967	27.350195	992.545203	8.174301	12.125092	
11/28/2019 14:41:31.678629749	82.664280	26.484326	993.160088	14.972774	25.218990	636.946168	76.999969	27.386505	993.070355	10.309864	12.081277	
11/28/2019 14:41:32.678629749	82.775986	26.416764	992.703064	14.714460	25.194622	635.534072	76.917464	27.341792	991.897359	3.676807	12.081172	
11/28/2019 14:41:33.678629749	82.559145	26.542841	991.199920	14.363964	25.238869	637.507988	76.918016	27.412138	992.877957	10.863469	12.093013	
11/28/2019 14:41:34.678629749	82.690564	26.453143	992.235712	14.545915	25.154660	636.108375	76.885766	27.335982	992.713002	6.032185	12.114119	
11/28/2019 14:41:35.678629749	82.808841	26.506761	992.204408	14.480203	25.310792	638.936514	76.967324	27.330584	992.783808	2.655008	12.093276	
11/28/2019 14:41:36.678629749	82.546003	26.548337	993.424791	14.259611	25.153844	636.976397	76.858378	27.321038	992.306441	0.542765	12.118850	
11/28/2019 14:41:37.678629749	82.519719	26.594662	993.212051	14.655846	25.213112	638.513996	76.879195	27.335664	992.402955	1.814250	12.095050	
11/28/2019 14:41:38.678629749	82.605142	26.520406	991.595281	14.314639	25.203398	638.067176	76.752743	27.382569	992.455313	7.760339	12.112568	
11/28/2019 14:41:39.678629749	82.802270	26.474830	993.095902	14.565987	25.161762	637.952840	76.891128	27.450947	992.976049	6.938969	12.082250	
11/28/2019 14:41:40.678629749	82.729990	26.584941	991.336097	13.999749	25.267156	637.905528	77.026753	27.346353	992.317795	7.703487	12.092934	
11/28/2019 14:41:41.678629749	82.539432	26.473258	992.965087	15.028558	25.219847	638.155883	77.054245	27.378103	992.952392	9.088677	12.101845	
11/28/2019 14:41:42.678629749	82.572287	26.522202	993.262830	14.366486	25.143639	637.661089	76.976498	27.306201	992.483700	1.585261	12.118850	
11/28/2019 14:41:43.678629749	82.749702	26.533045	993.861471	14.627681	25.167722	637.862817	77.111228	27.420753	993.369992	9.991529	12.067045	
11/28/2019 14:41:44.678629749	82.572287	26.531997	992.937884	14.524453	25.145598	638.192680	76.953079	27.326742	992.396489	2.842602	12.117457	
11/28/2019 14:41:45.678629749	82.506577	26.527324	993.361395	14.474047	25.201969	639.917556	77.009457	27.377277	992.426926	2.032755	12.107364	
11/28/2019 14:41:46.678629749	82.631425	26.479503	992.574537	14.573999	25.154986	637.872016	77.051328	27.326330	992.418252	1.774165	12.118561	
11/28/2019 14:41:47.678629749	82.697135	26.563180	992.578400	14.323569	25.168620	639.592945	77.021443	27.333484	992.390180	3.090979	12.116353	
11/28/2019 14:41:48.678629749	82.815412	26.510461	991.856200	14.467777	25.195193	639.335370	76.972239	27.345940	992.619639	7.452489	12.119914	
11/28/2019 14:41:49.678629749	82.578858	26.494720	992.391050	14.203168	25.204540	639.911641	76.892889	27.349052	992.667739	7.455110	12.110597	
11/28/2019 14:41:50.678629749	82.486865	26.505638	993.047330	14.213795	25.183600	639.980635	76.821712	27.308275	992.181698	4.092079	12.100162	
11/28/2019 14:41:51.678629749	82.592000	26.516032	993.669862	14.087923	25.226664	641.361849	76.806914	27.355899	992.621690	7.724185	12.115196	
11/28/2019 14:41:52.678629749	82.762844	26.478904	992.141249	14.446932	25.172212	640.407088	76.769644	27.404666	992.457678	10.759979	12.100898	
11/28/2019 14:41:53.678629749	82.782557	26.521304	992.653940	14.216247	25.196622	641.694996	76.698520	27.359635	992.632729	8.544245	12.125565	
11/28/2019 14:41:54.678629749	82.828554	26.501189	991.754639	14.304289	25.135108	640.923565	76.645952	27.299353	992.175075	1.336884	12.119796	
11/28/2019 14:41:55.678629749	82.611713	26.468210	991.215612	14.711655	25.145598	640.520109	76.694604	27.375616	992.794532	9.074532	12.092395	
11/28/2019 14:41:56.678629749	82.710277	26.457442	992.586680	14.491063	25.163722	641.173920	76.910289	27.381013	992.798634	8.265996	12.120309	
11/28/2019 14:41:57.678629749	82.802270	26.579594	991.869290	14.205262	25.164334	641.093096	76.861085	27.308793	992.413837	2.983556	12.115656	
11/28/2019 14:41:58.678629749	82.762844	26.474156	993.599290	14.093972	25.139924	640.196161	76.775663	27.343866	992.091651	0.697865	12.088663	
11/28/2019 14:41:59.678629749	82.637996	26.483951	991.264735	14.566654	25.164293	640.455715	76.650368	27.398962	992.993397	7.920682	12.108994	
11/28/2019 14:42:00.678629749	82.716848	26.474680	991.818983	14.338479	25.149272	640.083140	76.754794	27.357148	992.223174	0.699175	12.104460	
11/28/2019 14:42:01.678629749	82.881121	26.436504	992.954838	14.572068	25.154946	641.291540	76.926585	27.381426	992.750691	9.357752	12.106654	
11/28/2019 14:42:02.678629749	82.828554	26.494420	992.287123	14.471242	25.211316	641.780420	76.828283	27.363477	992.590781	8.228532	12.116051	
11/28/2019 14:42:03.678629749	82.513148	26.563255	991.409034	14.469469	25.162048	642.750948	76.858378	27.343760	992.184063	3.579869	12.108139	
11/28/2019 14:42:04.678629749	82.723419	26.389730	994.053632	14.399166	25.172784	641.007673	76.685930	27.381532	992.914546	5.682939	12.088203	
11/28/2019 14:42:05.678629749	82.835125	26.416090	993.297131	14.348118	25.178172	642.735833	76.675443	27.378314	992.877642	8.554459	12.094708	
11/28/2019 14:42:06.678629749	82.913976	26.521079	993.538890	14.562108	25.159762	643.398843	76.841268	27.417017	992.437965	8.704587	12.105813	
11/28/2019 14:42:07.678629749	82.611713	26.506237	993.077450	14.354306	25.107065	644.114417	76.829282	27.306719	992.641088	1.233394	12.105682	
11/28/2019 14:42:08.678629749	82.841696	26.446898	991.594571	14.463212	25.166008	644.163044	76.798688	27.409027	992.849413	7.721564	12.110584	
11/28/2019 14:42:09.678629749	82.999398	26.468210	991.992140	14.408995	25.177314	644.182757	76.533747	27.393671	992.862188	8.432891	12.121781	
11/28/2019 14:42:10.678629749	82.690564	26.469408	992.574142	14.465621	25.127189	643.405411	76.865186	27.364620	992.599612	1.890490	12.119888	
11/28/2019 14:42:11.678629749	82.690564	26.494869	992.805571	14.560152	25.130046	644.016510	76.914495	27.332034	992.407371	2.657629	12.120650	
11/28/2019 14:42:12.678629749	82.802270	26.542167	991.405880	14.205972	25.182458	645.309018	76.817192	27.341061	992.378827	4.831967	12.116130	
11/28/2019 14:42:13.678629749	82.920547	26.500516	991.677601	14.216857	25.205969	645.008068	76.694656	27.376028	992.468717	8.524857	12.101371	
11/28/2019 14:42:14.678629749	82.592000	26.563404	993.103866	14.228535	25.218705	645.220310	76.609786	27.372917	992.437965	8.298489	12.122162	
11/28/2019 14:42:15.678629749	82.756273	26.479727	992.437019	14.342522	25.118127	643.452722	76.576379	27.366694	992.085185	0.638392	12.102199	
11/28/2019 14:42:16.678629749	82.854837	26.516107	993.110253	14.177518	25.206255	644.717632	76.419728	27.351751	992.639195	7.806978	12.118154	
11/28/2019 14:42:17.678629749	82.795699	26.474081	991.951058	14.736280	25.153231	643.909405	76.622166	27.399587	992.698019	7.035906	12.117352	
11/28/2019 14:42:18.678629749	82.657709	26.522127	994.353346	14.402260	25.140496	643.969199	76.753480	27.340236	992.310700	1.171299	12.104762	
11/28/2019 14:42:19.678629749	82.854837	26.453742	992.992370	14.392778	25.147598	645.202565	76.708298	27.329547	992.477076	1.071741	12.121321	
11/28/2019 14:42:20.678629749	82.959973	26.463313	991.651107	14.632310	25.154089	645.538343	76.554459	27.359222	992.752742	6.914339	12.100241	
11/28/2019 14:42:21.678629749	82.618284	26.568976	992.938594	14.311841	25.181886	647.393323	76.449271	27.335664	992.405320	6.269038	12.124961	
11/28/2019 14:42:22.678629749	82.821983	26.468061	992.287833	14.550826	25.143884	645.960197	76.781420	27.375097	992.789960	4.144999	12.113882	
11/28/2019 14:42:23.678629749	82.913976	26.426784	993.502696	14.476323	25.151272	647.086458	76.594436	27.403735	992.985352	4.622365	12.086390	
11/28/2019 14:42:24.678629749	82.789128	26.480176	992.740519	14.371850	25.125230	647.601619	76.463017	27.307756	992.376462	1.096371	12.113291	
11/28/2019 14:42:25.678629749	82.651138	26.532147	990.804402	14.300296	25.282178	649.118852	76.218946	27.460905	992.917068	6.924824	12.090503	
11/28/2019 14:42:26.678629749	82.775986	26.489298	992.896408	14.308936	25.210214	649.668841	76.350155	27.400412	992.735551	9.672155	12.126393	
11/28/2019 14:42:27.678629749	82.907405	26.478979	992.488273	14.544381	25.134536	650.278625	76.464464	27.378833	992.647711	6.544395	12.118140	
11/28/2019 14:42:28.678629749	82.966543	26.499992	992.531799	14.315250	25.204540	651.157161	76.480470	27.409545	992.720411	9.281512	12.126039	
11/28/2019 14:42:29.678629749	82.775986	26.464810	991.025659	14.498439	25.168865	650.678797	76.368369	27.382463	992.873384	8.524857	12.079345	
11/28/2019 14:42:30.678629749	82.723419	26.453218	994.007346	14.476531	25.116127	650.371932	76.343637	27.358704	992.323789	2.197030	12.109545	
11/28/2019 14:42:31.678629749	82.802270	26.532596	991.783421	14.255543	25.137965	651.709119	76.257110	27.314604	992.236264	1.299420	12.119980	
11/28/2019 14:42:32.678629749	82.907405	26.505338	992.734447	14.225151	25.205683	652.185515	76.173948	27.386093	992.704957	8.952964	12.126420	
11/28/2019 14:42:33.678629749	82.933689	26.537120	992.118539	14.496131	25.152986	652.512747	76.168928	27.349464	992.087864	3.581180	12.102856	
11/28/2019 14:42:34.678629749	82.907405	26.516481	992.475026	14.151680	25.211071	652.320218	76.080799	27.407778	992.678306	9.097851	12.123988	
11/28/2019 14:42:35.678629749	82.683993	26.463537	993.048040	14.044220	25.197765	653.376169	76.075831	27.414212	992.619796	6.387984	12.100267	
11/28/2019 14:42:36.678629749	82.789128	26.511209	992.835219	14.605836	25.203683	653.062736	76.263472	27.426563	992.737130	9.683679	12.122819	
11/28/2019 14:42:37.678629749	82.789128	26.537344	992.654807	14.172714	25.222133	653.869648	76.194108	27.385162	992.601977	3.616023	12.098533	
11/28/2019 14:42:38.678629749	82.992827	26.500216	993.344599	14.749013	25.169110	653.241467	75.998189	27.446586	992.518710	9.026583	12.108060	
11/28/2019 14:42:39.678629749	83.078250	26.448096	992.418095	14.508714	25.141353	653.782909	76.156181	27.404254	992.282313	2.733869	12.118535	
11/28/2019 14:42:40.678629749	82.762844	26.521753	993.925497	14.273508	25.179315	653.811822	76.231773	27.346978	992.514452	1.048422	12.100530	
11/28/2019 14:42:41.678629749	82.789128	26.463013	992.462331	14.557140	25.159191	654.470233	76.177759	27.402074	992.687609	7.615453	12.118535	
11/28/2019 14:42:42.678629749	82.848267	26.494795	991.465570	14.537244	25.157232	654.982110	76.061690	27.445443	992.794690	9.919221	12.110886	
11/28/2019 14:42:43.678629749	82.913976	26.484700	992.787672	14.677466	25.189233	654.357212	76.011278	27.443994	992.634307	7.980155	12.120585	
11/28/2019 14:42:44.678629749	82.802270	26.368718	993.435830	15.371406	25.173069	652.543628	76.181413	27.421684	992.347760	7.632219	12.075061	
11/28/2019 14:42:45.678629749	82.861408	26.621845	993.040075	15.127189	25.261809	655.904011	76.152475	27.451772	992.851306	10.749495	12.099821	
11/28/2019 14:42:46.678629749	82.690564	26.579744	992.739415	14.271257	25.182172	655.348769	76.186276	27.352163	992.419988	5.856387	12.121018	
11/28/2019 14:42:47.678629749	82.986256	26.475803	992.400590	14.978106	25.197234	656.571620	76.282238	27.538935	993.017525	8.069500	12.092277	
11/28/2019 14:42:48.678629749	82.973114	26.552486	992.333487	14.484800	25.226093	656.128084	76.049547	27.355486	992.626734	6.144849	12.118443	
11/28/2019 14:42:49.678629749	82.736560	26.569051	993.067515	15.064275	25.357815	657.684745	76.131868	27.488189	992.786330	7.354241	12.077493	
11/28/2019 14:42:50.678629749	82.802270	26.500141	991.205834	14.603352	25.149843	655.170039	75.921493	27.398338	992.735394	6.384052	12.100819	
11/28/2019 14:42:51.678629749	82.992827	26.575745	994.378183	14.843412	25.178824	655.982203	76.055514	27.471489	993.173020	10.217897	12.069752	
11/28/2019 14:42:52.678629749	83.104533	26.452469	992.614672	14.502765	25.143884	655.587294	76.225649	27.396782	992.638880	4.637821	12.113501	
11/28/2019 14:42:53.678629749	82.683993	26.502013	993.061444	14.643383	25.259238	659.230228	76.259056	27.405185	992.608757	2.494666	12.105879	
11/28/2019 14:42:54.678629749	82.848267	26.516481	991.939862	14.402310	25.182988	657.575661	76.082902	27.424277	992.917382	10.348639	12.085732	
11/28/2019 14:42:55.678629749	83.071679	26.675312	992.465800	14.632360	25.220745	659.516717	76.049705	27.394496	992.429291	0.576297	12.073103	
11/28/2019 14:42:56.678629749	82.979685	26.526351	993.641947	14.568767	25.171926	658.967390	75.973561	27.376028	993.132016	13.975503	12.083735	
11/28/2019 14:42:57.678629749	82.723419	26.491993	993.176409	14.509211	25.193479	661.037897	76.018848	27.457276	992.632257	1.298109	12.093053	
11/28/2019 14:42:58.678629749	82.802270	26.499767	992.444274	14.446542	25.140210	659.224313	75.864010	27.404666	992.595353	3.839770	12.120282	
11/28/2019 14:42:59.678629749	82.900834	26.648504	992.425665	14.648351	25.263809	663.043346	75.796093	27.398750	992.383399	5.199291	12.110610	
11/28/2019 14:43:00.678629749	82.986256	26.574996	994.069638	14.255807	25.162620	661.852692	76.070207	27.382463	992.391759	2.673085	12.124212	
11/28/2019 14:43:01.678629749	82.729990	26.581615	993.806353	14.280846	25.223848	664.124926	76.090577	27.488400	992.759680	8.051423	12.102515	
11/28/2019 14:43:02.678629749	82.841696	26.505713	993.584859	14.503187	25.184988	662.547899	75.906195	27.436934	992.761887	9.242737	12.103264	
11/28/2019 14:43:03.678629749	82.959973	26.532072	993.367151	14.808808	25.192907	662.292945	76.016745	27.410371	992.431342	1.298109	12.101385	
11/28/2019 14:43:04.678629749	82.887692	26.517005	994.440082	14.393356	25.140496	662.179924	75.878755	27.376653	992.518553	0.229672	12.100031	
11/28/2019 14:43:05.678629749	82.841696	26.548262	992.486932	14.897428	25.193479	662.273894	75.980132	27.532183	992.905714	14.020831	12.065336	
11/28/2019 14:43:06.678629749	82.743131	26.469333	993.012083	14.734035	25.142782	661.738356	75.978371	27.407884	992.512087	2.693783	12.121570	
11/28/2019 14:43:07.678629749	82.848267	26.491469	992.366684	14.949212	25.214174	663.406722	76.017245	27.439633	992.663323	3.591393	12.101227	
11/28/2019 14:43:08.678629749	82.959973	26.527624	991.907374	14.359802	25.144782	662.424363	75.833863	27.381944	992.208034	1.032966	12.116590	
11/28/2019 14:43:09.678629749	82.867979	26.606852	994.488970	14.645043	25.169477	662.290313	75.880411	27.429050	992.719939	2.118169	12.082355	
11/28/2019 14:43:10.678629749	82.815412	26.511059	993.118612	14.885638	25.173355	662.162841	75.949827	27.448248	992.798634	8.452279	12.106181	
11/28/2019 14:43:11.678629749	82.966543	26.565351	991.562478	14.703354	25.261809	663.339697	76.059772	27.417324	992.521232	3.084426	12.082802	
11/28/2019 14:43:12.678629749	83.032253	26.474530	991.969353	14.568207	25.158334	662.514386	76.173029	27.444406	992.322368	6.858798	12.086127	
11/28/2019 14:43:13.678629749	82.789128	26.579145	992.700541	14.922072	25.219031	664.544149	76.172083	27.467022	992.851620	10.615093	12.101700	
11/28/2019 14:43:14.678629749	82.835125	26.473931	991.418417	14.485567	25.120372	663.373209	76.115257	27.392009	992.514137	2.667843	12.116314	
11/28/2019 14:43:15.678629749	83.025682	26.496591	991.532278	14.828773	25.171681	666.355765	76.223099	27.525547	992.912652	10.878925	12.085167	
11/28/2019 14:43:16.678629749	82.854837	26.642408	991.337043	14.185145	25.265156	664.542181	76.095097	27.464535	992.934416	8.602408	12.090858	
11/28/2019 14:43:17.678629749	82.874550	26.559630	993.645734	14.681327	25.257850	666.293339	76.018506	27.533950	992.409421	11.391135	12.074076	
11/28/2019 14:43:18.678629749	82.953402	26.468510	992.641560	14.493597	25.153517	664.650602	76.054567	27.415250	992.676098	3.697505	12.116695	
11/28/2019 14:43:19.678629749	82.920547	26.571146	993.559942	14.630190	25.144210	665.662526	76.024919	27.438183	992.794218	3.326250	12.076638	
11/28/2019 14:43:20.678629749	82.749702	26.474381	992.306284	14.630725	25.148456	664.910809	75.900623	27.385987	992.299975	1.303351	12.121202	
11/28/2019 14:43:21.678629749	82.959973	26.533195	992.391996	14.905623	25.284218	667.714634	75.867164	27.525029	992.783808	11.219268	12.101871	
11/28/2019 14:43:22.678629749	83.045395	26.484326	993.390176	14.457427	25.126332	665.860970	76.015484	27.470240	992.578320	9.510502	12.083617	
11/28/2019 14:43:23.678629749	82.821983	26.543664	993.788611	14.710353	25.177396	666.746075	76.182412	27.515271	993.162296	9.898523	12.083314	
11/28/2019 14:43:24.678629749	82.933689	26.494869	992.756211	14.526887	25.160048	665.998304	76.073676	27.461943	992.910602	8.211765	12.122819	
11/28/2019 14:43:25.678629749	83.051966	26.516855	991.923776	14.714692	25.216133	667.515537	76.180467	27.511641	992.731293	5.137196	12.097586	
11/28/2019 14:43:26.678629749	82.677422	26.542766	992.234056	14.417906	25.216745	667.066738	75.941757	27.436734	992.564602	9.346228	12.111675	
11/28/2019 14:43:27.678629749	82.920547	26.622967	992.071701	14.632599	25.187315	667.566785	75.948328	27.397195	992.487958	3.778987	12.089780	
11/28/2019 14:43:28.678629749	82.979685	26.527848	992.962328	14.348810	25.130006	667.080537	75.866717	27.385574	992.190372	0.740572	12.120361	
11/28/2019 14:43:29.678629749	82.808841	26.506835	994.326772	14.538325	25.164579	668.965745	75.958658	27.502614	992.868968	2.736490	12.085364	
11/28/2019 14:43:30.678629749	82.802270	26.527025	993.389467	14.416635	25.128618	668.041866	75.971091	27.405704	992.318109	0.867381	12.116235	
11/28/2019 14:43:31.678629749	83.012540	26.685183	992.005624	14.883286	25.198091	668.598423	76.140227	27.428320	992.562551	2.757188	12.090174	
11/28/2019 14:43:32.678629749	82.900834	26.420988	993.224509	15.061898	25.079594	666.802585	76.266678	27.497841	992.191158	9.466485	12.096903	
11/28/2019 14:43:33.678629749	82.828554	26.470082	992.280657	14.614444	25.170824	667.940675	76.264128	27.507387	993.041968	8.414814	12.097862	
11/28/2019 14:43:34.678629749	82.953402	26.516182	992.934887	14.549028	25.175069	667.696236	76.015694	27.487882	992.595353	9.938609	12.116800	
11/28/2019 14:43:35.678629749	83.005969	26.580193	992.679962	14.767803	25.262666	669.745713	75.913923	27.531664	992.551827	8.400669	12.104039	
11/28/2019 14:43:36.678629749	82.789128	26.574397	991.289416	14.713761	25.165436	668.974944	75.807079	27.450629	992.888681	5.773595	12.094748	
11/28/2019 14:43:37.678629749	83.012540	26.596683	992.753056	14.323040	25.213929	670.212910	75.959105	27.505725	992.917382	8.135526	12.095497	
11/28/2019 14:43:38.678629749	82.848267	26.590513	993.636665	14.170966	25.177927	669.578813	76.027470	27.424171	992.348075	4.666383	12.126656	
11/28/2019 14:43:39.678629749	82.815412	26.537868	992.971553	15.048611	25.255564	670.540141	76.147455	27.506138	992.610965	10.965649	12.100570	
11/28/2019 14:43:40.678629749	83.189956	26.817430	992.760941	15.019904	25.218255	670.278609	75.974217	27.455296	993.068147	9.952754	12.050683	
11/28/2019 14:43:41.678629749	82.933689	26.595859	993.059236	14.246110	25.158660	669.930358	75.885326	27.422097	992.369838	1.627968	12.116406	
11/28/2019 14:43:42.678629749	82.775986	26.556004	991.318906	14.452189	25.330915	673.028565	76.168771	27.572135	992.761730	7.680168	12.088900	
11/28/2019 14:43:43.678629749	82.795699	26.485448	993.028484	14.356897	25.130332	670.298986	76.088264	27.433823	992.358957	0.849304	12.117431	
11/28/2019 14:43:44.678629749	83.032253	26.710943	991.688168	14.847141	25.305159	673.570661	76.234033	27.459032	992.580528	6.796703	12.095497	
11/28/2019 14:43:45.678629749	83.065108	26.511134	992.840344	14.502608	25.154660	671.314856	76.403564	27.448142	992.417938	4.124301	12.109559	
11/28/2019 14:43:46.678629749	82.802270	26.603452	994.229944	14.457181	25.185886	673.177720	76.491799	27.571616	992.531957	2.104024	12.070356	
11/28/2019 14:43:47.678629749	82.736560	26.501713	992.833169	14.672454	25.120413	671.153209	76.126795	27.622563	992.757315	3.657419	12.067505	
11/28/2019 14:43:48.678629749	82.907405	26.590138	993.413910	14.874018	25.223807	673.257228	76.286706	27.470758	992.411629	3.512533	12.103513	
11/28/2019 14:43:49.678629749	82.913976	26.564827	994.222926	14.234062	25.165436	672.502227	76.323162	27.388792	992.205669	0.907467	12.122425	
11/28/2019 14:43:50.678629749	83.150530	26.511958	992.801076	14.856988	25.207683	673.663315	76.487935	27.581056	992.917382	15.292316	12.069423	
11/28/2019 14:43:51.678629749	82.670851	26.579819	992.805414	14.506450	25.180988	673.200065	76.396047	27.390135	992.518238	5.610631	12.116668	
11/28/2019 14:43:52.678629749	82.789128	26.627266	992.796740	15.040121	25.272544	674.395318	76.396256	27.433399	992.537158	2.190748	12.109151	
11/28/2019 14:43:53.678629749	82.946831	26.475279	993.424791	14.778663	25.136536	671.790590	76.273959	27.431230	992.690924	2.996391	12.091738	
11/28/2019 14:43:54.678629749	83.019111	26.617321	992.689265	14.723929	25.232093	673.759906	76.452925	27.448036	992.597719	6.860108	12.075127	
11/28/2019 14:43:55.678629749	82.821983	26.580118	991.710009	14.229673	25.124046	672.653359	76.438285	27.384537	991.993244	0.719873	12.099124	
11/28/2019 14:43:56.678629749	82.546003	26.569724	994.173722	14.593442	25.290097	673.654116	76.471796	27.505206	992.260550	2.100092	12.078294	
11/28/2019 14:43:57.678629749	82.716848	26.564078	992.323475	14.351105	25.201152	673.150122	76.260422	27.487257	992.317480	8.974973	12.104486	
11/28/2019 14:43:58.678629749	82.841696	26.659646	992.517763	14.481121	25.169151	674.336177	76.142197	27.444406	992.509722	4.840870	12.096666	
11/28/2019 14:43:59.678629749	82.874550	26.543514	992.898616	14.507073	25.140537	673.918922	76.058931	27.410889	992.347918	0.665643	12.121820	
11/28/2019 14:44:00.678629749	82.854837	26.586738	993.127600	14.518700	25.230052	675.416441	76.200627	27.472420	992.499154	0.884148	12.110952	
11/28/2019 14:44:01.678629749	82.637996	26.563928	992.250220	14.420747	25.213317	675.691109	76.081351	27.453846	992.754792	7.703487	12.119271	
11/28/2019 14:44:02.678629749	82.867979	26.589839	992.468088	14.801639	25.169191	677.090059	76.386112	27.439834	992.751006	7.046391	12.088663	
11/28/2019 14:44:03.678629749	82.894263	26.542841	992.457364	14.439801	25.184417	677.173514	76.304106	27.507387	992.696126	9.075842	12.121268	
11/28/2019 14:44:04.678629749	83.065108	26.480476	991.573517	14.952746	25.233154	680.771768	76.356778	27.537168	993.048592	10.117028	12.101450	
11/28/2019 14:44:05.678629749	82.927118	26.537569	991.937574	14.560680	25.166008	678.393081	76.015641	27.474494	992.656857	8.831397	12.103356	
11/28/2019 14:44:06.678629749	82.821983	26.658673	993.859421	14.797175	25.277402	681.560935	76.085766	27.474907	992.676570	9.981315	12.098178	
11/28/2019 14:44:07.678629749	82.769415	26.500590	991.836645	14.349124	25.134251	679.449032	76.348394	27.406222	992.468245	-0.058790	12.116695	
11/28/2019 14:44:08.678629749	82.920547	26.554882	992.683588	14.486435	25.222419	682.923751	76.576012	27.540173	992.908394	10.518155	12.105472	
11/28/2019 14:44:09.678629749	82.946831	26.489822	992.355488	14.515342	25.123475	680.208633	76.492456	27.464017	992.416359	4.212336	12.080108	
11/28/2019 14:44:10.678629749	83.084820	26.643905	991.671215	14.881255	25.189560	680.806586	76.546232	27.441601	992.494581	1.583950	12.100911	
11/28/2019 14:44:11.678629749	82.756273	26.585465	992.748641	14.341623	25.143925	681.227788	76.428507	27.409333	992.415887	3.149141	12.126209	
11/28/2019 14:44:12.678629749	82.769415	26.572269	993.328750	14.222800	25.191519	680.688313	76.359591	27.543496	992.359271	4.410142	12.063470	
11/28/2019 14:44:13.678629749	82.927118	26.569500	993.735781	14.442599	25.201438	680.769137	76.217737	27.433611	992.394124	6.001273	12.121307	
11/28/2019 14:44:14.678629749	82.795699	26.612049	993.201327	14.864635	25.194907	680.681082	76.443804	27.474494	992.446325	1.603338	12.107338	
11/28/2019 14:44:15.678629749	82.913976	26.459688	993.296974	15.316157	25.074206	678.083585	76.681699	27.507598	991.894679	4.392066	12.091055	
11/28/2019 14:44:16.678629749	83.104533	26.554358	993.312034	14.547940	25.184458	680.861128	76.639119	27.555117	992.993711	7.008926	12.096206	
11/28/2019 14:44:17.678629749	82.900834	26.501489	992.625239	14.231949	25.158660	680.828931	76.417573	27.481966	992.741388	10.140347	12.091699	
11/28/2019 14:44:18.678629749	83.091391	26.589839	993.698011	14.859932	25.213602	681.018176	76.584606	27.463286	992.650391	4.687081	12.100202	
11/28/2019 14:44:19.678629749	82.907405	26.522127	992.808331	14.518618	25.175927	680.190235	76.461966	27.452185	992.750377	7.907847	12.114198	
11/28/2019 14:44:20.678629749	82.979685	26.618220	992.824732	14.453352	25.202622	682.531462	76.385822	27.581681	993.153150	8.378660	12.078031	
11/28/2019 14:44:21.678629749	83.038824	26.596308	993.697697	14.620525	25.148456	681.052341	76.281239	27.409852	992.330413	0.912709	12.105761	
11/28/2019 14:44:22.678629749	82.815412	26.569350	991.715608	15.089139	25.267442	684.473181	76.607868	27.555423	992.753213	10.886789	12.103014	
11/28/2019 14:44:23.678629749	82.940260	26.542766	992.104346	14.448630	25.140210	682.208830	76.569756	27.446999	992.487958	3.551308	12.119809	
11/28/2019 14:44:24.678629749	83.143959	26.527699	993.305725	14.530131	25.159517	682.395444	76.613045	27.482072	992.808251	5.262695	12.088492	
11/28/2019 14:44:25.678629749	82.940260	26.550208	991.760239	14.368649	25.220419	682.846211	76.475607	27.473563	992.378984	6.611731	12.099334	
11/28/2019 14:44:26.678629749	82.861408	26.579894	993.979668	14.736965	25.186131	683.188557	76.568153	27.501989	992.735551	4.090768	12.083117	
11/28/2019 14:44:27.678629749	83.045395	26.484475	992.536767	14.449975	25.130577	682.668797	76.361746	27.468271	992.332620	2.115548	12.121518	
11/28/2019 14:44:28.678629749	83.078250	26.591186	991.398941	14.927322	25.211112	682.987482	76.283394	27.623495	992.441909	11.990069	12.075534	
11/28/2019 14:44:29.678629749	82.867979	26.521603	993.458460	14.569188	25.166293	683.964588	76.346791	27.479267	992.647869	8.501538	12.105800	
11/28/2019 14:44:30.678629749	83.058537	26.533569	992.101034	14.734010	25.283892	685.043537	76.564526	27.524711	992.716153	10.741902	12.114224	
11/28/2019 14:44:31.678629749	82.913976	26.517679	992.879613	14.582878	25.117270	683.605812	76.427298	27.422721	992.415573	1.890490	12.123647	
11/28/2019 14:44:32.678629749	83.019111	26.574921	993.127600	14.768507	25.164048	683.741830	76.442753	27.507905	992.816453	9.234874	12.093302	
11/28/2019 14:44:33.678629749	83.124246	26.558656	991.737529	14.477109	25.186131	683.785858	76.246176	27.519525	992.798948	9.608750	12.124041	
11/28/2019 14:44:34.678629749	82.769415	26.602029	994.366040	14.538193	25.275361	685.745974	76.217185	27.491406	992.739967	1.916430	12.073813	
11/28/2019 14:44:35.678629749	83.117675	26.591261	991.603088	14.262806	25.201438	684.522460	75.968041	27.477711	992.606235	7.249440	12.101371	
11/28/2019 14:44:36.678629749	82.808841	26.517978	992.190924	14.620311	25.156415	683.411967	76.221443	27.470346	992.544574	4.186395	12.116156	
11/28/2019 14:44:37.678629749	83.038824	26.514877	993.165527	14.431607	25.178784	684.691991	76.553540	27.577426	993.015318	6.484922	12.087401	
11/28/2019 14:44:38.678629749	82.999398	26.548711	992.476524	14.205476	25.231481	684.259622	76.234638	27.480929	992.617117	9.074532	12.115840	
11/28/2019 14:44:39.678629749	82.986256	26.649252	991.610735	15.607743	25.248747	685.593526	76.376596	27.526267	992.481492	9.544035	12.082118	
11/28/2019 14:44:40.678629749	83.150530	26.580343	991.669874	14.469343	25.181886	684.658479	76.167929	27.500433	992.470610	10.412043	12.098651	
11/28/2019 14:44:41.678629749	82.959973	26.539740	990.968728	14.612903	25.153558	684.788582	76.259870	27.625569	992.986931	17.098021	12.049500	
11/28/2019 14:44:42.678629749	82.900834	26.513080	993.139980	14.329506	25.144496	686.098172	76.129450	27.462874	992.411629	-0.267082	12.096259	
11/28/2019 14:44:43.678629749	83.058537	26.574472	992.015954	15.056245	25.218705	687.126526	76.214977	27.498253	992.974156	7.023072	12.088466	
11/28/2019 14:44:44.678629749	82.933689	26.575071	992.623898	14.271024	25.149558	688.394720	76.185277	27.410477	992.339087	1.603338	12.128260	
11/28/2019 14:44:45.678629749	82.828554	26.618669	992.544809	14.707397	25.121556	689.174034	76.470378	27.525442	992.934730	4.514943	12.065494	
11/28/2019 14:44:46.678629749	82.854837	26.596982	993.305725	13.722167	25.175641	691.270169	76.443594	27.380283	991.686669	4.227791	12.111596	
11/28/2019 14:44:47.678629749	82.913976	26.538542	994.056154	14.949238	25.255564	689.702994	76.387373	27.511842	992.735394	9.240116	12.085654	
11/28/2019 14:44:48.678629749	82.986256	26.591111	991.959495	14.265900	25.201724	690.417914	76.217185	27.485183	992.748326	6.572956	12.104841	
11/28/2019 14:44:49.678629749	83.130817	26.581391	991.885848	14.648898	25.190703	690.567732	76.256006	27.574621	993.183902	14.225190	12.089412	
11/28/2019 14:44:50.678629749	82.999398	26.548487	992.153549	14.306345	25.199724	690.578246	76.141094	27.532289	992.593303	9.302211	12.127234	
11/28/2019 14:44:51.678629749	82.835125	26.506835	994.315261	15.306354	25.109637	690.021026	76.376991	27.676823	992.601820	4.776426	12.068057	
11/28/2019 14:44:52.678629749	82.828554	26.549310	993.894825	14.331259	25.133965	688.624045	76.143748	27.483627	992.013271	0.412023	12.092684	
11/28/2019 14:44:53.678629749	82.913976	26.665742	993.648413	14.549260	25.121556	689.628085	76.336961	27.462355	992.844368	1.458451	12.089044	
11/28/2019 14:44:54.678629749	82.992827	26.538093	992.433392	14.463954	25.110453	689.248943	76.435368	27.427388	992.240365	0.985017	12.121110	
11/28/2019 14:44:55.678629749	83.071679	26.548337	992.751952	14.953884	25.292668	691.756417	76.469379	27.564969	992.836323	9.430331	12.111530	
11/28/2019 14:44:56.678629749	82.835125	26.395152	991.363694	14.890235	25.266299	689.322536	76.402723	27.515895	992.630206	9.197410	12.084379	
11/28/2019 14:44:57.678629749	82.894263	26.591186	992.456417	14.950124	25.192091	691.136119	76.330547	27.550344	992.941196	11.432531	12.099794	
11/28/2019 14:44:58.678629749	82.815412	26.579744	992.999151	14.313287	25.190621	692.300491	76.229328	27.446586	992.166401	3.081805	12.101095	
11/28/2019 14:44:59.678629749	82.992827	26.569724	992.335932	14.991004	25.286709	694.217896	76.226016	27.555423	992.790589	8.874104	12.113199	
11/28/2019 14:45:00.678629749	82.920547	26.627865	991.895074	14.573999	25.188131	692.867563	76.136126	27.426870	992.181855	2.962858	12.107298	
11/28/2019 14:45:01.678629749	82.835125	26.603302	993.550086	14.568446	25.157844	693.274303	76.102220	27.496285	993.424557	16.206693	12.051905	
11/28/2019 14:45:02.678629749	82.815412	26.548861	992.969898	14.157201	25.129148	693.258536	76.041977	27.444925	992.378827	0.717252	12.126012	
11/28/2019 14:45:03.678629749	82.946831	26.544113	992.575641	14.803155	25.239971	694.497817	76.340115	27.542660	992.746590	7.153813	12.104709	
11/28/2019 14:45:04.678629749	83.051966	26.549610	993.474389	14.159603	25.187274	693.289417	76.200522	27.552005	992.194473	9.727696	12.084444	
11/28/2019 14:45:05.678629749	82.999398	26.580867	992.573038	14.730909	25.185600	693.466832	76.401461	27.555529	993.114196	11.578728	12.092908	
11/28/2019 14:45:06.678629749	82.795699	26.559555	992.955862	14.504432	25.187274	693.665276	76.323214	27.539655	992.820869	8.810699	12.107469	
11/28/2019 14:45:07.678629749	82.920547	26.654524	993.646048	14.531855	25.298587	695.663504	76.151476	27.471277	992.284678	2.197030	12.089320	
11/28/2019 14:45:08.678629749	82.979685	26.607376	992.755816	14.214166	25.160620	695.355324	76.251434	27.449179	992.314958	2.652387	12.130822	
11/28/2019 14:45:09.678629749	83.084820	26.564976	994.589742	14.659808	25.125801	694.832932	76.419571	27.484040	992.814088	4.747865	12.059619	
11/28/2019 14:45:10.678629749	82.992827	26.475279	993.642974	14.903692	25.081880	696.409959	76.457393	27.487257	992.317009	11.515324	12.081908	
11/28/2019 14:45:11.678629749	82.821983	26.543814	992.231848	14.888757	25.238828	696.978346	76.370972	27.503957	992.735866	6.801946	12.108205	
11/28/2019 14:45:12.678629749	82.867979	26.543889	992.897670	14.375127	25.127475	697.982387	76.173896	27.422097	992.393967	-0.529604	12.124685	
11/28/2019 14:45:13.678629749	83.124246	26.603077	991.533540	14.853908	25.192703	698.276106	76.051808	27.533432	993.181694	11.367816	12.075521	
11/28/2019 14:45:14.678629749	83.025682	26.569125	993.579734	14.206211	25.134251	698.993658	76.099960	27.409958	992.078561	-0.552923	12.126761	
11/28/2019 14:45:15.678629749	82.808841	26.639307	993.817155	14.358689	25.323527	701.422940	76.377885	27.511017	992.704642	2.773955	12.091659	
11/28/2019 14:45:16.678629749	82.710277	26.543140	992.340742	14.465828	25.135108	698.448268	76.301504	27.439115	992.350440	1.023792	12.117575	
11/28/2019 14:45:17.678629749	82.940260	26.586588	993.594242	14.518397	25.119556	699.052136	76.335962	27.520044	992.984723	8.681268	12.073353	
11/28/2019 14:45:18.678629749	82.881121	26.600907	992.497736	14.518454	25.218705	700.083121	76.109895	27.508942	992.908551	7.147260	12.114171	
