
Time stamp	Inside_humidity (in %rH)	Inside_temperature (in °C)	Inside_pressure (in mbar)	Soil_moisture (in %VWC)	Soil_temperature (in °C)	Inside_CO2_ratio (in ppm)	Outside_humidity (in %rH)	Outside_temperature (in °C)	Outside_pressure (in mbar)	Outside_PAR (in µmol m^-2 s^-1)	Power_box_charge (in V)	
6/30/2021 13:15:38.386792749	64.857018	25.709268	1003.190533	7.963909	19.522824	486.117892	71.787816	25.352052	999.773194	36.162986	11.788490	
6/30/2021 13:15:39.386792749	65.152710	25.746770	1002.630847	8.089517	19.543805	486.550261	71.671485	25.362636	999.622114	37.743632	11.788043	
6/30/2021 13:15:40.386792749	65.428690	25.784722	1003.525337	7.790033	19.562500	485.158531	71.551209	25.344687	1000.110048	44.925053	11.729930	
6/30/2021 13:15:41.386792749	65.165852	25.725233	1003.220576	8.011492	19.537274	486.920205	71.133481	25.399264	999.668006	45.565382	11.781091	
6/30/2021 13:15:42.386792749	65.323555	25.763035	1003.560899	8.044493	19.534416	487.019427	71.201084	25.386913	999.891471	44.769952	11.763113	
6/30/2021 13:15:43.386792749	65.474687	25.794741	1002.832628	8.111758	19.568173	485.185475	71.095212	25.427490	1000.088599	40.326689	11.772904	
6/30/2021 13:15:44.386792749	65.625819	25.731478	1001.895872	7.845029	19.517436	485.361574	70.862364	25.367303	999.803316	40.914099	11.789186	
6/30/2021 13:15:45.386792749	65.914940	25.799938	1001.997433	7.997941	19.563357	483.996789	71.055524	25.435162	999.670057	42.983636	11.784008	
6/30/2021 13:15:46.386792749	65.658673	25.784123	1002.983075	7.803290	19.533314	484.065782	70.839891	25.362636	999.672264	49.139326	11.794969	
6/30/2021 13:15:47.386792749	65.809805	25.725907	1003.331835	7.772714	19.524497	483.981674	70.869829	25.336696	999.626687	44.235734	11.779120	
6/30/2021 13:15:48.386792749	65.888657	25.774253	1001.835630	7.971756	19.508374	482.398731	70.957117	25.305878	999.562976	49.930825	11.732374	
6/30/2021 13:15:49.386792749	66.204062	25.809958	1003.991822	8.164208	19.526783	483.057141	70.810691	25.363779	999.687719	41.461152	11.779974	
6/30/2021 13:15:50.386792749	66.112069	25.789020	1003.553644	7.707328	19.582052	482.338936	70.650490	25.356307	998.998084	48.783527	11.754755	
6/30/2021 13:15:51.386792749	66.374907	25.847011	1003.424013	7.929902	19.593359	482.065583	70.424423	25.393041	999.714055	43.554008	11.771143	
6/30/2021 13:15:52.386792749	66.322339	25.725832	1004.407447	7.759368	19.504986	482.786420	70.690153	25.295813	999.659175	46.248419	11.790592	
6/30/2021 13:15:53.386792749	66.506326	25.752791	1003.274904	7.636588	19.538416	483.185277	70.542043	25.383283	999.744492	49.093998	11.790133	
6/30/2021 13:15:54.386792749	66.716596	25.752791	1001.946811	8.026263	19.516048	482.789704	70.465348	25.330262	999.685039	50.101651	11.750378	
6/30/2021 13:15:55.386792749	66.953150	25.728933	1002.989541	8.075292	19.461881	484.059214	70.667733	25.305465	999.814670	42.574917	11.753927	
6/30/2021 13:15:56.386792749	66.696883	25.789769	1002.325376	7.846545	19.519721	483.038743	70.514104	25.348317	999.632681	47.453879	11.790409	
6/30/2021 13:15:57.386792749	66.821731	25.742097	1004.362345	7.810557	19.479474	484.377247	70.353694	25.277758	999.626373	41.975983	11.781012	
6/30/2021 13:15:58.386792749	67.222559	25.841141	1002.220346	7.750113	19.564173	483.563104	70.359660	25.337321	999.685511	42.299289	11.794062	
6/30/2021 13:15:59.386792749	67.169991	25.731778	1002.314180	8.113347	19.461922	485.523222	70.527193	25.352052	999.707117	42.325229	11.771721	
6/30/2021 13:16:00.386792749	67.209417	25.714914	1003.123668	7.814464	19.491353	485.220956	70.309301	25.287410	999.738341	42.634390	11.791171	
6/30/2021 13:16:01.386792749	67.399975	25.794741	1002.858017	7.740351	19.538416	484.877294	70.480592	25.376436	999.978839	46.526397	11.780053	
6/30/2021 13:16:02.386792749	67.610245	25.746920	1002.534885	7.982296	19.474943	486.171118	70.428629	25.289485	1000.053117	44.872132	11.769171	
6/30/2021 13:16:03.386792749	67.459113	25.842039	1003.664431	7.980000	19.536988	484.559261	70.556632	25.387019	999.661540	48.831476	11.788897	
6/30/2021 13:16:04.386792749	67.728522	25.753240	1001.992228	8.130418	19.502986	484.930521	70.382185	25.347904	999.490748	50.123660	11.762075	
6/30/2021 13:16:05.386792749	67.997931	25.819754	1002.881751	7.754714	19.523640	484.562545	70.605887	25.333172	999.698758	50.117107	11.791302	
6/30/2021 13:16:06.386792749	67.721951	25.831869	1002.343985	8.103175	19.562500	484.686081	70.536576	25.337839	999.670371	48.995750	11.796979	
6/30/2021 13:16:07.386792749	67.866512	25.725907	1002.336415	8.030636	19.482005	486.244711	70.612011	25.209592	999.764048	48.138226	11.793602	
6/30/2021 13:16:08.386792749	68.103066	25.752416	1002.163810	7.877326	19.469555	485.813657	70.774577	25.287516	999.593570	52.466204	11.788713	
6/30/2021 13:16:09.386792749	68.405329	25.794816	1003.146377	7.786407	19.484005	485.677639	70.707921	25.232833	999.446906	53.594113	11.763441	
6/30/2021 13:16:10.386792749	68.116208	25.706167	1002.421575	8.070488	19.453963	485.485110	70.777941	25.233870	999.991771	50.066808	11.760117	
6/30/2021 13:16:11.386792749	68.208201	25.772381	1003.303843	7.840802	19.509762	485.050772	70.980194	25.259185	999.384931	51.907355	11.772325	
6/30/2021 13:16:12.386792749	68.517036	25.757688	1003.320087	7.833601	19.516864	484.812900	70.892511	25.296650	999.521342	54.477578	11.793247	
6/30/2021 13:16:13.386792749	68.694451	25.747519	1003.699598	7.829761	19.497598	485.648726	71.209810	25.264794	999.733768	54.209813	11.785599	
6/30/2021 13:16:14.386792749	68.845583	25.810707	1003.986302	7.868314	19.488822	485.544904	71.070479	25.228166	999.762155	53.058584	11.783627	
6/30/2021 13:16:15.386792749	68.707593	25.900105	1001.726893	7.168666	19.622830	486.686280	70.919452	25.329024	999.517084	49.943930	11.755070	
6/30/2021 13:16:16.386792749	68.766732	25.731403	1003.191480	7.876733	19.489393	486.842012	71.412458	25.233976	999.652394	50.681198	11.797952	
6/30/2021 13:16:17.386792749	69.128134	25.773429	1004.371648	8.132855	19.496741	486.362331	71.271970	25.201708	1000.155940	47.464363	11.778568	
6/30/2021 13:16:18.386792749	69.068995	25.737199	1003.267809	7.944228	19.481229	486.395844	71.309478	25.206269	999.492484	50.641112	11.761457	
6/30/2021 13:16:19.386792749	69.088708	25.820427	1003.603794	8.030117	19.544050	485.713120	71.346511	25.244253	999.733768	48.705977	11.787005	
6/30/2021 13:16:20.386792749	69.134705	25.752117	1002.929851	7.928130	19.456779	486.394528	71.227630	25.215615	999.775087	51.030444	11.790119	
6/30/2021 13:16:21.386792749	69.239840	25.820203	1002.064851	8.045920	19.542621	486.055466	71.547084	25.252762	1000.110048	47.395716	11.775164	
6/30/2021 13:16:22.386792749	69.561816	25.730430	1004.353276	8.405860	19.363835	485.387856	71.585063	25.212503	999.261446	51.274889	11.758369	
6/30/2021 13:16:23.386792749	69.640668	25.726431	1003.086844	8.250179	19.447187	486.470753	71.384676	25.141215	999.894943	46.868051	11.776702	
6/30/2021 13:16:24.386792749	69.496107	25.757089	1003.046472	7.962588	19.496741	485.916163	71.575785	25.185833	999.735818	53.678216	11.794364	
6/30/2021 13:16:25.386792749	69.410684	25.799714	1003.229802	7.915080	19.536702	485.667124	71.481137	25.213328	999.488383	52.466204	11.787964	
6/30/2021 13:16:26.386792749	69.476394	25.830971	1001.673354	8.045467	19.525069	485.561987	71.410512	25.282955	999.897780	50.264615	11.773561	
6/30/2021 13:16:27.386792749	69.726090	25.773729	1003.601034	7.871591	19.541519	485.803143	71.637131	25.265313	999.657282	53.387133	11.785980	
6/30/2021 13:16:28.386792749	69.857509	25.821026	1002.834046	7.911961	19.501271	485.468680	71.602016	25.290215	999.840849	51.722383	11.792393	
6/30/2021 13:16:29.386792749	69.903505	25.762137	1002.919916	8.002084	19.513721	484.943004	71.560593	25.309307	999.779817	49.854585	11.794745	
6/30/2021 13:16:30.386792749	69.864080	25.788721	1003.711584	8.230392	19.461310	485.502192	71.609744	25.251512	999.823186	48.645193	11.795389	
6/30/2021 13:16:31.386792749	69.831225	25.730430	1003.149137	7.992948	19.456779	485.737433	71.783243	25.233870	999.717842	48.981605	11.780289	
6/30/2021 13:16:32.386792749	69.923218	25.724934	1003.340509	8.127296	19.441186	485.873452	71.589032	25.295507	999.685354	50.348718	11.793405	
6/30/2021 13:16:33.386792749	70.133488	25.793993	1003.271750	7.849657	19.499557	485.153931	71.755908	25.316673	999.433817	52.151801	11.767936	
6/30/2021 13:16:34.386792749	70.350330	25.779000	1002.148907	7.837480	19.464698	485.356975	71.581961	25.324039	999.691663	47.279391	11.766609	
6/30/2021 13:16:35.386792749	70.225482	25.736376	1003.384902	7.813256	19.476617	486.422126	71.812234	25.322483	999.705224	54.252520	11.794377	
6/30/2021 13:16:36.386792749	70.278049	25.793918	1003.645822	7.915369	19.507476	486.270993	71.739060	25.373431	999.703173	50.533690	11.780907	
6/30/2021 13:16:37.386792749	70.350330	25.763334	1001.924573	8.087907	19.524497	491.036254	71.830291	25.486734	999.782339	56.086786	11.735883	
6/30/2021 13:16:38.386792749	70.337188	25.757015	1003.005942	8.119794	19.440329	487.844737	71.785056	25.264170	999.821450	48.931035	11.797742	
6/30/2021 13:16:39.386792749	70.508032	25.915846	1003.348788	8.217470	19.563357	488.865861	71.612556	25.375505	1000.110205	57.616862	11.754689	
6/30/2021 13:16:40.386792749	70.442323	25.725458	1003.178390	8.075991	19.446003	489.186525	71.780588	25.270605	999.873494	48.444765	11.783627	
6/30/2021 13:16:41.386792749	70.547458	25.725907	1004.584548	8.510258	19.562173	492.604083	71.638840	25.327669	999.541370	54.709188	11.738998	
6/30/2021 13:16:42.386792749	70.672306	25.746620	1002.674688	8.113008	19.449962	489.791710	71.740401	25.274859	999.650501	47.893781	11.777648	
6/30/2021 13:16:43.386792749	70.797154	25.737574	1003.313226	7.914174	19.491924	490.604537	71.674402	25.422304	1000.033562	58.069598	11.758829	
6/30/2021 13:16:44.386792749	70.928573	25.745722	1003.205831	8.134591	19.459596	490.224079	71.472411	25.288554	999.724622	47.169348	11.799332	
6/30/2021 13:16:45.386792749	71.040279	25.867650	1002.558224	8.341393	19.494781	490.323301	71.685283	25.321340	999.856461	54.560370	11.762863	
6/30/2021 13:16:46.386792749	70.856293	25.794217	1002.933400	7.641931	19.449391	489.618895	71.527685	25.339501	1000.074723	53.569484	11.762482	
6/30/2021 13:16:47.386792749	70.816867	25.726581	1002.436083	8.181149	19.574378	490.866723	71.517750	25.401232	1000.073145	56.618383	11.774822	
6/30/2021 13:16:48.386792749	70.981141	25.805136	1002.846821	8.183840	19.484822	488.614853	71.617471	25.338252	999.904088	49.016448	11.778883	
6/30/2021 13:16:49.386792749	71.079705	25.832768	1003.384113	7.717668	19.523681	490.180715	71.412221	25.490470	1000.103425	53.863188	11.734424	
6/30/2021 13:16:50.386792749	70.908860	25.768232	1003.359827	7.813680	19.485393	488.281706	71.665913	25.392417	1000.039713	47.732128	11.762679	
6/30/2021 13:16:51.386792749	71.151985	25.815455	1004.489296	7.839868	19.525926	490.260875	71.437610	25.444708	999.838641	51.070529	11.733675	
6/30/2021 13:16:52.386792749	71.289975	25.710166	1003.280109	7.753870	19.434696	488.944717	71.373794	25.337627	999.696393	49.021691	11.797571	
6/30/2021 13:16:53.386792749	71.316259	25.779375	1003.312674	8.185375	19.482576	490.733988	71.750388	25.407148	1000.051224	54.909616	11.742835	
6/30/2021 13:16:54.386792749	71.204553	25.794292	1003.219472	7.837863	19.476617	488.243594	71.452698	25.368552	999.650501	54.108944	11.791263	
6/30/2021 13:16:55.386792749	71.467391	25.779824	1003.678544	7.780129	19.476658	489.625462	71.797884	25.461832	1000.175653	56.439693	11.733990	
6/30/2021 13:16:56.386792749	71.427965	25.800388	1003.223493	7.527837	19.515436	490.677478	71.573183	25.403931	999.223599	51.810418	11.749261	
6/30/2021 13:16:57.386792749	71.519958	25.895207	1002.949564	8.207145	19.572704	490.907456	71.527790	25.436093	999.731717	52.361403	11.769447	
6/30/2021 13:16:58.386792749	71.473962	25.741573	1002.205995	7.800959	19.419103	490.779984	71.713275	25.341363	999.764362	49.411022	11.790987	
6/30/2021 13:16:59.386792749	71.552813	25.821251	1002.213485	7.996833	19.525926	493.297975	71.824272	25.398640	1000.191107	49.522376	11.762022	
6/30/2021 13:17:00.386792749	71.493674	25.741872	1002.570447	7.860071	19.428737	491.417365	71.837072	25.332029	999.515033	53.917419	11.750825	
6/30/2021 13:17:01.386792749	71.671090	25.867800	1002.526683	7.920488	19.540907	490.994848	71.656345	25.361292	1000.093172	54.045539	11.752034	
6/30/2021 13:17:02.386792749	71.559384	25.741349	1003.332230	8.010840	19.440043	491.553384	71.913453	25.235638	999.628738	49.492504	11.796809	
6/30/2021 13:17:03.386792749	71.513387	25.841440	1002.420786	8.265934	19.551438	491.941726	71.655898	25.297475	999.792906	55.300259	11.773534	
6/30/2021 13:17:04.386792749	71.690803	25.777878	1001.817810	8.044228	19.479434	491.613178	71.680868	25.224536	999.830124	46.287194	11.774323	
6/30/2021 13:17:05.386792749	71.901073	25.784647	1003.066422	8.044625	19.508088	492.723672	71.766947	25.330368	999.758211	56.259963	11.769421	
6/30/2021 13:17:06.386792749	71.947070	25.736825	1003.109869	7.821421	19.434696	491.722915	71.414324	25.189357	999.729038	50.291866	11.794009	
6/30/2021 13:17:07.386792749	72.065347	25.911248	1001.748104	8.256866	19.482862	491.076987	71.789604	25.359630	999.722572	54.952323	11.730192	
6/30/2021 13:17:08.386792749	72.006208	25.810557	1003.136757	7.953841	19.467841	490.566425	71.521666	25.297062	999.746700	52.401488	11.792104	
6/30/2021 13:17:09.386792749	71.960212	25.889486	1001.850612	7.931593	19.620013	493.623891	71.197535	25.260434	1000.235263	52.607158	11.731875	
6/30/2021 13:17:10.386792749	71.979924	25.741199	1002.280036	8.167327	19.444289	491.819506	71.346459	25.188638	999.862612	46.800714	11.793037	
6/30/2021 13:17:11.386792749	71.973353	25.736526	1003.564525	8.007052	19.512864	495.089215	71.105541	25.260127	1000.088285	54.454259	11.740627	
6/30/2021 13:17:12.386792749	71.947070	25.805585	1002.568948	7.838548	19.453677	492.458203	71.349508	25.195898	999.626373	54.842280	11.791289	
6/30/2021 13:17:13.386792749	72.032492	25.842638	1003.531566	8.140897	19.511476	494.634500	71.274178	25.295094	1000.206404	50.593163	11.766149	
6/30/2021 13:17:14.386792749	72.058776	25.795041	1004.195968	7.876716	19.477188	493.815105	71.071583	25.200671	999.902038	53.960126	11.773101	
6/30/2021 13:17:15.386792749	72.367610	25.789095	1004.758020	7.874314	19.498169	496.398806	71.280092	25.231902	1000.182748	54.027462	11.730468	
6/30/2021 13:17:16.386792749	72.229620	25.777953	1002.708751	7.888261	19.464127	494.095026	71.301618	25.232632	999.495320	52.623925	11.793129	
6/30/2021 13:17:17.386792749	72.144198	25.815305	1002.530232	8.202359	19.550540	494.600988	71.152038	25.282331	1000.108312	51.228251	11.776570	
6/30/2021 13:17:18.386792749	72.236191	25.746396	1003.093230	7.879174	19.417389	496.101139	71.201136	25.172139	1000.219808	47.210744	11.778844	
6/30/2021 13:17:19.386792749	72.275617	25.853930	1003.166405	8.082379	19.552295	495.861299	70.879370	25.253799	1000.537107	48.553498	11.725974	
6/30/2021 13:17:20.386792749	72.328185	25.740525	1002.962968	7.660723	19.396082	495.915178	70.863258	25.204407	999.993979	52.873612	11.767989	
6/30/2021 13:17:21.386792749	72.564739	25.889636	1002.636523	8.144444	19.504986	494.426857	70.917192	25.233352	999.899987	52.889068	11.763875	
6/30/2021 13:17:22.386792749	72.591022	25.715588	1003.066342	7.897906	19.432410	493.769109	70.661424	25.200046	999.926481	46.887438	11.792866	
6/30/2021 13:17:23.386792749	72.584451	25.779075	1002.659153	8.271769	19.468943	494.108824	70.953044	25.264794	999.469613	53.240935	11.743965	
6/30/2021 13:17:24.386792749	72.459603	25.810183	1002.970380	7.752069	19.478576	493.184291	70.660321	25.250581	999.717999	51.459861	11.788122	
6/30/2021 13:17:25.386792749	72.485887	25.790667	1003.299270	8.010725	19.463024	495.141126	71.014785	25.273822	1000.315850	52.245077	11.760655	
6/30/2021 13:17:26.386792749	72.604164	25.815829	1003.935206	7.728009	19.456779	492.954966	70.861812	25.247258	1000.075195	49.042389	11.753703	
6/30/2021 13:17:27.386792749	72.840718	25.830747	1003.160096	7.828639	19.511762	493.079154	70.631881	25.288141	999.547678	53.783017	11.724975	
6/30/2021 13:17:28.386792749	72.676445	25.758137	1002.831129	7.750875	19.438084	493.191522	70.863915	25.246115	999.529702	52.689951	11.784061	
6/30/2021 13:17:29.386792749	72.617306	25.832019	1003.256138	8.285088	19.566173	493.665288	70.821939	25.292078	999.793064	53.672974	11.776820	
6/30/2021 13:17:30.386792749	72.623877	25.815455	1002.794069	7.998280	19.479434	492.791350	70.826145	25.334104	999.766727	50.493604	11.791999	
6/30/2021 13:17:31.386792749	72.663303	25.753539	1003.465489	8.021874	19.511762	496.108370	71.063251	25.347279	999.722729	54.698704	11.765847	
6/30/2021 13:17:32.386792749	72.729012	25.832693	1002.480162	7.879042	19.453105	494.472200	71.005821	25.365440	999.510146	48.448697	11.753992	
6/30/2021 13:17:33.386792749	72.775009	25.772456	1004.198571	8.181646	19.419920	495.401332	71.181423	25.250475	999.547678	49.365694	11.763901	
6/30/2021 13:17:34.386792749	73.044418	25.932784	1003.215608	8.215633	19.504782	495.001813	71.330662	25.449587	1000.147580	53.630267	11.731125	
6/30/2021 13:17:35.386792749	73.064130	25.793918	1002.464470	8.091919	19.467515	495.086584	71.167939	25.323002	999.943829	46.635130	11.789081	
6/30/2021 13:17:36.386792749	73.116698	25.873820	1004.067913	8.663842	19.562785	497.042755	71.431172	25.368128	999.869864	54.190426	11.768488	
6/30/2021 13:17:37.386792749	73.149553	25.794068	1003.337749	8.099477	19.466698	495.054387	71.411064	25.361599	999.912920	47.045160	11.794272	
6/30/2021 13:17:38.386792749	72.965566	25.854379	1002.561693	7.860089	19.648015	496.245041	71.488759	25.498979	999.670843	51.803865	11.728287	
6/30/2021 13:17:39.386792749	72.807864	25.758137	1002.776169	7.826978	19.433267	496.313382	71.573577	25.366266	999.536639	52.014778	11.767108	
6/30/2021 13:17:40.386792749	73.050989	25.869521	1004.047569	7.630036	19.466984	495.967089	71.646357	25.545566	1000.480176	53.978203	11.727695	
6/30/2021 13:17:41.386792749	73.083843	25.836767	1003.433396	7.879199	19.466984	495.884297	71.646514	25.401232	999.733611	52.441574	11.787964	
6/30/2021 13:17:42.386792749	73.307255	25.889935	1003.018480	8.514452	19.479229	498.445653	71.677713	25.387845	1000.105790	47.069789	11.768895	
6/30/2021 13:17:43.386792749	73.215262	25.784422	1002.842168	7.849912	19.427308	497.308224	71.929512	25.409223	999.818771	53.780396	11.790330	
6/30/2021 13:17:44.386792749	73.386107	25.858528	1002.450829	8.609335	19.536416	499.487153	72.035856	25.447089	999.983411	46.886128	11.775624	
6/30/2021 13:17:45.386792749	73.340110	25.769280	1003.836721	7.783141	19.379428	498.096738	72.051548	25.417107	999.630631	49.981395	11.776518	
6/30/2021 13:17:46.386792749	73.353252	25.775375	1002.810313	8.125252	19.503517	500.312464	72.073126	25.513711	1000.158305	46.540813	11.735778	
6/30/2021 13:17:47.386792749	73.077272	25.821625	1002.521006	7.369668	19.569561	498.946363	71.668592	25.437130	1000.293615	51.868580	11.723832	
6/30/2021 13:17:48.386792749	73.241546	25.816802	1002.695899	8.133999	19.429634	498.864223	72.327423	25.463176	999.976159	47.196599	11.734280	
6/30/2021 13:17:49.386792749	73.280972	25.853331	1001.640000	7.511036	19.543764	498.513993	72.156341	25.458921	999.711376	52.691261	11.750010	
6/30/2021 13:17:50.386792749	73.445245	25.857031	1004.439303	8.522991	19.454820	498.271522	72.122330	25.422187	999.998709	53.864499	11.749353	
6/30/2021 13:17:51.386792749	73.366394	25.757539	1001.837523	7.773831	19.438084	497.777390	72.196214	25.422399	999.862612	53.001732	11.768120	
6/30/2021 13:17:52.386792749	73.478100	25.726730	1003.725225	8.328545	19.510048	499.587691	72.256456	25.492120	999.622743	54.169728	11.731191	
6/30/2021 13:17:53.386792749	73.478100	25.727629	1002.589608	7.780302	19.416573	497.373934	72.225652	25.436718	999.803474	50.714730	11.759841	
6/30/2021 13:17:54.386792749	73.662087	25.758586	1001.872690	8.185129	19.446574	498.889852	72.318302	25.511012	1000.013849	51.648765	11.759420	
6/30/2021 13:17:55.386792749	73.734367	25.785096	1002.804713	7.942396	19.423063	497.273396	72.143199	25.498248	999.425143	48.294637	11.755254	
6/30/2021 13:17:56.386792749	73.852644	25.873596	1002.959736	8.354434	19.481719	498.688777	72.301796	25.480712	1000.217443	47.622085	11.749038	
6/30/2021 13:17:57.386792749	73.556951	25.832618	1004.106550	7.910112	19.458208	497.381817	72.247230	25.454667	999.814670	53.447916	11.762771	
6/30/2021 13:17:58.386792749	73.458387	25.915996	1001.750312	8.273486	19.535559	498.913503	72.064348	25.467949	999.653023	51.375758	11.759144	
6/30/2021 13:17:59.386792749	73.471529	25.784272	1001.533865	7.835924	19.417389	498.604016	72.130609	25.419287	999.869078	53.309582	11.786374	
6/30/2021 13:18:00.386792749	73.668657	25.726805	1003.976919	7.855474	19.504945	500.054225	72.022714	25.472097	999.578587	54.472336	11.748447	
6/30/2021 13:18:01.386792749	73.806647	25.716037	1003.275693	7.969054	19.374325	498.998273	72.001293	25.400195	1000.204197	50.601026	11.763179	
6/30/2021 13:18:02.386792749	73.780364	25.775076	1002.199924	8.137232	19.447717	499.724362	72.418260	25.444295	1000.385713	53.350979	11.744373	
6/30/2021 13:18:03.386792749	73.642374	25.825400	1003.153158	7.679790	19.439472	498.338547	72.060589	25.420430	999.635204	52.828284	11.790882	
6/30/2021 13:18:04.386792749	73.708083	25.864324	1002.765367	8.300940	19.421144	499.273595	72.069815	25.391580	1000.140328	46.420556	11.744136	
6/30/2021 13:18:05.386792749	73.596377	25.857630	1001.188655	8.289552	19.477433	495.946060	72.323664	25.558954	999.456052	44.971691	11.764309	
6/30/2021 13:18:06.386792749	73.800076	25.857555	1002.887508	8.211238	19.479148	499.565346	72.019507	25.464837	1000.198045	52.466204	11.730008	
6/30/2021 13:18:07.386792749	73.813218	25.783674	1003.359670	7.858940	19.462698	498.460767	72.333494	25.432569	999.731403	48.814710	11.794837	
6/30/2021 13:18:08.386792749	73.898641	25.816128	1001.963290	8.346153	19.504945	501.323736	72.373577	25.441903	999.817035	50.400598	11.755359	
6/30/2021 13:18:09.386792749	73.924924	25.815979	1002.490806	7.694939	19.433839	498.339863	72.027130	25.448963	999.630945	54.349458	11.785704	
6/30/2021 13:18:10.386792749	74.076056	25.790892	1002.942151	7.813986	19.470372	499.506204	72.481866	25.484035	1000.143322	53.588871	11.736304	
6/30/2021 13:18:11.386792749	74.056343	25.789020	1002.128642	8.027665	19.438901	499.545632	72.295382	25.428833	999.518977	48.036046	11.765229	
6/30/2021 13:18:12.386792749	74.128624	25.842338	1003.160333	8.006863	19.465310	499.090265	72.151925	25.467949	999.860404	58.848262	11.756095	
6/30/2021 13:18:13.386792749	74.154907	25.810183	1002.450277	7.967738	19.463269	499.165173	72.405485	25.446476	999.906611	49.198799	11.792945	
6/30/2021 13:18:14.386792749	74.240330	25.889037	1002.577779	8.355183	19.510619	500.537190	72.332705	25.433606	999.880589	50.265925	11.770485	
6/30/2021 13:18:15.386792749	74.056343	25.779225	1003.795088	7.915080	19.472086	498.972644	72.247125	25.431014	999.744492	53.816550	11.774704	
6/30/2021 13:18:16.386792749	73.865786	25.890684	1001.597657	8.737905	19.462453	502.614928	72.491407	25.343850	1000.243780	51.630688	11.738971	
6/30/2021 13:18:17.386792749	73.892070	25.868623	1001.911012	8.067974	19.359590	500.726435	72.252645	25.271948	999.735976	49.921921	11.764953	
6/30/2021 13:18:18.386792749	74.154907	25.807157	1002.601908	7.932725	19.478617	500.752717	72.284843	25.387125	999.806310	53.554028	11.763757	
6/30/2021 13:18:19.386792749	74.266614	25.763035	1001.622180	7.820233	19.422206	500.363059	72.429956	25.196935	999.976631	47.127952	11.766635	
6/30/2021 13:18:20.386792749	73.984063	25.821625	1003.468564	8.201435	19.415715	501.359217	72.296986	25.194861	999.972058	55.791770	11.769368	
6/30/2021 13:18:21.386792749	73.970921	25.794667	1004.115304	7.800293	19.407756	501.010955	72.179261	25.139765	999.309074	53.979513	11.766346	
6/30/2021 13:18:22.386792749	74.246901	25.878568	1003.253930	8.124359	19.482005	502.053761	72.349606	25.129182	1000.088442	55.578237	11.770288	
6/30/2021 13:18:23.386792749	74.174620	25.799864	1004.120349	7.663446	19.406327	501.130544	72.238951	25.200470	999.902195	55.090657	11.756121	
6/30/2021 13:18:24.386792749	74.128624	25.878868	1002.576281	8.445941	19.555642	502.557755	71.990411	25.202333	999.913391	49.630838	11.777162	
6/30/2021 13:18:25.386792749	74.128624	25.763035	1003.870548	7.394744	19.489352	500.792797	72.113394	25.162074	999.792592	55.628807	11.743768	
6/30/2021 13:18:26.386792749	74.312610	25.832768	1001.537020	7.993262	19.528171	503.987597	71.947622	25.232632	999.768935	52.023951	11.742178	
6/30/2021 13:18:27.386792749	74.299468	25.794891	1002.110585	7.899121	19.451962	501.990683	71.630665	25.188014	999.917492	54.491723	11.771970	
6/30/2021 13:18:28.386792749	74.076056	25.802034	1002.909586	7.908678	19.440941	503.365983	71.928908	25.258572	1000.018264	54.515042	11.766083	
6/30/2021 13:18:29.386792749	74.240330	25.815155	1002.704336	7.711112	19.472045	502.036678	71.656949	25.180754	999.703488	53.427218	11.784455	
6/30/2021 13:18:30.386792749	74.358607	25.836842	1002.764736	7.667373	19.472331	502.444734	71.472358	25.154602	1000.156097	52.326559	11.721125	
6/30/2021 13:18:31.386792749	74.608303	25.952450	1003.400437	8.691076	19.468167	505.244614	71.764030	25.179917	1000.022837	50.493604	11.745936	
6/30/2021 13:18:32.386792749	74.588590	25.805136	1002.531336	8.076940	19.437186	503.665618	71.605433	25.183971	999.750958	47.559990	11.792669	
6/30/2021 13:18:33.386792749	74.279755	25.895357	1003.447747	8.500850	19.585399	504.420619	71.533809	25.240929	999.870179	53.548785	11.775558	
6/30/2021 13:18:34.386792749	74.266614	25.857555	1002.329554	7.782507	19.476576	504.040161	71.395110	25.188120	999.705381	51.849193	11.768383	
6/30/2021 13:18:35.386792749	74.371749	25.753240	1003.156470	8.266091	19.486250	507.698875	71.731280	25.221012	1000.263335	50.713691	11.768462	
6/30/2021 13:18:36.386792749	74.463742	25.832319	1001.316709	7.826898	19.474617	505.436491	71.410512	25.193824	999.836590	52.942259	11.753480	
6/30/2021 13:18:37.386792749	74.608303	25.792089	1003.643771	7.970115	19.391632	506.229604	71.613845	25.237924	999.893364	56.141017	11.760826	
6/30/2021 13:18:38.386792749	74.601732	25.752865	1003.131789	7.997982	19.385101	506.577866	71.427465	25.107497	999.683461	48.055434	11.796007	
6/30/2021 13:18:39.386792749	74.509738	25.896031	1004.033455	8.173527	19.486862	506.057442	71.190464	25.181685	1000.027096	57.814669	11.753440	
6/30/2021 13:18:40.386792749	74.437458	25.827271	1001.583463	7.791710	19.421920	506.060073	71.328192	25.157926	1000.011484	46.164316	11.767108	
6/30/2021 13:18:41.386792749	74.562306	25.937233	1004.017606	7.749251	19.508088	507.796118	71.336077	25.205857	1000.045072	48.486162	11.738222	
6/30/2021 13:18:42.386792749	74.680583	25.832244	1002.252596	7.828047	19.432410	506.558152	71.257672	25.193411	999.574015	46.862809	11.758855	
6/30/2021 13:18:43.386792749	74.825144	25.842264	1002.018802	8.367791	19.546295	508.634575	71.182737	25.205550	999.788963	52.206302	11.738906	
6/30/2021 13:18:44.386792749	74.568877	25.820652	1001.812605	7.648543	19.450820	506.087671	71.302408	25.182934	999.718313	54.005454	11.771984	
6/30/2021 13:18:45.386792749	74.522880	25.801211	1002.584088	8.082304	19.474372	508.537984	71.487051	25.273197	999.926009	49.289455	11.755097	
6/30/2021 13:18:46.386792749	74.575448	25.768831	1002.623671	7.804388	19.397837	507.193565	71.218851	25.132399	999.799373	48.343896	11.792301	
6/30/2021 13:18:47.386792749	74.706867	25.811605	1004.067124	7.751900	19.446860	506.997089	71.675795	25.185008	1000.143165	56.769551	11.749971	
6/30/2021 13:18:48.386792749	74.812002	25.853032	1001.487027	8.090878	19.487924	505.782121	71.585168	25.128769	999.652394	50.189686	11.761549	
6/30/2021 13:18:49.386792749	74.930279	25.895357	1003.673657	8.146123	19.489067	506.399788	71.469151	25.117667	999.946351	57.801834	11.709152	
6/30/2021 13:18:50.386792749	74.595161	25.815455	1001.897213	7.801888	19.490781	505.129625	71.865354	25.025318	999.948401	53.491933	11.743466	
6/30/2021 13:18:51.386792749	74.667441	25.858454	1002.953113	8.304735	19.473800	507.299355	71.676557	25.110915	1000.028674	45.963888	11.772983	
6/30/2021 13:18:52.386792749	74.844857	25.678759	1004.003570	8.219011	19.341425	507.244160	71.481137	25.084362	999.893364	51.846572	11.758079	
6/30/2021 13:18:53.386792749	74.930279	25.805734	1003.232009	8.424492	19.519109	508.227835	71.657396	25.114344	999.830282	48.616903	11.778699	
6/30/2021 13:18:54.386792749	74.628015	25.820502	1003.099539	7.690380	19.409715	506.176378	71.435140	25.067450	999.838955	52.993869	11.781840	
6/30/2021 13:18:55.386792749	74.785718	25.812054	1001.662078	8.080927	19.493067	508.391451	72.133449	25.145162	1000.007697	46.311824	11.750615	
6/30/2021 13:18:56.386792749	74.910566	25.821550	1003.873782	8.200938	19.409184	507.001036	72.104772	25.074710	1000.026781	47.543224	11.767200	
6/30/2021 13:18:57.386792749	75.120836	25.928261	1001.578811	8.078600	19.460779	507.210648	72.248072	25.193930	1000.035769	46.068689	11.747553	
6/30/2021 13:18:58.386792749	74.838286	25.772606	1002.712063	7.705408	19.390449	506.637660	72.142095	25.105634	999.884847	47.183493	11.789962	
6/30/2021 13:18:59.386792749	74.857999	25.858004	1003.522735	7.899699	19.448574	506.465498	72.117967	25.126695	999.847787	55.846001	11.748354	
6/30/2021 13:19:00.386792749	74.838286	25.805435	1003.715762	7.817379	19.385632	506.782878	72.254905	25.020345	999.948087	48.436902	11.770853	
6/30/2021 13:19:01.386792749	75.087982	25.858379	1003.075096	8.475295	19.452820	507.995878	72.300507	25.068900	1000.038606	41.587962	11.726815	
6/30/2021 13:19:02.386792749	74.713438	25.764532	1003.319849	7.924779	19.372570	507.776404	72.221289	25.019826	999.692292	45.891309	11.765584	
6/30/2021 13:19:03.386792749	74.884282	25.843087	1003.631391	8.576970	19.541519	507.340751	72.119071	25.009444	1000.171866	44.088226	11.752310	
6/30/2021 13:19:04.386792749	74.930279	25.815006	1002.633054	7.848047	19.418491	506.917581	71.760980	25.006650	999.738183	50.220598	11.790409	
6/30/2021 13:19:05.386792749	75.074840	25.800462	1002.667670	7.990640	19.512007	508.515639	71.951880	25.040061	999.830282	52.318696	11.770446	
6/30/2021 13:19:06.386792749	74.864570	25.842862	1002.765682	7.683618	19.451105	506.567351	71.673350	24.949893	999.880274	51.230872	11.787439	
6/30/2021 13:19:07.386792749	74.812002	25.811680	1003.044579	7.717162	19.433839	506.730967	71.622938	25.031034	1000.057061	55.416584	11.759959	
6/30/2021 13:19:08.386792749	74.930279	25.847760	1002.520297	7.632986	19.457636	506.599548	71.719689	24.949374	999.735661	51.435231	11.787596	
6/30/2021 13:19:09.386792749	75.206259	25.816652	1003.405009	8.090063	19.426491	507.928853	71.667384	24.928726	999.961491	52.396246	11.760866	
6/30/2021 13:19:10.386792749	74.864570	25.826523	1002.481423	7.826917	19.419920	507.715294	71.448886	24.911402	999.810254	51.865959	11.793983	
6/30/2021 13:19:11.386792749	75.028843	25.899581	1003.119409	8.136968	19.432125	509.822598	71.746078	24.888468	999.744964	45.997421	11.775519	
6/30/2021 13:19:12.386792749	75.258826	25.805061	1002.872683	7.797280	19.429553	508.190375	71.492123	24.936198	999.755374	51.930675	11.786571	
6/30/2021 13:19:13.386792749	75.055127	25.799789	1003.212059	8.213974	19.479393	510.658424	71.602069	24.880171	999.983883	50.667052	11.758159	
6/30/2021 13:19:14.386792749	75.094553	25.762286	1002.858727	7.805842	19.379673	509.458570	71.695166	24.865746	999.832175	43.142668	11.790790	
6/30/2021 13:19:15.386792749	75.416529	25.784946	1002.375683	8.137949	19.515436	511.030346	71.533757	24.921985	1000.204511	46.046680	11.769119	
6/30/2021 13:19:16.386792749	75.081411	25.827121	1003.304475	7.668342	19.418818	510.028273	71.305325	24.885250	1000.177860	51.334362	11.744123	
6/30/2021 13:19:17.386792749	75.396816	25.822448	1001.924496	8.033425	19.391632	511.869455	71.683523	24.894384	999.908661	53.147930	11.736343	
6/30/2021 13:19:18.386792749	75.022272	25.831944	1003.910763	7.548979	19.459881	510.538835	71.029949	24.896564	999.751587	54.789360	11.753769	
6/30/2021 13:19:19.386792749	75.212830	25.890534	1002.387037	7.861919	19.455677	509.831797	71.038676	24.985484	1000.224381	54.455569	11.730758	
6/30/2021 13:19:20.386792749	75.245684	25.820727	1002.774119	7.683660	19.391592	510.285196	71.192462	24.811793	999.816720	52.408041	11.780802	
6/30/2021 13:19:21.386792749	75.219401	25.921642	1002.433323	8.095541	19.508088	510.320677	71.054577	24.868445	999.941935	53.023741	11.756752	
6/30/2021 13:19:22.386792749	75.061698	25.810482	1001.786663	8.112236	19.415103	511.411457	71.069770	24.785960	1000.114621	48.768071	11.773009	
6/30/2021 13:19:23.386792749	75.193117	26.043345	1001.757567	8.186481	19.568990	510.487577	71.211124	24.750262	1000.526540	46.738620	11.743453	
6/30/2021 13:19:24.386792749	75.357390	25.899581	1001.748736	7.905801	19.501517	510.629511	70.754022	24.834208	1000.000759	48.664581	11.749419	
6/30/2021 13:19:25.386792749	75.304823	25.837516	1003.077381	8.079639	19.532416	512.514720	71.168781	24.953322	1000.248352	50.802765	11.748420	
6/30/2021 13:19:26.386792749	75.061698	25.817551	1002.792256	7.781003	19.427349	512.552832	70.901842	24.780562	999.766885	51.850503	11.750786	
6/30/2021 13:19:27.386792749	75.271968	25.847386	1002.428908	7.837289	19.440860	511.700577	71.058179	24.824038	999.539476	54.785428	11.758724	
6/30/2021 13:19:28.386792749	75.574232	25.839462	1001.779803	8.038519	19.485393	516.004555	71.377448	24.923128	1000.094908	52.679737	11.711689	
6/30/2021 13:19:29.386792749	75.147120	25.858454	1002.984179	7.687699	19.441186	512.621826	71.010237	24.831922	999.858511	54.806126	11.760892	
6/30/2021 13:19:30.386792749	75.469096	25.834040	1003.964144	8.065992	19.431880	515.010366	71.417268	24.872805	1000.493109	47.046470	11.753086	
6/30/2021 13:19:31.386792749	75.495380	25.783524	1002.955478	7.906088	19.384489	514.264564	71.267003	24.748294	1000.123137	46.676526	11.776675	
6/30/2021 13:19:32.386792749	75.258826	25.890310	1003.111525	8.117486	19.485148	513.501016	71.015256	24.833996	1000.202303	59.516882	11.752691	
6/30/2021 13:19:33.386792749	75.331107	25.800612	1002.739188	7.842080	19.422206	513.251324	71.248237	24.813867	999.895729	50.351339	11.787833	
6/30/2021 13:19:34.386792749	75.521664	25.920594	1003.268123	8.219218	19.448003	516.011776	71.186101	24.800585	1000.007697	49.774414	11.770446	
6/30/2021 13:19:35.386792749	75.317965	25.874120	1002.902963	7.736895	19.476617	513.922217	71.051266	24.838769	999.827759	52.528298	11.784206	
6/30/2021 13:19:36.386792749	75.337678	25.880065	1001.712070	8.584924	19.529600	516.505918	71.432880	24.830461	1000.217758	48.222329	11.764256	
6/30/2021 13:19:37.386792749	75.508522	25.864100	1002.517380	7.772030	19.480862	513.917618	71.189308	24.858899	1000.018264	50.845472	11.777070	
6/30/2021 13:19:38.386792749	75.258826	25.827121	1003.275851	8.081983	19.549111	515.729887	71.118131	24.923541	1000.051696	55.546015	11.760103	
6/30/2021 13:19:39.386792749	75.370532	25.795565	1003.430084	8.132453	19.373754	514.519518	71.511075	24.819571	999.976631	47.112496	11.793720	
6/30/2021 13:19:40.386792749	75.501951	25.858753	1001.866224	7.975158	19.464412	516.767440	71.534204	24.980923	1000.154204	55.849933	11.764138	
6/30/2021 13:19:41.386792749	75.554519	25.879541	1002.863774	7.759596	19.436655	514.837551	71.380917	24.907666	999.950295	51.789720	11.767279	
6/30/2021 13:19:42.386792749	75.409958	25.853930	1004.229637	8.053201	19.414287	516.793722	71.494174	24.875398	1000.442959	52.173809	11.751758	
6/30/2021 13:19:43.386792749	75.488809	25.790068	1002.345641	8.078789	19.383958	516.204968	71.394059	24.835552	999.834383	48.896192	11.790711	
6/30/2021 13:19:44.386792749	75.738505	25.894983	1002.653319	8.373437	19.460208	515.672061	71.456404	24.863047	1000.166979	46.725785	11.764664	
6/30/2021 13:19:45.386792749	75.396816	25.879167	1001.743531	8.023465	19.454779	514.441978	71.610848	24.900406	999.729352	51.153322	11.783535	
6/30/2021 13:19:46.386792749	75.475667	25.942879	1003.191480	8.017152	19.503272	514.679187	71.457665	24.886912	999.784390	55.174760	11.768054	
6/30/2021 13:19:47.386792749	75.561090	25.832468	1003.651341	7.792456	19.439472	514.489290	71.531944	24.837732	999.692134	46.632509	11.755964	
6/30/2021 13:19:48.386792749	75.725363	25.831570	1002.033390	8.681229	19.478576	514.957140	71.699134	24.890129	1000.158305	53.242246	11.735476	
6/30/2021 13:19:49.386792749	75.390245	25.810707	1001.881759	7.959966	19.435513	514.664736	71.512940	24.846241	999.917178	47.115117	11.758618	
6/30/2021 13:19:50.386792749	75.554519	25.812653	1002.766314	8.480313	19.513721	517.156445	71.787159	24.860973	1000.145530	46.764560	11.753993	
6/30/2021 13:19:51.386792749	75.587373	25.816353	1002.684308	7.788430	19.451105	514.353271	71.780141	24.884944	999.773351	50.823463	11.781236	
6/30/2021 13:19:52.386792749	75.699080	25.858903	1002.688329	8.077996	19.508047	516.409980	71.772414	24.964942	1000.173917	51.255501	11.768961	
6/30/2021 13:19:53.386792749	75.731934	25.816727	1001.393116	8.039185	19.451677	515.992725	71.753096	24.896564	1000.081347	48.263725	11.778095	
6/30/2021 13:19:54.386792749	75.791073	25.760084	1001.683604	7.802049	19.424777	516.700415	71.980424	24.856200	1000.731556	54.147719	11.699230	
6/30/2021 13:19:55.386792749	75.863353	25.773803	1003.268675	7.846545	19.406041	516.813436	71.724314	24.843542	1000.016057	48.094209	11.789949	
6/30/2021 13:19:56.386792749	75.889637	25.864025	1002.084721	7.833306	19.436696	517.942981	71.720950	24.907666	1000.099324	52.776675	11.754400	
6/30/2021 13:19:57.386792749	75.797644	25.800612	1004.049462	7.849079	19.380244	517.714971	72.071366	24.865227	1000.486957	47.700945	11.762981	
6/30/2021 13:19:58.386792749	75.902779	25.921717	1003.970848	7.867855	19.453963	518.510053	71.867771	24.917413	999.976631	54.227890	11.728234	
6/30/2021 13:19:59.386792749	75.718792	25.852882	1002.761661	7.674942	19.431267	517.681458	71.774122	24.838769	999.876016	54.295227	11.787806	
6/30/2021 13:20:00.386792749	75.600515	25.947852	1002.801087	8.027668	19.506088	518.404263	72.103117	24.942421	999.884690	54.274529	11.770814	
6/30/2021 13:20:01.386792749	75.725363	25.868174	1001.322386	7.805651	19.409144	517.102556	72.022714	24.864815	999.679202	53.736379	11.774783	
6/30/2021 13:20:02.386792749	75.777931	25.758437	1002.698579	8.149997	19.437472	519.603464	71.793887	24.939415	1000.407791	48.963528	11.715171	
6/30/2021 13:20:03.386792749	75.902779	25.820951	1003.058615	7.887657	19.437472	516.515770	72.095389	24.868551	999.617856	54.433561	11.790501	
6/30/2021 13:20:04.386792749	75.869924	25.875018	1002.219242	8.189443	19.516824	518.999596	71.935584	24.956846	1000.211134	53.498486	11.770840	
6/30/2021 13:20:05.386792749	75.679367	25.847011	1003.207486	8.029036	19.408001	517.155782	72.008811	24.830885	1000.296295	47.474577	11.772562	
6/30/2021 13:20:06.386792749	75.791073	25.838040	1001.518805	8.253961	19.467800	516.445461	72.210459	24.933817	999.989878	48.462842	11.736737	
6/30/2021 13:20:07.386792749	75.817357	25.760233	1001.306774	8.086762	19.364937	516.361353	71.882017	24.858380	999.663748	46.407451	11.756358	
6/30/2021 13:20:08.386792749	75.902779	25.829741	1003.059956	7.794617	19.394204	516.758241	71.836520	24.933087	1000.112570	54.869531	11.722281	
6/30/2021 13:20:09.386792749	76.001343	25.821475	1002.468176	7.831021	19.436941	516.104430	71.968938	24.892722	1000.031511	50.146979	11.789121	
6/30/2021 13:20:10.386792749	75.876495	25.905601	1003.545759	7.772287	19.455391	516.694500	71.837676	24.908597	1000.206404	53.761008	11.759473	
6/30/2021 13:20:11.386792749	75.758218	25.863875	1002.262926	7.665919	19.429553	515.812679	71.729729	24.890648	999.849837	53.716991	11.790041	
6/30/2021 13:20:12.386792749	75.922492	25.895132	1003.027311	8.413443	19.431880	518.305041	72.040666	24.909528	1000.202146	48.117528	11.767174	
6/30/2021 13:20:13.386792749	75.817357	25.778926	1002.582747	7.819410	19.398939	517.329913	71.946623	24.856200	999.860876	51.106683	11.791447	
6/30/2021 13:20:14.386792749	75.955346	25.878493	1004.384423	8.298192	19.511721	518.697983	71.865116	24.935679	1000.049173	54.368845	11.768908	
6/30/2021 13:20:15.386792749	75.975059	25.774402	1003.257242	7.975850	19.398123	518.353668	72.195504	24.913889	1000.026938	49.038457	11.785244	
6/30/2021 13:20:16.386792749	76.047340	25.832393	1001.812685	7.944000	19.494169	519.155981	72.146458	24.960370	1000.073145	53.186705	11.747789	
6/30/2021 13:20:17.386792749	75.804215	25.736376	1003.039139	8.017830	19.357875	518.431861	72.235482	24.857755	1000.134805	49.281592	11.732676	
6/30/2021 13:20:18.386792749	75.942205	25.784946	1002.785552	8.161963	19.502659	521.617461	72.139835	24.971059	1000.384292	48.506860	11.771248	
6/30/2021 13:20:19.386792749	75.922492	25.794442	1002.982366	7.788266	19.356732	519.967493	72.272305	24.914513	1000.154046	45.833147	11.793615	
6/30/2021 13:20:20.386792749	76.126191	25.817176	1002.518798	8.028162	19.406327	522.597189	72.077937	25.025224	1000.342344	48.298568	11.766201	
6/30/2021 13:20:21.386792749	76.093336	25.783973	1003.370551	7.936190	19.400082	521.512324	72.234878	24.917106	1000.165085	47.474577	11.791355	
6/30/2021 13:20:22.386792749	76.178759	25.822374	1002.308580	7.740402	19.446860	522.789718	72.111396	25.030928	1000.442644	58.602506	11.736185	
6/30/2021 13:20:23.386792749	76.126191	25.789170	1002.750070	7.769385	19.391306	522.469054	72.115759	24.984859	1000.081661	47.192667	11.789646	
6/30/2021 13:20:24.386792749	76.224755	25.815979	1002.627929	7.785462	19.449105	522.172703	72.330787	25.007581	999.853624	50.439373	11.779619	
6/30/2021 13:20:25.386792749	76.218184	25.862827	1002.463366	7.772237	19.418205	522.397429	72.591417	24.999803	1000.070937	52.356160	11.786532	
6/30/2021 13:20:26.386792749	76.205042	25.810407	1003.045368	7.747614	19.404327	523.416584	72.586160	24.990151	999.760261	52.335462	11.787977	
6/30/2021 13:20:27.386792749	76.165617	25.799714	1002.483631	7.703742	19.424451	523.905464	72.417023	24.971683	1000.125974	51.743081	11.789370	
6/30/2021 13:20:28.386792749	76.211613	25.816578	1001.642207	7.988659	19.416818	523.338392	72.544869	24.942939	1000.046808	48.074821	11.785533	
6/30/2021 13:20:29.386792749	76.251039	25.842713	1003.688402	7.814847	19.445432	522.591274	72.557616	25.029997	999.821293	50.745913	11.774047	
6/30/2021 13:20:30.386792749	76.205042	25.874419	1001.433883	7.778646	19.434125	521.688423	72.509464	24.928620	1000.521967	51.250259	11.724502	
6/30/2021 13:20:31.386792749	76.218184	25.811381	1002.270101	8.017726	19.449391	522.469054	72.469933	24.984965	999.900145	50.004714	11.790159	
6/30/2021 13:20:32.386792749	76.218184	25.810557	1003.788779	7.911094	19.402082	522.713494	72.206201	24.966804	1000.132440	48.175690	11.780631	
6/30/2021 13:20:33.386792749	76.172188	25.811381	1004.174914	7.541721	19.364692	522.982247	72.143646	24.940865	999.779345	54.969089	11.742585	
6/30/2021 13:20:34.386792749	76.198471	25.789095	1002.847136	7.853097	19.376856	522.831114	72.305712	24.919805	1000.116671	46.922282	11.789922	
6/30/2021 13:20:35.386792749	76.191900	25.832019	1003.372602	7.914527	19.429267	522.525564	72.190247	24.946263	1000.217758	48.646504	11.783548	
6/30/2021 13:20:36.386792749	76.047340	25.958919	1001.208682	7.466890	19.540049	520.588444	71.949882	25.004057	999.613598	52.398867	11.731283	
6/30/2021 13:20:37.386792749	76.047340	25.799639	1002.641728	7.648735	19.409429	522.557761	72.177395	24.933605	999.952817	52.938328	11.787938	
6/30/2021 13:20:38.386792749	76.034198	25.762885	1002.964309	7.771934	19.389592	523.463896	72.060484	24.909740	1000.022837	48.399438	11.795297	
6/30/2021 13:20:39.386792749	76.086765	25.853406	1003.547810	7.719615	19.421920	522.412544	71.856837	24.965249	999.672579	52.034165	11.781761	
6/30/2021 13:20:40.386792749	76.067052	25.895058	1001.426865	7.648885	19.476862	522.463139	72.205282	24.942114	1000.202303	52.810208	11.772628	
6/30/2021 13:20:41.386792749	76.021056	25.794667	1002.914002	7.825525	19.443717	523.205657	72.035357	24.952073	1000.165085	48.932345	11.782418	
6/30/2021 13:20:42.386792749	76.021056	25.863725	1003.529753	7.735536	19.427308	522.605072	72.081591	24.920323	999.886898	52.342015	11.780171	
6/30/2021 13:20:43.386792749	76.172188	25.837516	1001.525981	7.710765	19.437513	522.656983	72.017195	24.935055	999.893364	53.348358	11.772733	
6/30/2021 13:20:44.386792749	76.237897	25.890310	1002.187701	7.895530	19.459881	522.718093	71.913611	24.917624	1000.035769	46.347978	11.767476	
6/30/2021 13:20:45.386792749	76.211613	25.869372	1001.382471	7.718849	19.432410	522.496651	72.016091	24.911814	1000.164771	52.074251	11.772746	
6/30/2021 13:20:46.386792749	76.191900	25.789544	1002.227916	7.856885	19.408001	524.191300	71.942207	24.847172	1000.438543	44.442715	11.772457	
6/30/2021 13:20:47.386792749	76.303606	25.848583	1001.577864	7.629786	19.459024	522.932304	72.265025	24.903824	1000.103739	50.921711	11.763244	
6/30/2021 13:20:48.386792749	76.132762	25.816278	1003.091654	7.878257	19.409144	524.863509	72.133316	24.787303	999.862769	46.579588	11.759998	
6/30/2021 13:20:49.386792749	76.126191	25.810183	1001.421265	7.814218	19.477760	524.050682	71.863408	24.910259	1000.429869	45.358402	11.757409	
6/30/2021 13:20:50.386792749	76.172188	25.853406	1002.399812	7.804370	19.467800	524.383829	72.082590	24.916175	999.961491	49.529969	11.778213	
6/30/2021 13:20:51.386792749	76.205042	25.895582	1002.883250	7.815212	19.450534	524.087478	71.974510	24.866370	999.806153	46.265185	11.787688	
6/30/2021 13:20:52.386792749	76.205042	25.811156	1001.928517	7.979472	19.422777	525.135547	71.785056	24.802141	1000.134176	41.749615	11.784968	
6/30/2021 13:20:53.386792749	76.218184	25.773654	1003.173975	7.877961	19.370611	525.557401	71.976455	24.740928	1000.156412	39.242797	11.788240	
6/30/2021 13:20:54.386792749	76.297036	25.769130	1003.262052	7.985830	19.398408	525.483808	71.938343	24.764687	999.887055	46.657138	11.755359	
6/30/2021 13:20:55.386792749	76.191900	25.773729	1002.995850	7.884090	19.383346	525.360272	71.780693	24.737711	1000.022837	41.338274	11.787793	
6/30/2021 13:20:56.386792749	76.185329	25.894908	1002.553256	7.745649	19.450534	524.214298	71.700581	24.757321	999.777609	46.981755	11.786006	
6/30/2021 13:20:57.386792749	76.205042	25.848059	1001.868826	7.841450	19.417103	524.431140	71.528842	24.771122	999.928689	49.817121	11.762495	
6/30/2021 13:20:58.386792749	76.218184	25.842189	1001.527005	7.801725	19.451922	525.134231	71.644202	24.744664	1000.454155	43.165987	11.751272	
6/30/2021 13:20:59.386792749	76.251039	25.880889	1001.800147	7.707163	19.466943	524.645351	71.626250	24.772159	999.825709	44.659909	11.757094	
6/30/2021 13:21:00.386792749	76.395600	25.859951	1002.262926	7.672056	19.423104	525.326760	71.389144	24.809613	999.917492	47.473266	11.762456	
6/30/2021 13:21:01.386792749	76.487593	25.884214	1002.454692	7.712244	19.400898	525.316245	71.512126	24.800585	999.877909	49.751095	11.758014	
6/30/2021 13:21:02.386792749	76.592728	25.838114	1002.598596	7.710113	19.461881	525.890548	71.532653	24.770497	999.873808	46.900273	11.786111	
6/30/2021 13:21:03.386792749	76.605870	25.926689	1002.008709	7.892073	19.437758	526.946500	71.483292	24.805052	1000.283048	41.176621	11.755517	
6/30/2021 13:21:04.386792749	76.559873	25.847835	1002.538354	7.664705	19.440043	526.439222	71.592686	24.782330	999.501787	46.485001	11.755491	
6/30/2021 13:21:05.386792749	76.494164	25.832393	1002.644488	7.639347	19.402653	526.943216	71.489364	24.675249	1000.075038	47.437112	11.787097	
6/30/2021 13:21:06.386792749	76.566444	25.837665	1002.282639	7.673752	19.426165	526.382712	71.372191	24.699008	999.926481	48.867630	11.778752	
6/30/2021 13:21:07.386792749	76.559873	25.757988	1003.994187	7.865722	19.378285	527.840151	71.704287	24.677323	999.665484	46.880886	11.738485	
6/30/2021 13:21:08.386792749	76.638725	25.811530	1002.715060	7.682374	19.402082	526.191498	71.586824	24.693304	999.856461	47.579378	11.779882	
6/30/2021 13:21:09.386792749	76.835853	25.726581	1004.029354	8.136773	19.378285	526.793399	71.358497	24.624820	999.987670	49.139326	11.743584	
6/30/2021 13:21:10.386792749	76.678150	25.869147	1002.890977	7.903799	19.438901	525.715102	71.337628	24.693304	1000.236999	43.714351	11.751272	
6/30/2021 13:21:11.386792749	76.605870	25.810557	1002.596703	7.879789	19.380530	527.337473	71.546584	24.599093	1000.217443	42.821983	11.777976	
6/30/2021 13:21:12.386792749	76.645296	25.822598	1002.699920	7.685994	19.413715	527.858550	71.316811	24.644537	1000.430184	46.076282	11.746883	
6/30/2021 13:21:13.386792749	76.665008	25.816578	1003.034329	7.824809	19.414817	528.158184	71.133376	24.633541	999.687876	42.225670	11.769066	
6/30/2021 13:21:14.386792749	76.691292	25.842788	1002.729253	7.860907	19.452820	527.277679	71.344146	24.714258	999.983097	43.731117	11.779882	
6/30/2021 13:21:15.386792749	76.658437	25.848509	1003.383798	7.810959	19.445186	526.857793	71.070479	24.676805	999.861191	45.544684	11.755451	
6/30/2021 13:21:16.386792749	76.651867	25.821026	1003.494191	7.569957	19.412246	527.221821	71.024377	24.697770	999.961805	45.217447	11.746712	
6/30/2021 13:21:17.386792749	76.665008	25.810557	1001.560044	8.127139	19.405756	527.612794	71.168938	24.654707	1000.171709	41.787079	11.783824	
6/30/2021 13:21:18.386792749	76.665008	25.868324	1002.522742	7.656089	19.431512	527.781010	70.985609	24.670063	999.795429	48.020319	11.781761	
6/30/2021 13:21:19.386792749	76.605870	25.874793	1002.822218	7.674497	19.472903	528.152269	71.078049	24.640388	1000.351175	47.572825	11.745030	
6/30/2021 13:21:20.386792749	76.605870	25.801061	1001.833974	7.920043	19.427308	528.148985	71.241324	24.720905	999.727302	37.342776	11.758526	
6/30/2021 13:21:21.386792749	76.494164	25.797810	1002.639520	7.850646	19.388530	528.952613	71.085224	24.573566	1000.222016	44.910907	11.756463	
6/30/2021 13:21:22.386792749	76.494164	25.833292	1003.051677	8.481979	19.553071	531.732127	71.460715	24.622746	1000.355433	43.662741	11.728156	
6/30/2021 13:21:23.386792749	76.494164	25.793693	1002.828684	7.903503	19.384448	528.696343	71.264848	24.582181	999.845579	44.237045	11.765702	
6/30/2021 13:21:24.386792749	76.757002	25.776423	1002.663806	8.019685	19.470086	532.190125	71.147674	24.626894	1000.660114	52.815450	11.696418	
6/30/2021 13:21:25.386792749	76.612441	25.821251	1004.046545	7.497809	19.422736	529.024891	71.394349	24.607602	999.414890	48.147129	11.752823	
6/30/2021 13:21:26.386792749	76.704434	25.822598	1002.949406	8.068268	19.451105	532.587666	71.549501	24.725265	1000.234948	41.507790	11.731507	
6/30/2021 13:21:27.386792749	76.579586	25.869222	1002.734378	7.654634	19.406899	529.538084	71.393901	24.615899	1000.037977	45.095879	11.787491	
6/30/2021 13:21:28.386792749	76.612441	25.812354	1003.052543	8.036085	19.442044	531.316840	71.425810	24.702437	1000.377197	40.436733	11.762337	
6/30/2021 13:21:29.386792749	76.448167	25.821999	1002.432929	7.725861	19.396122	530.309515	71.292682	24.633953	999.746857	42.737880	11.764480	
6/30/2021 13:21:30.386792749	76.605870	25.894908	1002.564058	7.951722	19.427879	530.279287	71.476826	24.725265	1000.298345	47.847142	11.710572	
6/30/2021 13:21:31.386792749	76.566444	25.873820	1002.605220	7.745458	19.425879	528.795565	71.298254	24.658856	1000.084026	47.409862	11.788174	
6/30/2021 13:21:32.386792749	76.724147	25.922465	1004.062866	7.889946	19.434696	528.772568	71.590977	24.698701	1000.059741	55.066027	11.730902	
6/30/2021 13:21:33.386792749	76.737289	25.810333	1003.212849	8.063596	19.393837	529.218735	71.602174	24.614967	1000.136384	40.268527	11.785796	
6/30/2021 13:21:34.386792749	77.032981	26.000945	1003.757238	8.110890	19.418858	529.478942	71.512940	24.641944	1000.569752	41.694073	11.727919	
6/30/2021 13:21:35.386792749	76.809569	25.810333	1003.286495	7.967662	19.391020	529.044605	71.786897	24.523243	1000.068729	40.602317	11.784127	
6/30/2021 13:21:36.386792749	76.927846	25.963967	1002.560274	8.150921	19.478903	529.689217	71.713380	24.591102	999.902510	49.876594	11.760721	
6/30/2021 13:21:37.386792749	76.881850	25.875242	1002.073919	7.653897	19.393551	528.766652	71.524926	24.579694	999.578745	48.147129	11.734490	
6/30/2021 13:21:38.386792749	76.927846	25.885412	1003.683197	8.317306	19.456493	532.091556	71.881807	24.533308	1000.178175	40.483371	11.770446	
