
Time stamp	Inside_humidity (in %rH)	Inside_temperature (in °C)	Inside_pressure (in mbar)	Soil_moisture (in %VWC)	Soil_temperature (in °C)	Inside_CO2_ratio (in ppm)	Outside_humidity (in %rH)	Outside_temperature (in °C)	Outside_pressure (in mbar)	Outside_PAR (in µmol m^-2 s^-1)	Power_box_charge (in V)	
6/30/2021 09:10:37.636126949	83.196526	17.064237	1006.160864	6.485635	19.599645	535.338266	88.606225	15.852322	1005.141553	14.599066	11.892889	
6/30/2021 09:10:38.636126949	82.644567	17.134419	1009.804350	10.822204	20.045018	535.009719	89.335180	15.845982	1005.909246	19.396818	11.859640	
6/30/2021 09:10:39.636126949	82.592000	16.856911	1007.487775	8.614938	19.716345	532.665859	89.229755	15.855645	1005.390725	11.668073	11.922011	
6/30/2021 09:10:40.636126949	83.071679	16.890531	1007.274718	8.827272	19.779124	534.420302	89.426831	16.180305	1007.024054	21.026453	11.902640	
6/30/2021 09:10:41.636126949	82.729990	16.684584	1007.190032	7.721285	19.547805	529.498656	89.026003	15.727705	1005.187759	16.755327	11.911576	
6/30/2021 09:10:42.636126949	83.893046	17.098264	1007.104872	9.825004	19.852353	531.065822	89.273806	15.953476	1006.448595	27.381261	11.907358	
6/30/2021 09:10:43.636126949	83.288520	16.847490	1007.518527	8.575146	19.738755	529.698416	89.458424	15.866123	1005.408859	13.965289	11.924298	
6/30/2021 09:10:44.636126949	83.465935	17.120357	1008.893458	10.657679	20.036242	532.095492	89.530914	15.951814	1005.804059	16.098231	11.891088	
6/30/2021 09:10:45.636126949	83.387084	16.657625	1005.816048	8.361869	19.539274	527.059521	89.148249	15.658502	1005.141395	15.608030	11.899828	
6/30/2021 09:10:46.636126949	83.525074	16.777650	1006.646747	8.661534	19.780186	529.150405	89.429433	15.934584	1006.337563	23.544026	11.913245	
6/30/2021 09:10:47.636126949	83.893046	16.812682	1007.080035	8.173439	19.675241	527.025345	89.391559	15.733421	1005.313446	12.755898	11.903350	
6/30/2021 09:10:48.636126949	84.083604	16.888285	1007.318087	8.223945	19.605971	526.778284	89.289155	15.943221	1006.214727	21.489403	11.898422	
6/30/2021 09:10:49.636126949	84.011323	16.900957	1006.921228	8.644845	19.697405	527.201454	89.240085	15.812688	1005.432672	13.268107	11.922695	
6/30/2021 09:10:50.636126949	84.550141	17.198131	1008.202405	9.973188	19.858231	528.798849	89.613734	15.885098	1006.260769	19.465194	11.915467	
6/30/2021 09:10:51.636126949	83.952185	16.736405	1006.495667	8.030916	19.605563	525.286679	89.280719	15.712042	1005.233179	16.099542	11.917701	
6/30/2021 09:10:52.636126949	84.517286	16.904026	1007.501574	10.581043	19.937705	529.563713	89.392477	15.951602	1005.867141	16.266437	11.910880	
6/30/2021 09:10:53.636126949	83.702489	16.505713	1008.602104	9.898189	19.456820	527.280310	89.299118	15.889575	1005.277178	12.674416	11.895622	
6/30/2021 09:10:54.636126949	84.918113	16.961419	1007.799712	9.066133	19.928643	528.599763	89.912923	16.067013	1006.356811	20.696865	11.897029	
6/30/2021 09:10:55.636126949	84.720985	16.713638	1006.577436	7.943232	19.531967	523.164914	89.122122	15.704147	1004.840023	14.701246	11.922037	
6/30/2021 09:10:56.636126949	85.180951	17.075348	1006.536512	9.701088	19.834148	526.411625	89.424780	16.101863	1007.207149	23.032585	11.877263	
6/30/2021 09:10:57.636126949	85.016678	16.678788	1005.416743	8.362576	19.409797	524.394996	88.756857	15.776567	1005.669541	8.363205	11.863779	
6/30/2021 09:10:58.636126949	84.379296	16.617396	1004.526354	6.655373	19.250644	517.864115	88.631876	15.318357	1004.485821	24.208444	11.907949	
6/30/2021 09:10:59.636126949	85.443789	16.884842	1006.226626	8.864808	19.706998	525.180890	89.318436	15.865710	1005.318654	14.910848	11.901352	
6/30/2021 09:11:00.636126949	85.174380	17.026029	1005.924704	9.806644	19.983912	525.995685	89.655657	15.906264	1006.089505	17.077593	11.873478	
6/30/2021 09:11:01.636126949	85.286086	16.916998	1007.511194	8.415110	19.697365	523.549319	89.249862	15.877224	1005.281593	14.540904	11.926545	
6/30/2021 09:11:02.636126949	85.798620	16.853403	1006.589027	8.394798	19.749612	526.230926	89.769756	16.071563	1006.229703	21.642153	11.908856	
6/30/2021 09:11:03.636126949	85.358367	16.748371	1007.703198	7.715687	19.515191	521.099669	88.891088	15.672302	1005.588010	14.743953	11.835906	
6/30/2021 09:11:04.636126949	86.173163	17.100659	1008.874692	9.316548	19.772348	524.672949	89.314073	16.031199	1006.688778	25.351809	11.909237	
6/30/2021 09:11:05.636126949	85.759194	16.810993	1006.922254	8.117199	19.585522	522.827840	89.202238	15.800254	1005.499384	13.125842	11.906228	
6/30/2021 09:11:06.636126949	86.219160	17.111909	1007.652653	8.935524	19.762348	525.362231	89.345611	15.889012	1005.680573	20.828646	11.906386	
6/30/2021 09:11:07.636126949	85.949751	16.792043	1008.401979	8.335922	19.601645	523.136664	89.094577	15.825758	1005.220247	15.216077	11.900393	
6/30/2021 09:11:08.636126949	86.199447	16.831118	1007.183566	9.318455	19.921255	526.400457	89.413032	15.915704	1005.578386	19.897233	11.905886	
6/30/2021 09:11:09.636126949	85.989177	16.755589	1007.944325	7.831569	19.560867	521.486695	89.265921	15.727081	1005.298941	18.231173	11.906123	
6/30/2021 09:11:10.636126949	86.488569	17.216118	1007.084922	7.291512	20.015097	526.634382	89.294018	16.054545	1006.459791	15.675366	11.881850	
6/30/2021 09:11:11.636126949	86.429430	16.786397	1006.534698	7.763022	19.522497	520.386716	88.843435	15.659126	1004.870617	16.462933	11.866460	
6/30/2021 09:11:12.636126949	86.843399	17.151208	1006.367927	8.732634	19.687037	521.576055	89.467308	15.785288	1005.857524	29.719873	11.891916	
6/30/2021 09:11:13.636126949	86.718551	16.918120	1007.140672	8.120216	19.666220	520.928822	89.349136	15.758005	1005.533602	13.697525	11.923759	
6/30/2021 09:11:14.636126949	86.744835	17.042144	1007.936598	8.251589	19.969789	520.902530	89.181917	15.874620	1004.777412	25.292336	11.864936	
6/30/2021 09:11:15.636126949	87.007673	17.019859	1007.349548	8.401810	19.723489	521.106237	89.222028	15.766302	1005.695563	14.436103	11.908015	
6/30/2021 09:11:16.636126949	87.112808	16.995670	1007.579874	9.862949	19.988729	524.673612	89.776090	15.980558	1006.118835	16.931396	11.915388	
6/30/2021 09:11:17.636126949	86.350579	16.817580	1009.252942	8.861608	19.633361	523.561150	89.252832	15.757180	1005.815419	12.714501	11.882244	
6/30/2021 09:11:18.636126949	87.526777	17.080395	1005.941972	8.294814	19.733448	522.436857	89.233014	15.915515	1005.999772	21.602067	11.890970	
6/30/2021 09:11:19.636126949	87.145663	16.985757	1006.527918	8.708928	19.715774	521.542553	89.390350	15.775235	1005.200534	13.412994	11.920894	
6/30/2021 09:11:20.636126949	87.559632	17.098221	1006.703677	8.741312	19.652136	520.750734	89.216166	15.747834	1005.637368	28.194768	11.879563	
6/30/2021 09:11:21.636126949	87.559632	16.918270	1007.319034	8.636840	19.626544	520.894657	88.933563	15.709344	1005.368961	14.048082	11.919672	
6/30/2021 09:11:22.636126949	87.487352	17.182390	1007.622139	9.364303	19.751817	522.588643	89.229755	15.733292	1005.237752	20.088757	11.909894	
6/30/2021 09:11:23.636126949	87.664767	17.001124	1007.371549	8.724268	19.685241	521.155527	89.292362	15.717958	1005.163473	13.027594	11.897949	
6/30/2021 09:11:24.636126949	87.599058	16.949720	1005.853028	8.993999	19.892886	518.847137	89.425175	16.039390	1005.464997	7.949514	11.801553	
6/30/2021 09:11:25.636126949	87.572774	16.872095	1005.770471	8.421870	19.657485	520.343352	88.878288	15.757793	1005.393247	13.718223	11.914665	
6/30/2021 09:11:26.636126949	88.249581	16.989093	1007.266044	8.114775	19.687282	523.293712	89.630058	16.054863	1006.047714	24.557690	11.879537	
6/30/2021 09:11:27.636126949	88.492706	17.653089	1010.542479	12.009433	20.020159	519.472698	88.523377	15.589700	1006.290892	12.836069	11.866920	
6/30/2021 09:11:28.636126949	88.006456	17.095901	1007.292777	8.652976	19.659240	521.023455	88.845566	15.788740	1005.598741	19.997831	11.878761	
6/30/2021 09:11:29.636126949	87.842182	16.939058	1006.290102	8.082556	19.566459	521.767279	89.118786	15.719408	1005.338367	15.278171	11.909618	
6/30/2021 09:11:30.636126949	88.229868	17.215893	1007.991478	9.658838	19.839209	524.619722	89.285844	15.825123	1005.604408	17.455130	11.916623	
6/30/2021 09:11:31.636126949	87.855324	16.829695	1005.702501	7.882966	19.556336	520.443226	88.982372	15.702072	1004.986215	17.165357	11.913351	
6/30/2021 09:11:32.636126949	88.492706	16.940256	1007.085634	8.537278	19.628830	523.235886	89.038593	15.867160	1005.577129	13.985987	11.895057	
6/30/2021 09:11:33.636126949	88.545273	17.779016	1008.266197	9.576781	20.023342	524.841154	89.057779	16.050798	1007.083664	27.321788	11.871914	
6/30/2021 09:11:34.636126949	88.091878	16.977609	1006.369820	8.623628	19.665403	523.269398	89.151745	15.786643	1005.318811	13.798394	11.920802	
6/30/2021 09:11:35.636126949	88.735830	17.275831	1008.189710	10.907302	20.126737	522.794307	89.500634	16.093120	1004.587379	17.571726	11.894466	
6/30/2021 09:11:36.636126949	88.295577	16.888360	1007.548018	8.123492	19.638504	521.938778	89.044770	15.741812	1005.436931	14.518895	11.919291	
6/30/2021 09:11:37.636126949	88.650408	17.039567	1007.561107	9.778950	20.165270	531.494928	89.609056	16.215484	1007.039816	18.637542	11.888132	
6/30/2021 09:11:38.636126949	88.440138	16.883912	1006.147617	7.927411	19.518660	520.640355	88.796283	15.685573	1005.535652	16.404770	11.897475	
6/30/2021 09:11:39.636126949	88.932959	17.211445	1006.863428	8.790886	19.692956	525.788695	89.014570	16.428703	1006.354760	26.376229	11.858496	
6/30/2021 09:11:40.636126949	88.407283	16.877816	1006.658338	7.812177	19.576704	519.983260	88.770945	15.730817	1005.061280	15.583400	11.920710	
6/30/2021 09:11:41.636126949	89.281219	17.283156	1007.961987	9.432836	19.753939	521.633881	89.118311	15.789849	1005.944735	28.889599	11.873965	
6/30/2021 09:11:42.636126949	88.499277	16.641852	1008.016868	7.866824	19.536498	520.604874	88.984527	15.673953	1005.417061	16.363374	11.879537	
6/30/2021 09:11:43.636126949	89.872603	17.816518	1009.879732	10.554237	19.484372	522.691149	89.379940	15.720423	1006.521609	15.516334	11.887303	
6/30/2021 09:11:44.636126949	88.571557	16.952147	1005.706364	8.481526	19.574745	520.473455	88.530633	15.908868	1004.024066	15.976664	11.891351	
6/30/2021 09:11:45.636126949	89.110374	17.140183	1007.062924	9.621002	20.023016	529.590005	89.629506	16.101439	1006.397023	18.289606	11.903915	
6/30/2021 09:11:46.636126949	88.755543	17.031493	1006.878016	8.883186	19.682098	523.905454	89.162362	15.931462	1005.651715	14.889110	11.906845	
6/30/2021 09:11:47.636126949	88.512418	16.529538	1003.478339	5.648225	19.017773	517.258931	88.525428	16.083395	1007.818404	28.923132	11.835104	
6/30/2021 09:11:48.636126949	88.433567	17.066034	1004.781517	7.366676	19.599890	520.733662	88.771944	15.674683	1004.942845	19.053854	11.878604	
6/30/2021 09:11:49.636126949	89.852890	17.377601	1009.252785	9.757650	19.811126	525.103339	89.049133	15.947665	1006.681998	21.088547	11.813959	
6/30/2021 09:11:50.636126949	88.913246	16.914046	1005.608904	7.918746	19.546376	523.377157	88.955721	15.731854	1004.800440	15.648115	11.915243	
6/30/2021 09:11:51.636126949	89.268077	17.136964	1008.180012	9.380375	19.846843	527.554315	88.803590	15.819028	1005.166631	16.271408	11.900906	
6/30/2021 09:11:52.636126949	89.123516	16.900540	1006.550313	7.632514	19.561684	523.515817	88.896768	15.694623	1005.046461	14.459422	11.894137	
6/30/2021 09:11:53.636126949	89.241793	17.081293	1007.710214	9.956088	20.093918	531.358247	89.223369	16.071162	1005.223090	14.973982	11.883256	
6/30/2021 09:11:54.636126949	89.294360	16.965643	1006.903014	7.869604	19.606421	525.262366	88.649409	15.793078	1004.893960	14.274450	11.920184	
6/30/2021 09:11:55.636126949	89.550627	17.211487	1008.066071	9.084229	19.849414	528.467018	89.232253	16.308965	1006.518458	20.408132	11.887211	
6/30/2021 09:11:56.636126949	89.550627	17.065136	1007.246963	8.477658	19.671200	526.171784	88.989233	15.855645	1004.894746	12.238446	11.885398	
6/30/2021 09:11:57.636126949	89.813465	17.260389	1007.368709	9.522444	19.804146	526.960951	89.031785	16.047793	1006.177030	26.151171	11.901247	
6/30/2021 09:11:58.636126949	89.254935	16.932781	1006.093131	7.803121	19.522865	523.266777	88.489684	15.723769	1004.778834	15.352060	11.905991	
6/30/2021 09:11:59.636126949	89.583482	17.333597	1009.444237	9.807222	19.921949	529.807490	89.183706	16.051729	1005.236645	17.455130	11.894794	
6/30/2021 09:12:00.636126949	89.668904	16.825995	1008.795369	9.450447	19.425389	527.028639	89.092764	15.734965	1005.686260	10.211615	11.886607	
6/30/2021 09:12:01.636126949	89.662333	17.119394	1008.368230	10.168564	20.072325	532.321544	89.138261	16.158810	1005.860990	17.519846	11.900695	
6/30/2021 09:12:02.636126949	89.530914	16.973984	1008.107153	8.276912	19.600828	526.602838	88.874425	15.860926	1005.051820	15.892561	11.914770	
6/30/2021 09:12:03.636126949	89.800323	17.071199	1006.800743	8.174627	19.667404	529.235165	88.905466	16.013980	1005.920921	20.537562	11.905676	
6/30/2021 09:12:04.636126949	89.530914	17.077027	1007.347183	8.518246	19.702141	527.518835	88.782879	15.807196	1005.170411	11.869812	11.913982	
6/30/2021 09:12:05.636126949	90.109157	17.134462	1007.328022	8.741613	19.634912	527.853287	88.951463	15.847962	1005.725214	28.466464	11.908186	
6/30/2021 09:12:06.636126949	89.701759	17.051598	1008.042260	8.776798	19.754960	526.932049	88.975197	15.699385	1005.681844	9.352781	11.855421	
6/30/2021 09:12:07.636126949	90.069731	17.183064	1006.022165	9.570841	19.767491	530.450123	88.273182	15.575783	1005.258565	26.402169	11.888670	
6/30/2021 09:12:08.636126949	89.695188	17.000717	1007.051490	8.582376	19.698834	528.668756	88.715541	15.742978	1004.667029	14.433482	11.915835	
6/30/2021 09:12:09.636126949	90.082873	17.105258	1007.441017	9.722508	19.915255	531.075032	89.166148	15.862894	1004.785772	18.610291	11.909198	
6/30/2021 09:12:10.636126949	89.774039	17.021805	1006.281191	8.164416	19.628299	528.861275	88.563540	15.740881	1004.569880	15.584711	11.920986	
6/30/2021 09:12:11.636126949	90.115728	17.070749	1006.915314	8.343461	19.667404	530.595351	89.078466	15.926510	1005.106385	22.860718	11.906530	
6/30/2021 09:12:12.636126949	89.780610	16.910720	1006.585715	7.829557	19.561438	527.487943	88.812684	15.666587	1004.180039	15.173370	11.911852	
6/30/2021 09:12:13.636126949	90.634832	17.379216	1007.907659	9.158319	19.823698	530.610466	88.993334	16.084009	1005.278127	17.122650	11.881429	
6/30/2021 09:12:14.636126949	89.977738	17.119352	1006.568447	8.154726	19.630789	528.308001	88.634007	15.785087	1004.070279	14.151572	11.916097	
6/30/2021 09:12:15.636126949	90.437704	17.191405	1009.027665	9.352311	19.749776	529.983589	88.852082	15.878356	1004.810535	19.633400	11.860639	
6/30/2021 09:12:16.636126949	90.194579	17.032274	1006.910346	8.155140	19.649280	528.757453	88.969020	15.758312	1004.145029	14.004064	11.920802	
6/30/2021 09:12:17.636126949	89.333786	16.738843	1006.503709	9.626850	20.332708	538.422024	88.878288	15.859052	1005.434409	11.617774	11.886002	
6/30/2021 09:12:18.636126949	90.431133	17.074225	1006.890476	8.665691	19.712712	529.854148	88.850901	15.867572	1004.330961	13.531940	11.925415	
6/30/2021 09:12:19.636126949	89.951455	17.146353	1006.292625	7.579428	20.027017	532.421419	89.097679	16.071658	1005.390882	17.870402	11.880811	
6/30/2021 09:12:20.636126949	90.168296	17.005465	1006.824162	8.177759	19.593440	529.136596	88.790501	15.752290	1003.942699	14.538283	11.915453	
6/30/2021 09:12:21.636126949	90.667687	17.268131	1007.417361	8.999973	19.742591	531.793889	89.205627	16.206657	1005.497334	20.877635	11.896240	
6/30/2021 09:12:22.636126949	90.201150	17.159175	1007.394731	8.643600	19.680710	529.961254	88.826825	15.864768	1004.087941	13.306882	11.922576	
6/30/2021 09:12:23.636126949	91.002805	17.338879	1007.313749	9.312958	19.755245	529.078770	88.700188	15.972579	1004.804541	21.286354	11.845880	
6/30/2021 09:12:24.636126949	90.280002	17.098564	1006.434321	8.001657	19.667036	526.782884	88.949702	15.778759	1004.184140	13.719533	11.909040	
6/30/2021 09:12:25.636126949	90.818819	17.294266	1008.698223	10.217108	19.933582	531.634220	89.156133	15.853973	1004.673017	27.145989	11.883164	
6/30/2021 09:12:26.636126949	90.247147	16.938203	1007.331886	7.898661	19.547274	527.342725	88.551502	15.771488	1003.967771	15.336334	11.912983	
6/30/2021 09:12:27.636126949	90.674258	17.044016	1007.677176	9.087721	19.853782	531.537630	89.360807	15.994464	1005.165524	18.801816	11.909356	
6/30/2021 09:12:28.636126949	89.826607	16.841886	1006.879594	8.729994	20.010199	534.422280	89.528839	16.103006	1003.985590	2.477900	11.853161	
6/30/2021 09:12:29.636126949	90.838532	17.173236	1008.203272	8.706110	19.756429	532.636946	89.209780	16.125622	1005.458380	21.439104	11.887606	
6/30/2021 09:12:30.636126949	90.654545	17.095013	1006.876125	8.520111	19.700793	529.770041	88.824012	15.904719	1004.488349	14.868141	11.914875	
6/30/2021 09:12:31.636126949	90.759680	17.339692	1007.457338	9.307362	19.813453	531.881281	89.161338	15.983363	1005.604886	21.281112	11.898868	
6/30/2021 09:12:32.636126949	90.976521	17.155143	1007.279371	9.585146	20.028649	536.408680	89.493882	16.178951	1005.245161	26.997442	11.899972	
6/30/2021 09:12:33.636126949	90.404849	16.973235	1006.602668	7.884953	19.541845	530.783933	88.675588	15.710581	1003.957046	15.787760	11.914823	
6/30/2021 09:12:34.636126949	91.213075	17.366694	1007.158097	9.225959	19.784594	536.382388	89.601172	16.339265	1006.099286	26.342696	11.900564	
6/30/2021 09:12:35.636126949	90.582265	17.141862	1007.884635	8.276372	19.644096	531.899027	88.803248	15.784050	1003.877566	15.463143	11.911498	
6/30/2021 09:12:36.636126949	91.758463	17.533631	1008.202957	10.276180	19.933419	535.058988	88.920026	16.040427	1004.806434	31.361303	11.890155	
6/30/2021 09:12:37.636126949	90.720255	17.183289	1007.764150	8.624691	19.701038	534.571434	88.932644	15.858238	1004.317400	13.926514	11.918647	
6/30/2021 09:12:38.636126949	91.140795	17.421006	1008.478150	9.855082	19.978320	538.289942	89.191276	15.946946	1004.425103	16.754287	11.869641	
6/30/2021 09:12:39.636126949	90.766251	17.059682	1007.876513	8.207798	19.630871	535.808085	88.865042	15.798464	1004.199752	14.333923	11.915992	
6/30/2021 09:12:40.636126949	90.831961	17.107803	1007.582476	9.548568	20.043344	541.966391	89.093316	15.995502	1005.260459	18.681559	11.911445	
6/30/2021 09:12:41.636126949	90.904241	17.128591	1006.573652	8.274746	19.694180	536.811463	88.972384	15.862482	1004.445452	14.447898	11.918529	
6/30/2021 09:12:42.636126949	90.871386	17.187822	1006.864612	8.194692	19.678261	538.188741	89.297515	16.036808	1005.199905	26.385403	11.895386	
6/30/2021 09:12:43.636126949	90.950237	17.084395	1007.830464	7.869314	19.594542	534.482064	88.690491	15.754163	1004.007039	15.892561	11.906780	
6/30/2021 09:12:44.636126949	91.324781	17.489327	1007.890863	9.646814	19.818881	536.932367	88.845486	16.008678	1005.554893	25.594944	11.895767	
6/30/2021 09:12:45.636126949	91.055373	17.063980	1007.218971	8.225978	19.586623	536.098520	88.939872	15.717535	1004.339792	13.860488	11.919777	
6/30/2021 09:12:46.636126949	91.121082	17.465770	1008.880764	9.378974	19.808269	535.955924	88.945916	15.643547	1005.187759	13.993851	11.878420	
6/30/2021 09:12:47.636126949	90.969950	17.159773	1007.004337	8.570813	19.685486	536.444813	88.641577	15.848068	1004.168843	12.895542	11.916978	
6/30/2021 09:12:48.636126949	91.127653	17.282300	1007.067340	10.815589	20.024976	540.926859	88.982819	16.102052	1004.805013	16.103473	11.907292	
6/30/2021 09:12:49.636126949	90.759680	17.044016	1005.737274	7.956683	19.543886	534.410440	88.700978	15.687753	1004.381269	16.299970	11.902929	
6/30/2021 09:12:50.636126949	91.121082	17.084213	1007.918146	8.748010	19.800269	540.298024	88.926730	16.072294	1005.394983	21.320158	11.896463	
6/30/2021 09:12:51.636126949	90.897670	17.133863	1007.019792	8.681826	19.701691	536.535489	88.614242	15.872758	1004.390571	12.751966	11.919304	
6/30/2021 09:12:52.636126949	91.449629	17.142760	1007.562920	8.499251	19.669403	536.526932	88.991992	16.028099	1004.638636	29.308532	11.850217	
6/30/2021 09:12:53.636126949	90.871386	17.038444	1006.256511	7.942604	19.558867	535.519618	88.589219	15.740775	1004.177988	14.496886	11.919488	
6/30/2021 09:12:54.636126949	91.554764	17.444457	1008.615665	9.789351	19.830760	538.324097	88.681922	16.004942	1005.171833	22.356101	11.917714	
6/30/2021 09:12:55.636126949	91.055373	17.026179	1006.543058	7.753044	19.520007	534.816527	88.508950	15.731430	1004.017606	13.516213	11.908147	
6/30/2021 09:12:56.636126949	91.101369	17.323353	1006.817696	9.734449	19.850149	538.887233	88.913745	15.848469	1004.712915	20.187006	11.887566	
6/30/2021 09:12:57.636126949	91.351065	17.214696	1006.971535	8.455970	19.707691	536.758247	88.781670	15.898168	1004.236813	12.870912	11.900235	
6/30/2021 09:12:58.636126949	91.193362	17.273927	1006.788363	9.604992	19.984483	538.860951	89.083381	16.039178	1005.030371	19.927105	11.903980	
6/30/2021 09:12:59.636126949	91.265643	17.074000	1006.784894	8.137583	19.593726	536.660340	88.604227	15.858428	1004.473209	13.064787	11.904822	
6/30/2021 09:13:00.636126949	91.298497	17.253139	1007.022000	8.873466	19.808555	540.757328	89.235617	16.148450	1006.233647	18.033366	11.898973	
6/30/2021 09:13:01.636126949	91.285355	17.032274	1006.358939	7.815133	19.519231	536.656393	88.395403	15.718360	1004.473681	15.230222	11.913981	
6/30/2021 09:13:02.636126949	91.613902	17.381044	1006.729067	8.696621	19.658423	537.280628	88.750076	15.843601	1005.456644	28.778246	11.900012	
6/30/2021 09:13:03.636126949	91.370778	17.085892	1007.086501	8.139212	19.607604	537.704461	88.849639	15.787256	1004.111755	16.882137	11.915086	
6/30/2021 09:13:04.636126949	91.535051	17.490931	1006.947959	9.414578	19.781043	540.637076	88.916215	15.803025	1005.185237	19.282843	11.910289	
6/30/2021 09:13:05.636126949	91.186791	17.118421	1006.909085	8.290420	19.637075	538.914830	88.645598	15.745654	1004.469108	15.808458	11.922787	
6/30/2021 09:13:06.636126949	91.436487	17.240200	1007.671814	10.220097	19.950441	543.489530	89.128773	15.923588	1004.807063	17.704818	11.914809	
6/30/2021 09:13:07.636126949	91.259072	17.179257	1007.024997	8.026480	19.680833	538.073089	88.944892	15.805724	1004.420065	10.091359	11.899236	
6/30/2021 09:13:08.636126949	91.351065	17.083539	1008.046753	7.949765	19.601155	543.443534	88.918818	16.008371	1004.936537	23.636761	11.861112	
6/30/2021 09:13:09.636126949	91.758463	17.175664	1004.558604	5.935218	18.992221	530.225387	87.824255	15.059895	1001.307317	-4.660814	11.812132	
6/30/2021 09:13:10.636126949	92.014730	17.351584	1007.339928	8.963086	19.726999	542.253532	89.334128	16.038894	1005.137301	22.318637	11.911038	
6/30/2021 09:13:11.636126949	91.370778	17.064954	1006.831889	7.786427	19.569357	538.814292	88.748630	15.617407	1003.759918	15.747674	11.916189	
6/30/2021 09:13:12.636126949	91.916166	17.391139	1007.581135	9.577102	19.764103	541.811953	88.784849	15.888421	1004.839079	22.722114	11.864161	
6/30/2021 09:13:13.636126949	91.732179	17.101483	1006.706042	8.266851	19.576704	540.209306	88.850087	15.720233	1004.057504	14.949623	11.921853	
6/30/2021 09:13:14.636126949	91.797889	17.397758	1008.296396	10.264322	19.971503	544.400916	88.915216	15.946004	1004.625232	16.059456	11.918883	
6/30/2021 09:13:15.636126949	91.423345	17.143219	1006.889607	8.417924	19.679281	542.097789	88.842674	15.804179	1003.832152	10.550377	11.886975	
6/30/2021 09:13:16.636126949	91.817602	17.150652	1006.338122	9.760809	19.961176	545.642176	89.132742	16.011482	1004.977698	17.011567	11.901825	
6/30/2021 09:13:17.636126949	91.705896	17.322005	1008.002202	7.965946	19.673853	541.252775	88.569402	15.773467	1003.628237	14.172270	11.896529	
6/30/2021 09:13:18.636126949	91.633615	17.344408	1007.934310	8.445519	19.758429	545.384590	89.215090	16.184867	1004.705505	21.435172	11.883650	
6/30/2021 09:13:19.636126949	91.870169	17.466368	1007.096121	8.352799	19.422328	538.510711	88.440453	15.576937	1003.048519	5.185145	11.817783	
6/30/2021 09:13:20.636126949	92.014730	17.125265	1006.813753	8.918182	20.104899	547.492557	89.232095	16.393642	1006.685312	38.890659	11.912904	
6/30/2021 09:13:21.636126949	91.495626	17.035942	1004.903500	7.706788	19.456248	539.120495	88.492049	15.552966	1003.000734	18.597185	11.917832	
6/30/2021 09:13:22.636126949	91.916166	17.491830	1007.640511	9.140265	19.707120	542.147079	88.704080	15.765984	1004.302417	20.739301	11.909434	
6/30/2021 09:13:23.636126949	91.548193	17.242627	1006.558669	9.452603	19.527150	541.020818	88.619814	15.692632	1004.098980	12.692493	11.881639	
6/30/2021 09:13:24.636126949	92.008159	17.446179	1008.620713	10.109349	19.995750	544.686099	88.591375	15.910106	1004.358241	17.933807	11.896306	
6/30/2021 09:13:25.636126949	91.554764	17.155475	1006.211171	8.366917	19.624585	541.380910	88.723530	15.830944	1004.354932	12.405341	11.912431	
6/30/2021 09:13:26.636126949	91.883311	17.485552	1005.997247	8.015579	20.109675	541.346082	88.799832	16.200847	1004.091564	19.149751	11.879405	
6/30/2021 09:13:27.636126949	91.613902	17.163997	1006.713612	7.756072	19.643606	539.551559	88.571372	15.799501	1003.883560	14.565533	11.905742	
6/30/2021 09:13:28.636126949	92.816384	17.994127	1009.201846	10.135154	19.500291	537.068386	88.604964	16.429233	1005.250527	17.809619	11.879760	
6/30/2021 09:13:29.636126949	91.765034	17.035418	1006.796959	7.912389	19.506210	540.336116	88.489419	15.838382	1004.370538	17.396968	11.906780	
6/30/2021 09:13:30.636126949	92.106723	17.515388	1008.215495	9.757443	19.844638	542.505192	88.975144	16.091893	1005.399870	25.452679	11.912444	
6/30/2021 09:13:31.636126949	91.673041	17.159624	1007.638855	7.636547	19.505312	538.663159	88.418979	15.765265	1004.740673	15.667503	11.894374	
6/30/2021 09:13:32.636126949	92.034443	17.427701	1007.536901	9.341717	19.750756	540.813185	88.359868	15.757191	1003.738633	19.731648	11.884912	
6/30/2021 09:13:33.636126949	92.303851	17.508554	1008.663291	9.336827	19.844679	545.251856	89.250599	16.544092	1006.390092	25.416525	11.892573	
6/30/2021 09:13:34.636126949	92.441841	17.817042	1010.414661	11.894642	20.069387	541.324400	88.213781	15.490610	1004.718437	20.837549	11.850624	
6/30/2021 09:13:35.636126949	92.454983	17.516019	1008.119770	9.884084	19.796268	545.148024	88.683445	16.086367	1006.040613	31.294237	11.883203	
6/30/2021 09:13:36.636126949	91.857027	16.859648	1007.782049	8.491355	19.383509	543.966579	88.149780	15.898697	1004.097401	16.792792	11.884057	
6/30/2021 09:13:37.636126949	92.389273	17.611811	1009.997143	11.269702	20.013669	547.426837	88.879654	15.941749	1004.423845	22.229563	11.898238	
6/30/2021 09:13:38.636126949	91.909595	17.333148	1007.418150	8.581699	19.694262	543.671544	88.847274	15.835410	1004.567358	14.049392	11.898053	
6/30/2021 09:13:39.636126949	92.244713	17.413799	1008.128836	10.739109	20.293604	551.165722	89.033364	16.098244	1004.512163	14.549807	11.886489	
6/30/2021 09:13:40.636126949	91.824173	17.266859	1007.591150	8.559130	19.705365	545.228858	88.551397	15.851486	1004.302417	13.758308	11.920250	
6/30/2021 09:13:41.636126949	92.349848	17.281968	1007.876275	9.301011	19.892641	552.224957	89.160762	16.284899	1005.953251	19.925794	11.886489	
6/30/2021 09:13:42.636126949	91.811031	17.264763	1008.511424	8.298372	19.663363	547.127866	88.709494	15.818086	1004.013348	14.481431	11.896766	
6/30/2021 09:13:43.636126949	92.369561	17.226854	1008.685054	8.056665	19.288401	546.767111	89.227785	16.435562	1008.326844	44.451347	11.918949	
6/30/2021 09:13:44.636126949	92.060726	17.176787	1007.337405	8.360968	19.663158	547.993257	88.729364	15.796496	1004.635485	13.983366	11.913298	
6/30/2021 09:13:45.636126949	92.454983	17.449280	1008.722509	9.223929	19.761899	549.394176	88.569664	15.793585	1004.972654	26.131784	11.893651	
6/30/2021 09:13:46.636126949	91.738750	17.062259	1005.492440	7.531118	19.510333	547.747502	88.372983	15.830955	1003.858639	2.295548	11.822277	
6/30/2021 09:13:47.636126949	92.323564	17.555841	1009.082939	10.147147	20.022200	552.729604	88.744347	15.894549	1004.846017	17.415045	11.904033	
6/30/2021 09:13:48.636126949	91.889882	17.112476	1005.535572	7.989451	19.562540	548.169356	88.619052	15.639198	1004.372752	16.713931	11.913745	
6/30/2021 09:13:49.636126949	91.804460	16.767223	1004.919507	7.355640	20.051263	556.860767	89.433534	16.505495	1005.969492	14.799765	11.819623	
6/30/2021 09:13:50.636126949	91.988446	17.117748	1005.964130	7.864032	19.549193	548.757458	88.174698	15.642415	1004.171208	16.303901	11.918069	
6/30/2021 09:13:51.636126949	92.244713	17.313151	1007.369261	8.290104	19.784227	552.919502	89.065614	16.005365	1005.502535	20.498787	11.885529	
6/30/2021 09:13:52.636126949	92.218429	17.339094	1008.141059	8.389117	19.764226	549.765445	88.334399	15.775129	1004.532348	13.985987	11.896371	
6/30/2021 09:13:53.636126949	92.369561	17.338869	1006.930374	8.481852	19.496985	549.633363	88.582596	15.645315	1006.766686	27.401959	11.831450	
6/30/2021 09:13:54.636126949	92.336706	16.875838	1005.914532	7.719483	19.888029	553.215199	88.894270	16.179174	1006.239484	28.140537	11.932301	
6/30/2021 09:13:55.636126949	92.468125	17.539427	1008.511030	9.368151	19.762429	550.159692	88.287113	15.777192	1005.211573	22.604478	11.911800	
6/30/2021 09:13:56.636126949	92.211858	17.297442	1005.229550	9.035704	19.538702	548.091163	88.388412	15.706645	1004.708027	15.833088	11.873136	
6/30/2021 09:13:57.636126949	92.264426	17.461920	1007.629472	9.409573	19.868273	551.313560	88.258017	15.749072	1004.667023	17.483692	11.909658	
6/30/2021 09:13:58.636126949	92.172432	17.201200	1008.237415	8.304675	19.616054	546.594296	88.168284	16.000910	1004.832142	11.586592	11.827560	
6/30/2021 09:13:59.636126949	92.408986	17.397202	1007.237737	9.777680	20.025016	554.202810	88.753178	16.007122	1005.054656	17.805687	11.907871	
6/30/2021 09:14:00.636126949	92.362990	17.151026	1007.215817	7.957714	19.612176	548.854048	88.057630	15.750215	1004.331433	16.096920	11.906688	
6/30/2021 09:14:01.636126949	92.540405	17.190924	1008.831008	7.754388	19.805412	554.207410	88.301991	16.015229	1005.491182	20.273730	11.871822	
6/30/2021 09:14:02.636126949	92.441841	17.352182	1006.971613	8.707782	19.753204	551.188699	88.379606	15.914031	1004.900734	16.450369	11.904099	
6/30/2021 09:14:03.636126949	92.514121	17.579100	1007.748221	9.357101	19.828433	551.937796	88.470837	15.975066	1005.745084	20.547776	11.902693	
6/30/2021 09:14:04.636126949	92.533834	17.324850	1007.910971	8.517828	19.720101	550.728743	88.107333	15.853666	1004.320237	12.834758	11.919396	
6/30/2021 09:14:05.636126949	92.599543	17.699905	1007.608103	9.744000	19.930154	553.586448	88.191756	15.951095	1005.117110	18.791331	11.896568	
6/30/2021 09:14:06.636126949	92.901807	17.512917	1006.501344	6.956048	19.104636	547.306586	88.453965	15.679975	1003.497499	19.567374	11.868405	
6/30/2021 09:14:07.636126949	92.257855	17.418065	1008.540758	9.900250	19.890151	552.957614	88.292580	15.811121	1004.833557	19.571306	11.827876	
6/30/2021 09:14:08.636126949	92.468125	17.303388	1006.898598	8.496989	19.751531	551.536971	88.149913	15.847962	1004.298159	13.614732	11.924298	
6/30/2021 09:14:09.636126949	92.172432	17.190250	1008.137353	9.033415	19.842516	556.916614	88.418008	16.061287	1005.098183	19.224680	11.895727	
6/30/2021 09:14:10.636126949	92.500979	16.999413	1007.718415	7.927411	19.622952	549.326498	88.275313	15.762354	1003.836404	15.297559	11.889814	
6/30/2021 09:14:11.636126949	92.362990	17.363892	1007.177967	8.470981	19.782145	555.279129	88.390121	16.120024	1005.848064	20.329271	11.841373	
6/30/2021 09:14:12.636126949	92.546976	17.290748	1006.969170	8.104331	19.715529	551.542233	88.016496	15.941643	1004.189027	13.032565	11.909500	
6/30/2021 09:14:13.636126949	92.671824	17.573828	1008.768006	9.411250	19.777451	554.554345	88.277573	16.065129	1005.344990	20.486992	11.906228	
6/30/2021 09:14:14.636126949	91.738750	16.508450	1003.466353	6.076057	19.637647	557.692645	88.657059	15.597585	1004.217257	18.188466	11.857800	
6/30/2021 09:14:15.636126949	92.573260	17.284321	1009.689465	10.410762	19.456207	548.147653	87.781675	15.571941	1004.520516	23.917360	11.911051	
6/30/2021 09:14:16.636126949	92.691537	17.443334	1005.872426	6.708845	19.076022	546.138266	87.656355	15.731960	1005.451756	28.241406	11.901773	
6/30/2021 09:14:17.636126949	92.435270	17.292769	1008.028696	10.269492	19.870518	556.697140	88.482823	15.958449	1004.883707	17.663422	11.908239	
6/30/2021 09:14:18.636126949	92.599543	17.129190	1005.577206	8.150116	19.560295	553.688954	88.344886	15.818593	1004.834349	16.077533	11.902850	
6/30/2021 09:14:19.636126949	92.586402	17.237024	1007.048888	8.909530	19.830270	559.275588	88.552291	16.042925	1005.154642	20.097931	11.899263	
6/30/2021 09:14:20.636126949	92.474696	17.345863	1004.560023	6.029849	19.180926	549.197047	87.725876	15.564173	1003.500179	5.657269	11.860836	
6/30/2021 09:14:21.636126949	92.330135	17.311804	1006.241686	8.867159	19.718713	557.714980	88.784272	16.170241	1005.845856	19.531220	11.881508	
6/30/2021 09:14:22.636126949	92.730962	17.324326	1006.314151	8.367131	19.698263	555.626074	88.369566	15.916858	1004.484406	14.478809	11.904243	
6/30/2021 09:14:23.636126949	92.763817	17.469063	1006.087926	8.589142	19.636014	555.603729	88.167628	15.887077	1005.215202	24.018229	11.897580	
6/30/2021 09:14:24.636126949	92.461554	17.357230	1007.361928	8.463850	19.714998	555.478225	88.443792	15.929410	1004.595588	14.233054	11.912536	
6/30/2021 09:14:25.636126949	92.428699	17.476688	1009.210362	9.246694	19.731203	557.095987	88.577681	15.912593	1005.494019	19.920552	11.886594	
6/30/2021 09:14:26.636126949	92.691537	16.880661	1005.862097	9.083948	19.593114	552.958919	88.287403	15.722720	1003.789091	17.822453	11.882993	
6/30/2021 09:14:27.636126949	92.599543	17.371923	1008.962060	10.465616	19.894601	559.452340	88.610378	16.051317	1005.109065	16.705028	11.901089	
6/30/2021 09:14:28.636126949	92.284138	17.180711	1005.829452	7.769331	19.562214	554.807332	88.411936	15.723557	1004.103395	15.236775	11.914507	
6/30/2021 09:14:29.636126949	92.579831	17.212054	1006.811387	8.588647	19.800351	560.432741	88.595661	15.932755	1004.909892	16.927194	11.876935	
6/30/2021 09:14:30.636126949	92.717820	17.362277	1007.112837	8.461052	19.704549	556.214829	88.384364	15.875351	1004.591801	13.838480	11.919803	
6/30/2021 09:14:31.636126949	92.481267	17.758238	1010.026316	11.211484	19.988729	558.736766	88.747502	16.128120	1005.532973	22.343267	11.831004	
6/30/2021 09:14:32.636126949	92.592973	17.116283	1006.613867	7.686967	19.514578	554.080580	88.435485	15.750087	1004.420688	15.976664	11.890799	
6/30/2021 09:14:33.636126949	92.638969	17.646737	1009.704525	11.516616	19.990402	555.953306	88.134378	15.322199	1003.403193	22.414264	11.894913	
6/30/2021 09:14:34.636126949	92.376131	17.176188	1006.914999	7.850053	19.530783	553.430716	88.184975	15.723969	1004.252267	14.745263	11.913469	
6/30/2021 09:14:35.636126949	92.435270	17.299239	1005.883071	8.209961	19.599971	553.614046	88.572556	15.791098	1004.283176	14.187726	11.902180	
6/30/2021 09:14:36.636126949	92.803243	17.329598	1007.757684	8.463567	19.689732	553.217820	88.533235	15.843919	1004.319922	14.396017	11.919501	
6/30/2021 09:14:37.636126949	92.514121	17.299463	1008.082630	8.565789	19.697446	555.410548	88.401317	15.839971	1004.392465	13.513863	11.890234	
6/30/2021 09:14:38.636126949	92.435270	17.176188	1006.458370	7.841000	19.553274	553.195475	88.364099	15.738277	1003.809282	14.524137	11.873452	
6/30/2021 09:14:39.636126949	92.592973	17.273061	1006.299406	8.032714	19.620177	554.242228	88.364808	15.774822	1004.161427	14.659850	11.888184	
