
Time stamp	Inside_humidity (in %rH)	Inside_temperature (in °C)	Inside_pressure (in mbar)	Soil_moisture (in %VWC)	Soil_temperature (in °C)	Inside_CO2_ratio (in ppm)	Outside_humidity (in %rH)	Outside_temperature (in °C)	Outside_pressure (in mbar)	Outside_PAR (in µmol m^-2 s^-1)	Power_box_charge (in V)	
6/30/2021 10:08:44.685157249	84.392438	16.122049	1003.973290	4.988327	18.297120	509.068912	86.946983	16.629973	1003.271198	6.407372	11.841281	
6/30/2021 10:08:45.685157249	84.241306	16.158728	1004.920296	5.213292	18.350960	511.810314	86.929321	16.720036	1003.402407	1.073051	11.850204	
6/30/2021 10:08:46.685157249	84.096746	16.139437	1004.970918	5.134424	18.351001	511.211697	87.081110	16.716712	1003.566419	-1.454464	11.821739	
6/30/2021 10:08:47.685157249	84.326729	16.227787	1004.045755	5.347220	18.293732	517.247121	86.908609	16.676041	1003.382537	1.173921	11.817323	
6/30/2021 10:08:48.685157249	84.339870	16.180190	1004.190369	5.156336	18.310713	516.246364	87.234344	16.678740	1003.176892	2.980935	11.823854	
6/30/2021 10:08:49.685157249	84.326729	16.138614	1005.215988	5.142695	18.352103	519.834758	86.939861	16.699388	1003.562318	0.847994	11.849218	
6/30/2021 10:08:50.685157249	84.622421	16.191258	1004.588489	5.082483	18.350429	519.845273	87.278633	16.717749	1003.135258	0.000683	11.820976	
6/30/2021 10:08:51.685157249	84.714414	16.158953	1005.450572	5.218025	18.340469	526.854509	86.851731	16.716300	1003.251170	1.499848	11.843449	
6/30/2021 10:08:52.685157249	84.740698	16.118200	1005.641944	5.056390	18.296875	526.110674	87.137778	16.676454	1002.990802	4.060896	11.832344	
6/30/2021 10:08:53.685157249	84.681559	16.195782	1005.005219	5.208715	18.349531	531.176222	86.888397	16.713188	1003.455079	0.297009	11.839756	
6/30/2021 10:08:54.685157249	84.517286	16.133641	1006.060566	5.156468	18.353817	530.207662	86.944461	16.730100	1003.345476	1.092439	11.836195	
6/30/2021 10:08:55.685157249	84.983823	16.141982	1004.793660	5.153837	18.289160	535.607672	86.830310	16.761532	1003.244390	0.100242	11.823395	
6/30/2021 10:08:56.685157249	85.134954	16.180190	1004.906103	5.296875	18.359736	536.597915	86.783657	16.731031	1003.404615	0.475428	11.850112	
6/30/2021 10:08:57.685157249	84.964110	16.149382	1006.459001	5.118539	18.318672	540.704101	86.816668	16.709865	1003.612311	2.858057	11.810791	
6/30/2021 10:08:58.685157249	85.312370	16.191258	1004.787825	5.202870	18.366267	539.769054	86.826184	16.732693	1003.391525	-0.177736	11.847720	
6/30/2021 10:08:59.685157249	85.627775	16.143961	1003.924796	5.124457	18.300549	544.458742	86.641461	16.725634	1003.623192	4.923663	11.828323	
6/30/2021 10:09:00.685157249	85.430647	16.170919	1005.414773	4.986079	18.344470	543.077527	86.801609	16.691704	1003.419912	7.304981	11.796927	
6/30/2021 10:09:01.685157249	85.299228	16.123771	1004.912174	5.001581	18.291487	546.596927	86.631079	16.716712	1003.255901	2.034066	11.852556	
6/30/2021 10:09:02.685157249	85.857758	16.159477	1004.686659	4.990894	18.298834	546.951104	86.499003	16.703536	1003.479051	5.314305	11.846064	
6/30/2021 10:09:03.685157249	85.785478	16.165273	1006.030918	5.135258	18.290630	551.563252	86.687405	16.695027	1003.373863	5.974023	11.822645	
6/30/2021 10:09:04.685157249	86.028603	16.419298	1006.453482	5.607129	18.310753	549.739153	86.263106	16.743276	1003.820006	0.965629	11.789449	
6/30/2021 10:09:05.685157249	85.956322	16.202700	1003.938438	5.052159	18.477906	557.199819	86.938390	16.940526	1004.144243	6.382742	11.824709	
6/30/2021 10:09:06.685157249	86.048315	16.165048	1004.888912	5.160878	18.337081	553.840087	86.429982	16.781873	1003.222784	1.565874	11.848312	
6/30/2021 10:09:07.685157249	86.114025	16.222890	1005.442607	5.243198	18.369369	558.300450	86.639595	16.762993	1003.297220	1.012268	11.850480	
6/30/2021 10:09:08.685157249	86.403146	16.228760	1005.683577	5.215321	18.362593	557.988985	86.699076	16.775026	1003.430951	-0.793437	11.838442	
6/30/2021 10:09:09.685157249	86.455714	16.165572	1004.178935	5.065030	18.292058	560.336129	86.375916	16.680084	1003.481101	4.103603	11.843068	
6/30/2021 10:09:10.685157249	86.238873	16.212645	1004.237364	5.041257	18.255770	560.915032	86.614311	16.687037	1003.074227	4.637821	11.819965	
6/30/2021 10:09:11.685157249	86.606845	16.146762	1004.825833	5.020111	18.282751	563.803619	86.247100	16.687143	1003.319297	5.523907	11.823855	
6/30/2021 10:09:12.685157249	86.672555	16.181313	1004.934647	4.987406	18.299977	563.470471	86.500397	16.722628	1003.220576	0.802666	11.848982	
6/30/2021 10:09:13.685157249	86.606845	16.202176	1005.352717	5.180588	18.361124	564.700554	86.355704	16.747425	1003.240289	0.555599	11.838915	
6/30/2021 10:09:14.685157249	86.744835	16.154355	1005.748078	5.175819	18.316958	564.532338	86.079015	16.688699	1003.157179	3.040408	11.850296	
6/30/2021 10:09:15.685157249	86.803974	16.334049	1005.198483	4.970719	18.386676	567.049013	86.383881	16.739022	1002.999162	0.661711	11.818440	
6/30/2021 10:09:16.685157249	86.817116	16.180864	1006.515775	5.180323	18.206176	566.459596	86.214849	16.819126	1003.890655	4.723235	11.824223	
6/30/2021 10:09:17.685157249	86.961676	16.233958	1004.871330	5.236796	18.352919	568.760744	85.950803	16.718374	1003.225620	0.866071	11.834473	
6/30/2021 10:09:18.685157249	87.349362	16.260018	1003.986380	5.284346	18.355205	568.471624	86.187909	16.741720	1003.375914	1.462383	11.843515	
6/30/2021 10:09:19.685157249	87.178517	16.194028	1005.118843	5.160731	18.294956	569.629419	85.985628	16.756547	1003.104978	3.485282	11.817901	
6/30/2021 10:09:20.685157249	87.066811	16.218666	1005.344043	5.154668	18.349000	570.146559	86.205808	16.705505	1003.211430	5.355701	11.845565	
6/30/2021 10:09:21.685157249	87.362504	16.198027	1004.340107	5.055355	18.295446	570.680118	86.076360	16.719305	1003.137309	5.172040	11.852754	
6/30/2021 10:09:22.685157249	87.480781	16.203374	1004.162139	5.060470	18.291201	570.318058	85.923020	16.697620	1003.341218	3.429740	11.848601	
6/30/2021 10:09:23.685157249	87.566203	16.456277	1007.169138	6.018423	18.555543	574.875675	86.024135	16.809580	1003.113810	-4.302665	11.773810	
6/30/2021 10:09:24.685157249	87.572774	16.218366	1004.996545	5.119802	18.312427	571.566539	86.101278	16.728545	1003.341061	1.567184	11.853608	
6/30/2021 10:09:25.685157249	87.710764	16.182137	1003.700780	5.070259	18.305365	572.581094	85.825613	16.649890	1003.373863	5.231513	11.847024	
6/30/2021 10:09:26.685157249	87.684480	16.238855	1005.449783	5.210881	18.367083	572.981267	86.141203	16.705928	1003.313624	-0.944876	11.840598	
6/30/2021 10:09:27.685157249	87.658196	16.229659	1004.494893	5.123709	18.331448	574.567494	85.953667	16.680708	1003.367240	3.794442	11.847484	
6/30/2021 10:09:28.685157249	88.085307	16.245624	1004.115144	5.144783	18.300549	574.469587	85.863278	16.663172	1003.465804	6.134365	11.843541	
6/30/2021 10:09:29.685157249	88.065594	16.144784	1003.675705	4.395381	18.146131	573.319666	85.934454	16.642630	1002.980078	1.093749	11.822435	
6/30/2021 10:09:30.685157249	87.822470	16.292548	1005.462872	5.240571	18.344470	575.554452	85.914294	16.728439	1003.417075	1.949963	11.841793	
6/30/2021 10:09:31.685157249	87.999885	16.223638	1004.923922	5.013176	18.305610	576.242428	86.129112	16.697102	1003.553015	3.556550	11.805995	
6/30/2021 10:09:32.685157249	88.243010	16.198177	1005.848298	5.074723	18.296589	576.237829	85.947648	16.689630	1003.459181	6.175761	11.854370	
6/30/2021 10:09:33.685157249	88.105020	16.256093	1005.759669	5.209554	18.339367	577.247785	86.023530	16.706129	1003.489775	3.878545	11.852675	
6/30/2021 10:09:34.685157249	88.039311	16.271909	1003.782076	5.067847	18.353531	576.668882	85.946544	16.760188	1003.282079	-0.797368	11.837798	
6/30/2021 10:09:35.685157249	88.512418	16.192980	1005.056235	5.043842	18.282139	578.265624	85.700765	16.717749	1003.411238	4.448918	11.852294	
6/30/2021 10:09:36.685157249	88.367858	16.261814	1004.915171	5.112675	18.343612	578.067180	85.971724	16.727295	1003.651893	1.255402	11.827258	
6/30/2021 10:09:37.685157249	88.289006	16.224911	1005.248396	5.010413	18.315856	578.068495	85.649301	16.708203	1003.214110	5.825204	11.854751	
6/30/2021 10:09:38.685157249	88.440138	16.240577	1005.378107	5.044225	18.310182	578.487066	85.960081	16.713495	1003.334123	5.497967	11.853030	
6/30/2021 10:09:39.685157249	88.643837	16.287425	1005.698637	5.225484	18.326060	579.487823	85.747656	16.724608	1003.307472	2.448028	11.838797	
6/30/2021 10:09:40.685157249	88.440138	16.260691	1005.461216	5.246740	18.350388	578.720991	86.044847	16.743795	1003.325606	0.439274	11.849442	
6/30/2021 10:09:41.685157249	88.453280	16.229958	1005.608589	5.247082	18.349858	580.242824	85.776304	16.738916	1003.332230	3.015779	11.852688	
6/30/2021 10:09:42.685157249	88.742401	16.281854	1005.517595	5.250707	18.347286	580.233625	86.018510	16.737466	1003.279714	0.127493	11.850020	
6/30/2021 10:09:43.685157249	88.709547	16.250821	1005.481639	5.105280	18.321244	582.096489	85.849689	16.736736	1003.402407	4.984446	11.847773	
6/30/2021 10:09:44.685157249	88.624124	16.214367	1005.187444	4.783528	18.359491	581.103615	85.626277	16.750536	1002.857857	5.927384	11.799949	
6/30/2021 10:09:45.685157249	88.768685	16.298718	1005.190362	5.681725	18.482151	585.676346	86.125458	16.831159	1003.693999	2.640863	11.823513	
6/30/2021 10:09:46.685157249	88.893533	16.309636	1004.308014	5.261316	18.315570	583.067017	85.621361	16.711315	1003.378121	4.103603	11.820792	
6/30/2021 10:09:47.685157249	88.978955	16.262338	1005.313291	5.161137	18.312753	585.197318	86.049866	16.839149	1003.820321	13.181383	11.811383	
6/30/2021 10:09:48.685157249	88.880391	16.245924	1005.023828	4.959895	18.291487	584.517225	85.800223	16.682677	1003.343426	4.205783	11.848246	
6/30/2021 10:09:49.685157249	88.913246	16.446182	1005.580045	5.355112	18.431209	585.639539	85.880178	16.796711	1002.754563	4.172250	11.785691	
6/30/2021 10:09:50.685157249	88.952672	16.298643	1005.498434	5.163499	18.310182	585.916839	85.693037	16.697620	1003.369290	4.350669	11.843292	
6/30/2021 10:09:51.685157249	89.162942	16.351437	1006.969565	5.592224	18.480192	588.265298	86.128166	16.770147	1003.529830	-0.345942	11.829598	
6/30/2021 10:09:52.685157249	88.952672	16.283201	1005.506556	5.191945	18.348674	586.120535	85.765213	16.750229	1003.628237	-0.819377	11.829506	
6/30/2021 10:09:53.685157249	88.926388	16.284549	1004.144240	5.095199	18.356389	588.937507	86.091395	16.753859	1003.859904	7.186035	11.814064	
6/30/2021 10:09:54.685157249	89.143229	16.260991	1005.854527	5.151977	18.315651	586.754632	85.736327	16.681957	1003.331286	3.568074	11.834040	
6/30/2021 10:09:55.685157249	89.373212	16.273032	1003.421251	4.655340	18.369451	588.276465	85.793600	16.722522	1003.735475	4.657209	11.786466	
6/30/2021 10:09:56.685157249	89.149800	16.251794	1005.330954	5.114896	18.325489	586.357091	85.655268	16.670644	1003.577458	6.462913	11.853713	
6/30/2021 10:09:57.685157249	88.946101	16.451529	1005.377792	5.137255	18.483294	585.808418	85.812918	16.690667	1003.931817	2.718413	11.797058	
6/30/2021 10:09:58.685157249	89.484918	16.335397	1005.186498	5.253753	18.373900	586.283498	85.729941	16.672305	1003.413289	0.538833	11.841635	
6/30/2021 10:09:59.685157249	89.366641	16.320329	1004.464455	5.351606	18.439945	588.867198	85.623464	16.798997	1003.752665	-0.097565	11.822159	
6/30/2021 10:10:00.685157249	89.084090	16.303241	1004.708028	5.216338	18.360593	586.522023	85.657109	16.725846	1003.512010	0.559531	11.843515	
6/30/2021 10:10:01.685157249	89.609766	16.326125	1005.236805	5.214778	18.328632	587.871694	85.507947	16.687556	1003.733110	4.331282	11.825694	
6/30/2021 10:10:02.685157249	89.544056	16.287725	1004.987319	5.132181	18.343857	586.595616	85.530158	16.717136	1003.392790	1.007025	11.841320	
6/30/2021 10:10:03.685157249	89.524343	16.383368	1005.576024	5.389075	18.353286	589.222680	85.555652	16.667320	1003.610260	8.700656	11.826707	
6/30/2021 10:10:04.685157249	89.379783	16.306609	1004.139115	5.179580	18.322060	588.276465	85.192542	16.644080	1003.848550	2.713171	11.821647	
6/30/2021 10:10:05.685157249	89.787181	16.278079	1005.745790	5.565911	18.382962	590.050622	85.691067	16.704986	1004.022336	5.892541	11.789778	
6/30/2021 10:10:06.685157249	89.583482	16.299391	1006.777009	5.192848	18.306222	590.300977	85.304300	16.678116	1003.901380	-1.987372	11.804549	
6/30/2021 10:10:07.685157249	89.511202	16.263162	1005.821724	5.042707	18.419290	590.536870	85.392220	16.612330	1003.104664	6.875564	11.763783	
6/30/2021 10:10:08.685157249	89.668904	16.279127	1005.336079	4.927135	18.317244	590.078219	85.384703	16.687037	1003.327971	2.339295	11.823395	
6/30/2021 10:10:09.685157249	89.760897	16.209394	1004.075876	5.045160	18.461783	592.968784	85.653455	16.633497	1003.693370	4.662451	11.765741	
6/30/2021 10:10:10.685157249	89.728043	16.388640	1006.397655	5.200111	18.350388	590.727431	85.286638	16.684032	1003.406980	0.727737	11.819268	
6/30/2021 10:10:11.685157249	89.793752	16.362580	1004.803280	5.627167	18.428352	592.620523	85.628931	16.766411	1003.752823	2.119479	11.819321	
6/30/2021 10:10:12.685157249	89.951455	16.335921	1004.609306	5.156373	18.315570	590.835852	85.222190	16.674380	1003.470062	5.006455	11.847957	
6/30/2021 10:10:13.685157249	89.892316	16.315656	1005.668675	5.211660	18.363736	590.079535	85.619496	16.746388	1003.529515	3.718203	11.828573	
6/30/2021 10:10:14.685157249	89.800323	16.320479	1005.245322	5.147655	18.324346	590.450794	85.280067	16.687862	1003.642748	3.547376	11.843357	
6/30/2021 10:10:15.685157249	89.990880	16.357308	1005.229235	5.158976	18.304549	590.325943	85.519933	16.709865	1003.899958	7.989329	11.820740	
6/30/2021 10:10:16.685157249	90.142012	16.304588	1005.798857	5.082387	18.320672	590.229352	85.180504	16.683820	1003.614518	5.417796	11.846275	
6/30/2021 10:10:17.685157249	90.023735	16.395858	1005.790815	5.488051	18.363369	590.850313	85.576259	16.740471	1003.740362	4.322379	11.812487	
6/30/2021 10:10:18.685157249	89.820036	16.294344	1005.432120	5.107482	18.338796	590.646607	85.300437	16.666908	1003.514061	5.192738	11.844777	
6/30/2021 10:10:19.685157249	90.069731	16.288922	1004.110176	5.274516	18.372798	592.351770	85.675717	16.728333	1003.652365	8.029414	11.829966	
6/30/2021 10:10:20.685157249	90.082873	16.330200	1006.490148	5.224116	18.363410	591.413439	85.402812	16.681851	1003.376228	1.012268	11.833369	
6/30/2021 10:10:21.685157249	89.977738	16.379593	1005.103783	5.269514	18.396881	591.214994	85.525742	16.756664	1003.724121	5.693423	11.816837	
6/30/2021 10:10:22.685157249	90.220863	16.361981	1004.822836	5.210839	18.351531	590.501389	85.541249	16.703124	1003.459338	0.397878	11.844369	
6/30/2021 10:10:23.685157249	90.214292	16.441883	1005.929752	5.431432	18.402310	591.754469	85.379840	16.723041	1003.540083	0.559531	11.811278	
6/30/2021 10:10:24.685157249	90.115728	16.462671	1005.433067	5.172522	18.227442	589.566342	85.375872	16.498815	1002.649847	-0.550302	11.781643	
6/30/2021 10:10:25.685157249	90.319427	16.358580	1004.843495	5.459883	18.380757	592.050820	85.382100	16.687344	1003.608524	5.805817	11.808728	
6/30/2021 10:10:26.685157249	90.142012	16.335995	1005.655980	5.069224	18.305937	590.941642	85.439216	16.654250	1003.198970	5.685560	11.827561	
6/30/2021 10:10:27.685157249	90.122299	16.352560	1005.382208	5.381530	18.405085	593.908431	85.427887	16.768803	1003.518634	2.947403	11.817165	
6/30/2021 10:10:28.685157249	90.299714	16.362580	1004.681691	5.303482	18.332265	591.708474	85.490180	16.666495	1003.614676	5.689492	11.850861	
6/30/2021 10:10:29.685157249	90.404849	16.378844	1005.492915	5.225033	18.355246	592.585695	85.515308	16.747637	1003.802501	3.043030	11.819741	
6/30/2021 10:10:30.685157249	90.096015	16.323847	1005.093453	5.016030	18.286915	591.386494	85.327824	16.649372	1003.181465	6.072271	11.806297	
6/30/2021 10:10:31.685157249	90.621690	16.478412	1004.757388	5.531247	18.435699	593.186279	85.616579	16.736842	1003.452872	2.595535	11.816837	
6/30/2021 10:10:32.685157249	90.306285	16.331023	1004.508297	5.101163	18.317244	592.316942	85.370509	16.688180	1003.450978	2.363925	11.844382	
6/30/2021 10:10:33.685157249	90.424562	16.323698	1005.100234	5.361212	18.413412	595.846856	85.590005	16.743890	1003.527307	5.043920	11.802210	
6/30/2021 10:10:34.685157249	90.273431	16.215490	1004.802019	5.545823	18.445047	593.372893	85.333843	16.701462	1003.154971	5.602768	11.805167	
6/30/2021 10:10:35.685157249	90.431133	16.348635	1005.698874	5.225124	18.367450	594.416362	85.547663	16.771808	1003.667033	4.351980	11.818269	
6/30/2021 10:10:36.685157249	90.615120	16.305487	1005.759826	5.181372	18.286589	594.640435	85.442238	16.686931	1003.330965	5.874464	11.845578	
6/30/2021 10:10:37.685157249	90.549410	16.437060	1004.605285	5.430224	18.353858	594.614806	85.333291	16.769628	1003.249434	4.064828	11.793300	
6/30/2021 10:10:38.685157249	90.352282	16.331622	1006.014517	5.110049	18.316427	594.622689	85.563170	16.698139	1003.282079	5.764421	11.837430	
6/30/2021 10:10:39.685157249	90.693971	16.399184	1006.818328	5.610270	18.391779	595.814659	85.362887	16.743689	1003.536453	4.236965	11.826365	
6/30/2021 10:10:40.685157249	90.411420	16.315207	1004.558999	5.026238	18.332836	594.738994	85.438926	16.733730	1003.345634	0.417266	11.851807	
6/30/2021 10:10:41.685157249	90.457417	16.384191	1005.325749	5.203677	18.387533	594.539234	85.645780	16.787070	1003.399570	2.488113	11.821897	
6/30/2021 10:10:42.685157249	90.805677	16.373797	1004.344917	5.052883	18.301977	595.298182	85.520590	16.704573	1003.706459	4.226481	11.826706	
6/30/2021 10:10:43.685157249	90.713684	16.384566	1004.985663	5.166809	18.332020	594.742278	85.631534	16.723666	1003.724279	10.017469	11.824932	
6/30/2021 10:10:44.685157249	90.654545	16.388790	1005.899000	5.938629	18.607097	596.383047	85.766212	16.900680	1003.748250	3.742833	11.805496	
6/30/2021 10:10:45.685157249	90.608549	16.421544	1005.627750	5.376528	18.394064	594.656202	85.709124	16.765480	1003.487882	0.431411	11.817507	
6/30/2021 10:10:46.685157249	90.904241	16.371145	1004.788377	5.274178	18.346796	595.594533	85.656319	16.852950	1004.417858	10.239906	11.788753	
6/30/2021 10:10:47.685157249	90.674258	16.399483	1005.450572	5.234645	18.349490	594.131841	85.523796	16.753129	1003.154500	0.885458	11.813512	
6/30/2021 10:10:48.685157249	90.950237	16.600190	1004.626811	5.629437	18.421617	594.245515	85.627433	16.745657	1003.330494	7.263585	11.783916	
6/30/2021 10:10:49.685157249	90.864815	16.378844	1005.265192	5.200261	18.319529	593.852573	85.498512	16.720967	1003.695892	6.406061	11.849757	
6/30/2021 10:10:50.685157249	90.667687	16.367253	1003.990875	5.641179	18.422148	595.402004	85.688175	16.756134	1003.619877	9.568664	11.782550	
6/30/2021 10:10:51.685157249	90.667687	16.325526	1005.071690	5.057461	18.290344	592.700684	85.383651	16.757595	1003.470377	-1.290190	11.771366	
6/30/2021 10:10:52.685157249	90.963379	16.396606	1005.262275	5.479629	18.432026	596.272657	85.916240	16.894351	1003.608524	1.380901	11.800383	
6/30/2021 10:10:53.685157249	90.661116	16.405354	1004.767955	5.225840	18.375614	594.051018	85.432355	16.739540	1003.341375	-0.554234	11.836760	
6/30/2021 10:10:54.685157249	90.937096	16.574954	1006.858148	5.989771	18.441985	595.783115	85.423234	16.677385	1003.962883	16.412363	11.766267	
6/30/2021 10:10:55.685157249	90.871386	16.336220	1004.845308	5.044093	18.297691	594.983434	85.746499	16.710902	1003.500971	5.751586	11.850809	
6/30/2021 10:10:56.685157249	90.733396	16.508814	1005.798857	5.624012	18.434924	597.110451	85.564878	16.787376	1003.257794	2.287685	11.795770	
6/30/2021 10:10:57.685157249	91.015947	16.294718	1005.411856	5.520254	18.528603	599.114595	86.064350	16.953808	1004.337113	5.668794	11.810673	
6/30/2021 10:10:58.685157249	90.713684	16.438258	1003.995054	5.547815	18.403412	601.244897	85.654111	16.800235	1003.794928	4.905586	11.798701	
6/30/2021 10:10:59.685157249	91.068514	16.336519	1006.190040	5.170110	18.347000	597.193243	85.803825	16.750642	1002.910372	2.285064	11.817875	
6/30/2021 10:11:00.685157249	90.884528	16.390885	1006.027055	5.172403	18.329734	598.753188	85.595472	16.786127	1003.960518	8.583020	11.806994	
6/30/2021 10:11:01.685157249	91.002805	16.394286	1003.864634	5.090973	18.356062	597.546104	85.766055	16.783641	1003.759446	1.115758	11.828178	
6/30/2021 10:11:02.685157249	91.153937	16.463270	1004.688709	5.415606	18.345082	598.811667	85.475145	16.732069	1003.925665	8.295868	11.822093	
6/30/2021 10:11:03.685157249	90.772822	16.373198	1005.201480	5.157982	18.315243	597.145279	85.660368	16.770453	1003.528094	2.208825	11.845355	
6/30/2021 10:11:04.685157249	91.252501	16.400082	1005.531789	5.523691	18.392636	599.322891	85.457692	16.758939	1003.424799	5.689492	11.791841	
6/30/2021 10:11:05.685157249	90.950237	16.473365	1003.868655	5.322048	18.318672	597.956791	85.493701	16.795673	1003.448299	2.508811	11.813354	
6/30/2021 10:11:06.685157249	90.983092	16.406102	1005.918318	5.219612	18.394881	599.211186	85.599888	16.818501	1003.709296	6.435933	11.828073	
6/30/2021 10:11:07.685157249	91.134224	16.425992	1004.426371	5.233139	18.361164	597.454113	85.598232	16.768178	1003.472270	0.682409	11.845985	
6/30/2021 10:11:08.685157249	90.976521	16.454448	1005.071533	5.364090	18.373981	597.344376	85.772678	16.835932	1003.721756	4.883577	11.812881	
6/30/2021 10:11:09.685157249	91.167079	16.399782	1004.358007	5.139535	18.323489	596.349534	85.442737	16.772433	1003.439468	2.510122	11.849954	
6/30/2021 10:11:10.685157249	91.075085	16.553866	1005.024380	5.473597	18.427536	597.155131	85.563327	16.814660	1003.617198	0.082165	11.822751	
6/30/2021 10:11:11.685157249	91.291926	16.447679	1005.091640	5.319900	18.358348	596.937636	85.436114	16.794530	1003.179257	0.348619	11.846958	
6/30/2021 10:11:12.685157249	91.081656	16.363178	1005.447418	5.337030	18.377614	598.717707	85.637815	16.758315	1003.472585	5.102082	11.828481	
6/30/2021 10:11:13.685157249	91.285355	16.358580	1004.568539	5.053308	18.305079	596.907407	85.363834	16.731338	1003.960047	4.659830	11.820819	
6/30/2021 10:11:14.685157249	91.226217	16.401804	1005.284195	5.154932	18.339939	598.936518	85.718612	16.819951	1003.671764	7.879285	11.810424	
6/30/2021 10:11:15.685157249	91.134224	16.447829	1003.988036	5.230148	18.349572	598.120407	85.417610	16.808331	1003.395941	0.391325	11.830176	
6/30/2021 10:11:16.685157249	91.377349	16.490154	1004.109624	5.239167	18.342510	597.534273	85.735565	16.810511	1003.500971	3.617334	11.810607	
6/30/2021 10:11:17.685157249	91.094798	16.427040	1005.880548	5.385856	18.359491	597.339776	85.503532	16.786021	1003.181307	-0.122195	11.835354	
6/30/2021 10:11:18.685157249	91.397061	16.622102	1004.641004	5.112963	18.487866	597.442935	85.851582	16.776888	1003.664983	3.409042	11.793865	
6/30/2021 10:11:19.685157249	91.213075	16.453175	1004.745088	5.226337	18.363450	598.120407	85.520537	16.801378	1003.271041	0.309844	11.835341	
6/30/2021 10:11:20.685157249	91.429916	16.437584	1005.236805	5.445115	18.454109	599.797972	85.741427	16.836969	1003.514061	1.219248	11.826575	
6/30/2021 10:11:21.685157249	91.265643	16.435937	1005.260224	5.163266	18.353898	598.881976	85.581489	16.774401	1003.224048	2.212485	11.824735	
6/30/2021 10:11:22.685157249	91.377349	16.496548	1004.728844	5.213844	18.358919	599.424082	85.569136	16.894870	1004.048201	1.032966	11.793615	
6/30/2021 10:11:23.685157249	91.337923	16.405429	1004.553479	5.093749	18.341327	597.734033	85.622361	16.783016	1003.336645	3.229312	11.848995	
6/30/2021 10:11:24.685157249	91.173649	16.517711	1005.309191	4.997837	18.418760	598.308989	85.460899	16.786953	1003.373863	9.150771	11.782615	
6/30/2021 10:11:25.685157249	91.482484	16.374246	1003.701726	5.055683	18.309039	598.241311	85.689516	16.755934	1003.452714	6.490164	11.846064	
6/30/2021 10:11:26.685157249	91.351065	16.521935	1005.590927	5.533029	18.435414	599.237468	85.800328	16.826280	1003.406980	0.642323	11.832134	
6/30/2021 10:11:27.685157249	91.410203	16.413802	1005.896397	5.224759	18.325203	597.515222	85.464211	16.777206	1003.593069	0.642323	11.818401	
6/30/2021 10:11:28.685157249	91.469342	16.385613	1005.356344	5.290223	18.354674	600.313133	85.870086	16.784984	1003.634860	6.285804	11.816048	
6/30/2021 10:11:29.685157249	91.239359	16.384865	1005.100077	5.060356	18.320387	598.592856	85.455932	16.782286	1003.529830	5.108635	11.844133	
6/30/2021 10:11:30.685157249	91.666470	16.397205	1005.848850	5.166335	18.323448	599.125763	85.771337	16.853256	1003.559638	7.514583	11.782813	
6/30/2021 10:11:31.685157249	91.469342	16.637468	1005.996775	5.419924	18.196542	597.615097	85.582882	16.735804	1003.682645	3.310794	11.817783	
6/30/2021 10:11:32.685157249	91.686183	16.548744	1005.911143	5.491566	18.383043	600.008899	85.749469	16.835201	1003.472585	0.554289	11.814957	
6/30/2021 10:11:33.685157249	91.344494	16.422068	1005.324330	5.318405	18.348429	599.437880	85.539593	16.803558	1003.441518	0.783278	11.842214	
6/30/2021 10:11:34.685157249	91.666470	16.469440	1005.193359	5.378903	18.452966	600.932116	85.839254	16.801896	1003.507909	1.502469	11.795863	
6/30/2021 10:11:35.685157249	91.324781	16.422068	1006.163861	5.001832	18.314713	600.146886	85.358471	16.814766	1003.026599	4.663762	11.802828	
6/30/2021 10:11:36.685157249	91.574477	16.449850	1005.872269	5.295512	18.400310	602.304132	85.859204	16.901611	1003.757238	1.748225	11.820832	
6/30/2021 10:11:37.685157249	91.587619	16.485031	1004.979434	5.203827	18.358634	600.457035	85.586746	16.783429	1003.481258	-0.184289	11.845079	
6/30/2021 10:11:38.685157249	91.502196	16.432312	1005.209365	5.158342	18.312753	600.769153	85.660473	16.762262	1003.745728	10.529679	11.816850	
6/30/2021 10:11:39.685157249	91.686183	16.416946	1005.058286	4.986371	18.313856	600.836178	85.567638	16.711939	1003.452557	7.122630	11.845118	
6/30/2021 10:11:40.685157249	91.429916	16.548369	1005.041333	5.571989	18.400310	601.134497	85.559306	16.801378	1003.465647	3.302931	11.821765	
6/30/2021 10:11:41.685157249	91.738750	16.385089	1003.755503	5.067506	18.290099	600.527344	85.383704	16.745244	1003.697942	1.949963	11.786440	
6/30/2021 10:11:42.685157249	91.449629	16.437958	1004.214655	5.422044	18.475335	602.018949	85.438978	16.819951	1003.367711	1.973282	11.803327	
6/30/2021 10:11:43.685157249	91.705896	16.459196	1006.650296	5.555868	18.258301	599.178326	85.440530	16.694403	1003.271198	4.561582	11.828086	
6/30/2021 10:11:44.685157249	91.765034	16.471611	1003.910683	5.288709	18.379900	600.851292	85.704419	16.808331	1004.065077	3.270708	11.789094	
6/30/2021 10:11:45.685157249	91.462771	16.554240	1005.574841	5.809776	18.475661	603.056502	85.813812	16.783005	1003.781367	5.311684	11.814484	
6/30/2021 10:11:46.685157249	91.745321	16.405953	1004.902633	5.053175	18.336796	600.869691	85.534783	16.785609	1003.358566	-0.096255	11.844330	
6/30/2021 10:11:47.685157249	91.554764	16.397580	1004.768270	5.232519	18.389248	604.168311	85.713540	16.831053	1003.934654	6.713911	11.823566	
6/30/2021 10:11:48.685157249	91.791318	16.411524	1005.673090	5.028153	18.319529	601.887530	85.566586	16.734143	1003.439939	6.404750	11.849192	
6/30/2021 10:11:49.685157249	91.784747	16.475760	1003.964065	5.166061	18.328918	602.952680	85.589953	16.873597	1004.192500	11.189396	11.808163	
6/30/2021 10:11:50.685157249	91.403632	16.485331	1004.583916	4.847729	18.352388	601.233719	85.729599	16.813104	1003.179100	2.978314	11.817139	
6/30/2021 10:11:51.685157249	92.041014	16.560036	1004.405397	5.484152	18.401452	602.494030	85.552945	16.823063	1003.518005	5.650717	11.772062	
6/30/2021 10:11:52.685157249	91.607332	16.448502	1006.120651	5.070971	18.337367	602.572222	85.739219	16.817877	1003.472427	1.894422	11.820779	
6/30/2021 10:11:53.685157249	91.719037	16.411449	1003.840268	4.769544	18.218095	602.218046	85.412300	16.662748	1002.956893	5.460502	11.803892	
6/30/2021 10:11:54.685157249	91.857027	16.384640	1004.080923	5.128811	18.289813	603.501354	85.717850	16.763099	1002.906749	4.778776	11.840545	
6/30/2021 10:11:55.685157249	91.712467	16.476284	1005.082177	5.522410	18.417862	605.305739	85.650747	16.932948	1003.632810	0.781968	11.818611	
6/30/2021 10:11:56.685157249	91.659899	16.469515	1004.999147	5.323963	18.341612	604.277385	85.808897	16.808849	1003.308573	1.216627	11.840716	
6/30/2021 10:11:57.685157249	91.955591	16.534051	1005.168836	5.248226	18.334877	603.953437	85.560515	16.872867	1003.767805	2.914909	11.817599	
6/30/2021 10:11:58.685157249	91.640186	16.480358	1005.429518	5.220761	18.362593	604.835258	85.613030	16.830016	1003.406823	-1.106529	11.845052	
6/30/2021 10:11:59.685157249	92.119865	16.628496	1005.381970	5.450573	18.392676	605.263027	85.686519	16.862178	1003.477000	0.084786	11.813091	
6/30/2021 10:12:00.685157249	91.876740	16.475461	1003.683354	5.286662	18.360062	606.164562	85.872503	16.797123	1003.345791	0.493505	11.818900	
6/30/2021 10:12:01.685157249	91.863598	16.482529	1004.784514	5.438167	18.408106	606.136312	85.634346	16.837276	1003.650944	3.894272	11.812737	
6/30/2021 10:12:02.685157249	91.935879	16.433136	1005.256361	5.103766	18.314141	605.558062	85.789341	16.748462	1003.531566	4.824104	11.844671	
6/30/2021 10:12:03.685157249	91.981875	16.408348	1003.513034	5.080887	18.401167	606.953076	85.876709	16.864464	1003.728537	8.454900	11.781722	
6/30/2021 10:12:04.685157249	91.797889	16.453400	1004.719146	5.171697	18.343857	604.975876	85.808450	16.824206	1003.367554	3.083115	11.790619	
6/30/2021 10:12:05.685157249	92.106723	16.453999	1004.517128	5.202309	18.320427	605.293909	85.527108	16.834577	1003.649686	10.135105	11.808925	
6/30/2021 10:12:06.685157249	91.949020	16.448802	1004.783410	5.183597	18.339082	605.910923	85.675270	16.811030	1003.638804	2.877445	11.847957	
6/30/2021 10:12:07.685157249	91.811031	16.538350	1004.068543	5.329097	18.368267	606.716520	85.581936	16.801378	1003.396255	5.770973	11.821949	
6/30/2021 10:12:08.685157249	91.916166	16.501371	1005.241221	5.273235	18.352960	604.780063	85.739823	16.854399	1003.240446	1.931886	11.816442	
6/30/2021 10:12:09.685157249	92.054155	16.464842	1004.368256	5.478317	18.345041	607.658798	85.492046	16.745657	1003.892863	6.853555	11.774362	
6/30/2021 10:12:10.685157249	91.922737	16.442482	1005.118765	5.239153	18.328305	604.705155	85.573894	16.800446	1003.860218	4.844802	11.838666	
6/30/2021 10:12:11.685157249	91.837314	16.488100	1005.578390	5.397711	18.382472	606.156679	85.486631	16.855437	1003.820478	3.139967	11.824025	
6/30/2021 10:12:12.685157249	92.001588	16.486154	1004.314008	5.257619	18.339367	605.197318	85.368197	16.817771	1003.358723	0.247749	11.828020	
6/30/2021 10:12:13.685157249	92.113294	16.697181	1006.695083	6.016864	18.568605	606.575249	85.808345	17.005474	1003.752508	3.885098	11.747500	
6/30/2021 10:12:14.685157249	91.857027	16.469515	1004.526986	5.332448	18.348429	605.341220	85.303696	16.830534	1003.316775	0.272379	11.844921	
6/30/2021 10:12:15.685157249	91.804460	16.549043	1006.074365	5.439096	18.420433	606.351176	85.571187	16.813411	1003.369762	3.182674	11.830793	
6/30/2021 10:12:16.685157249	92.027872	16.465216	1006.356416	4.988017	18.300263	607.073980	85.297729	16.811961	1003.663090	4.842181	11.822580	
6/30/2021 10:12:17.685157249	92.100152	16.459645	1004.805331	5.290437	18.399412	608.729864	85.604489	16.806151	1003.615147	6.818712	11.829861	
6/30/2021 10:12:18.685157249	91.935879	16.501147	1003.676336	5.190628	18.337939	606.389288	85.399500	16.824830	1003.459181	3.183984	11.833672	
6/30/2021 10:12:19.685157249	91.673041	16.318501	1004.109467	5.342656	18.418147	606.757916	85.517016	16.867163	1003.960361	8.273859	11.794969	
6/30/2021 10:12:20.685157249	92.270996	16.512963	1005.457747	5.116925	18.353491	607.359163	85.481768	16.836958	1003.576036	1.933197	11.841084	
6/30/2021 10:12:21.685157249	92.093581	16.576151	1005.714724	5.359608	18.367450	607.568775	85.270394	16.855955	1003.783417	2.709239	11.815891	
6/30/2021 10:12:22.685157249	92.126436	16.533452	1005.362100	5.344457	18.364879	606.834140	85.582173	16.837382	1003.299585	-0.737895	11.825576	
6/30/2021 10:12:23.685157249	92.093581	16.591368	1005.602675	5.159669	18.479620	607.278992	85.506291	16.821401	1003.855488	0.687651	11.794049	
6/30/2021 10:12:24.685157249	91.653328	16.364451	1004.731841	5.269100	18.499989	608.547849	85.466104	16.720861	1003.652051	3.250010	11.788516	
6/30/2021 10:12:25.685157249	92.290709	16.449775	1006.201631	5.500270	18.318672	607.727791	85.594421	16.793906	1003.963041	4.602978	11.787517	
6/30/2021 10:12:26.685157249	91.981875	16.491351	1004.645025	5.239573	18.354674	605.741392	85.398896	16.818914	1003.455079	1.458451	11.843357	
6/30/2021 10:12:27.685157249	92.323564	16.519358	1005.685628	5.238018	18.386717	605.836015	85.598285	16.933879	1003.789726	0.925544	11.819491	
6/30/2021 10:12:28.685157249	92.087010	16.501895	1005.735540	5.174209	18.349858	606.117251	85.386306	16.851807	1003.614833	3.040408	11.845223	
6/30/2021 10:12:29.685157249	92.165861	16.527955	1004.709131	5.151945	18.342796	605.720363	85.675480	16.810924	1003.634703	11.188086	11.817560	
6/30/2021 10:12:30.685157249	92.225000	16.449625	1005.873767	5.033305	18.334265	606.314379	85.448257	16.832715	1003.667191	2.543655	11.821174	
6/30/2021 10:12:31.685157249	91.817602	16.365274	1004.003333	5.368444	18.568605	608.014943	85.773335	16.918830	1003.216789	2.671775	11.783785	
6/30/2021 10:12:32.685157249	92.264426	16.549043	1006.366903	5.149269	18.355776	605.464756	85.672168	16.857098	1003.225149	1.113137	11.825090	
6/30/2021 10:12:33.685157249	92.073868	16.508589	1004.549536	5.433023	18.452435	608.688467	85.851529	16.925264	1003.761654	1.851715	11.812487	
6/30/2021 10:12:34.685157249	92.244713	16.596416	1006.204942	5.220209	18.216380	604.856940	85.502085	16.647085	1002.334756	-6.845637	11.772825	
6/30/2021 10:12:35.685157249	92.218429	16.502494	1005.089590	5.141714	18.320958	608.097735	85.612530	16.850251	1003.743992	10.348639	11.828730	
6/30/2021 10:12:36.685157249	92.080439	16.443754	1006.055204	5.097082	18.297691	607.769187	85.754069	16.781354	1003.463753	4.233034	11.843147	
6/30/2021 10:12:37.685157249	92.369561	16.603259	1006.496299	5.411448	18.388146	608.909246	85.632296	16.847965	1003.500971	4.535641	11.802722	
6/30/2021 10:12:38.685157249	91.850456	16.555138	1004.255499	5.018820	18.310182	608.787027	85.677478	16.833646	1003.395626	3.057175	11.816981	
6/30/2021 10:12:39.685157249	92.402415	16.538799	1004.393963	5.483341	18.394962	610.330542	85.772493	16.829073	1003.806917	2.115548	11.795665	
6/30/2021 10:12:40.685157249	92.041014	16.459420	1005.271815	5.009833	18.258301	609.120174	85.518881	16.818395	1002.936079	7.061847	11.812369	
6/30/2021 10:12:41.685157249	92.330135	16.539697	1004.636589	5.052902	18.457497	610.412681	85.955718	16.803452	1003.954524	3.428430	11.795876	
6/30/2021 10:12:42.685157249	92.192145	16.523282	1005.348774	5.397255	18.354389	609.036066	85.628380	16.846928	1003.172634	1.970661	11.831897	
6/30/2021 10:12:43.685157249	92.323564	16.497971	1005.210626	5.151581	18.316713	610.524386	85.963183	16.861353	1003.673814	7.123941	11.826838	
6/30/2021 10:12:44.685157249	92.349848	16.490528	1005.459875	5.058464	18.355776	608.229154	85.682550	16.831677	1003.264260	0.625557	11.838074	
