
Time stamp	Inside_humidity (in %rH)	Inside_temperature (in °C)	Inside_pressure (in mbar)	Soil_moisture (in %VWC)	Soil_temperature (in °C)	Inside_CO2_ratio (in ppm)	Outside_humidity (in %rH)	Outside_temperature (in °C)	Outside_pressure (in mbar)	Outside_PAR (in µmol m^-2 s^-1)	Power_box_charge (in V)	
6/30/2021 12:24:46.386792749	83.833908	23.918173	1006.432980	29.316264	21.597801	442.034682	61.170663	24.511210	1000.185113	1589.526746	12.017592	
6/30/2021 12:24:47.386792749	84.070462	23.858311	1005.305799	29.148848	21.663234	440.917620	61.163883	24.371449	999.696393	1586.828409	12.035373	
6/30/2021 12:24:48.386792749	84.096746	23.908004	1006.537301	29.691285	21.715726	441.244852	60.923832	24.484340	1000.405426	1598.608167	12.027383	
6/30/2021 12:24:49.386792749	84.057320	23.863732	1006.558827	29.000814	21.710869	441.166659	60.934713	24.491705	1000.042393	1598.516472	12.055033	
6/30/2021 12:24:50.386792749	84.412151	23.886018	1006.516169	29.255428	21.670132	441.901947	61.021897	24.520650	1000.471188	1607.081753	12.024531	
6/30/2021 12:24:51.386792749	84.169026	23.843842	1006.546527	28.913449	21.702664	442.243641	60.759401	24.504881	999.731560	587.657272	11.888670	
6/30/2021 12:24:52.386792749	84.681559	23.950179	1003.026207	29.694734	21.710093	441.313845	60.647248	24.591208	1000.585050	1596.748236	12.003320	
6/30/2021 12:24:53.386792749	84.201881	23.879623	1005.698243	28.962586	21.751402	441.049039	60.773200	24.541298	1000.182433	698.777497	11.918975	
6/30/2021 12:24:54.386792749	84.747269	23.907929	1006.793173	29.543313	21.703277	441.250767	60.866035	24.625963	1000.127710	1581.226337	12.034637	
6/30/2021 12:24:55.386792749	84.385867	23.865679	1007.411132	28.469548	21.688500	442.581387	60.513673	24.631879	1000.381612	1592.862519	12.023033	
6/30/2021 12:24:56.386792749	84.944397	23.971192	1008.521754	29.108052	21.731891	442.144418	60.862485	24.691748	999.860562	1111.225966	11.915769	
6/30/2021 12:24:57.386792749	84.582995	23.932417	1006.287894	28.934049	21.760995	442.030082	60.878387	24.718831	1000.025202	1595.000699	12.045177	
6/30/2021 12:24:58.386792749	85.029819	23.930813	1006.631607	29.300536	21.670622	441.507690	61.106163	24.709179	1000.487271	1180.513366	11.945509	
6/30/2021 12:24:59.386792749	84.780124	23.938213	1006.357125	28.697097	21.766383	442.041912	60.821956	24.805158	1000.278632	1585.864776	11.992675	
6/30/2021 12:25:00.386792749	85.036390	24.028659	1006.402071	29.039666	21.738667	445.197286	60.944649	24.867101	1000.278475	1459.812325	11.971661	
6/30/2021 12:25:01.386792749	85.240090	23.860407	1007.787332	28.981928	21.741483	444.106505	61.063030	24.757840	1000.401482	1584.023961	12.018196	
6/30/2021 12:25:02.386792749	85.167809	23.865828	1007.295615	29.215986	21.696174	444.418623	61.317327	24.820302	1000.075038	1585.278678	12.033809	
6/30/2021 12:25:03.386792749	85.180951	23.880746	1006.368559	29.300286	21.688215	443.978370	61.078775	24.830779	999.801423	1585.838835	12.056334	
6/30/2021 12:25:04.386792749	85.575208	23.897385	1007.415153	29.529808	21.706379	448.288918	61.207382	24.931012	1000.002810	1594.990214	12.001164	
6/30/2021 12:25:05.386792749	85.305799	23.838720	1006.342223	29.223822	21.650825	445.502173	61.336645	24.897083	999.346449	1584.569973	12.006829	
6/30/2021 12:25:06.386792749	85.167809	23.941581	1005.984157	29.152580	21.766750	447.821720	61.330916	24.958401	1000.657749	1591.350523	12.008327	
6/30/2021 12:25:07.386792749	85.279515	23.939186	1006.819195	28.844330	21.756790	447.091032	61.178443	24.948961	1000.048859	1589.165706	12.055874	
6/30/2021 12:25:08.386792749	85.562066	24.019388	1006.628690	29.398478	21.770954	450.880502	61.449403	25.043691	1000.104054	1595.369332	12.003267	
6/30/2021 12:25:09.386792749	85.713197	23.923071	1006.946855	29.348205	21.700093	447.888745	61.511301	24.947818	999.935312	1588.225391	12.057254	
6/30/2021 12:25:10.386792749	85.456931	23.950478	1006.650216	28.955177	21.836142	450.472447	61.454266	25.072223	1000.403690	1588.719523	12.030747	
6/30/2021 12:25:11.386792749	85.443789	23.972389	1007.108816	28.602868	21.713726	448.292202	61.327367	25.002808	1000.373410	1582.169272	12.009654	
6/30/2021 12:25:12.386792749	85.562066	23.955601	1007.234268	29.435161	21.837530	451.294473	61.734214	25.047840	1000.252925	1574.174091	12.037515	
6/30/2021 12:25:13.386792749	85.713197	23.901609	1008.164083	29.022487	21.693031	449.681301	61.851125	24.987452	1000.189214	1586.417070	12.041957	
6/30/2021 12:25:14.386792749	85.857758	23.976239	1006.519401	30.103448	21.818263	448.301401	61.853043	25.072011	1000.022837	1587.896844	12.017211	
6/30/2021 12:25:15.386792749	86.041744	23.944907	1006.394186	29.371338	21.719645	447.714614	61.873912	25.017127	999.648293	1550.109958	12.011875	
6/30/2021 12:25:16.386792749	86.035174	23.965321	1007.284576	30.016274	21.785690	450.774049	62.063918	25.045141	1000.167293	1551.099532	12.033743	
6/30/2021 12:25:17.386792749	85.864329	23.955151	1006.219845	28.942827	21.691888	451.160423	62.109048	25.018270	1000.368680	1577.317300	12.028250	
6/30/2021 12:25:18.386792749	85.989177	23.996653	1006.793173	29.683680	21.750545	449.584710	62.234500	24.992119	1000.053746	1427.973090	12.016357	
6/30/2021 12:25:19.386792749	85.976035	23.928492	1006.600303	28.820471	21.687072	448.978210	62.029907	24.982785	1000.057376	1188.971502	11.995921	
6/30/2021 12:25:20.386792749	86.153450	24.087174	1005.933693	29.728210	21.736136	451.201819	62.152152	25.031859	1000.178018	564.506982	11.861493	
6/30/2021 12:25:21.386792749	86.265157	23.998150	1004.048515	28.670651	21.786261	452.225574	62.245539	25.123477	1000.160984	827.897563	11.940318	
6/30/2021 12:25:22.386792749	86.455714	24.025333	1005.057339	29.090053	21.809813	451.577678	62.283966	25.194342	1000.486328	1242.287910	11.972805	
6/30/2021 12:25:23.386792749	86.429430	23.944832	1005.986602	28.986550	21.696746	450.934382	62.403899	25.121297	1000.058162	169.407317	11.854265	
6/30/2021 12:25:24.386792749	86.265157	23.994301	1006.934712	28.999292	21.752586	455.183819	62.595061	25.265938	1000.570381	1301.827602	11.983502	
6/30/2021 12:25:25.386792749	86.284869	24.019313	1005.877788	28.715878	21.765852	453.901825	62.810194	25.202851	1000.270116	1075.481606	11.974539	
6/30/2021 12:25:26.386792749	86.481998	24.072855	1006.511359	29.201548	21.868429	454.827674	62.938091	25.273303	1000.587415	1578.040421	11.996539	
6/30/2021 12:25:27.386792749	86.298011	24.018714	1007.268569	28.911695	21.788792	453.085713	62.630675	25.208249	1000.453840	1590.966164	12.039210	
6/30/2021 12:25:28.386792749	86.567420	23.998974	1005.929357	29.590911	21.796466	458.756447	62.894565	25.229616	1000.379876	1093.978524	11.975223	
6/30/2021 12:25:29.386792749	86.659413	23.988130	1003.915178	29.061492	21.729360	455.911223	63.086121	25.206894	999.926324	1223.326736	11.986275	
6/30/2021 12:25:30.386792749	86.442572	24.072406	1005.382917	29.119342	21.789404	456.932347	63.234598	25.283675	1000.354012	1132.365681	11.934824	
6/30/2021 12:25:31.386792749	86.593704	23.992953	1004.790822	28.971100	21.739197	455.744976	63.200430	25.202745	999.832332	1143.452198	11.962357	
6/30/2021 12:25:32.386792749	86.928822	24.150811	1005.581149	29.210922	21.833897	460.619312	63.038021	25.314599	1000.364107	1575.111785	12.019576	
6/30/2021 12:25:33.386792749	86.514852	24.019013	1006.435425	28.853853	21.780873	459.675065	63.149728	25.354857	1000.141429	1586.226856	12.020049	
6/30/2021 12:25:34.386792749	86.876254	24.063060	1006.764077	29.039842	21.782628	459.612639	63.318364	25.319160	1000.828541	1592.103245	12.005317	
6/30/2021 12:25:35.386792749	86.994531	24.029782	1007.463490	28.800207	21.748300	459.221013	63.375900	25.370732	1000.388236	1572.832651	12.049487	
6/30/2021 12:25:36.386792749	86.685697	23.945805	1005.822828	29.130715	21.690500	461.950585	63.445972	25.278383	1000.022837	1600.166802	12.059856	
6/30/2021 12:25:37.386792749	86.948534	24.027130	1006.940231	29.495198	21.894798	464.106516	63.610536	25.380585	1000.485378	1600.019565	12.031404	
6/30/2021 12:25:38.386792749	87.119379	24.076855	1006.468936	28.972814	21.775485	461.450538	63.177667	25.276415	1000.260813	1594.067977	12.013531	
6/30/2021 12:25:39.386792749	86.902538	24.108786	1007.353649	29.836668	21.896186	463.206297	63.412618	25.217583	1000.362528	1587.162199	12.030458	
6/30/2021 12:25:40.386792749	87.119379	24.047319	1007.697836	29.169552	21.729890	465.260375	63.369881	25.100650	1000.201989	1586.250175	12.014280	
6/30/2021 12:25:41.386792749	86.987960	24.156757	1006.047397	29.336451	21.855735	467.238228	63.372036	25.158857	1000.500046	1599.750220	12.015253	
6/30/2021 12:25:42.386792749	87.073382	24.029632	1005.590770	29.243645	21.739238	463.237178	63.272815	25.039743	999.943514	975.023557	11.949925	
6/30/2021 12:25:43.386792749	87.349362	24.073230	1002.554203	29.392002	21.716298	464.137398	63.264745	25.116736	1000.301025	1588.842400	12.011875	
6/30/2021 12:25:44.386792749	87.020815	24.077379	1002.566898	28.902709	21.767525	467.986662	63.248239	25.163736	1000.506670	1588.789209	12.043744	
6/30/2021 12:25:45.386792749	87.382217	24.105834	1002.374500	29.349142	21.820263	469.754252	63.385625	25.204206	1000.666423	1591.752689	11.996604	
6/30/2021 12:25:46.386792749	87.257369	24.026231	1003.308810	28.727188	21.807813	466.869600	63.284748	25.074192	1000.412678	1597.354761	12.054205	
6/30/2021 12:25:47.386792749	87.257369	24.077903	1004.128471	29.974409	21.827325	467.292770	63.121288	25.065164	1000.182905	1591.835481	12.028684	
6/30/2021 12:25:48.386792749	87.421642	24.047319	1002.116971	28.954673	21.712338	469.262741	63.004562	24.989008	1000.436335	1586.665446	12.021929	
6/30/2021 12:25:49.386792749	87.355933	24.204354	1003.727985	29.586687	21.829366	470.618327	62.996992	25.015466	1000.530641	1596.269561	12.023532	
6/30/2021 12:25:50.386792749	87.447926	24.057788	1004.119639	28.930709	21.736666	468.015575	62.934542	24.963068	1000.383977	1594.462550	12.020496	
6/30/2021 12:25:51.386792749	87.710764	24.058088	1004.969814	29.136962	21.721686	468.141079	63.089223	25.064963	1000.637722	1566.427286	12.020154	
6/30/2021 12:25:52.386792749	87.309936	24.111031	1005.411776	28.784125	21.806099	471.952232	62.673860	25.018577	1000.508720	1484.011135	12.011179	
6/30/2021 12:25:53.386792749	87.651625	24.011988	1005.589981	29.247585	21.772669	473.702738	62.836977	25.026155	999.928689	1442.791260	11.971398	
6/30/2021 12:25:54.386792749	87.737047	24.021034	1007.030516	29.041973	21.721114	470.338407	62.756575	25.003327	1000.020472	1135.438934	11.978824	
6/30/2021 12:25:55.386792749	87.467639	24.135520	1005.855788	30.254798	21.835570	470.923877	62.949130	25.018059	1000.281626	1182.143270	11.981465	
6/30/2021 12:25:56.386792749	87.691051	24.072930	1005.900181	29.256339	21.719972	473.734272	62.528195	24.988902	1000.371045	1241.625844	12.006618	
6/30/2021 12:25:57.386792749	87.789615	24.189661	1007.545810	29.280486	21.800466	474.790224	62.688762	25.091315	1000.714523	1255.067734	11.966798	
6/30/2021 12:25:58.386792749	87.546490	24.100263	1006.048658	28.906113	21.793078	473.154717	62.771267	25.069006	1000.668631	1286.053387	11.982713	
6/30/2021 12:25:59.386792749	87.835612	24.180165	1005.499064	29.507608	21.790547	474.836883	62.827594	25.202026	1000.795425	1288.579588	11.947414	
6/30/2021 12:26:00.386792749	87.927605	24.062312	1006.340724	29.468247	21.736952	476.747711	62.696779	25.098575	1000.146002	1292.906518	12.013768	
6/30/2021 12:26:01.386792749	87.638483	24.142813	1008.172205	29.441865	21.866470	479.726985	62.730843	25.207000	1000.750005	1162.449799	11.961844	
6/30/2021 12:26:02.386792749	87.737047	24.085570	1005.243034	29.218689	21.729605	474.783657	62.668497	25.072636	1000.077560	848.786288	11.904362	
6/30/2021 12:26:03.386792749	88.052453	24.152159	1005.603622	29.547968	21.783730	475.598453	62.757731	25.191855	1000.016686	578.060238	11.861953	
6/30/2021 12:26:04.386792749	88.006456	24.126772	1007.279056	28.472030	21.804997	480.545065	62.854377	25.155015	1000.544359	485.263525	11.848693	
6/30/2021 12:26:05.386792749	87.704193	24.128419	1006.294438	28.987310	21.811528	481.390090	62.789772	25.327881	1000.878692	620.830938	11.877316	
6/30/2021 12:26:06.386792749	87.960459	24.109909	1007.386609	29.207403	21.745442	478.917441	62.775735	25.237818	1000.143008	710.466345	11.910354	
6/30/2021 12:26:07.386792749	88.039311	24.211946	1006.561272	29.250349	21.884308	481.062858	63.130514	25.351534	1000.940038	771.741828	11.895005	
6/30/2021 12:26:08.386792749	88.072165	24.068107	1005.600388	28.967632	21.735524	483.685324	63.235649	25.188014	1000.377354	1000.946606	11.951567	
6/30/2021 12:26:09.386792749	88.013027	24.153431	1006.902462	29.458620	21.773281	484.479753	63.313292	25.272985	1000.183062	1211.874208	11.977969	
6/30/2021 12:26:10.386792749	88.098449	24.115180	1007.488170	29.106447	21.778302	481.419003	63.345595	25.271748	1000.371045	1128.239447	11.983949	
6/30/2021 12:26:11.386792749	88.256152	24.149582	1006.786392	28.938854	21.791976	482.536065	63.559229	25.409953	1000.563601	1142.612752	11.959649	
6/30/2021 12:26:12.386792749	88.045882	23.999273	1007.353492	29.518224	21.654784	487.103534	63.580703	25.301317	1000.018264	1583.421368	12.025240	
6/30/2021 12:26:13.386792749	88.105020	24.142887	1007.081533	29.326195	21.897329	487.959074	63.838968	25.459027	1000.364422	1402.976228	12.002545	
6/30/2021 12:26:14.386792749	88.210155	24.104861	1005.236963	29.289417	21.727605	484.069066	63.593740	25.311794	999.449429	1425.305935	12.006277	
6/30/2021 12:26:15.386792749	88.374429	24.263468	1006.448120	29.293892	21.820018	485.398371	63.832607	25.446994	1000.515187	1093.937128	11.945022	
6/30/2021 12:26:16.386792749	88.243010	24.162852	1006.502448	28.894804	21.790792	489.178642	63.999878	25.371145	1000.260970	978.620816	11.964630	
6/30/2021 12:26:17.386792749	88.164159	24.145058	1006.617808	29.253272	21.779526	491.281346	63.892192	25.443046	1000.631570	1402.121327	11.983975	
6/30/2021 12:26:18.386792749	88.243010	24.157805	1005.842936	29.281408	21.771811	487.401853	64.023611	25.379548	1000.173917	1141.060669	11.989692	
6/30/2021 12:26:19.386792749	88.433567	24.168573	1006.801295	29.854862	21.809813	487.313146	64.171931	25.418144	999.676994	1033.413356	11.930225	
6/30/2021 12:26:20.386792749	88.433567	24.143262	1005.402787	28.916885	21.752300	493.246717	63.838021	25.390649	1000.373253	1316.988739	12.001046	
6/30/2021 12:26:21.386792749	88.190442	24.268740	1006.462865	29.142022	21.821120	493.252632	63.964525	25.496174	1000.468980	1481.257257	12.002308	
6/30/2021 12:26:22.386792749	88.098449	24.347594	1005.609062	28.724952	21.834142	490.961998	63.918081	25.504270	1000.263178	1590.902759	12.015266	
6/30/2021 12:26:23.386792749	88.472993	24.153506	1005.330717	29.432237	21.839815	490.795751	64.332945	25.487559	1000.368837	1520.264020	12.017776	
6/30/2021 12:26:24.386792749	88.453280	24.184464	1006.461524	29.057687	21.793323	495.624743	64.409484	25.485273	1000.191422	1053.986362	11.970268	
6/30/2021 12:26:25.386792749	88.335003	24.247802	1007.485016	29.740250	21.808385	495.754846	64.358677	25.483305	1000.156569	1450.217383	12.007026	
6/30/2021 12:26:26.386792749	88.348145	24.243279	1006.860828	28.720075	21.806099	494.464317	64.189698	25.497105	1000.057690	1433.692799	12.004397	
6/30/2021 12:26:27.386792749	88.702976	24.266537	1005.604646	29.206353	21.875001	494.095026	64.377391	25.563822	1000.502569	1597.149092	11.998497	
6/30/2021 12:26:28.386792749	88.518989	24.158104	1005.059152	29.001182	21.735524	498.433169	64.380493	25.518272	999.852202	801.082142	11.887146	
6/30/2021 12:26:29.386792749	88.367858	24.169621	1007.222677	29.715877	21.812344	499.832783	64.184126	25.531754	1000.254976	428.463503	11.874609	
6/30/2021 12:26:30.386792749	88.440138	24.121949	1006.540612	29.122329	21.752831	497.612458	64.212066	25.511837	1000.298345	622.450359	11.921577	
6/30/2021 12:26:31.386792749	88.637266	24.238905	1002.404542	29.448656	21.765362	497.556601	64.360438	25.561017	1000.399432	1242.755062	11.974723	
6/30/2021 12:26:32.386792749	88.610983	24.201103	1002.840984	29.190312	21.776914	501.660819	64.542954	25.573780	1000.213499	1294.280182	12.001795	
6/30/2021 12:26:33.386792749	88.716118	24.286801	1006.723075	29.059265	21.776669	504.730116	64.258510	25.665399	999.734869	677.043808	11.856827	
6/30/2021 12:26:34.386792749	88.794969	24.201552	1005.591084	29.202630	21.773526	499.451009	64.341277	25.586438	1000.029461	500.398739	11.902982	
6/30/2021 12:26:35.386792749	88.459851	24.295698	1006.319356	28.610237	21.791078	500.260553	64.609135	25.639565	1000.267593	690.272176	11.887619	
6/30/2021 12:26:36.386792749	88.814682	24.250497	1005.603622	29.522584	21.788588	504.500127	64.951166	25.667473	1000.596875	1080.781076	11.901720	
6/30/2021 12:26:37.386792749	88.781827	24.196056	1006.274410	29.355709	21.768995	503.708329	64.900702	25.545661	1000.189214	1398.771136	12.025188	
6/30/2021 12:26:38.386792749	88.867249	24.154554	1005.466893	29.717391	21.899329	504.985070	64.775459	25.655747	1000.349439	1041.533772	11.942631	
6/30/2021 12:26:39.386792749	88.992097	24.228660	1006.697211	29.250549	21.794506	501.492604	64.759610	25.610821	1000.104054	660.978495	11.903507	
6/30/2021 12:26:40.386792749	88.939530	24.301644	1006.555515	29.639108	21.856347	506.506894	64.930007	25.685835	1000.547832	922.437842	11.912930	
6/30/2021 12:26:41.386792749	88.591270	24.160051	1006.191695	29.465892	21.793649	505.358951	65.044002	25.662594	1000.616273	1587.633011	12.018394	
6/30/2021 12:26:42.386792749	88.689834	24.276781	1006.592418	29.412078	21.916636	506.959640	64.844980	25.774448	1000.644974	1249.160430	11.966562	
6/30/2021 12:26:43.386792749	88.781827	24.184988	1006.625930	29.071447	21.760464	504.962725	64.818748	25.620886	1000.462986	1385.339463	12.017697	
6/30/2021 12:26:44.386792749	88.926388	24.364158	1007.080981	29.458956	21.868756	509.437540	64.994456	25.689158	1000.592302	1595.732722	12.031654	
6/30/2021 12:26:45.386792749	89.031523	24.169621	1005.923995	29.335046	21.729890	506.998405	64.940128	25.629807	1000.005332	1486.145383	12.040958	
6/30/2021 12:26:46.386792749	88.959242	24.230382	1005.026193	29.253504	21.831366	506.805876	64.857517	25.743111	1001.235573	1595.846697	11.998378	
6/30/2021 12:26:47.386792749	88.624124	24.264965	1006.235694	28.899849	21.869572	506.606779	64.705938	25.725268	1000.259391	1584.066668	12.023900	
6/30/2021 12:26:48.386792749	88.748972	24.343445	1006.111898	29.361500	21.904146	511.287922	64.819957	25.745810	1000.563758	1335.426177	11.995040	
6/30/2021 12:26:49.386792749	88.952672	24.243578	1006.164727	29.145759	21.769526	508.739049	64.899546	25.706694	999.940514	1163.992979	11.964197	
6/30/2021 12:26:50.386792749	89.057807	24.318807	1006.087926	28.987846	21.838713	509.177334	64.632554	25.829650	1000.841474	1222.509299	11.974473	
6/30/2021 12:26:51.386792749	89.143229	24.255319	1006.653607	29.305163	21.754014	507.683097	64.689537	25.823628	1000.075824	457.515639	11.857340	
6/30/2021 12:26:52.386792749	89.084090	24.227612	1007.067340	29.728360	21.833897	512.059353	64.850052	25.744560	1000.434756	271.130405	11.812658	
6/30/2021 12:26:53.386792749	88.952672	24.238381	1005.582173	29.332363	21.761035	510.707051	64.864088	25.832761	1000.760572	259.154128	11.788477	
6/30/2021 12:26:54.386792749	88.939530	24.266013	1005.838126	29.520544	21.802180	509.208215	64.850999	25.780670	1000.650969	359.637942	11.845749	
6/30/2021 12:26:55.386792749	88.873820	24.238680	1006.459159	28.724697	21.814344	509.805516	64.720184	25.818336	1000.585678	307.561772	11.857432	
6/30/2021 12:26:56.386792749	88.978955	24.324678	1005.979112	29.862686	21.913289	513.295351	65.158125	25.846032	1000.706792	870.507907	11.913877	
6/30/2021 12:26:57.386792749	89.057807	24.281454	1005.693275	29.002800	21.833897	511.151903	65.285024	25.794883	1000.126131	1589.847430	12.031811	
6/30/2021 12:26:58.386792749	89.195796	24.367527	1006.309578	29.165162	21.858306	511.274123	65.321243	25.925829	1000.900769	838.929855	11.912851	
6/30/2021 12:26:59.386792749	89.248364	24.243802	1005.932274	29.116675	21.790221	510.731364	65.294407	25.825702	1000.362057	1410.288376	12.010771	
6/30/2021 12:27:00.386792749	89.346928	24.265115	1006.750830	29.543752	21.863613	513.301919	65.201519	25.822791	1000.553033	1566.106602	12.029735	
6/30/2021 12:27:01.386792749	89.399496	24.244401	1005.852476	28.862526	21.807813	513.393257	65.514507	25.790735	1000.753791	1352.747231	11.992951	
6/30/2021 12:27:02.386792749	89.176084	24.302842	1006.938181	29.194659	21.790833	513.227010	65.393733	25.882978	1000.773819	1593.452278	12.027777	
6/30/2021 12:27:03.386792749	89.123516	24.249299	1006.068608	29.377614	21.768709	511.490965	65.547072	25.794365	1000.336192	1574.607439	12.053627	
6/30/2021 12:27:04.386792749	89.333786	24.251245	1006.914132	30.381731	21.893125	514.191623	65.777792	25.958404	1000.625576	1398.414298	11.967508	
6/30/2021 12:27:05.386792749	89.274648	24.255469	1005.886777	29.064887	21.801037	515.095790	65.444040	25.883803	1000.366787	760.174007	11.931040	
6/30/2021 12:27:06.386792749	89.484918	24.360608	1006.437081	29.313333	21.898798	516.095231	65.646688	25.975115	1000.720989	1151.593311	11.964341	
6/30/2021 12:27:07.386792749	89.274648	24.245000	1006.917759	29.187821	21.778097	515.555756	65.649790	25.881210	1000.349282	1489.659847	12.038067	
6/30/2021 12:27:08.386792749	89.169513	24.266238	1006.038408	29.879169	21.840387	517.528357	65.546520	25.875707	1000.207033	1571.901510	12.031023	
6/30/2021 12:27:09.386792749	89.149800	24.260442	1005.743268	29.230085	21.766995	515.785082	65.501076	25.854340	1000.298660	766.831687	11.935061	
6/30/2021 12:27:10.386792749	89.300931	24.291923	1005.508290	29.215580	21.775566	517.432419	65.507489	25.916802	1000.717359	374.500152	11.841084	
6/30/2021 12:27:11.386792749	89.281219	24.292597	1004.432600	29.068860	21.814916	516.455976	65.640616	25.962246	1000.261756	678.700693	11.909342	
6/30/2021 12:27:12.386792749	89.465205	24.377172	1006.247128	29.362550	21.902472	519.186862	65.699151	25.983825	1000.548775	710.123652	11.909776	
6/30/2021 12:27:13.386792749	89.570340	24.271734	1006.443232	28.702319	21.743810	518.709813	65.439125	25.883179	1000.465194	260.711455	11.830872	
6/30/2021 12:27:14.386792749	89.649191	24.293271	1006.322115	29.493639	21.796792	518.578394	65.684957	26.006346	1000.257498	825.949596	11.898408	
6/30/2021 12:27:15.386792749	89.346928	24.335222	1007.286626	29.011009	21.844958	519.305798	65.716761	25.944085	1000.533006	170.535227	11.836865	
6/30/2021 12:27:16.386792749	89.254935	24.398410	1004.869042	29.576030	21.909003	521.024760	66.006724	25.980089	1000.483013	167.525374	11.813867	
6/30/2021 12:27:17.386792749	89.274648	24.366479	1007.579007	28.808489	21.832468	520.196818	65.747355	25.965876	1000.535371	709.207695	11.906780	
6/30/2021 12:27:18.386792749	89.452063	24.325950	1006.529022	28.909537	21.838468	520.804634	65.805442	25.986735	1000.253082	169.747390	11.786755	
6/30/2021 12:27:19.386792749	89.432350	24.350888	1005.492283	28.965245	21.839570	519.281485	65.919908	25.930496	1000.419302	164.133782	11.820687	
6/30/2021 12:27:20.386792749	89.603195	24.388091	1006.198871	29.727095	21.871899	520.039770	66.050118	25.885253	1000.594667	165.777833	11.819965	
6/30/2021 12:27:21.386792749	89.563769	24.299591	1005.564039	29.249572	21.827651	518.809688	65.982096	25.846244	1000.662637	161.962065	11.800278	
6/30/2021 12:27:22.386792749	89.682046	24.304863	1005.440005	29.343896	21.845530	520.980733	65.887500	25.925205	1000.682192	170.126508	11.784863	
6/30/2021 12:27:23.386792749	89.714901	24.292522	1006.630345	29.298259	21.760219	519.441817	65.848232	25.762615	1000.182590	160.658087	11.830005	
6/30/2021 12:27:24.386792749	89.852890	24.386968	1007.464042	29.626222	21.808426	520.941305	65.953210	25.846868	1000.298817	161.504087	11.817021	
6/30/2021 12:27:25.386792749	89.747755	24.371975	1005.588087	29.005828	21.852306	521.060241	65.542604	25.872701	1000.649233	166.230569	11.830005	
6/30/2021 12:27:26.386792749	89.820036	24.283176	1005.547558	29.342414	21.847203	522.297554	65.561266	25.874257	1000.612172	161.582947	11.801369	
6/30/2021 12:27:27.386792749	89.701759	24.340269	1005.393561	28.855407	21.829651	521.744281	65.411894	25.910579	1000.744960	176.772398	11.813919	
6/30/2021 12:27:28.386792749	89.701759	24.399832	1006.138943	29.472108	21.859163	521.930232	65.542447	25.901858	1000.852670	166.825571	11.778686	
6/30/2021 12:27:29.386792749	89.530914	24.377771	1006.422178	29.278853	21.825978	521.608915	65.240341	25.881623	1000.581106	171.797809	11.837154	
6/30/2021 12:27:30.386792749	89.570340	24.298243	1006.260217	29.717764	21.847775	523.639342	65.173580	25.876850	1000.166029	470.458169	11.876961	
6/30/2021 12:27:31.386792749	89.458634	24.281978	1006.447410	29.246640	21.779199	521.924980	65.056302	25.874363	1000.243937	169.076148	11.828204	
6/30/2021 12:27:32.386792749	89.622907	24.369174	1005.700293	29.413319	21.806385	521.644396	64.866401	25.967643	1000.723197	166.605756	11.793773	
6/30/2021 12:27:33.386792749	89.570340	24.381696	1006.071211	28.719579	21.855694	522.516365	64.649612	25.967431	1000.715309	459.633124	11.869378	
6/30/2021 12:27:34.386792749	89.701759	24.302467	1006.205889	28.921899	21.766423	521.930895	64.754143	25.898747	1000.390915	175.828150	11.803656	
6/30/2021 12:27:35.386792749	89.793752	24.307814	1005.103783	29.338009	21.766709	520.581876	64.740449	25.835766	1000.112570	175.467380	11.854725	
6/30/2021 12:27:36.386792749	89.767468	24.377996	1006.718817	29.012123	21.840142	520.924223	64.710040	25.946265	1000.544045	166.842337	11.834513	
6/30/2021 12:27:37.386792749	89.852890	24.345990	1006.489833	29.353419	21.808671	520.042401	64.502739	25.869484	1000.106104	565.021812	11.899289	
6/30/2021 12:27:38.386792749	89.859461	24.345915	1005.360759	28.923581	21.809528	520.783604	64.383962	25.944709	1000.565808	338.303020	11.866539	
6/30/2021 12:27:39.386792749	89.859461	24.351262	1005.917372	28.889390	21.799037	520.656785	64.489097	25.917108	1000.263964	591.472540	11.909264	
6/30/2021 12:27:40.386792749	89.636049	24.409103	1005.488105	29.204071	21.846632	520.361750	64.588004	25.901340	1000.241729	279.882256	11.862242	
6/30/2021 12:27:41.386792749	89.662333	24.387492	1006.974847	29.164193	21.779199	521.041843	64.356522	25.887021	1000.572275	171.442011	11.826312	
6/30/2021 12:27:42.386792749	89.655762	24.394261	1004.603392	29.064887	21.800466	523.139948	64.322116	25.965357	1000.925055	225.674450	11.805745	
6/30/2021 12:27:43.386792749	89.570340	24.357357	1005.470048	28.989072	21.856837	521.959145	64.508758	25.927173	1000.609964	343.854803	11.839257	
6/30/2021 12:27:44.386792749	89.774039	24.313685	1005.904834	29.138116	21.759076	524.073680	64.573968	25.902377	1000.081818	299.023455	11.872374	
6/30/2021 12:27:45.386792749	89.846319	24.393138	1007.034932	28.945791	21.837856	524.947617	64.662939	25.976977	1000.346917	400.253704	11.874227	
6/30/2021 12:27:46.386792749	89.879174	24.393737	1004.921163	29.160998	21.821161	524.318119	64.432771	25.966394	1000.686136	412.265093	11.853818	
6/30/2021 12:27:47.386792749	89.859461	24.387866	1006.926985	28.995528	21.875817	524.257009	64.594285	25.971379	1000.149788	173.922887	11.816101	
6/30/2021 12:27:48.386792749	89.964596	24.319331	1005.953643	29.256940	21.768423	524.758372	64.733221	25.925617	1000.200096	1203.205161	11.997603	
6/30/2021 12:27:49.386792749	89.964596	24.362255	1005.713225	29.460406	21.776097	524.668349	64.749465	25.908081	1000.182905	166.868278	11.852675	
6/30/2021 12:27:50.386792749	90.043448	24.341018	1005.515782	29.014846	21.770138	525.965457	64.355023	25.906631	1000.014478	1585.506356	12.028263	
6/30/2021 12:27:51.386792749	89.984309	24.356684	1005.372982	30.086212	21.762219	523.690590	64.572864	25.940148	999.918436	1584.880444	12.019826	
6/30/2021 12:27:52.386792749	90.050019	24.340119	1005.603465	29.206730	21.786833	525.013327	64.548735	25.810346	1000.140957	839.519614	11.946048	
6/30/2021 12:27:53.386792749	89.971167	24.388839	1005.112614	29.003305	21.849204	525.312961	64.652504	25.811171	1000.278947	262.765535	11.851663	
6/30/2021 12:27:54.386792749	89.990880	24.441633	1005.009872	29.144034	21.858265	524.693978	64.415713	25.852160	1000.301182	256.286270	11.847983	
6/30/2021 12:27:55.386792749	90.142012	24.315481	1004.525644	29.155207	21.786588	524.571758	64.556962	25.810758	999.703173	458.216481	11.842989	
6/30/2021 12:27:56.386792749	90.030306	24.400206	1005.291923	29.008951	21.864225	525.592229	64.445203	25.883485	1000.219808	1316.431202	11.993937	
6/30/2021 12:27:57.386792749	90.069731	24.392988	1005.900970	29.096115	21.823120	526.506247	64.459002	25.860669	1000.303075	1054.803800	11.978547	
6/30/2021 12:27:58.386792749	90.050019	24.425892	1006.427540	28.990346	21.844958	526.468135	64.535094	25.885983	1000.550668	1592.796494	12.041786	
6/30/2021 12:27:59.386792749	90.135441	24.388689	1004.547013	29.292172	21.776097	525.462778	64.497666	25.851017	1000.156569	1556.576106	12.046872	
6/30/2021 12:28:00.386792749	90.082873	24.388390	1005.991413	28.970459	21.814630	526.697461	64.023164	25.878618	1000.386342	1595.080870	12.053837	
6/30/2021 12:28:01.386792749	90.030306	24.442007	1005.218354	29.166620	21.816630	525.476577	64.142940	25.885983	1000.088442	328.965342	11.866684	
6/30/2021 12:28:02.386792749	90.089444	24.394410	1006.152979	28.887676	21.857694	527.232336	64.119416	25.915765	1000.226589	1510.624791	12.031483	
6/30/2021 12:28:03.386792749	90.069731	24.383268	1005.573422	29.177280	21.788547	526.252608	63.951383	25.844169	1000.140485	586.476985	11.908580	
6/30/2021 12:28:04.386792749	90.142012	24.394186	1005.324882	29.365400	21.806385	527.073319	64.091529	25.818749	999.904560	999.959652	11.969230	
6/30/2021 12:28:05.386792749	90.174867	24.393737	1006.442443	28.946864	21.798180	528.102989	64.104119	25.884946	1000.007068	627.479446	11.904716	
6/30/2021 12:28:06.386792749	90.069731	24.452102	1005.828348	29.066833	21.804425	528.703574	64.025215	25.894080	1000.182119	1031.885632	11.942539	
6/30/2021 12:28:07.386792749	90.096015	24.405104	1004.465797	28.948626	21.822835	528.903987	64.035097	25.922506	999.847158	177.165661	11.825235	
6/30/2021 12:28:08.386792749	90.010593	24.452776	1004.546304	29.212321	21.829080	527.758012	64.277723	25.863155	1000.112570	1394.976074	12.021245	
6/30/2021 12:28:09.386792749	89.925171	24.404281	1004.481409	29.167085	21.808099	527.458377	64.208649	25.800175	1000.116829	283.842909	11.852517	
6/30/2021 12:28:10.386792749	89.918600	24.410526	1005.821647	29.482006	21.816059	526.781568	64.131007	25.830369	1000.119036	378.654951	11.850848	
6/30/2021 12:28:11.386792749	89.839749	24.557765	1004.556159	28.638197	21.971292	527.190940	64.075127	25.827469	999.799373	536.162515	11.847102	
6/30/2021 12:28:12.386792749	89.931742	24.409702	1005.791130	28.866708	21.846061	527.712016	64.066244	25.739587	1000.412678	178.501862	11.842976	
6/30/2021 12:28:13.386792749	89.971167	24.432212	1005.512785	29.334886	21.792833	526.311087	63.907542	25.574711	999.957390	280.217356	11.864686	
6/30/2021 12:28:14.386792749	89.958025	24.504522	1005.758880	28.927618	21.867041	527.100917	63.903731	25.654297	999.998866	184.219231	11.819728	
6/30/2021 12:28:15.386792749	90.050019	24.443729	1004.297212	29.210134	21.780342	526.071247	64.022797	25.599720	999.570228	922.089906	11.916886	
6/30/2021 12:28:16.386792749	90.063161	24.426117	1005.636976	28.948882	21.844632	527.511604	63.701687	25.641640	1000.186849	1593.245297	12.052497	
6/30/2021 12:28:17.386792749	90.319427	24.337467	1006.411296	29.163088	21.841856	525.949027	63.838021	25.607085	999.843371	1585.457368	12.012756	
6/30/2021 12:28:18.386792749	90.227434	24.409552	1006.138234	28.965077	21.811814	528.504477	63.895504	25.595465	1000.037191	1131.982631	11.978311	
6/30/2021 12:28:19.386792749	90.247147	24.494652	1004.995441	29.229380	21.811487	527.518172	63.840624	25.548571	999.786440	1591.124155	12.046662	
6/30/2021 12:28:20.386792749	90.266860	24.462272	1006.295464	28.962514	21.835856	528.781767	63.810581	25.446476	1000.298660	1589.046760	12.017316	
6/30/2021 12:28:21.386792749	90.280002	24.451578	1005.645570	29.212299	21.830141	528.515645	63.701792	25.339088	999.622429	1590.848528	12.027277	
6/30/2021 12:28:22.386792749	90.194579	24.510542	1005.507660	28.906545	21.856551	530.092673	63.696510	25.297168	1000.018107	1586.949976	12.050249	
6/30/2021 12:28:23.386792749	90.148583	24.526433	1006.263766	29.024833	21.860796	530.463932	63.638528	25.301529	1000.322316	1595.510286	12.050788	
6/30/2021 12:28:24.386792749	90.069731	24.495475	1004.320394	28.944509	21.892553	531.280044	63.442161	25.266043	1000.263492	1592.735710	12.036516	
6/30/2021 12:28:25.386792749	89.958025	24.500448	1005.746027	28.870608	21.857694	530.852274	63.397820	25.188014	1000.269959	1594.172777	12.049106	
6/30/2021 12:28:26.386792749	90.010593	24.537576	1005.540462	28.958036	21.865939	532.016647	63.468944	25.173176	1000.040342	1590.851149	12.026450	
6/30/2021 12:28:27.386792749	89.997451	24.448178	1006.427855	29.123611	21.845244	532.472014	63.535206	25.127732	1000.280840	1585.427496	12.008038	
6/30/2021 12:28:28.386792749	90.135441	24.511291	1005.098578	29.035405	21.892553	533.312439	63.514784	25.169133	1000.217601	1439.895116	11.997524	
6/30/2021 12:28:29.386792749	90.273431	24.457823	1005.425812	29.773545	21.750586	532.927381	63.258674	25.004777	1000.005175	603.049266	11.868024	
6/30/2021 12:28:30.386792749	90.325998	24.448776	1004.928181	29.106952	21.850918	533.292725	63.141001	25.191749	1000.276582	457.990113	11.883729	
6/30/2021 12:28:31.386792749	90.319427	24.431538	1005.968783	29.170985	21.833611	533.257244	63.119081	25.230971	999.967643	165.865596	11.837509	
6/30/2021 12:28:32.386792749	90.477130	24.488150	1006.254855	29.249950	21.938515	533.380117	63.413355	25.420748	1000.294244	164.282600	11.767607	
6/30/2021 12:28:33.386792749	90.358853	24.516862	1004.356193	29.374716	21.907003	532.297883	63.062097	25.288141	1000.372781	178.929969	11.814590	
6/30/2021 12:28:34.386792749	90.496843	24.726841	1006.896785	29.628433	21.955495	534.277052	63.133931	25.332029	1000.173917	233.772866	11.796204	
6/30/2021 12:28:35.386792749	90.312856	24.521386	1005.049612	29.142016	21.855122	532.588319	63.230734	25.266975	999.915442	176.869607	11.844461	
6/30/2021 12:28:36.386792749	90.286573	24.574554	1005.754307	29.763197	21.979252	534.441984	63.332296	25.378817	1000.436650	180.704761	11.823303	
6/30/2021 12:28:37.386792749	90.280002	24.448103	1005.726709	28.959518	21.842673	533.631787	62.900584	25.337839	999.985462	171.638507	11.840032	
6/30/2021 12:28:38.386792749	90.260289	24.492374	1004.529351	29.070734	21.863980	534.208059	63.149123	25.371557	1000.390601	164.405478	11.795113	
6/30/2021 12:28:39.386792749	90.174867	24.521461	1005.505058	28.893690	21.879777	533.119910	63.053923	25.397190	1000.134176	166.366282	11.842306	
6/30/2021 12:28:40.386792749	90.220863	24.574105	1005.761167	29.289237	21.929412	533.876880	63.176406	25.445333	1000.282891	169.733244	11.805154	
6/30/2021 12:28:41.386792749	90.128870	24.523257	1005.352008	29.018010	21.872470	533.934053	63.155851	25.399264	1000.379876	167.243193	11.815234	
6/30/2021 12:28:42.386792749	90.201150	24.565058	1004.657563	30.319186	21.939903	533.372886	63.406941	25.463376	999.874123	162.087564	11.802328	
6/30/2021 12:28:43.386792749	90.168296	24.484482	1005.917766	29.392464	21.806426	533.004258	63.372483	25.418769	999.456209	165.987434	11.819386	
6/30/2021 12:28:44.386792749	90.260289	24.497197	1004.048830	29.425437	21.946393	536.116266	63.721243	25.525743	1000.430026	1350.513424	11.964604	
6/30/2021 12:28:45.386792749	90.266860	24.532229	1006.438185	29.243412	21.856837	532.723022	63.775072	25.536845	999.725094	1592.334855	12.036792	
6/30/2021 12:28:46.386792749	90.536268	24.580649	1005.134692	29.256699	21.886920	533.221100	64.130140	25.581877	1000.140800	1594.857123	12.018275	
6/30/2021 12:28:47.386792749	90.417991	24.501121	1006.947092	28.829321	21.789731	533.184304	63.944812	25.465768	1000.055954	1151.797670	11.952684	
6/30/2021 12:28:48.386792749	90.549410	24.590145	1004.854691	29.525953	21.897410	534.040496	64.086166	25.491602	1000.145530	266.303054	11.835564	
6/30/2021 12:28:49.386792749	90.385137	24.579601	1005.189810	28.895885	21.874144	533.830884	64.173982	25.555207	999.908818	1591.862732	12.046346	
6/30/2021 12:28:50.386792749	90.549410	24.565582	1004.293349	28.610509	22.058032	536.513807	64.151823	25.648381	999.800159	278.755657	11.810332	
6/30/2021 12:28:51.386792749	90.450846	24.537651	1005.475804	29.379505	21.857408	533.658069	64.490701	25.603561	1000.039871	299.248512	11.838994	
6/30/2021 12:28:52.386792749	90.503414	24.483103	1004.668917	29.692213	21.855490	535.088564	64.880779	25.634168	999.512826	164.450806	11.781354	
6/30/2021 12:28:53.386792749	90.417991	24.590519	1006.026817	29.144002	21.863082	534.497179	64.428303	25.609784	999.814670	463.134487	11.881639	
6/30/2021 12:28:54.386792749	90.588836	24.591642	1005.327090	29.788900	21.858061	536.352812	64.711458	25.591623	999.897780	161.078601	11.818690	
6/30/2021 12:28:55.386792749	90.450846	24.517536	1005.812499	29.154302	21.852632	536.182628	64.813571	25.620780	999.427194	164.282600	11.808373	
6/30/2021 12:28:56.386792749	90.411420	24.591567	1005.426758	29.676528	21.931127	538.204508	64.731171	25.657091	999.606974	170.955741	11.828073	
6/30/2021 12:28:57.386792749	90.398278	24.516263	1004.014687	29.340132	21.800180	537.189953	64.880042	25.645788	999.747329	163.792399	11.812710	
6/30/2021 12:28:58.386792749	90.345711	24.549691	1005.008688	29.280127	21.927412	539.700060	65.290938	25.754318	1000.193787	170.955741	11.816337	
6/30/2021 12:28:59.386792749	90.253718	24.522883	1005.809819	28.767570	21.858020	538.215023	65.066789	25.741037	999.075199	164.775422	11.800396	
6/30/2021 12:29:00.386792749	90.319427	24.575527	1005.637133	29.092557	21.850918	540.291446	65.289701	25.725892	999.967171	168.046487	11.815234	
6/30/2021 12:29:01.386792749	90.266860	24.543671	1005.053161	29.015310	21.839856	539.799282	65.542105	25.737407	1000.031039	167.183720	11.826601	
6/30/2021 12:29:02.386792749	90.437704	24.596914	1005.585013	29.803512	21.924065	541.212032	65.667794	25.764690	1000.338243	217.950949	11.823145	
6/30/2021 12:29:03.386792749	90.391708	24.585921	1005.038021	29.095715	21.899370	540.580566	65.397491	25.763653	1000.027253	164.712017	11.842608	
6/30/2021 12:29:04.386792749	90.509984	24.559337	1005.786952	29.700155	21.925698	541.587238	65.550384	25.766351	1000.230376	171.373364	11.832121	
6/30/2021 12:29:05.386792749	90.523126	24.586445	1004.124684	29.499611	21.904472	539.498985	65.664640	25.784925	999.792906	615.050439	11.876567	
6/30/2021 12:29:06.386792749	90.470559	24.560610	1005.495437	29.092508	21.914677	542.120145	65.565576	25.779739	999.944143	905.270566	11.890182	
6/30/2021 12:29:07.386792749	90.536268	24.575003	1005.295155	28.959559	21.893410	539.781537	65.657517	25.652011	999.795114	223.597050	11.841570	
6/30/2021 12:29:08.386792749	90.555981	24.596989	1006.251386	29.160491	21.861408	539.764454	65.923062	25.661250	1000.416465	1586.119434	12.020338	
6/30/2021 12:29:09.386792749	90.470559	24.611457	1005.747526	29.152484	21.877532	539.003537	65.846971	25.561229	1000.110205	165.043186	11.818703	
6/30/2021 12:29:10.386792749	90.385137	24.712747	1005.549688	29.326938	21.984967	539.604122	65.867393	25.545142	999.491062	178.892505	11.793037	
6/30/2021 12:29:11.386792749	90.299714	24.612505	1005.462558	28.913783	21.889410	539.192782	65.958335	25.516822	999.960705	164.065135	11.812027	
6/30/2021 12:29:12.386792749	90.529697	24.612281	1005.301463	29.660981	21.976681	539.924786	65.940068	25.522526	999.965906	163.249007	11.829952	
6/30/2021 12:29:13.386792749	90.661116	24.532453	1004.296975	29.444860	21.855449	538.772896	65.943932	25.421880	999.849837	160.547004	11.836681	
6/30/2021 12:29:14.386792749	90.601978	24.539971	1006.580038	29.067979	21.837325	541.220578	66.058293	25.456847	999.559189	164.611148	11.797190	
6/30/2021 12:29:15.386792749	90.490272	24.538549	1005.105991	29.125188	21.829080	539.949100	65.709086	25.384215	999.978996	167.984392	11.841320	
6/30/2021 12:29:16.386792749	90.549410	24.572052	1004.607413	29.437530	21.847856	540.883484	65.537190	25.493369	1000.254818	169.900139	11.795586	
6/30/2021 12:29:17.386792749	90.463988	24.570929	1005.125704	29.317049	21.828549	540.279615	65.355201	25.441385	999.652866	165.858004	11.850546	
6/30/2021 12:29:18.386792749	90.575694	24.664850	1005.845695	29.230790	21.960312	543.135353	65.165300	25.511012	1000.236999	170.409728	11.810463	
6/30/2021 12:29:19.386792749	90.371995	24.669973	1004.324810	29.159212	21.890839	542.135912	64.599252	25.502397	999.751116	167.045387	11.808557	
6/30/2021 12:29:20.386792749	90.542839	24.617403	1005.883308	29.776628	21.945822	544.948937	64.621725	25.536633	1000.031668	172.600832	11.829230	
6/30/2021 12:29:21.386792749	90.621690	24.549766	1005.869115	29.145484	21.831651	543.134037	64.591920	25.450931	999.904560	175.400043	11.848456	
6/30/2021 12:29:22.386792749	90.713684	24.508639	1006.559301	28.949659	21.916391	545.552806	64.477454	25.530410	1000.563758	282.391694	11.802039	
6/30/2021 12:29:23.386792749	90.733396	24.570330	1004.185007	29.085679	21.840428	543.703741	64.359229	25.484861	1000.053274	169.526264	11.838823	
6/30/2021 12:29:24.386792749	90.687400	24.666123	1005.651090	29.299469	21.908717	544.163707	64.356969	25.582501	1000.269330	173.371903	11.799739	
6/30/2021 12:29:25.386792749	90.693971	24.565657	1004.756522	29.076028	21.813528	543.908753	64.046636	25.454667	1000.110520	432.697162	11.873399	
6/30/2021 12:29:26.386792749	90.779393	24.644661	1005.506714	29.702506	21.883818	543.627516	64.154583	25.460064	1000.458256	912.511722	11.882401	
6/30/2021 12:29:27.386792749	90.588836	24.597288	1005.202899	29.240994	21.872184	543.513180	64.084853	25.485379	999.760104	1437.333802	12.026620	
6/30/2021 12:29:28.386792749	90.674258	24.630043	1004.883235	29.659460	21.902513	545.119121	63.976116	25.536633	999.765149	211.368464	11.809714	
6/30/2021 12:29:29.386792749	90.621690	24.555188	1004.880870	29.021510	21.862265	544.642072	64.138130	25.422399	999.983254	232.620326	11.848522	
6/30/2021 12:29:30.386792749	90.470559	24.603309	1006.260297	28.793039	21.883206	544.603960	64.236694	25.427384	999.996344	169.524953	11.807230	
6/30/2021 12:29:31.386792749	90.693971	24.838599	1005.904834	30.183089	21.957251	544.649956	64.367508	25.397602	1000.362214	1239.570456	11.947914	
6/30/2021 12:29:32.386792749	90.450846	24.493197	1006.432113	29.881472	21.781526	542.691153	64.297883	25.332960	999.569756	575.275444	11.866434	
6/30/2021 12:29:33.386792749	90.490272	24.713495	1004.625865	30.419392	22.009295	546.721778	64.364906	25.352571	1000.389179	174.770198	11.819938	
6/30/2021 12:29:34.386792749	90.424562	24.655654	1006.062617	28.919745	21.906758	543.452733	64.368455	25.365853	999.816091	170.963334	11.822317	
6/30/2021 12:29:35.386792749	90.424562	24.576874	1006.342775	29.680328	21.984069	547.248117	64.420576	25.351640	999.992400	178.235409	11.811304	
6/30/2021 12:29:36.386792749	90.437704	24.555412	1004.841050	29.317177	21.839570	542.580764	64.218689	25.244453	999.882325	171.744618	11.841885	
6/30/2021 12:29:37.386792749	90.529697	24.595310	1005.797833	29.420902	21.866837	544.128879	64.525606	25.448656	1000.537107	170.197776	11.777227	
6/30/2021 12:29:38.386792749	90.503414	24.597438	1004.822284	29.619416	21.846387	542.768693	64.282034	25.278383	999.595935	165.442732	11.843646	
6/30/2021 12:29:39.386792749	90.621690	24.709271	1004.312667	29.057466	22.015336	543.848295	64.090582	25.379548	1000.396752	164.224437	11.774730	
6/30/2021 12:29:40.386792749	90.628261	24.581997	1005.248396	29.423692	21.872470	543.193832	64.358178	25.291559	999.758211	169.335009	11.843370	
6/30/2021 12:29:41.386792749	90.707113	24.744603	1006.070896	29.441057	21.977007	545.418103	64.300590	25.312101	1000.140800	173.052258	11.818756	
6/30/2021 12:29:42.386792749	90.680829	24.566031	1006.047477	28.776116	21.820916	544.359520	64.062038	25.274129	999.666270	1541.981685	12.009838	
6/30/2021 12:29:43.386792749	90.713684	24.692857	1005.428414	29.841882	22.011580	546.318322	64.157842	25.383696	1000.450054	1003.807908	11.942604	
6/30/2021 12:29:44.386792749	90.779393	24.592466	1005.272604	29.039578	21.827692	544.426545	64.144938	25.271017	1000.283677	955.610680	11.950542	
6/30/2021 12:29:45.386792749	90.910812	24.594337	1005.180189	29.292749	21.890634	544.638125	63.981978	25.350803	1000.056111	280.359622	11.813525	
6/30/2021 12:29:46.386792749	90.753109	24.682013	1005.273314	28.820462	21.928269	546.032486	63.949280	25.402481	1000.447374	167.142324	11.834013	
6/30/2021 12:29:47.386792749	90.739967	24.673416	1006.347428	29.052253	21.834264	545.976629	64.077073	25.410778	999.913706	165.722291	11.790277	
6/30/2021 12:29:48.386792749	90.588836	24.624172	1005.036760	29.212657	21.842999	545.704592	63.819412	25.369896	1000.241729	167.936714	11.827193	
6/30/2021 12:29:49.386792749	90.575694	24.707999	1005.654481	29.427547	21.900798	547.384789	64.009470	25.437448	1000.351018	182.411946	11.817967	
6/30/2021 12:29:50.386792749	90.424562	24.655579	1005.339470	29.062156	21.870429	546.426743	64.209096	25.379029	999.995715	168.671361	11.834486	
6/30/2021 12:29:51.386792749	90.575694	24.744902	1006.239086	29.190159	22.032276	547.530659	63.981636	25.518896	1000.022680	170.365711	11.788201	
6/30/2021 12:29:52.386792749	90.516555	24.655280	1004.989055	28.935755	21.921738	546.880795	64.063694	25.398746	1000.127396	167.146256	11.825274	
6/30/2021 12:29:53.386792749	90.621690	24.697904	1005.583909	29.881853	21.991457	549.302847	64.309973	25.435056	1000.149945	171.734405	11.825024	
6/30/2021 12:29:54.386792749	90.667687	24.598187	1004.544648	29.108369	21.811814	546.925475	64.374921	25.238019	1000.081504	172.859693	11.787504	
6/30/2021 12:29:55.386792749	90.753109	24.652777	1006.069712	29.531143	21.894308	547.644995	64.273307	25.382140	999.946508	256.971928	11.831477	
6/30/2021 12:29:56.386792749	90.700542	24.708298	1004.413991	28.957428	21.945822	547.158747	64.252043	25.345311	1000.269959	429.471155	11.872414	
6/30/2021 12:29:57.386792749	90.897670	24.672967	1005.499538	29.262482	21.882675	547.612799	64.444047	25.395116	1000.307334	173.912403	11.820687	
6/30/2021 12:29:58.386792749	90.891099	24.667021	1005.662998	29.088579	21.881532	547.354560	64.082855	25.322896	1000.307176	185.202254	11.809096	
6/30/2021 12:29:59.386792749	90.759680	24.756195	1005.441504	29.292863	21.907901	549.006497	64.207755	25.405180	1000.460464	175.027478	11.815220	
6/30/2021 12:30:00.386792749	90.575694	24.582146	1004.589513	29.133447	21.848959	547.535259	64.313285	25.339289	999.771772	1095.983614	11.950529	
6/30/2021 12:30:01.386792749	90.634832	24.755371	1004.192025	29.975923	21.865980	548.814621	64.544110	25.389612	999.635675	246.642052	11.802749	
6/30/2021 12:30:02.386792749	90.536268	24.723740	1005.304618	28.955313	21.925126	549.494061	64.181866	25.405074	1000.145215	204.977233	11.842858	
6/30/2021 12:30:03.386792749	90.654545	24.745651	1005.852951	29.452524	22.016111	551.973939	64.302456	25.516197	1000.460464	170.095325	11.824157	
6/30/2021 12:30:04.386792749	90.687400	24.671395	1005.967521	28.979665	21.895941	550.132758	64.393293	25.428939	1000.140643	166.879802	11.805338	
6/30/2021 12:30:05.386792749	90.871386	24.714843	1004.657800	29.251622	22.013009	552.820280	64.412401	25.535184	1000.583156	168.522542	11.795481	
6/30/2021 12:30:06.386792749	90.845102	24.703251	1005.968625	28.831099	21.871572	550.668948	64.029630	25.490883	1000.105790	163.268394	11.835998	
6/30/2021 12:30:07.386792749	90.851673	24.634866	1005.557178	29.123266	21.944679	552.497647	64.139233	25.539544	1000.208298	168.417741	11.823290	
6/30/2021 12:30:08.386792749	90.483701	24.799044	1004.159380	29.197103	21.899941	550.809567	64.078334	25.534252	1000.548146	168.825150	11.811501	
6/30/2021 12:30:09.386792749	90.608549	24.689306	1005.753203	29.465820	21.884389	549.965195	64.240400	25.558530	1000.162878	164.241204	11.817717	
6/30/2021 12:30:10.386792749	90.509984	24.719890	1006.290891	28.874805	21.897941	550.279291	64.290313	25.553238	999.882639	164.926590	11.804497	
6/30/2021 12:30:11.386792749	90.693971	24.719815	1004.339160	29.402992	21.875899	551.025093	64.388168	25.567452	1000.130075	165.706564	11.795402	
6/30/2021 12:30:12.386792749	90.628261	24.672368	1004.901687	29.328222	21.890594	549.746384	64.230070	25.532485	999.631417	160.932404	11.847050	
6/30/2021 12:30:13.386792749	90.812248	24.681639	1005.656374	29.546890	21.881613	549.737185	64.544529	25.565165	1000.148052	166.022278	11.788201	
6/30/2021 12:30:14.386792749	90.726826	24.782330	1003.496713	29.054315	21.921453	549.931030	64.682257	25.645587	1000.103425	166.059742	11.808557	
6/30/2021 12:30:15.386792749	90.917383	24.746025	1006.222842	29.754832	21.918391	549.507860	64.638074	25.581559	999.799844	162.559688	11.821489	
6/30/2021 12:30:16.386792749	90.891099	24.656477	1004.762750	29.240626	21.907044	548.798854	64.718476	25.602312	999.984040	160.911706	11.836615	
6/30/2021 12:30:17.386792749	90.739967	24.719366	1005.436693	29.435737	22.007295	550.190584	65.032725	25.671209	1000.156097	168.005090	11.812802	
6/30/2021 12:30:18.386792749	90.687400	24.629594	1003.537005	29.182102	21.855449	548.722629	65.102089	25.571081	1000.337928	160.609098	11.808741	
6/30/2021 12:30:19.386792749	90.608549	24.646532	1005.868957	29.853730	21.973333	551.605311	65.165905	25.668616	1000.106261	162.670771	11.817376	
6/30/2021 12:30:20.386792749	90.496843	24.661674	1004.511608	29.385768	21.909574	548.670719	65.158729	25.663737	1000.287149	169.253528	11.797886	
6/30/2021 12:30:21.386792749	90.687400	24.753168	1005.588719	29.516049	21.946434	550.569726	65.370893	25.720495	1000.084026	170.725441	11.789449	
6/30/2021 12:30:22.386792749	90.707113	24.682088	1004.579421	29.042838	21.878389	549.800926	64.999476	25.658033	1000.239364	167.883523	11.823408	
6/30/2021 12:30:23.386792749	90.851673	24.667919	1005.570110	29.338801	21.859735	550.499417	65.357566	25.697148	1000.201989	166.423134	11.819307	
6/30/2021 12:30:24.386792749	90.759680	24.689157	1005.087224	29.227370	21.877858	549.298901	65.331572	25.650974	999.701123	162.679945	11.794798	
6/30/2021 12:30:25.386792749	90.812248	24.835423	1006.043376	29.252813	21.913860	553.065372	65.121669	25.688639	1000.560921	166.383048	11.800462	
6/30/2021 12:30:26.386792749	90.818819	24.699251	1003.891679	29.484338	21.936229	551.722269	65.443436	25.729935	1000.394702	161.902592	11.814235	
6/30/2021 12:30:27.386792749	90.891099	24.783452	1003.965720	29.519770	21.897165	552.977317	65.843107	25.743523	1000.147895	162.105641	11.805298	
6/30/2021 12:30:28.386792749	90.983092	24.712340	1004.749109	29.594879	21.955822	554.911153	65.886292	25.834317	1000.449739	162.152280	11.805154	
6/30/2021 12:30:29.386792749	90.923954	24.750923	1004.949077	28.904527	21.888594	554.804048	65.904558	25.736782	999.734082	169.219724	11.814511	
6/30/2021 12:30:30.386792749	90.989663	24.789997	1004.537235	29.579317	21.919534	555.073454	66.274082	25.908505	1000.598453	160.526306	11.793655	
6/30/2021 12:30:31.386792749	90.851673	24.693905	1004.409260	29.473397	21.927453	554.463670	66.124002	25.790216	1000.484749	160.153740	11.805377	
6/30/2021 12:30:32.386792749	90.871386	24.804690	1004.579815	29.554707	21.937127	555.368489	66.105051	25.861187	1000.587415	166.874560	11.800501	
6/30/2021 12:30:33.386792749	90.621690	24.752495	1006.126643	29.247689	21.930841	556.003901	66.321787	25.807022	1000.627155	165.735126	11.810463	
6/30/2021 12:30:34.386792749	90.805677	24.804390	1005.359341	29.751563	21.914758	556.243079	66.221172	25.764996	1000.066836	165.207460	11.816666	
6/30/2021 12:30:35.386792749	90.555981	24.762290	1003.954681	28.952791	21.971660	556.764818	66.462537	25.831406	1000.491058	168.833013	11.813840	
6/30/2021 12:30:36.386792749	90.667687	24.858083	1005.748078	29.536966	22.036276	557.405483	66.633329	25.895423	1000.287935	168.585947	11.817612	
6/30/2021 12:30:37.386792749	90.799106	24.673191	1004.875113	29.168302	21.861163	556.500664	66.419248	25.814907	1000.528590	160.135663	11.800804	
6/30/2021 12:30:38.386792749	90.950237	24.741127	1004.333878	30.142534	21.944719	556.453353	66.781911	25.845619	1000.338400	162.060313	11.804497	
6/30/2021 12:30:39.386792749	90.976521	24.704224	1005.286561	29.157666	21.887206	557.360803	66.925106	25.808059	1000.176124	167.111412	11.844132	
6/30/2021 12:30:40.386792749	90.871386	24.699251	1005.203451	29.696455	21.983252	558.343162	66.975623	25.856202	1000.158934	165.250167	11.830084	
6/30/2021 12:30:41.386792749	90.713684	24.762290	1005.020911	29.293350	21.895982	556.239142	67.034314	25.864923	1000.140800	159.222327	11.841110	
6/30/2021 12:30:42.386792749	90.720255	24.768834	1004.972259	29.266578	22.018683	559.200017	67.219694	25.971792	1000.408263	166.429687	11.813814	
6/30/2021 12:30:43.386792749	90.739967	24.752195	1004.975019	29.016023	21.912146	557.412714	66.969104	25.917839	1000.027096	167.394633	11.840860	
6/30/2021 12:30:44.386792749	90.700542	24.817105	1004.973126	29.102811	21.999457	558.529776	67.203451	25.980301	1000.999334	167.050629	11.782918	
6/30/2021 12:30:45.386792749	90.680829	24.767936	1005.097317	28.926713	21.975048	557.843768	67.326143	25.926654	999.931054	168.360889	11.817783	
6/30/2021 12:30:46.386792749	90.746538	24.758141	1004.104105	29.114952	21.897125	558.567888	67.414116	25.983624	1000.416622	172.357697	11.808663	
