
Time stamp	Inside_humidity (in %rH)	Inside_temperature (in °C)	Inside_pressure (in mbar)	Soil_moisture (in %VWC)	Soil_temperature (in °C)	Inside_CO2_ratio (in ppm)	Outside_humidity (in %rH)	Outside_temperature (in °C)	Outside_pressure (in mbar)	Outside_PAR (in µmol m^-2 s^-1)	Power_box_charge (in V)	
2/3/2023 13:51:34.131660249	97.954859	27.318273	1000.427976	-3.628535	25.581256	616.038068	80.869966	28.411103	999.578116	61.642232	12.228558	
2/3/2023 13:51:35.131660249	97.974572	27.403671	1000.193392	-3.523003	25.486883	615.946077	80.744014	28.384127	999.164303	56.513582	12.216454	
2/3/2023 13:51:36.131660249	97.935146	27.355999	999.207750	-3.578967	25.563990	618.892489	80.908577	28.366696	999.779502	65.905494	12.205074	
2/3/2023 13:51:37.131660249	97.948288	27.271200	1001.588511	-3.534599	25.524845	618.649365	80.961644	28.372507	999.571492	59.629547	12.230753	
2/3/2023 13:51:38.131660249	97.935146	27.346953	1000.584969	-3.621545	25.555785	620.043063	80.978203	28.403632	999.462046	58.215796	12.193732	
2/3/2023 13:51:39.131660249	97.961430	27.329041	1000.177780	-3.559800	25.505293	619.752628	80.802048	28.380910	999.630945	59.122579	12.232238	
2/3/2023 13:51:40.131660249	97.968001	27.407671	1001.744006	-3.576364	25.527743	621.296143	80.756104	28.418575	999.595778	66.817520	12.208267	
2/3/2023 13:51:41.131660249	97.954859	27.398250	1001.044593	-3.523488	25.480924	621.409164	80.672285	28.425528	999.553987	61.174039	12.214391	
2/3/2023 13:51:42.131660249	97.981142	27.314348	1000.192131	-3.618215	25.540437	624.303012	80.758654	28.439741	999.485860	62.529628	12.211526	
2/3/2023 13:51:43.131660249	98.092848	27.291913	1001.482219	-3.564907	25.504150	624.280667	80.825862	28.348017	999.002342	60.617812	12.206375	
2/3/2023 13:51:44.131660249	98.086277	27.402998	1000.001311	-3.716005	25.484352	624.623013	81.060208	28.408405	999.762312	67.680286	12.192326	
2/3/2023 13:51:45.131660249	97.928575	27.281893	999.034435	-3.564067	25.535049	624.239271	80.862685	28.343869	999.361432	61.973401	12.217966	
2/3/2023 13:51:46.131660249	97.968001	27.346054	1001.466765	-3.586527	25.544723	625.778187	80.851304	28.471184	999.615176	67.453918	12.199935	
2/3/2023 13:51:47.131660249	98.007426	27.323994	999.183227	-3.529778	25.471005	625.732191	80.656436	28.406955	999.547521	64.008094	12.230648	
2/3/2023 13:51:48.131660249	98.020568	27.323844	999.691583	-3.630493	25.608441	627.590455	80.637775	28.389312	999.683146	66.614471	12.223945	
2/3/2023 13:51:49.131660249	97.974572	27.329041	1000.234711	-3.485583	25.462229	625.101378	80.692945	28.406955	999.615491	69.160063	12.237061	
2/3/2023 13:51:50.131660249	98.013997	27.409692	1001.614138	-3.523823	25.485210	626.452364	80.942536	28.419612	999.608396	69.712358	12.196518	
2/3/2023 13:51:51.131660249	97.954859	27.371291	1000.616430	-3.510769	25.457126	625.970716	80.826124	28.395229	999.418205	67.398376	12.234498	
2/3/2023 13:51:52.131660249	97.908862	27.309001	1001.667677	-3.518750	25.563949	629.972426	80.793322	28.432164	1000.088599	68.299918	12.183928	
2/3/2023 13:51:53.131660249	98.053423	27.303056	1000.901479	-3.554317	25.486598	629.162883	80.632860	28.397409	999.324371	65.239494	12.235444	
2/3/2023 13:51:54.131660249	97.922004	27.361271	1000.657906	-3.620791	25.521497	629.479600	80.584708	28.381322	999.339511	69.158753	12.208780	
2/3/2023 13:51:55.131660249	98.000855	27.349754	1000.684637	-3.498224	25.475005	628.814622	80.739441	28.399589	999.451165	71.929403	12.241030	
2/3/2023 13:51:56.131660249	97.856295	27.361945	1000.330515	-3.506444	25.452596	629.297586	80.919459	28.443890	999.339668	71.498675	12.229675	
2/3/2023 13:51:57.131660249	98.020568	27.387556	1001.183372	-3.993761	25.723224	635.202903	81.039049	28.434026	999.600351	76.293805	12.188844	
2/3/2023 13:51:58.131660249	98.092848	27.387107	999.696156	-3.525601	25.443534	630.993550	80.756656	28.433931	999.418362	71.133973	12.234025	
2/3/2023 13:51:59.131660249	97.895720	27.419337	1000.134491	-3.578282	25.533702	631.270186	80.773110	28.505315	999.916706	77.081372	12.172640	
2/3/2023 13:52:00.131660249	97.948288	27.308028	999.990587	-3.560362	25.519171	632.552179	80.637223	28.354452	999.442334	70.066847	12.237311	
2/3/2023 13:52:01.131660249	97.698592	27.334762	1001.556261	-3.690586	25.624891	633.570018	80.680460	28.468380	999.659647	70.188414	12.215351	
2/3/2023 13:52:02.131660249	97.968001	27.376339	1000.716336	-3.511934	25.469903	631.991675	80.784833	28.398964	999.492798	73.596773	12.237048	
2/3/2023 13:52:03.131660249	98.046852	27.441024	1000.476233	-3.612162	25.558071	634.116061	80.847992	28.429052	999.860404	74.149069	12.203365	
2/3/2023 13:52:04.131660249	97.922004	27.376264	1000.973155	-3.498407	25.465657	632.868896	80.855115	28.423973	999.558246	75.460640	12.228690	
2/3/2023 13:52:05.131660249	97.908862	27.298233	1001.281385	-3.573528	25.585501	636.544690	80.797081	28.491207	1000.009433	78.750053	12.190578	
2/3/2023 13:52:06.131660249	98.013997	27.308552	999.008099	-3.588017	25.532233	633.837456	80.515687	28.348642	999.228015	73.717030	12.210646	
2/3/2023 13:52:07.131660249	97.981142	27.477254	1001.347541	-3.681503	25.574194	634.014870	80.768090	28.366485	999.716106	74.543643	12.192089	
2/3/2023 13:52:08.131660249	98.000855	27.292736	1000.297161	-3.595486	25.518885	633.603531	80.709503	28.371882	999.438232	72.490872	12.231279	
2/3/2023 13:52:09.131660249	97.922004	27.347028	1000.398485	-3.588024	25.546397	635.313293	80.813430	28.432894	999.729038	76.062195	12.212394	
2/3/2023 13:52:10.131660249	98.086277	27.361047	1000.414886	-3.503469	25.461086	633.405087	80.599453	28.408511	999.512354	76.800773	12.244368	
2/3/2023 13:52:11.131660249	97.757731	27.477254	1000.324444	-3.627559	25.537049	636.105091	80.552457	28.415770	999.663590	78.524995	12.226758	
2/3/2023 13:52:12.131660249	98.033710	27.350503	1000.839895	-3.458881	25.457698	634.187685	80.487195	28.394191	999.009280	79.016506	12.198792	
2/3/2023 13:52:13.131660249	98.020568	27.356973	999.506754	-3.509700	25.495700	635.428282	80.674283	28.495568	999.779502	80.476896	12.209976	
2/3/2023 13:52:14.131660249	97.836582	27.350503	1001.849351	-3.519339	25.476679	634.887492	80.628786	28.396890	999.604452	75.238203	12.191406	
2/3/2023 13:52:15.131660249	97.935146	27.403222	1000.519365	-3.624619	25.542723	636.997426	80.691893	28.380910	999.742442	81.277568	12.230543	
2/3/2023 13:52:16.131660249	97.968001	27.345381	998.940601	-3.479216	25.482924	635.949358	80.567098	28.369914	999.344084	81.255560	12.233197	
2/3/2023 13:52:17.131660249	97.974572	27.341007	1001.338630	-3.520980	25.526885	636.944200	80.490507	28.415464	999.590891	81.175388	12.183376	
2/3/2023 13:52:18.131660249	97.981142	27.309301	999.164698	-3.531475	25.471576	636.229279	80.377145	28.342419	999.185909	76.306640	12.208911	
2/3/2023 13:52:19.131660249	97.862866	27.377312	1000.328308	-3.646232	25.563092	637.866764	80.392994	28.459246	999.771143	82.820750	12.228519	
2/3/2023 13:52:20.131660249	97.948288	27.308852	1000.024493	-3.553966	25.495374	636.893604	80.235896	28.318966	999.659018	78.259852	12.238533	
2/3/2023 13:52:21.131660249	98.053423	27.382733	1001.261120	-3.602875	25.550397	637.356855	80.192606	28.372094	999.801423	85.129490	12.206664	
2/3/2023 13:52:22.131660249	97.935146	27.430181	999.077330	-3.494019	25.515497	635.219323	80.328126	28.334322	999.713583	80.062934	12.207728	
2/3/2023 13:52:23.131660249	97.954859	27.367591	1001.093639	-3.604626	25.569337	638.620449	80.457285	28.415358	999.635361	84.561739	12.231003	
2/3/2023 13:52:24.131660249	98.053423	27.345007	998.957555	-3.516461	25.536478	638.539625	80.337010	28.280888	999.569442	84.271966	12.226613	
2/3/2023 13:52:25.131660249	97.961430	27.403522	1001.273500	-3.589651	25.513007	639.983918	80.284600	28.361405	1000.000130	81.791088	12.184612	
2/3/2023 13:52:26.131660249	97.961430	27.307879	999.697891	-3.568862	25.494271	639.357052	80.198073	28.332873	999.380830	83.329028	12.200763	
2/3/2023 13:52:27.131660249	97.895720	27.383407	1000.231557	-3.614944	25.554316	641.861243	80.195866	28.434968	999.589312	83.806394	12.226679	
2/3/2023 13:52:28.131660249	97.922004	27.377012	1000.211529	-3.538411	25.466474	639.384650	79.987856	28.377386	999.155787	84.852822	12.224445	
2/3/2023 13:52:29.131660249	97.948288	27.472281	999.755926	-3.653515	25.547009	640.992558	79.988907	28.392636	999.641355	88.073588	12.183823	
2/3/2023 13:52:30.131660249	98.000855	27.324069	999.590811	-3.586732	25.514926	641.319138	80.059926	28.291990	999.501315	83.432518	12.235536	
2/3/2023 13:52:31.131660249	97.928575	27.320294	1000.000679	-3.566875	25.627422	643.462584	80.312777	28.386720	999.676994	90.685206	12.202787	
2/3/2023 13:52:32.131660249	97.659166	27.393876	1000.828541	-3.448744	25.461372	641.135808	80.165613	28.358812	999.788019	88.603875	12.214680	
2/3/2023 13:52:33.131660249	98.013997	27.455492	999.191901	-3.616663	25.546152	642.818625	80.064000	28.348123	999.521028	84.050840	12.208372	
2/3/2023 13:52:34.131660249	97.843153	27.350204	1000.415990	-3.475846	25.467617	641.388131	79.978473	28.311082	999.792592	89.364461	12.243080	
