
Time stamp	Inside_humidity (in %rH)	Inside_temperature (in °C)	Inside_pressure (in mbar)	Soil_moisture (in %VWC)	Soil_temperature (in °C)	Inside_CO2_ratio (in ppm)	Outside_humidity (in %rH)	Outside_temperature (in °C)	Outside_pressure (in mbar)	Outside_PAR (in µmol m^-2 s^-1)	Power_box_charge (in V)	
6/30/2021 10:28:57.685157249	84.655276	16.527955	1003.923220	6.695539	18.421821	507.403177	86.089739	16.906797	1002.410771	2.797274	11.798530	
6/30/2021 10:28:58.685157249	84.720985	16.405504	1004.764249	6.307411	18.328591	507.487284	85.766921	16.844229	1002.843667	5.216057	11.827508	
6/30/2021 10:28:59.685157249	84.950968	16.475610	1003.612388	6.525322	18.370267	507.317753	86.064559	16.871724	1002.517694	5.851145	11.827574	
6/30/2021 10:29:00.685157249	84.845833	16.480059	1005.910433	6.553157	18.384145	508.271199	85.907171	16.911464	1002.528576	1.008336	11.810450	
6/30/2021 10:29:01.685157249	84.964110	16.427564	1004.893960	6.396068	18.351001	508.740365	85.880730	16.899219	1002.828370	1.458451	11.825221	
6/30/2021 10:29:02.685157249	85.042961	16.469889	1005.488894	6.418290	18.351858	508.952608	85.973433	16.951204	1002.642595	0.701796	11.818361	
6/30/2021 10:29:03.685157249	85.128384	16.400531	1004.380479	6.399729	18.337367	508.905296	85.609823	16.928069	1002.780270	2.323839	11.829269	
6/30/2021 10:29:04.685157249	85.272944	16.401654	1004.471316	6.508462	18.336836	508.515639	85.921812	16.902955	1002.830420	6.552258	11.831135	
6/30/2021 10:29:05.685157249	85.213806	16.448203	1005.801539	6.454251	18.322632	507.754722	85.712146	16.882413	1002.848240	8.316566	11.824275	
6/30/2021 10:29:06.685157249	85.351796	16.410775	1005.205816	6.415140	18.326591	508.434815	85.880625	16.981397	1002.357469	2.956306	11.800712	
6/30/2021 10:29:07.685157249	85.338654	16.459720	1004.360214	6.466260	18.358634	507.308554	85.755488	16.913019	1002.841459	5.974023	11.834736	
6/30/2021 10:29:08.685157249	85.634346	16.416946	1004.762041	6.291981	18.307039	508.091153	85.947886	16.923603	1002.500346	4.655898	11.800199	
6/30/2021 10:29:09.685157249	85.548924	16.452577	1005.460902	6.362635	18.319489	508.122034	85.651456	16.898806	1002.770017	6.729367	11.803406	
6/30/2021 10:29:10.685157249	85.772336	16.316704	1003.791616	6.620883	18.423209	507.353234	85.819227	16.889673	1002.966674	6.158995	11.802788	
6/30/2021 10:29:11.685157249	85.594920	16.449026	1004.260152	6.389151	18.360062	510.688652	85.604908	16.924121	1002.858964	1.458451	11.822777	
6/30/2021 10:29:12.685157249	86.068028	16.467344	1004.413913	6.481544	18.310100	509.268672	85.638210	16.921941	1002.807550	7.213286	11.797742	
6/30/2021 10:29:13.685157249	85.897184	16.438857	1005.198563	6.575517	18.299487	510.661708	85.779511	16.892784	1002.716559	5.910618	11.813460	
6/30/2021 10:29:14.685157249	86.271727	16.501970	1003.805810	6.727700	18.369981	510.913378	85.507448	16.957945	1002.463443	-0.080799	11.795429	
6/30/2021 10:29:15.685157249	85.989177	16.454074	1004.366286	6.429940	18.352103	510.908779	85.789027	16.892890	1003.014931	7.043770	11.831674	
6/30/2021 10:29:16.685157249	86.212589	16.522609	1003.766936	6.448369	18.309039	511.434455	85.575260	16.922565	1002.916052	5.871843	11.799831	
6/30/2021 10:29:17.685157249	86.337437	16.517037	1004.258890	6.649634	18.388962	511.428540	85.598627	16.976624	1002.647010	3.345637	11.829847	
6/30/2021 10:29:18.685157249	86.521423	16.430591	1004.626496	6.503985	18.335448	511.464021	85.573209	16.933361	1002.563272	4.747865	11.804365	
6/30/2021 10:29:19.685157249	86.547707	16.502269	1005.107884	6.544290	18.364022	511.495565	85.340414	16.927857	1002.624932	4.746554	11.823158	
6/30/2021 10:29:20.685157249	86.659413	16.464468	1004.843652	6.474002	18.331693	511.278722	85.661576	16.925677	1002.596074	6.307813	11.825813	
6/30/2021 10:29:21.685157249	86.488569	16.469815	1005.580045	6.408771	18.324346	511.697293	85.496409	16.971851	1002.489307	2.834738	11.807348	
6/30/2021 10:29:22.685157249	86.941964	16.449176	1004.226088	6.448615	18.347327	511.067795	85.729494	16.939890	1002.657735	7.389084	11.835485	
6/30/2021 10:29:23.685157249	86.764548	16.475610	1005.945995	6.474923	18.415290	512.054754	85.478956	16.989906	1003.060508	3.147831	11.802578	
6/30/2021 10:29:24.685157249	86.987960	16.448577	1003.594331	6.403637	18.318672	512.424697	85.590348	16.944356	1002.708199	3.286164	11.818374	
6/30/2021 10:29:25.685157249	86.764548	16.470488	1006.116708	6.412678	18.369696	513.411656	85.583487	17.008480	1002.804241	1.258023	11.816863	
6/30/2021 10:29:26.685157249	87.165376	16.448727	1004.262439	6.689178	18.301120	511.939102	85.491336	16.893303	1003.084479	4.985757	11.801303	
6/30/2021 10:29:27.685157249	87.112808	16.480284	1005.168521	6.337238	18.384962	513.419539	85.509051	16.923084	1002.526368	5.997342	11.803537	
6/30/2021 10:29:28.685157249	87.231085	16.448877	1005.467682	6.535877	18.309610	513.692892	85.409226	16.917274	1002.988280	5.075102	11.831148	
6/30/2021 10:29:29.685157249	87.323078	16.486304	1004.946632	6.515916	18.359205	514.255365	85.586247	16.963861	1002.649375	-0.369261	11.823750	
6/30/2021 10:29:30.685157249	87.178517	16.443679	1004.676014	6.401950	18.319529	514.085833	85.290002	16.948505	1002.782321	2.834738	11.823907	
6/30/2021 10:29:31.685157249	87.467639	16.586396	1005.450729	7.120949	18.471416	514.120662	85.662391	17.035138	1002.971090	2.374409	11.815720	
6/30/2021 10:29:32.685157249	87.349362	16.486304	1005.631694	6.327180	18.343612	513.963613	85.316838	16.975069	1003.082114	6.651817	11.805035	
6/30/2021 10:29:33.685157249	87.677909	16.456020	1005.308876	6.837222	18.480763	519.426713	85.787923	17.107358	1002.887508	4.136096	11.795587	
6/30/2021 10:29:34.685157249	87.421642	16.438707	1004.474470	6.431011	18.325203	514.472207	85.358419	16.925783	1003.028020	5.032395	11.821292	
6/30/2021 10:29:35.685157249	87.750189	16.571403	1003.763624	6.675664	18.375655	514.267848	85.279016	17.029128	1003.189667	10.630548	11.795074	
6/30/2021 10:29:36.685157249	87.487352	16.459720	1003.520290	6.626359	18.341898	514.608226	85.418951	16.945912	1002.756456	1.484392	11.823999	
6/30/2021 10:29:37.685157249	87.980172	16.671121	1005.107252	6.941258	18.464681	515.910586	85.617393	17.148760	1003.285709	4.848734	11.732400	
6/30/2021 10:29:38.685157249	87.579345	16.507392	1006.087454	6.618197	18.373369	514.576029	85.120814	16.977767	1002.938130	1.217938	11.822199	
6/30/2021 10:29:39.685157249	87.927605	16.521636	1005.468629	6.939466	18.408596	517.182064	85.399158	16.991863	1002.947590	4.779047	11.800199	
6/30/2021 10:29:40.685157249	87.756760	16.539023	1003.585262	6.758796	18.301977	514.432779	85.235174	16.935223	1002.846032	5.157894	11.775690	
6/30/2021 10:29:41.685157249	87.986743	16.572227	1004.413596	6.438096	18.547053	518.362214	85.376214	17.085779	1002.662465	3.870953	11.763573	
6/30/2021 10:29:42.685157249	87.940747	16.520181	1003.490404	6.379732	18.328591	514.958455	85.156928	16.975069	1002.389164	9.339675	11.794653	
6/30/2021 10:29:43.685157249	88.210155	16.530051	1005.100471	6.566644	18.412474	517.236606	85.321491	17.064719	1003.073598	1.832327	11.795035	
6/30/2021 10:29:44.685157249	88.249581	16.560036	1005.675693	6.577600	18.327203	514.981453	85.210651	16.945806	1002.710093	6.134365	11.820149	
6/30/2021 10:29:45.685157249	88.197013	16.618327	1004.568382	6.672135	18.394921	516.609077	85.427730	16.988763	1003.067446	1.873724	11.740706	
6/30/2021 10:29:46.685157249	88.013027	16.555064	1003.663799	6.320473	18.330020	515.449303	85.172777	16.900775	1003.047104	4.719303	11.786913	
6/30/2021 10:29:47.685157249	88.453280	16.623823	1006.025162	6.738812	18.399167	519.037045	85.385492	16.999971	1002.771753	0.889390	11.786518	
6/30/2021 10:29:48.685157249	88.341574	16.512664	1004.924711	6.560990	18.335979	517.272087	85.141131	16.911876	1002.756142	5.888609	11.832292	
6/30/2021 10:29:49.685157249	88.216726	16.533003	1003.671132	6.895089	18.474518	518.601392	85.179795	16.899632	1003.004206	9.218108	11.762837	
6/30/2021 10:29:50.685157249	88.656979	16.518310	1003.956022	6.538791	18.399412	517.850990	85.172882	17.004225	1003.158915	9.729007	11.814629	
6/30/2021 10:29:51.685157249	88.479564	16.503916	1004.313219	6.607177	18.400310	520.669931	85.155824	17.013771	1002.986230	2.819282	11.801868	
6/30/2021 10:29:52.685157249	88.302148	16.475161	1003.892626	6.410954	18.343041	518.836632	85.334633	16.931074	1002.813230	5.300160	11.828901	
6/30/2021 10:29:53.685157249	88.932959	16.565308	1004.474785	6.595888	18.395615	519.873523	85.218483	17.080582	1003.203543	2.987488	11.792130	
6/30/2021 10:29:54.685157249	88.637266	16.528330	1005.495912	6.319844	18.332265	518.469973	85.250314	16.929000	1002.710407	7.351620	11.819294	
6/30/2021 10:29:55.685157249	88.683263	16.548819	1004.710630	6.594347	18.351858	520.313123	85.172330	16.948505	1003.023762	6.632429	11.802683	
6/30/2021 10:29:56.685157249	88.900104	16.539547	1005.097949	6.544326	18.404555	519.455615	85.369248	16.960644	1002.651111	2.916220	11.819215	
6/30/2021 10:29:57.685157249	88.722689	16.513262	1003.839164	6.823494	18.484478	521.174578	85.228104	16.961469	1003.273091	1.463694	11.757633	
6/30/2021 10:29:58.685157249	88.689834	16.486154	1005.308324	6.381414	18.323774	520.263843	85.315971	16.932111	1002.742895	5.465744	11.826260	
6/30/2021 10:29:59.685157249	88.893533	16.566356	1004.350042	6.835480	18.474804	522.691812	85.131196	17.042304	1002.491672	1.294177	11.779435	
6/30/2021 10:30:00.685157249	88.801540	16.508215	1004.660165	6.592295	18.345041	520.818433	85.008898	16.972370	1002.655527	2.695094	11.824380	
6/30/2021 10:30:01.685157249	89.077519	16.545268	1005.860835	6.624403	18.345612	521.764647	85.174433	17.055585	1003.029756	-1.268182	11.780040	
6/30/2021 10:30:02.685157249	88.952672	16.467462	1005.513337	6.497164	18.311570	521.191660	84.795473	16.980254	1002.351632	4.721924	11.793799	
6/30/2021 10:30:03.685157249	89.031523	16.618102	1005.254153	6.739787	18.407126	521.668709	85.125177	17.006194	1002.826476	5.827825	11.800883	
6/30/2021 10:30:04.685157249	89.254935	16.514460	1003.811567	6.419695	18.386431	521.298113	84.842127	17.022799	1002.279090	4.420627	11.803524	
6/30/2021 10:30:05.685157249	89.090661	16.561084	1005.212914	6.491870	18.457252	520.961019	85.135297	16.984921	1002.635814	2.711860	11.755162	
6/30/2021 10:30:06.685157249	88.840966	16.602810	1006.268734	7.073267	18.326917	519.729621	84.965818	17.004119	1002.631713	3.653487	11.777832	
6/30/2021 10:30:07.685157249	89.294360	16.667346	1003.806362	6.849774	18.402269	521.596432	84.820758	16.972264	1003.386638	7.928545	11.775782	
6/30/2021 10:30:08.685157249	89.274648	16.412796	1004.153545	6.671401	18.265975	521.788961	84.764170	16.957532	1003.100091	3.225381	11.790251	
6/30/2021 10:30:09.685157249	88.972384	16.635939	1005.106148	6.673772	18.446761	522.273241	84.811874	17.016989	1002.850448	7.230052	11.776399	
6/30/2021 10:30:10.685157249	89.373212	16.549642	1005.332610	6.358658	18.359246	521.593148	84.769846	17.004426	1002.674611	0.660400	11.809504	
6/30/2021 10:30:11.685157249	89.228651	16.621877	1005.301543	6.629222	18.386962	522.287040	84.689182	17.060253	1003.113338	2.251531	11.786624	
6/30/2021 10:30:12.685157249	89.458634	16.556112	1003.680043	6.663308	18.373941	521.792245	84.879082	16.997685	1002.353054	5.751586	11.808689	
6/30/2021 10:30:13.685157249	89.333786	16.670821	1005.054422	6.780289	18.438842	522.690496	84.688787	17.029022	1002.843667	1.684820	11.800646	
6/30/2021 10:30:14.685157249	89.544056	16.528255	1004.042207	6.307429	18.303365	522.947419	84.599396	16.923084	1002.808971	5.214746	11.827403	
6/30/2021 10:30:15.685157249	89.307502	16.629619	1004.517917	6.928050	18.477090	523.966574	84.702481	17.047902	1002.721603	5.975333	11.802906	
6/30/2021 10:30:16.685157249	89.616337	16.490678	1005.075554	6.358188	18.332836	522.561045	84.498572	17.017920	1002.281612	1.908567	11.789765	
6/30/2021 10:30:17.685157249	89.346928	16.518684	1004.551114	6.510513	18.386390	523.266767	84.704584	16.987726	1002.944596	4.174871	11.810187	
6/30/2021 10:30:18.685157249	89.609766	16.565458	1005.652825	6.653254	18.379043	522.359317	84.249086	16.978699	1002.885300	5.540673	11.816955	
6/30/2021 10:30:19.685157249	89.300931	16.587818	1005.828190	6.392443	18.322101	523.882466	84.457044	16.977249	1002.710250	4.948292	11.773745	
6/30/2021 10:30:20.685157249	89.695188	16.514236	1006.345614	6.836246	18.260342	520.739577	84.020259	17.016883	1002.804398	9.895902	11.816561	
6/30/2021 10:30:21.685157249	89.596624	16.566206	1006.712903	6.741415	18.331203	524.539561	84.426791	16.992393	1003.303371	6.901504	11.752941	
6/30/2021 10:30:22.685157249	89.603195	16.507392	1004.460672	6.443522	18.348143	522.798917	84.142847	16.929000	1002.896968	4.126922	11.815037	
6/30/2021 10:30:23.685157249	89.603195	16.638965	1004.619398	6.976156	18.417862	523.886403	84.400060	16.971121	1002.751569	7.440694	11.803669	
6/30/2021 10:30:24.685157249	89.767468	16.556037	1003.816140	6.401859	18.313325	522.473653	84.006461	16.948611	1002.327504	9.033136	11.806823	
6/30/2021 10:30:25.685157249	89.583482	16.597763	1005.969335	6.550472	18.457497	523.740532	84.148209	16.935117	1002.926934	10.324009	11.766004	
6/30/2021 10:30:26.685157249	89.800323	16.549567	1004.822993	6.416831	18.291446	522.871194	83.939095	16.933561	1002.913530	5.792982	11.805969	
6/30/2021 10:30:27.685157249	89.741184	16.518834	1004.784514	6.452595	18.384798	525.409552	84.442403	17.037530	1002.709778	3.731038	11.787925	
6/30/2021 10:30:28.685157249	89.491489	16.544894	1003.439782	6.299281	18.274751	525.059322	83.914073	17.001527	1003.447513	5.108635	11.777227	
6/30/2021 10:30:29.685157249	90.089444	16.576750	1005.150779	6.641865	18.416514	524.978498	84.428447	17.039404	1002.643859	6.252001	11.791197	
6/30/2021 10:30:30.685157249	89.846319	16.576226	1005.024380	6.726916	18.357205	524.444939	84.232632	16.995716	1002.780270	1.831017	11.830991	
6/30/2021 10:30:31.685157249	89.905458	16.654856	1005.135481	6.678696	18.396350	525.919461	84.570301	16.973301	1002.918260	1.686130	11.793838	
6/30/2021 10:30:32.685157249	89.984309	16.617920	1004.396723	6.080785	18.484192	530.035510	84.475101	17.204586	1002.982286	6.491474	11.747040	
6/30/2021 10:30:33.685157249	89.806894	16.602960	1004.658509	6.711610	18.401412	525.289963	84.661689	16.992605	1002.583456	2.735180	11.828914	
6/30/2021 10:30:34.685157249	90.286573	16.715392	1004.820233	6.735296	18.402350	526.255892	84.550193	17.063576	1003.259530	2.715792	11.765491	
6/30/2021 10:30:35.685157249	89.938313	16.606061	1005.111038	6.421126	18.338591	525.158544	84.658877	16.908765	1003.014302	7.455110	11.771221	
6/30/2021 10:30:36.685157249	89.977738	16.702752	1005.542828	6.659747	18.390146	526.376796	84.457858	16.936154	1003.051520	8.207834	11.790737	
6/30/2021 10:30:37.685157249	90.188008	16.614103	1004.123975	6.323118	18.315284	525.885949	84.696647	16.927338	1002.469595	6.572956	11.808019	
6/30/2021 10:30:38.685157249	89.977738	16.693556	1004.188870	6.923185	18.453864	527.886147	84.649651	16.962718	1003.095676	5.628708	11.783851	
6/30/2021 10:30:39.685157249	90.135441	16.445551	1003.554196	5.727820	18.176174	524.057250	84.562573	17.068455	1003.003420	1.997912	11.782352	
6/30/2021 10:30:40.685157249	90.096015	16.547364	1004.892856	6.539890	18.420025	526.021314	84.529062	17.037425	1002.818903	4.490584	11.777004	
6/30/2021 10:30:41.685157249	90.142012	16.561608	1004.412730	6.382216	18.331448	525.539003	84.365155	16.920491	1002.799826	6.898883	11.825616	
6/30/2021 10:30:42.685157249	90.325998	16.641585	1006.114895	6.628406	18.390105	526.767770	84.372121	17.046558	1003.231300	6.486232	11.796598	
6/30/2021 10:30:43.685157249	90.063161	16.661775	1003.624768	6.590782	18.377655	525.458179	84.430812	16.939477	1003.174212	2.693783	11.792091	
6/30/2021 10:30:44.685157249	90.555981	16.677965	1005.171832	6.781145	18.419617	525.821555	84.258259	17.015634	1003.213166	5.500588	11.766845	
6/30/2021 10:30:45.685157249	90.174867	16.544445	1004.785775	6.559308	18.298263	525.331359	84.237548	16.918205	1002.727283	7.078613	11.820333	
6/30/2021 10:30:46.685157249	90.437704	16.704025	1005.652825	6.753753	18.404310	528.011651	84.022914	16.962718	1002.959893	1.568495	11.802210	
6/30/2021 10:30:47.685157249	90.365424	16.576675	1003.882848	6.671305	18.373369	527.843435	83.805074	16.907103	1002.567844	4.410142	11.807743	
6/30/2021 10:30:48.685157249	90.168296	16.588267	1005.036917	6.945671	18.458680	529.867947	84.269246	17.043129	1002.629662	0.414644	11.811869	
6/30/2021 10:30:49.685157249	90.555981	16.555588	1004.170419	6.508275	18.367695	528.167383	83.933681	16.951204	1002.699683	1.378280	11.795731	
6/30/2021 10:30:50.685157249	90.391708	16.568602	1003.655362	6.437312	18.334836	526.663948	84.263017	17.073534	1002.441051	4.954845	11.781498	
6/30/2021 10:30:51.685157249	90.207721	16.587893	1004.657011	6.404248	18.322387	527.940026	83.947427	16.955871	1002.546238	6.298639	11.825616	
6/30/2021 10:30:52.685157249	90.615120	16.642708	1006.239086	6.396232	18.397207	528.428906	84.391572	16.959088	1003.386953	8.911568	11.748538	
6/30/2021 10:30:53.685157249	90.339140	16.582920	1005.404680	6.638906	18.349858	529.426379	83.976865	16.967078	1002.734378	0.418576	11.823999	
6/30/2021 10:30:54.685157249	90.634832	16.561458	1004.461933	6.548958	18.443945	531.567195	84.128496	17.140463	1003.909739	13.522766	11.779987	
6/30/2021 10:30:55.685157249	90.345711	16.571478	1004.518469	6.326109	18.346429	529.852833	84.080397	16.984615	1002.946647	4.255042	11.819557	
6/30/2021 10:30:56.685157249	90.707113	16.719317	1004.199909	6.824711	18.367165	530.690626	84.238941	16.985334	1002.771753	6.178382	11.804115	
6/30/2021 10:30:57.685157249	90.450846	16.766914	1006.120019	6.958744	18.418719	530.580237	84.104473	16.931487	1002.375760	-5.168053	11.742467	
6/30/2021 10:30:58.685157249	90.733396	16.650632	1004.759281	6.911613	18.421250	528.696343	84.064390	16.999240	1002.999476	7.249440	11.816863	
6/30/2021 10:30:59.685157249	90.503414	16.566805	1006.139969	6.421067	18.365165	529.942856	84.034505	17.009411	1002.887351	1.277411	11.790974	
6/30/2021 10:31:00.685157249	90.733396	16.557085	1004.623105	6.481069	18.377329	530.440934	84.040314	17.031202	1002.835307	3.103813	11.808176	
6/30/2021 10:31:01.685157249	90.720255	16.814586	1005.556706	6.498732	18.221238	526.878159	84.273557	17.140357	1002.349110	1.276100	11.797715	
6/30/2021 10:31:02.685157249	90.825390	16.599260	1005.880863	6.443422	18.363491	530.001334	84.012532	17.062433	1002.585664	0.062777	11.775322	
6/30/2021 10:31:03.685157249	90.575694	16.661625	1005.257465	6.512182	18.396881	528.687144	84.341921	17.013147	1002.756299	2.012057	11.830136	
6/30/2021 10:31:04.685157249	90.772822	16.660951	1004.848620	6.495563	18.374063	529.945477	83.974972	17.000997	1003.094411	4.240897	11.790895	
6/30/2021 10:31:05.685157249	90.575694	16.620198	1003.975183	6.793465	18.383002	529.359354	84.242410	17.046039	1002.187620	5.109945	11.795113	
6/30/2021 10:31:06.685157249	90.917383	16.694379	1003.903350	6.894273	18.400310	530.504013	84.015344	16.926714	1002.587872	5.200601	11.776478	
6/30/2021 10:31:07.685157249	90.555981	16.677665	1003.705827	6.621207	18.321529	530.688658	84.305859	16.957426	1002.758192	2.526888	11.788687	
6/30/2021 10:31:08.685157249	90.779393	16.576900	1005.018703	6.678751	18.384676	531.546166	84.276816	17.029022	1003.030228	-1.859252	11.769053	
6/30/2021 10:31:09.685157249	90.720255	16.618925	1005.154722	6.529239	18.368879	531.430514	84.072879	16.967904	1002.581248	-0.188221	11.811226	
6/30/2021 10:31:10.685157249	90.858244	16.635864	1004.183508	6.639289	18.418147	530.557892	84.417251	16.984509	1002.944596	8.436823	11.806323	
6/30/2021 10:31:11.685157249	90.759680	16.629844	1005.493704	6.460880	18.381002	531.767608	84.123082	16.962411	1002.461078	-0.076867	11.806047	
6/30/2021 10:31:12.685157249	90.877957	16.657476	1005.427468	6.662788	18.344225	532.513410	84.143189	17.005156	1003.058143	1.463694	11.782260	
6/30/2021 10:31:13.685157249	90.799106	16.666672	1003.771589	6.631205	18.389248	531.132195	84.029538	16.944250	1002.856599	5.808438	11.801342	
6/30/2021 10:31:14.685157249	91.081656	16.746425	1005.743820	6.779344	18.444271	531.407516	83.960464	16.988139	1003.145668	10.981105	11.776136	
6/30/2021 10:31:15.685157249	90.831961	16.624197	1005.376294	6.456416	18.352388	531.688100	84.094590	16.963448	1002.673189	1.237325	11.826549	
6/30/2021 10:31:16.685157249	91.035660	16.650931	1003.894519	6.559039	18.348715	530.571038	83.663273	16.983260	1003.115231	1.646045	11.770709	
6/30/2021 10:31:17.685157249	90.851673	16.587593	1004.782858	6.280533	18.318672	529.762810	84.027015	16.927857	1002.806606	6.858798	11.828901	
6/30/2021 10:31:18.685157249	90.766251	16.629918	1005.182082	6.655940	18.440230	531.781406	83.958756	17.009411	1003.021711	0.725116	11.812158	
6/30/2021 10:31:19.685157249	91.134224	16.619749	1004.245801	6.560876	18.345327	530.624917	83.843686	16.936779	1002.845875	6.072271	11.828559	
6/30/2021 10:31:20.685157249	91.094798	16.648579	1005.383154	6.531318	18.390676	532.027162	83.985644	17.019063	1002.885772	7.477119	11.782537	
6/30/2021 10:31:21.685157249	90.877957	16.593389	1004.185007	6.560320	18.366593	531.763008	83.833304	16.986583	1002.808657	1.214006	11.814498	
6/30/2021 10:31:22.685157249	90.937096	16.696625	1006.247208	6.516240	18.331203	532.090240	83.958808	17.031202	1002.874890	13.035186	11.756095	
6/30/2021 10:31:23.685157249	91.107940	16.582771	1004.632645	6.553864	18.327203	531.954221	84.031431	16.946843	1002.970618	3.573316	11.810003	
6/30/2021 10:31:24.685157249	90.976521	16.699651	1005.333714	6.576123	18.357572	533.234899	83.924954	17.008892	1003.014616	4.213646	11.797860	
6/30/2021 10:31:25.685157249	91.094798	16.582022	1004.952152	6.392703	18.338224	532.568605	84.041104	16.970708	1002.959893	1.664122	11.797282	
6/30/2021 10:31:26.685157249	91.029089	16.678189	1003.873465	6.663677	18.404555	534.464982	83.966036	17.009305	1002.837358	5.222610	11.793944	
6/30/2021 10:31:27.685157249	90.943667	16.666747	1005.133431	6.528309	18.380105	533.213217	84.028172	17.022269	1002.625561	3.722134	11.826010	
6/30/2021 10:31:28.685157249	91.199933	16.630817	1005.039282	6.798891	18.473661	535.308038	84.080344	17.040123	1002.706149	1.219248	11.800580	
6/30/2021 10:31:29.685157249	90.956808	16.604457	1004.358164	6.526891	18.331163	533.494453	83.914363	16.994467	1002.583299	3.243458	11.828244	
6/30/2021 10:31:30.685157249	91.324781	16.658748	1005.049297	6.661489	18.442802	535.867226	84.051458	16.921210	1002.263950	5.300160	11.770275	
6/30/2021 10:31:31.685157249	91.114511	16.677066	1004.339950	6.613045	18.386962	532.849841	83.877197	16.997272	1002.603012	4.946982	11.825142	
6/30/2021 10:31:32.685157249	91.094798	16.677066	1003.711267	6.761138	18.444761	534.367075	84.204693	17.001939	1002.576676	2.402700	11.787452	
6/30/2021 10:31:33.685157249	91.318210	16.636089	1005.237200	6.777626	18.482478	534.344077	84.008169	17.051426	1002.979763	2.926704	11.795153	
6/30/2021 10:31:34.685157249	91.134224	16.651156	1005.226318	6.661379	18.376186	534.460382	84.293060	16.943838	1002.611686	6.078823	11.830793	
6/30/2021 10:31:35.685157249	91.199933	16.601431	1003.958230	6.654062	18.409126	537.393659	84.255053	17.046558	1002.735164	5.192738	11.753940	
6/30/2021 10:31:36.685157249	91.245930	16.678114	1004.918325	6.523234	18.352143	534.943346	83.947927	16.968009	1002.616101	6.854866	11.805587	
6/30/2021 10:31:37.685157249	91.213075	16.676510	1004.952309	6.679398	18.397167	535.814000	84.390468	17.081218	1002.857071	7.557290	11.773548	
6/30/2021 10:31:38.685157249	91.219646	16.667720	1006.101096	6.480859	18.399452	536.694505	84.155437	16.960125	1002.467230	2.524267	11.822698	
6/30/2021 10:31:39.685157249	91.377349	16.677740	1006.060724	6.645189	18.236830	537.195868	84.321209	17.154676	1003.697628	7.078613	11.772457	
6/30/2021 10:31:40.685157249	91.107940	16.688209	1004.888597	6.487142	18.385003	537.143957	84.333956	16.946843	1002.556963	5.887299	11.821384	
6/30/2021 10:31:41.685157249	91.482484	16.756969	1004.868727	6.698178	18.425331	538.718354	84.163821	16.964792	1002.173588	6.389295	11.775401	
6/30/2021 10:31:42.685157249	91.239359	16.603858	1005.272210	6.477909	18.378472	538.638193	84.455940	16.985546	1002.327189	0.678477	11.799687	
6/30/2021 10:31:43.685157249	91.107940	16.726011	1004.639743	6.834523	18.502316	539.281490	84.315899	16.999028	1002.883407	7.222189	11.792130	
6/30/2021 10:31:44.685157249	91.489055	16.703875	1004.467452	6.592391	18.340796	537.599324	84.430051	16.939996	1002.839251	6.153752	11.816508	
6/30/2021 10:31:45.685157249	91.285355	16.642109	1005.691147	6.507924	18.395779	540.607510	84.296738	17.006712	1002.858964	4.351980	11.802368	
6/30/2021 10:31:46.685157249	91.252501	16.646183	1005.156141	6.657107	18.372226	538.977256	84.428052	17.028609	1002.616101	2.060006	11.829282	
6/30/2021 10:31:47.685157249	91.567906	16.710943	1004.645263	6.745687	18.364022	538.034977	84.504986	17.046039	1002.885300	10.368026	11.795455	
6/30/2021 10:31:48.685157249	91.357636	16.703651	1004.880004	6.738985	18.390350	537.863478	84.353617	16.970814	1002.589922	5.280772	11.829216	
6/30/2021 10:31:49.685157249	91.298497	16.741752	1004.444428	6.750935	18.400595	538.784727	84.136224	17.051331	1002.975191	4.170939	11.793628	
6/30/2021 10:31:50.685157249	91.554764	16.594512	1005.665757	6.424131	18.370267	537.122275	84.278629	16.988763	1003.059879	3.782918	11.791210	
6/30/2021 10:31:51.685157249	91.429916	16.729636	1005.324330	6.753228	18.395289	538.409521	84.202642	16.967904	1002.517851	4.432151	11.791907	
6/30/2021 10:31:52.685157249	91.259072	16.682862	1003.450821	6.544308	18.329448	536.989540	84.080292	16.975481	1002.697160	6.279251	11.819321	
6/30/2021 10:31:53.685157249	91.357636	16.647231	1005.496936	6.697681	18.330020	539.033766	84.457491	17.210290	1003.377964	7.492575	11.792853	
6/30/2021 10:31:54.685157249	91.541622	16.620647	1004.586124	6.460912	18.338796	538.301762	84.079398	16.963448	1002.541823	3.231933	11.811028	
6/30/2021 10:31:55.685157249	91.613902	16.694155	1005.191308	6.730691	18.456395	537.350285	84.256998	17.072391	1002.719081	6.019350	11.807349	
6/30/2021 10:31:56.685157249	91.370778	16.620647	1004.960825	6.415514	18.358919	539.169785	84.162560	16.989388	1002.607270	2.387244	11.808768	
6/30/2021 10:31:57.685157249	91.403632	16.621845	1003.742098	6.495700	18.396309	539.515415	84.049146	17.025286	1003.176106	-0.159659	11.746988	
6/30/2021 10:31:58.685157249	91.712467	16.699501	1005.452937	6.508197	18.362879	539.939900	84.152020	17.004119	1002.348953	1.649976	11.824380	
6/30/2021 10:31:59.685157249	91.436487	16.490196	1003.044499	6.075975	18.366593	541.657547	84.150312	17.091589	1002.209227	8.357962	11.766687	
6/30/2021 10:32:00.685157249	91.364207	16.683237	1003.858957	6.714387	18.358348	539.721742	84.108022	16.973301	1002.856914	6.074892	11.812277	
6/30/2021 10:32:01.685157249	91.646757	16.768261	1006.288446	6.916646	18.427250	540.782294	83.986800	17.065544	1002.762765	4.624987	11.788082	
6/30/2021 10:32:02.685157249	91.699325	16.714569	1004.897271	6.688353	18.377043	539.905072	83.827180	17.022174	1002.568002	5.011697	11.823526	
6/30/2021 10:32:03.685157249	91.515338	16.707618	1005.071847	6.880850	18.411657	541.301402	83.883216	16.994774	1002.896968	5.975333	11.780000	
6/30/2021 10:32:04.685157249	91.495626	16.640612	1004.833480	6.463488	18.370267	540.418265	83.625346	16.985440	1002.556648	0.868692	11.797361	
6/30/2021 10:32:05.685157249	91.719037	16.662598	1003.934574	6.716535	18.482723	542.734528	83.955444	17.063364	1002.833257	1.629278	11.789857	
6/30/2021 10:32:06.685157249	91.515338	16.679312	1005.039362	6.346006	18.423535	539.185552	83.657044	16.979630	1002.698739	7.430480	11.775151	
6/30/2021 10:32:07.685157249	91.521909	16.694828	1005.210864	6.662930	18.427495	542.513086	84.048279	17.120333	1002.699368	6.227642	11.804746	
6/30/2021 10:32:08.685157249	91.679612	16.847040	1005.847903	6.778446	18.246749	538.498228	83.338642	16.910109	1002.960051	10.856917	11.797163	
6/30/2021 10:32:09.685157249	91.521909	16.737153	1004.768822	6.581125	18.384186	541.170636	83.847944	17.056517	1002.751726	5.764421	11.803274	
6/30/2021 10:32:10.685157249	91.581048	16.699427	1004.521229	6.424286	18.356103	540.945910	83.622639	16.992806	1002.425753	6.215847	11.825524	
6/30/2021 10:32:11.685157249	91.857027	16.735806	1005.420292	6.698944	18.402595	542.217388	83.711163	17.055479	1002.598439	4.146310	11.793484	
6/30/2021 10:32:12.685157249	91.554764	16.704175	1004.892856	6.555173	18.392350	541.993978	83.631365	17.031096	1002.502397	2.193098	11.824315	
6/30/2021 10:32:13.685157249	91.745321	16.736105	1005.054265	6.730267	18.367165	541.938783	83.575433	17.001103	1002.758192	6.240476	11.804773	
6/30/2021 10:32:14.685157249	91.627044	16.657101	1004.377719	6.516126	18.325203	542.166793	83.601270	16.984509	1002.683914	5.252211	11.827074	
6/30/2021 10:32:15.685157249	91.429916	16.663571	1005.687283	6.847950	18.429209	544.314840	83.552461	17.033477	1002.780427	2.651077	11.808373	
6/30/2021 10:32:16.685157249	91.771605	16.661924	1004.444033	6.610724	18.339653	541.500499	83.614964	16.957945	1002.692745	4.599046	11.826969	
6/30/2021 10:32:17.685157249	91.574477	16.637062	1004.466191	6.707867	18.392921	543.760251	83.556220	17.049351	1002.696689	3.247389	11.796060	
6/30/2021 10:32:18.685157249	91.567906	16.689107	1004.363526	6.405870	18.348715	540.730383	83.564657	17.060358	1002.369137	2.141488	11.770472	
6/30/2021 10:32:19.685157249	91.889882	16.648279	1004.825201	6.422863	18.343939	540.956424	83.504914	17.065650	1002.905013	8.276481	11.803090	
6/30/2021 10:32:20.685157249	91.712467	16.699202	1005.386781	6.466014	18.398595	542.139196	83.808124	17.028397	1002.434427	1.252781	11.827219	
6/30/2021 10:32:21.685157249	91.679612	16.741752	1004.973758	6.612083	18.381043	542.466427	83.534509	17.079451	1002.727598	5.728267	11.798846	
6/30/2021 10:32:22.685157249	91.876740	16.668544	1004.571536	6.356584	18.316713	542.356038	83.809175	16.969565	1002.587557	6.037427	11.826536	
6/30/2021 10:32:23.685157249	91.922737	16.768186	1005.284195	6.930575	18.411371	543.507265	83.692212	17.054961	1002.509020	6.430691	11.805706	
6/30/2021 10:32:24.685157249	91.613902	16.731208	1005.365412	6.519500	18.398024	543.044014	83.852807	17.011485	1002.544030	5.067239	11.825813	
6/30/2021 10:32:25.685157249	91.962162	16.694229	1005.496936	6.701019	18.431454	545.161833	83.919987	17.046865	1002.629505	2.345848	11.795192	
6/30/2021 10:32:26.685157249	91.791318	16.677965	1004.690365	6.535326	18.382145	545.063926	84.074615	17.045521	1002.570209	1.872413	11.822882	
6/30/2021 10:32:27.685157249	91.600761	16.700025	1004.563966	6.657239	18.432883	546.938621	83.939490	17.004945	1002.738951	7.186035	11.811633	
6/30/2021 10:32:28.685157249	92.001588	16.689182	1004.257235	6.440860	18.354389	546.646870	83.851518	17.031202	1002.570052	1.752156	11.819018	
6/30/2021 10:32:29.685157249	91.975304	16.722161	1004.991420	6.883677	18.400310	546.170473	83.921381	17.164740	1002.278932	7.615453	11.771603	
6/30/2021 10:32:30.685157249	91.725608	16.658149	1003.674523	6.527734	18.329203	547.534606	83.792484	17.059734	1002.379233	0.357792	11.794456	
6/30/2021 10:32:31.685157249	91.870169	16.710644	1004.729396	6.615512	18.352715	547.513576	83.804365	17.033689	1002.812443	3.112716	11.789384	
6/30/2021 10:32:32.685157249	92.021301	16.783702	1005.435275	7.318886	18.597179	549.996086	84.050197	17.059840	1002.736429	7.473187	11.816863	
6/30/2021 10:32:33.685157249	91.889882	16.730834	1003.900353	6.487566	18.381860	547.777730	83.715131	17.045002	1002.449882	1.259334	11.819123	
6/30/2021 10:32:34.685157249	91.692754	16.685632	1004.320552	6.743562	18.610812	552.978643	84.188686	17.027773	1002.651269	9.189546	11.751364	
6/30/2021 10:32:35.685157249	91.771605	16.683536	1005.868011	6.343379	18.312141	547.663394	83.643955	17.024767	1002.202446	6.408682	11.803130	
6/30/2021 10:32:36.685157249	92.408986	16.917971	1006.014674	7.024599	18.424107	548.685833	84.000889	17.009824	1002.064299	-0.920246	11.731546	
6/30/2021 10:32:37.685157249	92.014730	16.652578	1006.043376	6.494747	18.307365	549.854153	83.818059	16.976518	1001.922051	-5.774579	11.740982	
6/30/2021 10:32:38.685157249	91.995017	16.799743	1006.030286	6.778268	18.418760	547.220510	83.981124	17.157681	1003.767177	18.174050	11.768830	
6/30/2021 10:32:39.685157249	91.797889	16.873325	1006.550627	7.203652	18.414719	547.376242	83.597064	16.943107	1002.517537	7.140707	11.775046	
6/30/2021 10:32:40.685157249	92.034443	16.789723	1003.600954	6.834500	18.354715	548.744312	83.905032	17.026735	1002.596546	7.906536	11.783667	
6/30/2021 10:32:41.685157249	92.067297	16.719990	1004.761175	6.457260	18.371655	547.169915	83.912864	16.993018	1002.493566	6.920892	11.820412	
6/30/2021 10:32:42.685157249	91.935879	16.852986	1004.106155	6.928360	18.480763	549.272619	83.845394	17.070211	1002.668931	4.289886	11.783483	
6/30/2021 10:32:43.685157249	91.791318	16.700175	1004.929916	6.418692	18.337408	547.871037	83.922195	16.978074	1002.782163	5.627397	11.800607	
6/30/2021 10:32:44.685157249	91.942449	16.685033	1004.708422	6.658867	18.424393	549.336360	84.142480	17.077683	1002.830735	2.473968	11.808216	
6/30/2021 10:32:45.685157249	92.073868	16.667570	1004.030378	6.248426	18.325775	547.814527	83.867419	16.950060	1002.248181	9.299589	11.810016	
6/30/2021 10:32:46.685157249	92.113294	16.701597	1005.912089	6.638158	18.491254	549.733901	83.972292	17.053299	1002.539615	6.072271	11.778121	
6/30/2021 10:32:47.685157249	91.942449	16.688883	1003.883243	6.472661	18.341898	549.312047	83.976865	17.042409	1002.200081	1.607270	11.805850	
6/30/2021 10:32:48.685157249	92.297280	16.801315	1005.355477	6.550645	18.372838	549.046577	83.858588	17.025286	1002.801876	8.453589	11.795928	
6/30/2021 10:32:49.685157249	92.060726	16.720365	1004.348623	6.616059	18.365328	547.956460	84.022757	16.990520	1002.589608	7.198870	11.787596	
6/30/2021 10:32:50.685157249	92.047584	16.821280	1003.991347	6.607022	18.359532	548.672034	83.839585	16.942483	1003.047104	9.214176	11.776425	
6/30/2021 10:32:51.685157249	91.929308	16.684584	1004.223328	6.581777	18.360348	549.561086	84.129995	16.989282	1002.528261	0.333163	11.819689	
6/30/2021 10:32:52.685157249	92.198716	16.789723	1004.877321	6.821875	18.412514	550.464589	83.950686	16.986477	1002.665937	3.643274	11.788608	
6/30/2021 10:32:53.685157249	92.198716	16.741527	1003.748012	6.601898	18.382145	549.471063	84.158881	17.002564	1002.346902	2.859368	11.811409	
6/30/2021 10:32:54.685157249	92.034443	16.758091	1005.372982	6.854219	18.451578	551.364156	84.109388	17.019476	1002.336020	1.506400	11.806705	
6/30/2021 10:32:55.685157249	92.093581	16.705522	1003.882691	6.495650	18.357205	549.856121	84.077427	16.972370	1002.797932	3.248700	11.797413	
6/30/2021 10:32:56.685157249	92.218429	16.747847	1004.816055	6.731859	18.467742	550.936386	84.205297	17.013453	1002.576676	8.494986	11.808111	
6/30/2021 10:32:57.685157249	92.179003	16.926868	1004.893013	6.129069	18.432311	549.211509	83.911208	16.964898	1002.793202	5.641543	11.792445	
6/30/2021 10:32:58.685157249	92.119865	16.712216	1004.733812	6.506218	18.386431	551.191341	84.379034	17.050188	1002.928827	0.683720	11.791526	
6/30/2021 10:32:59.685157249	92.152720	16.725711	1004.765905	6.468964	18.372798	548.925673	84.114355	16.963861	1002.629191	6.015419	11.823263	
