
Time stamp	Inside_humidity (in %rH)	Inside_temperature (in °C)	Inside_pressure (in mbar)	Soil_moisture (in %VWC)	Soil_temperature (in °C)	Inside_CO2_ratio (in ppm)	Outside_humidity (in %rH)	Outside_temperature (in °C)	Outside_pressure (in mbar)	Outside_PAR (in µmol m^-2 s^-1)	Power_box_charge (in V)	
11/28/2019 19:04:47.007768749	74.641157	25.672814	994.120970	32.585874	27.162735	492.951682	78.044302	25.655016	991.246521	33.935457	12.046557	
11/28/2019 19:04:48.007768749	74.897424	25.730056	991.966750	33.131248	27.211472	493.359738	78.183291	25.765314	991.502316	27.333583	12.057293	
11/28/2019 19:04:49.007768749	74.969705	25.667167	990.900206	32.548395	27.158490	496.967846	78.015311	25.755768	991.132659	31.029094	12.053443	
11/28/2019 19:04:50.007768749	75.160262	25.693901	989.680532	32.629588	27.167837	497.400215	77.936065	25.740412	991.233117	31.909937	12.050420	
11/28/2019 19:04:51.007768749	74.812002	25.741124	990.897604	32.498351	27.236127	504.050676	78.147335	25.851228	991.209145	26.743823	12.044493	
11/28/2019 19:04:52.007768749	75.061698	25.782850	990.708597	32.760923	27.217146	504.889132	78.270579	25.832549	991.490962	30.141698	12.044704	
11/28/2019 19:04:53.007768749	74.956563	25.709492	991.882774	32.098348	27.164449	509.952049	78.261905	25.792703	991.101593	36.396947	12.051853	
11/28/2019 19:04:54.007768749	74.752863	25.778177	992.032512	32.843547	27.227922	510.595346	78.346171	25.823416	991.475665	31.411873	12.052549	
11/28/2019 19:04:55.007768749	74.930279	25.803938	991.495140	32.605745	27.231841	516.538115	78.444683	25.827363	991.331366	31.055034	12.048581	
11/28/2019 19:04:56.007768749	74.654299	25.799489	991.917704	32.858157	27.223677	516.593310	78.441476	25.836803	991.296828	30.259333	12.048265	
11/28/2019 19:04:57.007768749	75.087982	25.798741	991.769070	32.626287	27.242332	518.801151	78.443631	25.815849	991.384039	31.217998	12.038895	
11/28/2019 19:04:58.007768749	75.331107	25.798591	991.986148	32.566171	27.236943	518.993680	78.433696	25.839502	991.396814	32.300580	12.048370	
11/28/2019 19:04:59.007768749	75.324536	25.710016	991.621382	31.990594	27.159061	520.878227	78.254782	25.779940	990.919919	37.074741	12.032048	
11/28/2019 19:05:00.007768749	75.817357	25.868249	991.246915	32.767965	27.257108	521.689739	78.378973	25.916389	990.939632	29.471767	12.000153	
11/28/2019 19:05:01.007768749	75.758218	25.726281	991.211196	32.224189	27.168123	521.796844	78.374111	25.817193	990.950985	36.532930	12.053614	
11/28/2019 19:05:02.007768749	76.040769	25.764083	992.173104	31.800770	27.177225	519.958946	78.440767	25.968268	991.119098	30.983766	11.976891	
11/28/2019 19:05:03.007768749	76.343032	25.757613	990.794624	32.190303	27.157918	523.363358	78.387043	25.809721	990.902728	34.418065	12.052681	
11/28/2019 19:05:04.007768749	76.375887	25.742471	991.766705	32.195854	27.137509	523.503976	78.367540	25.782120	991.327265	32.528258	12.026344	
11/28/2019 19:05:05.007768749	76.842424	25.837066	992.731610	32.645270	27.192492	526.788799	78.304538	25.864711	991.379466	31.411873	12.039631	
11/28/2019 19:05:06.007768749	76.757002	25.795340	991.749909	32.656763	27.182859	526.391911	78.316576	25.841989	991.482760	36.279311	12.058253	
11/28/2019 19:05:07.007768749	77.059265	25.841440	991.460997	32.457550	27.217351	529.585395	78.302487	25.886184	991.425358	31.576147	12.038764	
11/28/2019 19:05:08.007768749	77.486377	25.815829	990.139922	31.428642	27.292212	531.800468	78.228893	25.867516	991.528023	25.489104	12.023742	
11/28/2019 19:05:09.007768749	77.223539	25.915771	990.352662	33.203617	27.280579	531.264929	78.288426	25.879761	990.779564	27.117699	12.018643	
11/28/2019 19:05:10.007768749	77.676934	25.969838	990.442158	30.601957	27.260496	531.906910	78.091902	25.957060	990.517774	32.282503	12.016488	
11/28/2019 19:05:11.007768749	77.387812	25.805435	991.041902	32.048304	27.198696	533.858482	77.961088	25.861293	991.089290	28.478530	12.045492	
11/28/2019 19:05:12.007768749	77.755785	25.789694	991.833019	32.290732	27.158204	534.150233	77.995151	25.801212	990.966125	35.567984	12.051550	
11/28/2019 19:05:13.007768749	77.867491	25.810333	990.883333	32.470729	27.198411	535.019571	78.168703	25.892418	990.943418	28.799215	12.044480	
11/28/2019 19:05:14.007768749	77.900346	25.832693	991.007207	32.484306	27.158204	535.806769	78.128778	25.843026	991.421571	36.565152	12.051958	
11/28/2019 19:05:15.007768749	78.215751	25.863501	992.732162	32.368585	27.204084	538.471293	78.189572	25.862224	991.300929	33.794502	12.039841	
11/28/2019 19:05:16.007768749	78.044907	25.875542	992.766777	32.063799	27.324255	538.697335	78.026350	25.786269	991.521243	36.113726	12.045558	
11/28/2019 19:05:17.007768749	78.110616	25.953648	989.639214	32.402090	27.134121	538.853720	78.227080	25.826114	991.406274	38.457581	12.031719	
11/28/2019 19:05:18.007768749	78.215751	25.864175	992.132023	32.549136	27.170368	538.891832	78.211178	25.846868	991.353444	37.804416	12.055125	
11/28/2019 19:05:19.007768749	78.452305	25.854604	990.919919	32.326868	27.208656	539.191467	78.097974	25.839290	991.423622	35.702386	12.050723	
11/28/2019 19:05:20.007768749	78.813707	25.843087	991.475033	32.466754	27.185675	538.919430	77.981405	25.840539	991.397128	36.984356	12.055427	
11/28/2019 19:05:21.007768749	78.656005	25.790667	992.048913	31.601596	27.235841	538.222907	78.218406	25.908917	991.091183	30.375929	12.022796	
11/28/2019 19:05:22.007768749	78.807136	25.816802	990.715458	32.104688	27.196165	538.693388	78.281356	25.896154	990.880808	28.821223	12.024978	
11/28/2019 19:05:23.007768749	78.616579	25.821700	990.767578	32.047359	27.180001	540.524055	78.229393	25.882978	990.998613	28.451279	12.051077	
11/28/2019 19:05:24.007768749	79.089687	25.914317	991.782711	32.524855	27.209105	541.986094	78.318127	25.891074	991.120991	31.528469	12.020575	
11/28/2019 19:05:25.007768749	78.813707	25.907473	989.955408	32.833642	27.088812	542.501256	78.185499	25.851948	991.379466	35.269037	12.030471	
11/28/2019 19:05:26.007768749	79.221106	25.933458	991.801872	32.573934	27.200166	542.591279	78.222717	25.884322	991.390505	31.639552	12.055348	
11/28/2019 19:05:27.007768749	79.010836	25.864249	991.270020	31.987243	27.203227	542.358006	78.065671	25.863886	990.865825	31.690122	12.037213	
11/28/2019 19:05:28.007768749	79.267102	25.955219	990.482687	30.285114	26.981132	541.962434	78.094715	26.028137	991.323164	29.796383	11.994659	
11/28/2019 19:05:29.007768749	79.457660	25.932485	991.499713	32.488699	27.261598	544.707782	78.033973	25.902589	991.055544	27.340135	12.036503	
11/28/2019 19:05:30.007768749	79.247390	25.843012	990.917554	31.989084	27.166123	543.945549	78.025851	25.865548	991.075728	28.876765	12.042640	
11/28/2019 19:05:31.007768749	79.615362	26.013809	992.171606	32.765549	27.351154	550.654497	78.399581	26.014336	991.029522	32.347218	12.003346	
11/28/2019 19:05:32.007768749	79.608791	25.933832	991.452008	32.338498	27.197880	547.514892	78.128226	25.845100	991.311654	34.447667	12.045834	
11/28/2019 19:05:33.007768749	79.575937	25.965464	991.057357	32.703115	27.183185	548.247548	78.168808	25.937449	991.226179	29.368276	12.018656	
11/28/2019 19:05:34.007768749	79.845345	25.918541	990.278936	32.704595	27.195349	549.472379	78.112482	25.940042	991.057594	29.524687	12.034151	
11/28/2019 19:05:35.007768749	80.009619	25.849781	990.337208	33.815680	27.533940	551.089487	78.257542	26.003541	991.036460	28.442105	11.998957	
11/28/2019 19:05:36.007768749	79.799349	25.892181	989.957301	31.927400	27.163306	549.938913	78.149043	25.805467	991.174293	37.041208	12.039999	
11/28/2019 19:05:37.007768749	79.963622	25.881937	990.881045	32.630163	27.249720	551.877349	78.373744	25.896048	991.090868	35.630078	12.022823	
11/28/2019 19:05:38.007768749	79.851916	25.918391	992.437651	32.515328	27.192492	550.634120	78.137504	25.810758	991.506731	37.554729	12.047713	
11/28/2019 19:05:39.007768749	80.114754	25.976756	992.680276	32.602900	27.041217	549.190479	78.397425	26.037683	991.041190	29.983976	11.984172	
11/28/2019 19:05:40.007768749	80.272457	26.007789	991.155369	32.616624	27.232168	550.969899	78.239670	25.871664	991.226336	29.074571	12.050539	
11/28/2019 19:05:41.007768749	79.989906	26.092664	992.218444	33.635694	27.315764	551.020494	78.284615	25.891582	991.311811	27.192628	12.035163	
11/28/2019 19:05:42.007768749	80.029332	25.996422	990.930801	32.554873	27.243474	549.354758	78.132879	25.912653	990.945941	27.786319	12.043087	
11/28/2019 19:05:43.007768749	80.331595	25.987525	991.647086	32.960963	27.350297	550.965299	78.149885	25.976671	991.386247	29.174401	12.004700	
11/28/2019 19:05:44.007768749	80.114754	26.013285	991.084325	31.427172	27.223351	547.873005	77.846779	25.858076	991.270177	34.255102	12.020614	
11/28/2019 19:05:45.007768749	80.259315	26.066903	991.279008	32.905659	27.233923	549.954027	77.917456	25.905488	991.559089	35.025902	11.993923	
11/28/2019 19:05:46.007768749	80.213318	25.808130	991.858803	34.004842	27.228494	547.194881	77.844676	25.969305	990.979686	36.071020	12.018420	
11/28/2019 19:05:47.007768749	80.607575	25.981429	991.467858	33.226282	27.235841	551.764981	77.876375	25.860044	991.406274	38.132964	12.041628	
11/28/2019 19:05:48.007768749	80.364450	25.993321	992.406190	32.445794	27.203554	551.113801	77.860473	25.849355	991.259453	33.998862	12.035583	
11/28/2019 19:05:49.007768749	80.601004	25.961914	990.774202	32.467601	27.237801	552.324169	77.963296	25.925205	991.300929	36.523756	12.004752	
11/28/2019 19:05:50.007768749	80.601004	26.050863	992.060899	33.064373	27.260496	552.403677	77.966660	25.921056	991.154423	26.452739	12.041208	
11/28/2019 19:05:51.007768749	80.719281	26.103282	990.229812	33.253446	27.190818	555.053087	77.948655	25.983624	991.552466	30.440645	11.992622	
11/28/2019 19:05:52.007768749	80.758707	25.912820	991.110424	31.932601	27.147714	552.275542	77.904314	25.845725	990.756065	32.345907	12.043863	
11/28/2019 19:05:53.007768749	80.548436	26.050638	992.398068	33.044815	27.227351	555.021543	77.857266	25.879549	991.187539	36.345337	12.031286	
11/28/2019 19:05:54.007768749	80.798132	26.034373	991.865978	32.553684	27.231025	554.213978	77.902659	25.894386	991.333260	29.930785	12.049882	
11/28/2019 19:05:55.007768749	80.988690	26.057108	991.073049	33.243794	27.308662	554.681828	78.136296	25.994620	991.504209	27.807017	12.026147	
11/28/2019 19:05:56.007768749	80.653571	25.965464	990.623674	32.391250	27.166123	553.436631	77.982009	25.878618	990.829871	28.668473	12.049987	
11/28/2019 19:05:57.007768749	81.074112	26.051387	990.830343	32.672639	27.100445	556.362678	78.077866	25.781390	990.987889	35.989538	12.025043	
11/28/2019 19:05:58.007768749	80.719281	25.939404	990.981108	31.902895	27.155061	553.896598	77.990236	25.871252	990.646147	31.567244	12.052221	
11/28/2019 19:05:59.007768749	81.041257	26.039271	991.376469	32.892335	27.239229	555.904679	78.078418	25.843026	990.946412	34.032665	12.036634	
11/28/2019 19:06:00.007768749	80.850700	26.014184	990.433327	32.457501	27.213473	555.990103	77.984769	25.872183	991.495693	31.331702	12.043849	
11/28/2019 19:06:01.007768749	81.192389	26.010933	989.743220	32.666132	27.243801	558.541606	78.050479	25.886915	991.338304	35.025902	12.006908	
11/28/2019 19:06:02.007768749	80.857271	26.055985	991.168064	32.832425	27.240086	556.300252	78.171753	25.948445	991.389719	24.914800	12.014806	
11/28/2019 19:06:03.007768749	81.212102	26.040019	992.061608	32.664212	27.177266	558.767648	78.049218	25.912229	991.424729	34.412823	11.998760	
11/28/2019 19:06:04.007768749	81.113538	26.002742	989.752997	32.593258	27.193880	557.698550	77.813320	25.874988	990.626591	30.048692	12.030418	
11/28/2019 19:06:05.007768749	81.034686	26.035047	990.489705	32.763582	27.194778	558.652648	77.847936	25.865748	991.010124	34.806087	12.038895	
11/28/2019 19:06:06.007768749	81.159534	26.025102	991.329868	32.565421	27.233310	558.007384	77.915249	25.946890	991.049078	24.786679	12.047910	
11/28/2019 19:06:07.007768749	81.067541	26.057482	991.456267	33.242031	27.318867	561.629953	78.029005	25.983931	991.346664	26.787840	12.018091	
11/28/2019 19:06:08.007768749	81.126679	26.060733	989.638584	32.591291	27.105752	560.575969	77.859369	25.844169	991.121463	32.840040	12.015476	
11/28/2019 19:06:09.007768749	81.448656	26.104255	992.713316	32.760669	27.237270	560.522743	77.982009	25.960796	991.289576	26.314406	12.021088	
11/28/2019 19:06:10.007768749	81.159534	26.045142	991.239583	32.936497	27.285395	560.426152	78.000566	25.962458	991.156159	25.862979	12.050644	
11/28/2019 19:06:11.007768749	81.468368	26.062454	990.029687	32.594884	27.207268	561.553065	78.008898	25.890544	991.119570	35.474707	12.023874	
11/28/2019 19:06:12.007768749	81.146392	25.981579	990.519828	32.362467	27.164164	561.205467	77.881342	25.855271	991.296199	35.996091	12.008143	
11/28/2019 19:06:13.007768749	81.409230	26.014857	990.949962	32.787971	27.216575	562.068890	78.085988	25.901964	991.544107	36.754056	12.039368	
11/28/2019 19:06:14.007768749	81.435514	26.088440	991.490882	32.819811	27.210330	561.767940	78.013104	25.902483	991.452008	31.646105	12.050985	
11/28/2019 19:06:15.007768749	81.402659	26.109677	991.579511	32.465887	27.218003	561.995949	78.107804	25.995244	991.318591	32.490794	12.014595	
11/28/2019 19:06:16.007768749	81.599787	26.092589	991.089055	32.347469	27.242617	562.708902	78.088486	25.903001	991.151586	26.349249	12.037068	
11/28/2019 19:06:17.007768749	81.382946	26.130391	992.613253	32.985430	27.252863	564.266869	77.901055	25.895423	991.401701	34.292566	12.036726	
11/28/2019 19:06:18.007768749	81.501223	26.051536	990.411249	32.584044	27.190492	564.053973	77.848935	25.882353	991.454059	34.438764	12.053995	
11/28/2019 19:06:19.007768749	81.639213	26.105079	991.771672	33.094139	27.326785	563.575609	78.009345	25.980819	991.141176	25.239416	12.034256	
11/28/2019 19:06:20.007768749	81.422372	26.178811	990.177454	32.823415	27.150857	564.321411	77.948603	25.917108	991.589841	31.801205	12.023939	
11/28/2019 19:06:21.007768749	81.612929	26.137459	991.721522	33.082577	27.268741	564.608563	78.047167	26.043906	991.405488	29.278931	12.022454	
11/28/2019 19:06:22.007768749	81.777203	26.099208	990.997115	32.840109	27.200982	566.480626	77.980354	25.881729	991.519821	30.352610	12.051274	
11/28/2019 19:06:23.007768749	81.685210	26.173389	992.162065	33.342538	27.247801	566.727034	78.077866	25.938793	991.567921	31.043239	12.023742	
11/28/2019 19:06:24.007768749	81.540649	26.035795	990.400210	32.053290	27.146285	564.925280	77.988476	25.849979	990.924492	33.515213	12.052497	
11/28/2019 19:06:25.007768749	81.711493	26.035646	990.969832	32.679769	27.252536	567.302652	78.107147	25.935682	991.042769	32.904756	12.039657	
11/28/2019 19:06:26.007768749	81.934905	26.368675	989.824279	33.524355	27.235963	567.845411	78.033526	25.909425	992.067208	39.801374	11.971832	
11/28/2019 19:06:27.007768749	81.783774	26.120520	991.654262	32.335546	27.182001	566.845970	78.069877	25.919913	991.204730	32.177702	12.041405	
11/28/2019 19:06:28.007768749	81.842912	26.252244	990.859677	34.696725	27.428506	566.688921	78.128516	26.030412	990.995455	27.111146	12.001362	
11/28/2019 19:06:29.007768749	81.645784	26.040169	991.314019	32.447323	27.132121	566.480626	77.822494	25.885983	990.819304	39.462612	12.012559	
11/28/2019 19:06:30.007768749	81.862625	26.113420	991.290757	32.583526	27.203594	567.648282	77.901450	25.994620	991.566027	33.795813	12.015989	
11/28/2019 19:06:31.007768749	82.007186	26.051536	990.919052	32.013346	27.162735	567.315135	77.667760	25.860669	991.167669	35.997401	12.031167	
11/28/2019 19:06:32.007768749	81.731206	26.146581	992.474317	32.086192	27.271027	567.652219	77.850591	25.871664	991.259453	38.295928	11.981425	
11/28/2019 19:06:33.007768749	81.875767	26.072399	989.891459	32.697739	27.107181	569.414555	77.725795	25.900927	991.095127	35.523967	12.020273	
11/28/2019 19:06:34.007768749	82.099179	26.088814	991.151663	33.116853	27.273803	571.487694	77.971680	25.907044	991.318120	36.861478	12.041221	
11/28/2019 19:06:35.007768749	81.691781	26.093337	990.087721	32.066147	27.169511	569.070893	77.749819	25.890862	990.847534	27.706148	12.038014	
11/28/2019 19:06:36.007768749	81.941476	26.070047	991.155921	32.475948	27.225677	569.666879	78.183686	25.958616	991.234853	32.277260	12.019156	
11/28/2019 19:06:37.007768749	82.033470	26.153200	991.116338	32.992511	27.251720	570.732029	78.160214	25.973866	991.270020	24.231763	12.029669	
11/28/2019 19:06:38.007768749	81.948047	26.172416	991.521791	32.438324	27.241801	570.876584	78.055446	25.965569	991.186281	30.101612	12.006908	
11/28/2019 19:06:39.007768749	81.954618	26.036918	989.888780	32.386214	27.066974	569.806181	78.214937	25.918982	990.456113	23.484282	11.979717	
11/28/2019 19:06:40.007768749	81.961189	26.201321	990.248893	33.589498	27.209227	572.757856	78.091350	25.952382	991.677524	29.013788	12.013492	
11/28/2019 19:06:41.007768749	82.020328	26.051536	991.433242	31.918284	27.129264	570.009225	77.995389	25.837322	990.915661	32.118229	12.044125	
11/28/2019 19:06:42.007768749	82.059753	26.179934	991.930636	33.326574	27.282334	572.541014	78.129567	26.022221	991.616335	26.351870	12.025622	
11/28/2019 19:06:43.007768749	82.000615	26.079168	990.687938	32.507711	27.184287	569.994110	77.886100	25.903001	990.964075	26.038778	12.047569	
11/28/2019 19:06:44.007768749	82.178030	26.206443	991.822846	32.709543	27.213799	571.647363	77.804646	25.895942	991.471721	32.415594	12.020378	
11/28/2019 19:06:45.007768749	82.092608	26.074121	990.591661	32.355875	27.181756	570.490873	77.731657	25.821860	991.582903	36.384112	12.014517	
11/28/2019 19:06:46.007768749	82.381730	26.184008	989.638899	32.744053	27.367890	571.378610	77.982009	25.798407	991.800374	32.770083	11.998405	
11/28/2019 19:06:47.007768749	82.105750	26.169315	991.288234	33.017066	27.222820	571.483747	77.901555	25.882353	991.128086	25.257493	12.027895	
11/28/2019 19:06:48.007768749	82.204314	26.180458	991.724677	33.136400	27.282619	572.386597	78.076605	25.964944	991.189433	28.026833	12.018801	
11/28/2019 19:06:49.007768749	81.961189	26.174288	990.402338	33.025579	27.231882	571.587568	78.092350	25.871664	991.296514	24.394727	12.023742	
11/28/2019 19:06:50.007768749	82.585429	26.185580	989.683844	31.667009	27.334786	575.430264	77.823650	25.863155	992.351390	26.836829	11.995750	
11/28/2019 19:06:51.007768749	81.974331	26.078046	991.193454	32.599081	27.171185	571.444982	77.818578	25.858171	991.038982	27.359523	12.034768	
11/28/2019 19:06:52.007768749	82.197743	26.253741	992.146374	33.751630	27.327398	573.134368	77.826909	25.935682	991.170034	24.743973	12.026936	
11/28/2019 19:06:53.007768749	82.342304	26.099582	992.182410	32.245403	27.156571	572.215750	77.598083	25.821966	991.487019	33.903235	12.025845	
11/28/2019 19:06:54.007768749	82.224027	26.011232	992.082820	33.119551	27.215146	572.795306	77.725033	25.864817	990.778300	31.562002	12.011034	
11/28/2019 19:06:55.007768749	82.224027	26.194103	991.122804	32.441431	27.232698	573.334128	77.664239	25.887232	991.105694	23.560521	12.037278	
11/28/2019 19:06:56.007768749	82.414584	26.108479	991.644249	32.415853	27.127957	573.677779	77.545567	25.845112	991.465570	39.216857	12.002610	
11/28/2019 19:06:57.007768749	82.125463	26.083392	990.367959	31.922949	27.154204	572.961553	77.465060	25.818336	990.736037	31.686190	12.050539	
11/28/2019 19:06:58.007768749	82.467152	26.216388	991.947589	32.800204	27.260536	576.043331	77.466321	25.848212	991.594257	34.344176	12.027146	
11/28/2019 19:06:59.007768749	82.237169	26.121868	991.738870	31.161123	26.982520	573.221759	77.702508	26.000642	991.734612	31.314935	11.976891	
11/28/2019 19:07:00.007768749	82.368588	26.221361	990.713722	33.478101	27.350297	576.243744	77.883630	25.936518	991.141490	25.618534	12.003018	
11/28/2019 19:07:01.007768749	82.480294	26.173165	990.997509	32.418308	27.207758	574.920355	77.779047	25.903107	990.860780	25.040299	12.032008	
11/28/2019 19:07:02.007768749	82.243740	26.195749	991.239583	32.561291	27.274946	575.608331	77.920244	25.945546	991.565398	26.950804	12.023887	
11/28/2019 19:07:03.007768749	82.401442	26.179784	990.452173	32.842768	27.248046	575.725951	77.773238	25.865854	991.108216	24.661180	12.037370	
11/28/2019 19:07:04.007768749	82.644567	26.212645	991.602616	32.827953	27.204206	575.848824	77.750713	25.840339	991.237847	34.442695	12.003386	
11/28/2019 19:07:05.007768749	82.283165	26.152152	992.097170	32.136821	27.125876	575.467713	77.632436	25.815119	990.696926	32.591663	12.036608	
11/28/2019 19:07:06.007768749	82.434297	26.217361	993.165055	33.544391	27.304988	576.717509	77.849986	25.926136	991.460682	25.914589	12.028027	
11/28/2019 19:07:07.007768749	82.598571	26.163968	992.647711	32.446329	27.168980	577.012544	77.730053	25.842095	991.447593	32.586421	12.050723	
11/28/2019 19:07:08.007768749	82.394871	26.155146	991.334993	32.353994	27.191675	576.801617	77.864627	25.881729	991.773566	35.902814	12.034519	
11/28/2019 19:07:09.007768749	82.388301	26.110126	990.735328	32.185316	27.140611	575.539338	77.709027	25.809827	991.151586	34.742682	12.051393	
11/28/2019 19:07:10.007768749	82.611713	26.252917	990.288556	32.796483	27.226494	576.976400	77.779704	25.854858	990.950828	33.578618	12.017605	
11/28/2019 19:07:11.007768749	82.296307	26.115698	990.036705	31.883658	27.155633	577.030942	77.646392	25.799244	990.891689	33.987338	12.035859	
11/28/2019 19:07:12.007768749	82.362017	26.174737	991.081880	32.248870	27.278334	578.931918	77.726899	25.844582	990.905408	37.286964	12.011586	
11/28/2019 19:07:13.007768749	82.651138	26.185206	991.717264	33.002875	27.210044	579.514104	77.708632	25.864193	991.267655	29.921882	12.020943	
11/28/2019 19:07:14.007768749	82.414584	26.162439	992.005229	32.897332	27.243148	580.382127	77.813715	25.958309	991.436554	32.489483	11.994318	
11/28/2019 19:07:15.007768749	82.401442	26.259013	992.119091	32.651445	27.227637	579.782858	77.831220	25.889719	991.119098	24.418046	12.018380	
11/28/2019 19:07:16.007768749	82.749702	26.248693	992.607734	33.019841	27.234453	579.749345	77.802124	25.946995	991.228387	31.538682	12.021285	
11/28/2019 19:07:17.007768749	82.355446	26.069149	992.180437	31.367426	27.219391	579.221038	77.648889	25.769875	991.625166	32.975753	12.027567	
11/28/2019 19:07:18.007768749	82.532861	26.248918	991.672161	33.399226	27.293110	581.409165	77.560970	25.915553	991.014225	27.286944	12.029485	
11/28/2019 19:07:19.007768749	82.795699	26.237700	991.554436	32.455174	27.246046	581.957186	77.484825	25.919394	990.952721	26.446186	12.027685	
11/28/2019 19:07:20.007768749	82.368588	26.148377	991.274041	32.690327	27.237515	581.034622	77.546067	25.907256	991.029365	30.516884	12.033612	
11/28/2019 19:07:21.007768749	82.605142	26.180083	990.023378	32.670107	27.191349	581.823136	77.461801	25.824040	991.482603	32.281192	12.042154	
11/28/2019 19:07:22.007768749	82.690564	26.190253	990.166335	32.646575	27.157633	582.409922	77.465113	25.842095	991.163254	32.238485	12.022047	
11/28/2019 19:07:23.007768749	82.447439	26.106202	992.210008	32.786694	27.282252	583.490187	77.621002	25.852054	991.787441	34.868181	12.012440	
11/28/2019 19:07:24.007768749	82.559145	26.206817	991.269231	32.577947	27.222820	583.635405	77.512161	25.907150	991.358017	25.771013	12.043179	
11/28/2019 19:07:25.007768749	82.821983	26.191750	991.005394	32.300180	27.179756	583.689284	77.549931	25.932264	991.627216	40.796192	12.008222	
11/28/2019 19:07:26.007768749	82.467152	26.184981	989.913223	32.349338	27.180858	584.954194	77.501227	25.851641	991.502316	33.063787	12.037278	
11/28/2019 19:07:27.007768749	82.907405	26.448353	990.613187	31.269392	27.310703	587.585858	77.397957	25.950001	991.238004	33.671624	11.983607	
11/28/2019 19:07:28.007768749	82.716848	26.148527	990.960686	32.242695	27.147142	584.770864	77.450367	25.819267	990.541274	37.310283	12.001217	
11/28/2019 19:07:29.007768749	82.447439	26.179934	991.469514	33.034179	27.247720	586.993820	77.609121	25.873633	991.057909	34.786699	12.038409	
11/28/2019 19:07:30.007768749	82.631425	26.228130	991.415343	32.758828	27.246903	585.506152	77.617348	25.915659	991.174135	24.520226	12.048948	
11/28/2019 19:07:31.007768749	82.933689	26.193846	991.321037	32.483477	27.214330	586.303865	77.690076	26.005721	991.215612	35.880805	12.004292	
11/28/2019 19:07:32.007768749	82.526290	26.148302	989.960218	32.182287	27.166409	585.550179	77.630438	25.849567	991.412583	35.053153	12.044401	
11/28/2019 19:07:33.007768749	82.729990	26.264210	991.197949	32.552155	27.186287	585.599459	77.671072	25.861600	990.981108	34.804776	12.021626	
11/28/2019 19:07:34.007768749	82.821983	26.174961	991.093471	32.518709	27.152449	585.680282	77.787746	25.804017	991.168462	35.073851	12.038409	
11/28/2019 19:07:35.007768749	82.992827	26.290943	990.762216	33.563501	27.265312	587.211315	77.854349	25.890026	991.325686	28.422717	12.014780	
11/28/2019 19:07:36.007768749	82.585429	26.169240	991.120754	31.978195	27.147142	585.324138	77.763960	25.808271	991.090711	33.453119	12.053193	
11/28/2019 19:07:37.007768749	82.703706	26.265782	990.883410	32.924409	27.274946	589.059727	77.957277	25.962870	992.034248	31.089878	12.000481	
11/28/2019 19:07:38.007768749	82.808841	26.253067	991.993561	32.409182	27.233270	585.930637	77.635405	25.888788	991.110110	25.221339	12.027593	
11/28/2019 19:07:39.007768749	82.723419	26.211490	991.354233	32.511061	27.140366	586.036427	77.545620	25.856414	991.174135	35.155333	12.002268	
11/28/2019 19:07:40.007768749	82.867979	26.143330	992.604974	32.144262	27.263598	586.409002	77.561521	25.845206	990.738245	25.711540	12.020457	
11/28/2019 19:07:41.007768749	82.933689	26.311208	990.852659	33.725985	27.302702	588.398685	77.516182	25.827564	991.233117	33.860528	12.026949	
11/28/2019 19:07:42.007768749	82.670851	26.243796	991.499713	32.463355	27.192492	589.497348	77.633802	25.872289	991.526444	30.141698	12.050920	
11/28/2019 19:07:43.007768749	82.854837	26.213511	990.089692	33.077590	27.269558	591.640796	77.782673	25.913478	991.513512	28.361934	12.019760	
11/28/2019 19:07:44.007768749	82.913976	26.286196	990.310791	32.553470	27.218575	589.971114	77.665001	25.824559	991.163096	30.220558	12.020956	
11/28/2019 19:07:45.007768749	82.854837	26.204465	991.440023	32.075527	27.150857	589.866629	77.724796	25.829025	991.554045	38.205272	12.012506	
11/28/2019 19:07:46.007768749	82.703706	26.248768	991.327265	32.922822	27.229882	590.797740	77.649993	25.830475	991.436711	26.823994	12.049106	
11/28/2019 19:07:47.007768749	82.867979	26.317528	991.817879	32.671577	27.210656	591.493599	77.693992	25.811171	991.648980	33.736339	12.025451	
11/28/2019 19:07:48.007768749	82.946831	26.191675	991.942385	32.395009	27.194206	590.834536	77.739936	25.848318	991.729567	28.047531	12.022612	
11/28/2019 19:07:49.007768749	82.743131	26.201845	992.354464	32.735131	27.239760	591.228793	77.804437	25.788449	991.128086	38.217067	11.998037	
11/28/2019 19:07:50.007768749	82.618284	26.168716	990.947202	32.306249	27.131835	590.018425	77.634644	25.793328	990.897998	32.768772	12.048751	
11/28/2019 19:07:51.007768749	82.762844	26.191525	990.820803	32.172498	27.157633	591.473233	77.718358	25.849048	991.414633	33.127192	12.030011	
11/28/2019 19:07:52.007768749	82.867979	26.174662	991.373157	31.959085	27.140326	590.120931	77.701300	25.813044	990.869612	29.861098	12.044690	
11/28/2019 19:07:53.007768749	83.084820	26.285896	990.229575	32.811044	27.202737	591.864859	77.608912	25.823416	991.301086	35.270347	12.015476	
11/28/2019 19:07:54.007768749	82.756273	26.270829	990.441843	33.103499	27.245760	592.434562	77.566279	25.890862	991.044977	23.863129	12.034650	
11/28/2019 19:07:55.007768749	83.019111	26.244993	992.332463	32.717823	27.344664	593.455033	77.540100	25.882142	991.087082	27.677587	12.001901	
11/28/2019 19:07:56.007768749	83.084820	26.211191	990.818438	32.269500	27.143714	593.792779	77.381294	25.791359	991.333574	33.718263	12.053640	
11/28/2019 19:07:57.007768749	82.999398	26.361874	990.229732	31.337008	27.363359	593.928798	77.646235	25.884428	991.922123	30.692682	11.993319	
11/28/2019 19:07:58.007768749	82.835125	26.290869	991.686670	33.117661	27.244046	595.227873	77.518732	25.873220	991.162782	23.457031	12.030563	
11/28/2019 19:07:59.007768749	83.150530	26.312929	992.506962	32.800613	27.231065	595.979591	77.544516	25.905075	991.591734	31.369166	12.018748	
11/28/2019 19:08:00.007768749	82.874550	26.206218	992.470453	31.762521	27.257353	594.263913	77.588804	25.864510	990.596154	28.078713	12.005974	
11/28/2019 19:08:01.007768749	82.881121	26.343288	990.265294	33.089960	27.245474	596.071582	77.431154	25.877580	991.206623	29.041039	12.017552	
11/28/2019 19:08:02.007768749	83.019111	26.195226	990.947754	32.284762	27.125590	596.303539	77.302994	25.789592	991.013910	31.704267	12.051117	
11/28/2019 19:08:03.007768749	82.979685	26.180233	990.859519	32.418590	27.242903	597.938392	77.363237	25.885052	991.241791	29.641283	12.028027	
11/28/2019 19:08:04.007768749	82.743131	26.412946	991.229962	31.250497	27.123916	598.196631	77.617139	26.073793	991.162310	16.807208	11.982621	
11/28/2019 19:08:05.007768749	82.953402	26.275502	990.130144	32.455572	27.182001	597.208357	77.370912	25.903107	991.381674	34.909577	12.013032	
11/28/2019 19:08:06.007768749	82.979685	26.317902	992.046548	32.624922	27.221106	599.165843	77.486429	25.885571	991.622801	20.291807	12.015831	
11/28/2019 19:08:07.007768749	83.255665	26.307059	990.140631	32.911640	27.209799	599.077136	77.519940	25.823934	991.625166	33.402549	12.017539	
11/28/2019 19:08:08.007768749	82.887692	26.259537	991.044268	32.765627	27.219677	599.532503	77.556502	25.841577	991.576752	25.696084	12.042719	
11/28/2019 19:08:09.007768749	82.940260	26.312855	991.106560	33.302449	27.297029	600.713305	77.813610	25.923956	991.351236	24.071421	12.031693	
11/28/2019 19:08:10.007768749	83.012540	26.281298	991.867082	32.584657	27.206656	599.935959	77.619846	25.858488	991.371107	26.798054	12.050157	
11/28/2019 19:08:11.007768749	83.117675	26.208314	991.205914	32.348393	27.160449	598.761072	77.410837	25.894080	991.392713	36.468215	11.988128	
11/28/2019 19:08:12.007768749	83.196526	26.259462	991.721522	32.648094	27.166123	599.462194	77.371464	25.824665	991.355809	32.384683	12.034466	
11/28/2019 19:08:13.007768749	83.019111	26.254040	991.546157	32.752809	27.159347	599.344574	77.483170	25.852784	991.486861	37.799174	12.027869	
11/28/2019 19:08:14.007768749	82.894263	26.090835	989.312297	32.343368	27.343195	600.614083	77.482118	25.636337	990.237222	34.742682	12.045334	
11/28/2019 19:08:15.007768749	82.835125	26.283576	991.886243	33.021439	27.197839	598.755156	77.529271	25.870627	991.109160	34.396057	11.996197	
11/28/2019 19:08:16.007768749	82.907405	26.238374	991.459341	32.496461	27.187961	597.691321	77.674227	25.872183	991.051285	23.574667	12.034203	
11/28/2019 19:08:17.007768749	83.111104	26.287618	991.871340	33.047718	27.323397	600.980743	77.784120	25.943778	991.550573	27.152542	12.028132	
11/28/2019 19:08:18.007768749	83.295091	26.438333	991.893261	34.160400	27.313193	599.035077	77.763802	25.914621	991.537640	26.683039	12.005396	
11/28/2019 19:08:19.007768749	83.130817	26.218484	991.536931	32.509795	27.145754	597.207042	77.523490	25.803805	991.117047	30.897042	12.046228	
11/28/2019 19:08:20.007768749	82.933689	26.232279	990.259223	33.078740	27.358502	600.714621	77.427842	25.890132	991.756532	29.953065	12.011034	
11/28/2019 19:08:21.007768749	82.933689	26.281073	991.712691	32.885575	27.245189	598.015269	77.373067	25.895635	991.441127	23.886448	12.046688	
11/28/2019 19:08:22.007768749	83.117675	26.373466	990.760403	32.799707	27.265925	600.507631	77.543912	26.000536	992.095595	29.729047	11.991532	
11/28/2019 19:08:23.007768749	83.189956	26.308107	990.554601	32.815837	27.246332	599.046907	77.513817	25.886502	990.745026	23.575977	12.031824	
11/28/2019 19:08:24.007768749	83.452793	26.433809	992.647159	33.451519	27.286334	601.325710	77.592720	25.944815	991.526602	22.578809	12.012427	
11/28/2019 19:08:25.007768749	83.071679	26.312480	991.028813	32.859102	27.224208	600.489232	77.636404	25.890862	991.266076	24.384513	12.046570	
11/28/2019 19:08:26.007768749	82.907405	26.265332	991.108216	33.262456	27.248617	602.854121	77.659586	25.885147	991.042769	34.080343	12.040170	
11/28/2019 19:08:27.007768749	82.986256	26.296964	991.373709	32.552535	27.200411	602.283103	77.707528	25.860044	991.421414	26.761900	12.047792	
11/28/2019 19:08:28.007768749	83.019111	26.279469	990.948858	32.927010	27.253720	604.134136	77.785933	25.967337	990.961867	28.484812	11.999430	
11/28/2019 19:08:29.007768749	83.137388	26.308256	992.676255	32.658321	27.227065	603.649203	77.541204	25.906631	991.254880	25.830486	12.036818	
11/28/2019 19:08:30.007768749	83.235952	26.298087	991.276091	32.616516	27.154245	605.165774	77.393384	25.859525	991.461311	34.062267	11.990953	
11/28/2019 19:08:31.007768749	83.242523	26.264434	992.196918	32.417402	27.145999	604.630246	77.380242	25.797064	991.315755	33.487963	12.046780	
11/28/2019 19:08:32.007768749	83.295091	26.309604	992.686822	33.038086	27.225432	606.270352	77.483327	25.904038	991.117676	34.470986	11.981899	
11/28/2019 19:08:33.007768749	82.907405	26.201321	990.889719	32.327160	27.111712	604.723553	77.503434	25.807022	990.919762	32.541093	12.051866	
11/28/2019 19:08:34.007768749	82.959973	26.455196	990.721292	32.016210	27.444915	609.559121	77.682453	25.783157	990.990096	32.452019	12.004358	
11/28/2019 19:08:35.007768749	83.051966	26.217062	991.270177	31.981837	27.162449	605.061299	77.645183	25.843545	990.992147	25.667523	12.046780	
11/28/2019 19:08:36.007768749	83.111104	26.335140	990.009264	32.768120	27.129590	606.166530	77.619504	25.894598	991.476451	35.663611	11.990651	
11/28/2019 19:08:37.007768749	83.255665	26.350057	991.312520	32.841706	27.230453	606.849254	77.526407	25.916802	991.331681	24.154213	12.047056	
11/28/2019 19:08:38.007768749	82.900834	26.339364	993.474232	33.586370	27.186859	609.007153	77.586149	25.895011	991.931268	27.988058	11.983121	
11/28/2019 19:08:39.007768749	82.979685	26.254414	990.749127	32.548804	27.144040	606.995788	77.552243	25.836592	991.193219	32.434982	12.047240	
11/28/2019 19:08:40.007768749	83.104533	26.340187	992.887420	33.073178	27.295355	609.624167	77.695148	25.915447	991.638255	28.316606	12.028605	
11/28/2019 19:08:41.007768749	83.170243	26.212389	991.034884	32.298057	27.158490	606.704037	77.605258	25.854647	990.830343	28.126392	12.051301	
11/28/2019 19:08:42.007768749	83.170243	26.219756	992.951683	33.384157	27.170695	610.034854	77.735363	25.920432	991.506417	29.306182	11.994830	
11/28/2019 19:08:43.007768749	83.150530	26.350057	992.015954	32.620549	27.216289	608.965757	77.685451	25.884428	991.463047	25.875814	12.047240	
11/28/2019 19:08:44.007768749	83.157101	26.393131	990.277360	33.155919	27.258332	609.587371	77.727741	25.965569	991.355809	23.885138	11.992202	
11/28/2019 19:08:45.007768749	83.104533	26.270380	990.983316	31.878749	27.164123	608.406568	77.483617	25.840539	991.186910	30.660460	12.034650	
11/28/2019 19:08:46.007768749	83.334516	26.429211	991.707724	33.385843	27.267312	610.715600	77.588305	25.938793	991.099542	24.068800	12.027527	
11/28/2019 19:08:47.007768749	83.314803	26.281448	991.416841	32.291677	27.181716	610.556583	77.442640	25.878618	991.587948	30.163706	12.048594	
11/28/2019 19:08:48.007768749	83.019111	26.307583	990.545375	32.753277	27.317683	611.855006	77.592563	25.935269	991.071313	28.901394	12.019852	
11/28/2019 19:08:49.007768749	83.209668	26.350432	990.657423	32.933496	27.165306	611.191996	77.443796	25.960690	991.110424	22.239776	12.018065	
11/28/2019 19:08:50.007768749	83.354229	26.335888	991.776560	33.031013	27.257394	612.327456	77.660533	25.983412	991.554359	24.277091	12.014044	
11/28/2019 19:08:51.007768749	83.249094	26.329269	990.822459	32.454229	27.223392	610.753712	77.647443	25.924168	991.018640	22.035416	12.044428	
11/28/2019 19:08:52.007768749	83.104533	26.481032	991.172402	33.277066	27.232739	610.622293	77.654014	25.887126	991.548050	28.303771	11.998930	
11/28/2019 19:08:53.007768749	83.065108	26.258938	991.278062	32.405422	27.194451	608.785711	77.485220	25.863886	990.162314	28.360623	12.035189	
11/28/2019 19:08:54.007768749	83.275378	26.275876	991.413292	32.498468	27.260210	610.972522	77.570143	25.828707	991.373157	33.181423	11.998510	
11/28/2019 19:08:55.007768749	83.222810	26.265482	991.745493	33.286563	27.032972	608.583983	77.522490	26.062066	991.666013	25.485172	11.976694	
11/28/2019 19:08:56.007768749	83.183385	26.345833	989.992706	33.226720	27.284375	612.499618	77.625470	25.995244	990.986153	23.552658	11.999982	
11/28/2019 19:08:57.007768749	82.861408	26.328745	989.345651	31.995453	27.317438	610.801023	77.208898	25.747672	991.505945	34.223919	11.991006	
11/28/2019 19:08:58.007768749	83.229381	26.398702	990.845641	33.162465	27.257434	612.265030	77.653857	25.961209	991.666170	25.315656	12.001270	
11/28/2019 19:08:59.007768749	83.143959	26.249591	991.276249	32.199468	27.135835	611.016550	77.595218	25.834517	990.922284	28.207873	12.048107	
11/28/2019 19:09:00.007768749	83.380513	26.407824	991.910529	33.591163	27.276374	613.365661	77.755680	25.893455	991.299665	25.933977	12.020812	
11/28/2019 19:09:01.007768749	83.413368	26.255163	990.635660	32.645679	27.136366	612.159240	77.677881	25.833068	990.978900	32.217787	12.031259	
11/28/2019 19:09:02.007768749	83.157101	26.281747	990.869060	32.641754	27.227882	614.801418	77.697698	25.846762	991.298721	33.863149	12.034216	
11/28/2019 19:09:03.007768749	82.920547	26.422966	991.576989	31.253487	27.194451	612.767708	77.653857	25.774860	991.272228	32.895582	12.013124	
11/28/2019 19:09:04.007768749	83.157101	26.298461	991.315674	31.879314	27.191635	613.403774	77.707029	25.912653	991.349186	31.049792	12.027895	
11/28/2019 19:09:05.007768749	83.189956	26.361799	992.385530	32.140619	27.202696	614.777105	77.597635	25.899159	991.559089	25.623506	12.022927	
11/28/2019 19:09:06.007768749	83.433080	26.426965	990.890351	32.834762	27.252373	615.459166	77.484169	25.922718	991.110581	23.024993	11.999890	
11/28/2019 19:09:07.007768749	83.373942	26.339514	991.534566	32.429148	27.205799	615.396088	77.477545	25.862118	991.453745	28.730568	12.051511	
11/28/2019 19:09:08.007768749	83.143959	26.371594	991.730196	33.087711	27.265312	617.503391	77.650598	25.880067	991.380095	29.258233	12.036490	
11/28/2019 19:09:09.007768749	83.143959	26.365349	991.359516	32.897819	27.194451	616.467153	77.556896	25.850604	991.432296	26.763210	12.047621	
11/28/2019 19:09:10.007768749	83.176814	26.273000	990.793915	32.810226	27.221636	615.928331	77.545515	25.867728	991.026214	26.690632	12.026436	
11/28/2019 19:09:11.007768749	83.387084	26.334691	991.155764	32.656276	27.198451	616.584774	77.462800	25.921469	991.005394	22.466144	12.013216	
11/28/2019 19:09:12.007768749	83.511932	26.409845	992.008936	33.080366	27.225963	617.527704	77.561864	25.993583	991.355495	25.950743	12.023006	
11/28/2019 19:09:13.007768749	83.097962	26.307059	992.798948	32.630095	27.195063	617.697235	77.475338	25.890756	990.957294	28.562362	12.029249	
11/28/2019 19:09:14.007768749	83.275378	26.208539	992.410053	33.522982	27.174368	618.681562	77.531769	25.892312	991.047027	23.121930	12.014254	
11/28/2019 19:09:15.007768749	83.373942	26.280699	991.199053	32.207173	27.164123	616.939603	77.564019	25.868659	990.716324	25.304131	12.022901	
11/28/2019 19:09:16.007768749	83.406797	26.239197	990.069664	32.176677	27.137795	617.752430	77.303651	25.853609	990.845483	29.809218	12.044993	
11/28/2019 19:09:17.007768749	83.235952	26.328146	991.682728	32.690980	27.192451	619.020624	77.580211	25.864193	991.478816	30.227111	12.036582	
11/28/2019 19:09:18.007768749	83.130817	26.303658	992.200702	32.641578	27.193635	618.600738	77.548275	25.856721	991.287682	27.346417	12.032495	
11/28/2019 19:09:19.007768749	83.400226	26.323099	991.303846	33.053046	27.193308	620.307217	77.603445	25.821447	991.235010	26.886088	12.045610	
11/28/2019 19:09:20.007768749	83.485648	26.265707	989.789269	32.445423	27.149387	619.766426	77.526906	25.834317	990.481978	32.053513	12.036516	
11/28/2019 19:09:21.007768749	83.137388	26.271053	991.684936	32.447060	27.124161	620.140970	77.579973	25.763346	990.889482	33.657479	12.029945	
11/28/2019 19:09:22.007768749	83.249094	26.497447	991.235010	31.174252	27.146285	621.367768	77.477703	25.757324	991.281059	30.368066	12.022454	
11/28/2019 19:09:23.007768749	83.091391	26.238748	992.451292	32.154129	27.164409	620.324299	77.559261	25.757948	990.453434	27.804396	12.023479	
11/28/2019 19:09:24.007768749	83.387084	26.328521	991.154897	32.345462	27.194165	622.170080	77.540048	25.827469	991.188804	21.712111	12.037515	
11/28/2019 19:09:25.007768749	83.143959	26.244619	991.701652	31.901950	27.127304	621.999233	77.445400	25.702852	991.012174	30.414704	12.048922	
11/28/2019 19:09:26.007768749	83.097962	26.259087	990.940341	32.332331	27.160694	622.247620	77.482118	25.776098	991.059959	24.226521	12.021955	
11/28/2019 19:09:27.007768749	83.433080	26.187825	990.979610	34.148692	27.338990	622.683926	77.374880	25.887232	991.241476	19.121190	12.023046	
11/28/2019 19:09:28.007768749	83.367371	26.312555	989.879869	32.268925	27.140040	622.689841	77.157934	25.707213	991.210882	30.043449	12.021285	
11/28/2019 19:09:29.007768749	83.097962	26.244918	990.998928	32.132769	27.160735	622.871855	77.194600	25.675357	991.202522	30.003364	12.024859	
11/28/2019 19:09:30.007768749	83.400226	26.339738	991.353996	32.854846	27.200411	625.548861	77.305754	25.747365	991.384353	26.531600	12.047582	
11/28/2019 19:09:31.007768749	83.393655	26.376342	992.430713	32.416711	27.229025	624.789261	77.348387	25.791984	991.337675	21.034316	12.032758	
11/28/2019 19:09:32.007768749	83.170243	26.265108	991.270729	32.241136	27.149102	624.939078	77.203931	25.664150	991.029208	31.082014	12.049040	
11/28/2019 19:09:33.007768749	83.341087	26.398478	992.406032	32.963291	27.212901	625.755189	77.409233	25.794989	991.292098	21.829746	12.032298	
11/28/2019 19:09:34.007768749	83.400226	26.297188	991.633288	31.840452	27.132978	624.583586	77.379034	25.661038	991.340669	29.244088	11.983121	
11/28/2019 19:09:35.007768749	83.163672	26.265258	991.157972	31.925608	27.134937	625.266310	77.311221	25.687084	991.018483	32.176391	12.050828	
11/28/2019 19:09:36.007768749	83.275378	26.302610	990.355422	32.005574	27.136938	626.111334	77.310617	25.676394	991.009966	30.783338	12.049211	
11/28/2019 19:09:37.007768749	83.439651	26.334616	991.031730	32.209501	27.147142	626.575900	77.353354	25.722982	991.463047	30.637141	12.043284	
11/28/2019 19:09:38.007768749	83.459364	26.435830	991.202050	32.614773	27.232168	627.660764	77.382398	25.805573	991.445228	20.537562	12.017934	
11/28/2019 19:09:39.007768749	83.354229	26.545193	992.497184	32.293762	26.948804	625.864263	77.441431	25.794683	990.703707	32.362674	12.019248	
11/28/2019 19:09:40.007768749	83.400226	26.239347	991.001925	32.212735	27.092445	628.079334	77.295872	25.719870	991.064375	31.953955	12.018118	
11/28/2019 19:09:41.007768749	83.393655	26.292066	989.523067	32.284723	27.125304	627.637766	77.222540	25.698079	991.167040	30.881586	12.030405	
11/28/2019 19:09:42.007768749	83.459364	26.270679	991.122804	32.006762	27.138611	627.341416	77.200067	25.710324	990.954772	29.365655	12.048186	
11/28/2019 19:09:43.007768749	83.203097	26.333942	991.365982	32.245724	27.134652	628.041222	77.096588	25.719870	991.221763	32.074211	12.050920	
11/28/2019 19:09:44.007768749	83.249094	26.291767	990.712304	32.178197	27.125876	627.740272	77.108626	25.690195	991.154108	32.136306	12.051025	
11/28/2019 19:09:45.007768749	83.400226	26.328371	991.558695	32.509689	27.157878	628.432195	77.114645	25.701297	991.414319	31.723655	12.053837	
11/28/2019 19:09:46.007768749	83.498790	26.313453	991.135499	32.068232	27.130407	629.344897	77.236628	25.693931	991.359910	32.589042	12.052615	
11/28/2019 19:09:47.007768749	83.209668	26.370696	991.707014	32.767722	27.178858	630.154441	77.355904	25.744254	991.434189	28.669784	12.049027	
11/28/2019 19:09:48.007768749	83.387084	26.377315	991.651345	32.453410	27.200696	630.721512	77.428737	25.749334	991.561297	27.284323	12.045545	
11/28/2019 19:09:49.007768749	83.465935	26.296889	991.023451	31.880142	27.102364	629.124771	77.456019	25.729416	990.856679	29.200071	12.047017	
11/28/2019 19:09:50.007768749	83.242523	26.344785	991.121858	32.258328	27.187104	629.829177	77.521834	25.825702	991.081880	20.926894	12.042456	
11/28/2019 19:09:51.007768749	83.203097	26.287842	991.425672	32.345939	27.149428	629.494714	77.390624	25.750371	990.681471	26.791501	12.036056	
11/28/2019 19:09:52.007768749	83.393655	26.328820	992.443565	32.405451	27.129835	631.397006	77.364341	25.754837	991.084088	31.890550	12.043678	
11/28/2019 19:09:53.007768749	83.571070	26.382512	990.350454	32.883043	27.198411	632.251229	77.404818	25.773929	991.395078	26.371258	12.044874	
11/28/2019 19:09:54.007768749	83.531645	26.351105	990.853605	32.432742	27.192778	634.189001	77.315085	25.774860	991.392870	28.232503	12.047726	
11/28/2019 19:09:55.007768749	83.308232	26.414294	992.266307	32.960019	27.245760	633.851254	77.361029	25.804017	991.401544	22.343267	12.022034	
11/28/2019 19:09:56.007768749	83.387084	26.293264	992.427873	31.971512	27.229310	634.399928	77.143136	25.791359	991.609868	27.969981	12.015384	
11/28/2019 19:09:57.007768749	83.433080	26.338990	991.118546	32.488611	27.158163	634.509665	77.259600	25.706588	991.361804	32.300580	12.050841	
11/28/2019 19:09:58.007768749	83.590783	26.345309	990.895553	32.742476	27.161021	634.334219	77.510847	25.937037	990.953036	14.260305	11.968231	
11/28/2019 19:09:59.007768749	83.157101	26.377390	992.166481	32.609046	27.184573	634.155488	77.223591	25.793328	991.029365	23.776405	12.022152	
11/28/2019 19:10:00.007768749	83.360800	26.297712	990.917159	32.325358	27.127304	635.053739	77.307752	25.765833	991.033623	31.348468	12.037186	
11/28/2019 19:10:01.007768749	83.459364	26.318501	990.364333	32.066059	27.170368	634.512949	77.346574	25.783888	990.670275	26.795433	12.026081	
11/28/2019 19:10:02.007768749	83.216239	26.208239	992.381667	32.577255	27.180858	635.704919	77.457176	25.782332	990.481978	24.476208	12.019984	
11/28/2019 19:10:03.007768749	83.327945	26.325419	992.718993	32.495156	27.138080	638.063892	77.492738	25.711149	990.186600	22.361344	12.037160	
11/28/2019 19:10:04.007768749	83.479077	26.340861	992.246988	31.928511	27.175470	639.243379	77.527748	25.789698	990.365751	13.441555	11.993371	
11/28/2019 19:10:05.007768749	83.584212	26.355853	992.009173	32.643711	27.136366	637.217552	77.126183	25.748815	991.344299	30.074361	12.049132	
11/28/2019 19:10:06.007768749	83.176814	26.383036	990.292814	32.603602	27.190532	637.271431	77.140981	25.808684	990.819461	23.180093	12.031654	
11/28/2019 19:10:07.007768749	83.183385	26.418742	989.733205	32.954584	27.173470	638.042863	77.146948	25.751620	991.517299	29.695514	12.024294	
11/28/2019 19:10:08.007768749	83.636780	26.388383	992.410920	32.836836	27.176042	639.896527	77.229111	25.784406	991.362118	26.923553	12.026095	
11/28/2019 19:10:09.007768749	82.999398	26.493597	990.440659	32.259048	27.180042	638.472600	77.096693	25.792703	991.362275	25.272949	12.013965	
11/28/2019 19:10:10.007768749	83.419939	26.341310	991.266471	32.959444	27.276619	642.771977	77.363132	25.912241	991.364798	27.879596	12.020759	
11/28/2019 19:10:11.007768749	83.557928	26.339439	992.375595	32.550490	27.159306	640.591734	77.235682	25.752138	991.530703	29.716212	12.045269	
11/28/2019 19:10:12.007768749	83.531645	26.363670	991.072260	33.270452	27.139590	640.720521	77.376431	25.861706	991.256931	27.797843	11.984080	
11/28/2019 19:10:13.007768749	83.465935	26.383036	991.189118	32.356010	27.202982	640.379491	77.354458	25.850085	991.136603	20.164997	12.039539	
11/28/2019 19:10:14.007768749	83.433080	26.609130	990.640627	33.743565	27.283191	641.657537	77.430655	25.871770	991.250936	23.143939	12.013032	
11/28/2019 19:10:15.007768749	83.419939	26.350207	991.179183	31.693727	27.191880	640.657443	77.373119	25.763864	990.451226	24.257703	12.017526	
11/28/2019 19:10:16.007768749	83.222810	26.393805	991.477241	33.226857	27.357685	641.913154	77.543255	25.900609	991.114840	23.160705	12.028460	
11/28/2019 19:10:17.007768749	83.485648	26.446449	992.382770	32.916597	27.235556	641.421644	77.565518	25.837428	991.060431	21.217978	12.039434	
11/28/2019 19:10:18.007768749	83.373942	26.383560	991.949640	32.774422	27.200696	643.603202	77.523332	25.854446	991.679417	29.639972	12.012414	
11/28/2019 19:10:19.007768749	83.354229	26.303059	992.122245	32.247847	27.125304	640.732352	77.379980	25.748921	991.451537	30.634520	12.031351	
11/28/2019 19:10:20.007768749	83.590783	26.398927	990.502243	32.488104	27.177225	641.275110	77.368547	25.807128	991.348714	34.922412	12.000507	
11/28/2019 19:10:21.007768749	83.163672	26.318875	990.119972	32.270318	27.181144	640.680441	77.366891	25.842201	990.935216	22.670504	12.042732	
11/28/2019 19:10:22.007768749	83.531645	26.471910	991.447593	33.073139	27.248862	643.765503	77.308961	25.805573	991.603088	31.810379	12.029485	
11/28/2019 19:10:23.007768749	83.426509	26.414443	991.015172	32.973197	27.225637	642.867252	77.527196	25.833174	991.176186	21.115798	12.042364	
11/28/2019 19:10:24.007768749	83.511932	26.449144	991.895469	33.631790	27.281926	644.247151	77.664187	25.913055	991.714742	20.772834	12.003333	
11/28/2019 19:10:25.007768749	83.203097	26.425511	992.774425	34.783927	27.246332	641.300076	77.384448	25.953430	990.569975	23.037827	11.999377	
11/28/2019 19:10:26.007768749	83.590783	26.442300	992.344449	33.217262	27.253148	646.228950	77.404161	25.942328	991.557196	23.146560	12.019182	
11/28/2019 19:10:27.007768749	83.380513	26.390329	990.040254	32.348111	27.200125	643.579542	77.145292	25.888788	990.701184	23.616063	11.999719	
11/28/2019 19:10:28.007768749	83.571070	26.398178	990.963051	32.327316	27.148857	645.251192	77.190237	25.792397	991.300772	37.879345	12.022126	
11/28/2019 19:10:29.007768749	83.630209	26.646034	991.212695	31.065193	27.238086	647.259936	77.161798	25.928634	990.683679	22.918881	11.997774	
11/28/2019 19:10:30.007768749	83.505361	26.429286	991.337990	33.128307	27.195023	647.842774	77.305807	25.768944	991.308024	34.168378	12.032863	
11/28/2019 19:10:31.007768749	83.531645	26.319399	991.920544	32.338858	27.149142	645.776868	77.329331	25.836179	990.948463	23.632829	12.040669	
11/28/2019 19:10:32.007768749	83.433080	26.370439	991.479369	32.613730	27.215391	647.752099	77.386261	25.819774	991.025264	29.802665	12.002216	
11/28/2019 19:10:33.007768749	83.656492	26.344860	991.421257	32.562032	27.162694	647.501744	77.347335	25.786068	991.145277	30.412083	12.049908	
11/28/2019 19:10:34.007768749	83.433080	26.432280	991.562716	32.948505	27.258822	648.513668	77.528062	25.925829	991.263711	21.626697	12.020207	
11/28/2019 19:10:35.007768749	83.669634	26.450748	991.846108	32.909400	27.199553	648.354652	77.441931	25.798725	991.292255	23.992560	12.038106	
11/28/2019 19:10:36.007768749	83.531645	26.478754	993.178697	32.975398	27.237882	649.545306	77.551377	25.855790	991.570128	26.257283	12.009444	
11/28/2019 19:10:37.007768749	83.643351	26.387260	990.831684	32.438275	27.143999	648.886243	77.367890	25.763240	991.081723	31.661560	12.038225	
11/28/2019 19:10:38.007768749	83.413368	26.440279	990.914242	33.144514	27.231025	651.385171	77.404661	25.768426	991.627216	30.700546	12.025924	
11/28/2019 19:10:39.007768749	83.669634	26.419266	990.595288	32.714638	27.173185	650.631486	77.184113	25.780776	991.390505	27.788940	12.040735	
11/28/2019 19:10:40.007768749	83.360800	26.346058	989.944764	32.829064	27.235801	652.286053	77.239992	25.791772	991.318591	33.556610	12.034795	
11/28/2019 19:10:41.007768749	83.551357	26.313528	992.014140	32.270970	27.131264	649.865970	77.158986	25.771643	991.070684	31.349779	12.036332	
11/28/2019 19:10:42.007768749	83.603925	26.338059	989.516206	31.105487	27.315193	651.484393	77.385552	25.917839	991.349029	30.012267	11.992097	
11/28/2019 19:10:43.007768749	83.584212	26.382437	992.794138	32.325612	27.185716	651.109850	77.288092	25.762509	991.745336	29.704417	11.989087	
11/28/2019 19:10:44.007768749	83.380513	26.494795	992.260630	33.167003	27.247515	651.337860	77.294268	25.900302	991.526287	21.335614	12.016961	
11/28/2019 19:10:45.007768749	83.538215	26.361275	991.372762	32.507936	27.170940	650.948866	77.248876	25.777972	991.188018	29.196139	12.043928	
11/28/2019 19:10:46.007768749	83.321374	26.541418	991.740526	31.788049	27.072648	653.736914	77.494551	25.724844	990.794069	35.310433	11.998024	
11/28/2019 19:10:47.007768749	83.268807	26.377166	990.054762	32.421288	27.200411	651.053340	77.328069	25.853197	990.991990	19.920552	12.041142	
11/28/2019 19:10:48.007768749	83.485648	26.359703	990.827506	32.710586	27.231106	654.167967	77.277210	25.756605	991.117047	32.075522	12.012204	
11/28/2019 19:10:49.007768749	83.682776	26.562057	990.678635	30.417344	27.161878	652.951031	76.998680	25.817299	990.835230	32.438913	12.014530	
