
Time stamp	Inside_humidity (in %rH)	Inside_temperature (in °C)	Inside_pressure (in mbar)	Soil_moisture (in %VWC)	Soil_temperature (in °C)	Inside_CO2_ratio (in ppm)	Outside_humidity (in %rH)	Outside_temperature (in °C)	Outside_pressure (in mbar)	Outside_PAR (in µmol m^-2 s^-1)	Power_box_charge (in V)	
11/28/2019 18:44:49.007768749	75.823928	26.169914	990.608220	24.196840	27.355726	500.659410	76.558822	26.297795	991.000506	26.872983	12.075574	
11/28/2019 18:44:50.007768749	76.231326	26.344935	990.867641	25.302591	27.487529	500.865074	76.665665	26.335874	990.709701	27.360834	12.033034	
11/28/2019 18:44:51.007768749	76.205042	26.175261	989.692518	24.082557	27.359971	500.963644	76.631602	26.300907	990.877814	30.877655	12.074943	
11/28/2019 18:44:52.007768749	76.139333	26.301006	992.145584	24.858719	27.417321	504.314829	76.627396	26.325078	990.779250	36.355551	12.033941	
11/28/2019 18:44:53.007768749	76.665008	26.202593	989.820573	24.075484	27.386911	501.770556	76.597643	26.290948	990.934744	42.404090	12.075035	
11/28/2019 18:44:54.007768749	76.579586	26.159370	990.768682	23.663666	27.144734	499.430632	76.251406	26.348425	991.666170	40.249139	12.006290	
11/28/2019 18:44:55.007768749	76.783285	26.250340	991.036303	24.773454	27.268741	503.603855	76.306129	26.205446	991.228544	46.322037	12.014779	
11/28/2019 18:44:56.007768749	76.671579	26.243571	992.551355	26.095094	27.448384	501.943371	76.499131	26.292810	991.134395	46.051652	12.053706	
11/28/2019 18:44:57.007768749	77.243252	26.319923	991.928428	25.513457	27.528022	504.234005	76.602059	26.305986	990.966440	49.434342	12.059528	
11/28/2019 18:44:58.007768749	77.256393	26.291018	992.077143	24.261041	27.322907	504.021763	76.556010	26.258574	990.698819	40.154823	12.065231	
11/28/2019 18:44:59.007768749	77.394383	26.272775	990.079205	24.327029	27.361155	505.027119	76.889762	26.477508	991.249836	48.822302	12.041760	
11/28/2019 18:45:00.007768749	77.611224	26.260584	991.637151	24.168095	27.281232	503.482288	76.758395	26.337641	990.501534	41.650056	12.070514	
11/28/2019 18:45:01.007768749	77.624366	26.518010	991.939862	25.360769	27.468589	505.657933	76.752139	26.245080	990.830500	51.397767	12.056991	
11/28/2019 18:45:02.007768749	77.269535	26.212089	990.948306	24.513916	27.394259	505.292589	76.789304	26.296028	990.937267	47.180872	12.074917	
11/28/2019 18:45:03.007768749	77.913488	26.329344	992.333015	24.357456	27.449282	506.765795	76.800948	26.324560	991.049707	43.790861	12.038711	
11/28/2019 18:45:04.007768749	78.018623	26.391409	990.127147	24.669864	27.395116	504.163696	76.790960	26.196832	990.839017	48.104422	12.042325	
11/28/2019 18:45:05.007768749	78.044907	26.305005	989.828695	24.475599	27.397728	505.904341	76.919067	26.422931	991.105537	47.316856	12.032718	
11/28/2019 18:45:06.007768749	78.209180	26.260884	990.878286	23.992965	27.295681	504.678858	76.671080	26.335461	990.722633	41.343516	12.072012	
11/28/2019 18:45:07.007768749	78.150042	26.391859	991.271281	24.858416	27.454099	506.054158	76.743360	26.326116	991.088189	48.101801	12.052457	
11/28/2019 18:45:08.007768749	78.518015	26.498195	992.485356	24.603659	27.172164	502.943466	76.728510	26.423449	990.674848	43.314805	12.037870	
11/28/2019 18:45:09.007768749	78.629721	26.313902	992.665216	25.130657	27.424056	508.089185	76.653627	26.317194	990.771519	45.716822	12.061446	
11/28/2019 18:45:10.007768749	78.419451	26.246715	990.602463	24.201093	27.347113	507.202111	76.636859	26.287636	991.045140	45.492804	12.060080	
11/28/2019 18:45:11.007768749	78.583724	26.542990	992.771271	25.929271	27.653294	512.223632	76.985671	26.364618	990.436243	50.983805	12.043521	
11/28/2019 18:45:12.007768749	78.682288	26.265707	992.268042	24.329601	27.384911	508.290913	76.817087	26.318962	991.092290	45.129412	12.072407	
11/28/2019 18:45:13.007768749	78.820278	26.427757	992.358957	24.627919	27.291803	509.987530	76.660146	26.201086	991.279008	45.283473	11.996249	
11/28/2019 18:45:14.007768749	78.780853	26.342433	991.855254	24.381499	27.320744	509.182586	76.727406	26.206801	990.709858	41.383602	12.052602	
11/28/2019 18:45:15.007768749	79.096258	26.406701	991.774669	25.352049	27.429118	511.082257	76.700518	26.276110	990.846905	46.766911	12.042062	
11/28/2019 18:45:16.007768749	78.918842	26.280849	991.317882	24.287768	27.295886	509.086658	76.576117	26.365136	991.172085	40.372017	12.022376	
11/28/2019 18:45:17.007768749	79.069974	26.358024	990.790760	24.830399	27.395728	512.525235	76.705538	26.348531	990.850056	48.139537	12.052694	
11/28/2019 18:45:18.007768749	78.991123	26.318800	991.235087	24.055229	27.308988	510.744500	76.618460	26.347399	990.697083	46.707708	12.052615	
11/28/2019 18:45:19.007768749	79.516798	26.445551	991.118861	24.984705	27.383564	512.288679	76.670028	26.337842	991.270020	54.798263	12.032902	
11/28/2019 18:45:20.007768749	79.398521	26.388009	991.440023	24.550454	27.326581	511.480451	76.561082	26.240519	990.591267	49.866380	12.070357	
11/28/2019 18:45:21.007768749	79.313099	26.487053	991.813306	25.544861	27.460058	513.090992	76.672841	26.304325	991.259296	56.544494	12.064009	
11/28/2019 18:45:22.007768749	79.240819	26.277074	990.680920	24.177722	27.345521	512.358988	76.739444	26.362956	990.737773	45.278231	12.063851	
11/28/2019 18:45:23.007768749	79.326241	26.314876	991.297775	24.825635	27.439037	514.162058	76.824367	26.426561	990.970226	44.645764	12.064285	
11/28/2019 18:45:24.007768749	79.661359	26.302086	990.912981	24.564463	27.392585	514.707448	76.778528	26.301531	991.024320	50.800144	12.080055	
11/28/2019 18:45:25.007768749	79.812491	26.164385	991.351157	25.391260	27.309600	513.435306	77.004989	26.419714	991.223814	47.175901	12.017355	
11/28/2019 18:45:26.007768749	79.582508	26.381913	991.456424	24.272350	27.299396	515.389509	76.726460	26.260024	990.721054	43.398908	12.074115	
11/28/2019 18:45:27.007768749	79.523369	26.398403	990.747076	25.660546	27.632313	518.964115	76.937781	26.239164	991.324900	51.449377	12.004608	
11/28/2019 18:45:28.007768749	80.009619	26.308631	990.928041	24.168135	27.347235	516.448092	76.903770	26.360151	991.109952	43.795832	12.078110	
11/28/2019 18:45:29.007768749	79.983335	26.398852	992.581712	25.239967	27.466834	517.933782	76.985933	26.340022	991.252201	45.954714	12.057491	
11/28/2019 18:45:30.007768749	79.858487	26.319698	991.812911	24.143667	27.342133	517.812878	76.965064	26.366173	991.112003	41.807777	12.066848	
11/28/2019 18:45:31.007768749	80.022761	26.351405	990.788158	25.580302	27.478427	517.215577	77.136513	26.319575	991.277272	50.593163	12.035649	
11/28/2019 18:45:32.007768749	80.095041	26.445850	992.478575	24.733120	27.347276	519.342595	76.974447	26.271750	990.843275	49.840440	12.075863	
11/28/2019 18:45:33.007768749	79.904484	26.294686	991.334678	25.723018	27.475039	517.811562	77.202512	26.365443	991.512569	52.948541	12.033244	
11/28/2019 18:45:34.007768749	80.035903	26.377615	991.396182	24.203159	27.292865	520.213901	77.017579	26.285551	990.609086	43.748154	12.073708	
11/28/2019 18:45:35.007768749	79.950481	26.399526	992.031646	23.780232	27.424668	520.188272	77.199515	26.401553	991.449801	50.351339	12.016054	
11/28/2019 18:45:36.007768749	80.285599	26.378064	991.498058	24.251118	27.261965	521.336878	77.026463	26.333799	990.757486	42.386013	12.074378	
11/28/2019 18:45:37.007768749	80.338166	26.304556	990.266950	23.313712	27.191430	521.057610	77.300734	26.573381	990.666331	42.498677	12.038146	
11/28/2019 18:45:38.007768749	80.469585	26.385956	990.463764	24.175111	27.284129	522.746343	77.012664	26.322486	990.425362	43.684749	12.060316	
11/28/2019 18:45:39.007768749	80.390734	26.336412	991.531412	24.813789	27.390299	524.064480	77.186321	26.445960	991.088346	44.526818	12.064561	
11/28/2019 18:45:40.007768749	80.187034	26.304032	992.544494	24.161976	27.469896	524.511964	76.863793	26.327259	991.006973	48.249309	12.052510	
11/28/2019 18:45:41.007768749	80.515582	26.410219	991.857856	25.173762	27.425485	525.219654	77.041760	26.358183	991.270020	53.740310	12.061827	
11/28/2019 18:45:42.007768749	80.535295	26.377016	990.884042	24.829743	27.408178	527.407782	76.920276	26.324666	990.926700	50.841540	12.071907	
11/28/2019 18:45:43.007768749	80.535295	26.462564	991.545053	24.932509	27.426056	527.881547	76.969585	26.379656	991.574229	53.075351	12.052273	
11/28/2019 18:45:44.007768749	80.318453	26.398627	991.387665	24.834517	27.380992	528.499215	76.928950	26.281921	991.053965	52.739210	12.080857	
11/28/2019 18:45:45.007768749	80.890125	26.467312	991.198816	24.903123	27.369726	528.020850	76.988246	26.349462	990.657815	47.315545	12.033467	
11/28/2019 18:45:46.007768749	80.469585	26.413844	991.895469	24.985386	27.370216	529.984252	76.965773	26.327259	991.296356	51.660289	12.067400	
11/28/2019 18:45:47.007768749	80.666713	26.451796	991.251726	24.878912	27.498265	530.393623	77.096036	26.341472	991.223814	48.396817	12.067465	
11/28/2019 18:45:48.007768749	80.804703	26.393954	991.295567	24.192090	27.293967	529.663588	77.003990	26.324359	990.887117	42.101482	12.066900	
11/28/2019 18:45:49.007768749	80.653571	26.384234	991.247547	24.913944	27.499653	532.575836	77.192735	26.391795	991.241319	47.655617	12.058897	
11/28/2019 18:45:50.007768749	80.752136	26.382213	991.332076	24.721555	27.379564	532.772964	77.117852	26.272681	991.106008	51.045900	12.078084	
11/28/2019 18:45:51.007768749	80.870413	26.473707	992.764175	25.041787	27.438220	534.493242	77.291851	26.387128	991.414633	52.989937	12.056939	
11/28/2019 18:45:52.007768749	80.830987	26.375743	989.898163	23.912128	27.284170	532.183547	77.078216	26.474704	990.663180	40.343727	12.053522	
11/28/2019 18:45:53.007768749	80.995261	26.315175	991.622563	23.763189	27.292824	531.804404	77.256683	26.373539	990.952407	42.794732	12.049474	
11/28/2019 18:45:54.007768749	81.258098	26.607526	991.917547	25.214769	27.398340	533.857166	77.260100	26.394187	991.760319	61.880124	12.030904	
11/28/2019 18:45:55.007768749	81.087254	26.473407	990.389091	24.972868	27.312703	531.021142	77.189475	26.193720	990.998299	45.469755	12.048817	
11/28/2019 18:45:56.007768749	81.054399	26.514535	991.543949	24.932573	27.385033	532.780185	77.217572	26.416591	990.996563	46.244487	12.042785	
11/28/2019 18:45:57.007768749	81.218673	26.441926	991.969353	24.324715	27.294824	532.343879	77.201960	26.286175	990.365909	43.762299	12.058949	
11/28/2019 18:45:58.007768749	81.264669	26.548262	992.478890	25.277922	27.399973	534.824410	77.350989	26.314908	990.893897	48.201631	12.042259	
11/28/2019 18:45:59.007768749	81.021544	26.468360	991.921962	25.044719	27.394544	532.756534	76.991558	26.160309	990.928436	50.239985	12.038842	
11/28/2019 18:46:00.007768749	81.218673	26.506461	991.695895	25.391669	27.498836	538.115148	77.272295	26.313046	990.953036	49.799044	12.061604	
11/28/2019 18:46:01.007768749	81.356662	26.468510	991.191483	24.573168	27.320622	535.389514	77.102107	26.271231	990.755750	42.924163	12.073918	
11/28/2019 18:46:02.007768749	81.185818	26.426334	991.727988	24.756779	27.480998	539.575872	77.319396	26.446478	991.557039	45.918560	12.056584	
11/28/2019 18:46:03.007768749	81.310666	26.463388	990.934112	24.321151	27.265353	536.497377	77.112437	26.335874	990.845011	40.249139	12.074575	
11/28/2019 18:46:04.007768749	81.422372	26.416839	990.867798	24.429203	27.365971	539.600838	77.362028	26.517449	991.604038	48.348868	12.050657	
11/28/2019 18:46:05.007768749	81.133250	26.504665	991.471169	24.790834	27.361726	539.454305	77.137669	26.269570	990.852264	49.469185	12.078044	
11/28/2019 18:46:06.007768749	81.599787	26.539141	991.627768	24.504834	27.294171	541.001767	77.187267	26.356532	990.804642	40.206433	12.025911	
11/28/2019 18:46:07.007768749	81.251527	26.424837	992.222308	24.522190	27.390340	541.683829	77.132150	26.343239	991.007601	48.646504	12.071828	
11/28/2019 18:46:08.007768749	81.350091	26.604906	990.840121	25.045519	27.454384	543.665629	77.124475	26.364194	991.239426	47.615532	12.039210	
11/28/2019 18:46:09.007768749	81.409230	26.474306	991.673975	24.738006	27.434506	543.515811	77.275345	26.495563	991.766785	51.130002	12.068530	
11/28/2019 18:46:10.007768749	81.520936	26.610028	992.104425	25.121711	27.403688	546.324890	77.091121	26.288450	990.795647	50.024101	12.061354	
11/28/2019 18:46:11.007768749	81.389517	26.536521	992.320320	24.586327	27.342745	545.010700	77.053746	26.249959	990.663966	48.875493	12.073235	
11/28/2019 18:46:12.007768749	81.685210	26.562880	991.655446	25.248825	27.431975	548.520249	77.163901	26.308886	991.152215	51.375758	12.053180	
11/28/2019 18:46:13.007768749	81.566933	26.320147	992.459494	24.437420	27.428016	545.640198	77.248062	26.382355	990.961552	46.099601	12.046267	
11/28/2019 18:46:14.007768749	81.488081	26.412764	991.454059	24.465246	27.386258	547.064125	77.366734	26.426867	991.419678	46.527978	12.042443	
11/28/2019 18:46:15.007768749	81.619500	26.488699	991.445700	24.779702	27.385809	547.978143	77.311012	26.276005	991.207409	51.562041	12.069949	
11/28/2019 18:46:16.007768749	81.606358	26.555181	992.231296	25.271755	27.405361	550.031567	77.463589	26.349155	991.193848	54.618533	12.056150	
11/28/2019 18:46:17.007768749	81.507794	26.441402	990.996405	24.420257	27.266210	546.639639	77.252477	26.374470	990.913610	42.880146	12.066585	
11/28/2019 18:46:18.007768749	81.573504	26.702421	991.091658	24.495927	27.498591	549.695789	77.496549	26.362120	991.928746	51.908666	12.028263	
11/28/2019 18:46:19.007768749	81.757490	26.463837	991.547576	24.330569	27.271884	548.808053	77.200961	26.294059	990.551527	43.234634	12.066821	
11/28/2019 18:46:20.007768749	81.672068	26.528297	991.555698	24.518841	27.299110	550.863446	77.207532	26.393774	991.177922	44.630308	12.052273	
11/28/2019 18:46:21.007768749	81.816628	26.447572	990.954377	24.116443	27.292538	549.865320	77.203616	26.375613	990.967390	43.758368	12.070212	
11/28/2019 18:46:22.007768749	81.908622	26.551962	991.987330	24.191015	27.394585	551.078310	77.415989	26.337535	991.189433	49.369626	12.001900	
11/28/2019 18:46:23.007768749	81.323808	26.468061	992.831750	24.417302	27.428832	552.381995	77.331171	26.297583	990.965968	50.014927	12.053127	
11/28/2019 18:46:24.007768749	82.000615	26.487170	991.615468	24.273728	27.524960	553.479996	77.272033	26.505522	991.180444	44.237045	12.027159	
11/28/2019 18:46:25.007768749	81.757490	26.516406	991.854150	25.091548	27.379564	554.544494	77.174573	26.230243	991.081566	51.661600	12.068293	
11/28/2019 18:46:26.007768749	81.875767	26.805688	993.764405	27.046611	27.431975	555.231154	77.332328	26.388165	991.036303	50.281381	12.020720	
11/28/2019 18:46:27.007768749	81.810058	26.446898	990.780825	24.496448	27.370216	556.694509	77.169762	26.308273	991.237375	48.933656	12.077847	
11/28/2019 18:46:28.007768749	81.685210	26.589015	992.060584	25.612371	27.482141	559.444456	77.165347	26.301520	991.277587	52.198439	12.064180	
11/28/2019 18:46:29.007768749	81.980902	26.537943	991.905167	24.818835	27.324295	558.224226	77.007697	26.232116	990.643310	50.211695	12.076283	
11/28/2019 18:46:30.007768749	81.790345	26.505638	991.578170	25.730851	27.490060	561.931556	77.152153	26.322179	991.323007	49.800354	12.065875	
11/28/2019 18:46:31.007768749	82.099179	26.364194	991.979997	23.653375	27.380095	558.950314	77.023493	26.354553	991.273964	44.769952	12.041208	
11/28/2019 18:46:32.007768749	81.908622	26.517005	991.466202	25.351800	27.490877	563.686661	77.150497	26.353304	991.250779	49.994229	12.066151	
11/28/2019 18:46:33.007768749	81.698351	26.506012	990.630850	24.915714	27.370216	562.152997	77.035032	26.263347	990.978900	50.312564	12.078794	
11/28/2019 18:46:34.007768749	82.184601	26.517828	991.277510	25.064933	27.399932	565.680944	77.001126	26.339091	990.821512	46.469545	12.057977	
11/28/2019 18:46:35.007768749	81.514365	26.326168	989.992074	24.576813	27.554921	565.691459	76.802499	26.292292	991.232802	49.604898	12.049500	
11/28/2019 18:46:36.007768749	82.145176	26.470606	991.167118	24.454848	27.414954	563.841731	77.213946	26.375719	991.287368	48.090277	12.059606	
11/28/2019 18:46:37.007768749	81.882338	26.516855	992.772140	24.230895	27.357440	565.746654	76.916860	26.353304	990.610980	52.658768	12.034992	
11/28/2019 18:46:38.007768749	82.322591	26.487320	990.914320	24.327061	27.309029	564.538906	77.103449	26.409543	991.363854	45.249940	12.046662	
11/28/2019 18:46:39.007768749	81.987473	26.457891	990.830581	24.484066	27.388626	565.918153	76.927846	26.290218	991.189275	49.793801	12.078780	
11/28/2019 18:46:40.007768749	82.164888	26.655048	990.615315	25.213263	27.417566	567.997859	77.240782	26.338985	991.416998	52.589081	12.047516	
11/28/2019 18:46:41.007768749	82.270024	26.521828	991.106560	24.474013	27.272946	565.035016	77.160432	26.315438	990.814102	43.047041	12.043389	
11/28/2019 18:46:42.007768749	82.132034	26.555705	991.378282	24.478627	27.279558	567.530662	77.185507	26.381117	991.164990	43.973212	12.048304	
11/28/2019 18:46:43.007768749	82.270024	26.469034	991.385695	24.208317	27.335602	566.729665	77.225484	26.319374	991.073049	46.732067	12.077125	
11/28/2019 18:46:44.007768749	82.243740	26.608050	991.338462	24.677343	27.303641	568.731831	77.159275	26.303605	990.915346	48.506860	12.033362	
11/28/2019 18:46:45.007768749	82.355446	26.473857	991.350842	24.563285	27.387483	568.668753	77.163691	26.261685	991.264183	50.061566	12.066848	
11/28/2019 18:46:46.007768749	82.289736	26.644355	991.443492	24.781744	27.398830	571.718987	77.239678	26.322698	991.554359	47.226200	12.033967	
11/28/2019 18:46:47.007768749	82.302878	26.511059	991.341459	24.361165	27.257965	569.653080	77.107759	26.305574	990.932851	40.452189	12.072604	
11/28/2019 18:46:48.007768749	81.987473	26.527773	993.318343	25.661323	27.300539	573.427434	77.160931	26.393044	991.731775	46.567793	12.022954	
11/28/2019 18:46:49.007768749	81.770632	26.468734	992.694155	25.365023	27.212656	572.818966	77.092462	26.385678	990.766474	43.367725	12.051169	
11/28/2019 18:46:50.007768749	82.256882	26.612723	991.797851	24.580673	27.334500	574.341452	77.043206	26.196112	990.906829	46.946911	12.049277	
11/28/2019 18:46:51.007768749	82.657709	26.670040	991.302270	23.435732	27.062239	571.148621	76.777581	26.161452	991.204258	54.535740	12.058897	
11/28/2019 18:46:52.007768749	82.145176	26.510835	991.221368	24.684705	27.389197	575.779178	77.096036	26.248404	991.266076	50.285313	12.070882	
11/28/2019 18:46:53.007768749	82.513148	26.533345	991.161283	24.220795	27.285191	574.462356	77.056006	26.294684	990.692039	42.325229	12.059606	
11/28/2019 18:46:54.007768749	82.210885	26.697673	990.614763	24.630610	27.310131	576.172119	76.960201	26.229936	991.138339	47.477198	12.038934	
11/28/2019 18:46:55.007768749	82.598571	26.403119	991.929375	25.061465	27.163102	574.508352	77.233264	26.197668	991.072892	42.926784	12.028316	
11/28/2019 18:46:56.007768749	82.440868	26.581391	991.688483	24.410628	27.285599	575.457851	77.028381	26.240095	991.050021	43.057525	12.052904	
11/28/2019 18:46:57.007768749	82.375159	26.507509	990.954772	24.339621	27.295845	574.871075	77.131493	26.294684	991.006815	41.374428	12.054494	
11/28/2019 18:46:58.007768749	82.375159	26.548786	991.841692	24.065729	27.336174	577.136079	77.201618	26.263347	990.851635	45.172119	12.054573	
11/28/2019 18:46:59.007768749	82.322591	26.528447	991.798008	24.118862	27.275272	576.034785	77.117352	26.286800	990.965653	42.283833	12.072223	
11/28/2019 18:47:00.007768749	82.605142	26.626817	991.657259	24.668446	27.352093	578.406242	77.155174	26.193308	990.852421	47.970020	12.071710	
11/28/2019 18:47:01.007768749	82.460581	26.555031	991.206543	24.281337	27.283803	577.578300	77.148998	26.275380	990.769154	41.813019	12.048475	
11/28/2019 18:47:02.007768749	82.657709	26.476102	991.938995	25.849924	27.414097	578.913520	76.958046	25.999794	990.280748	44.270578	12.035964	
11/28/2019 18:47:03.007768749	82.493436	26.501638	992.227985	23.834599	27.308417	579.767743	77.309356	26.289392	990.768525	43.903254	12.054652	
11/28/2019 18:47:04.007768749	82.454010	26.527324	989.939402	24.434561	27.317764	581.344771	77.299578	26.322592	991.226336	44.128312	12.070895	
11/28/2019 18:47:05.007768749	82.618284	26.539440	990.819936	24.186565	27.332786	581.553067	77.351199	26.289275	991.369213	44.086916	12.057543	
11/28/2019 18:47:06.007768749	82.329162	26.617621	989.737463	24.878335	27.224820	583.818734	77.260257	26.280778	990.801327	40.003384	12.041484	
11/28/2019 18:47:07.007768749	82.526290	26.532521	991.334126	24.539017	27.289436	583.259546	77.239493	26.292398	990.977007	42.239816	12.068832	
11/28/2019 18:47:08.007768749	82.808841	26.522876	992.894832	24.414289	27.261434	586.198075	77.000389	26.275486	990.325061	47.990718	12.025109	
11/28/2019 18:47:09.007768749	82.493436	26.543814	991.053493	24.171194	27.271027	584.084856	77.226298	26.263972	991.020376	42.507580	12.066072	
11/28/2019 18:47:10.007768749	82.572287	26.454790	991.971718	23.670707	27.337602	585.374733	77.201119	26.259199	990.788081	42.347238	12.047306	
11/28/2019 18:47:11.007768749	82.723419	26.543889	990.982132	24.101771	27.288008	585.201918	77.280917	26.295827	991.031258	42.793422	12.071723	
11/28/2019 18:47:12.007768749	82.585429	26.533494	991.482603	24.254450	27.267027	586.422801	77.243147	26.283582	991.004922	41.973362	12.061775	
11/28/2019 18:47:13.007768749	82.467152	26.564752	990.493412	24.571126	27.398504	588.054371	77.265067	26.242075	991.007287	48.863698	12.060395	
11/28/2019 18:47:14.007768749	82.782557	26.644504	992.006333	24.863854	27.350664	589.647166	77.252477	26.165294	991.092762	49.757647	12.058029	
11/28/2019 18:47:15.007768749	82.598571	26.591710	990.191490	24.643873	27.278374	588.901363	77.215207	26.206695	990.473147	42.671854	12.054639	
11/28/2019 18:47:16.007768749	82.749702	26.650450	991.949640	24.901481	27.303886	590.482991	77.198202	26.174946	990.679106	47.210744	12.063930	
11/28/2019 18:47:17.007768749	82.762844	26.585914	990.244557	24.907785	27.368747	590.606526	77.286279	26.218316	990.910931	47.510731	12.052313	
11/28/2019 18:47:18.007768749	82.637996	26.613172	991.624614	24.448962	27.300539	591.921369	77.229743	26.183879	990.621232	43.820462	12.062656	
11/28/2019 18:47:19.007768749	82.743131	26.606553	990.813627	24.879608	27.404504	592.773624	77.239283	26.234709	991.108373	48.709909	12.061394	
11/28/2019 18:47:20.007768749	82.769415	26.618818	992.781128	24.676062	27.280048	593.161966	77.013321	26.135206	991.267655	47.541913	12.006145	
11/28/2019 18:47:21.007768749	82.736560	26.608050	991.723178	24.347965	27.285477	592.865615	76.961910	26.213130	990.825770	42.678407	12.072315	
11/28/2019 18:47:22.007768749	82.927118	26.608050	991.222787	24.284260	27.275843	595.127336	77.017736	26.226931	990.865196	42.823293	12.065901	
11/28/2019 18:47:23.007768749	82.624854	26.645402	992.381981	24.605846	27.293600	596.285140	77.203169	26.123268	991.501687	47.594834	12.028841	
11/28/2019 18:47:24.007768749	82.723419	26.370439	989.078108	24.380579	27.443282	595.272553	77.360662	26.204103	991.543635	42.058775	12.042036	
11/28/2019 18:47:25.007768749	82.736560	26.657593	991.336806	24.583579	27.330377	597.132786	77.276159	26.209489	990.613816	44.534410	12.047450	
11/28/2019 18:47:26.007768749	82.795699	26.665442	991.271281	24.878263	27.329683	598.851095	77.085706	26.165400	990.902728	46.388063	12.062944	
11/28/2019 18:47:27.007768749	82.637996	26.652653	991.604586	24.849422	27.328622	599.094871	77.142242	26.166225	990.755436	46.363434	12.041957	
11/28/2019 18:47:28.007768749	83.019111	26.744222	989.959509	23.569214	27.485203	599.616611	77.172023	26.207627	991.210724	47.715091	12.040538	
11/28/2019 18:47:29.007768749	82.683993	26.581017	992.098354	24.474239	27.350623	600.279621	77.144687	26.242181	991.070684	46.588491	12.056820	
11/28/2019 18:47:30.007768749	82.756273	26.664694	992.407293	24.839667	27.342745	603.042703	77.063733	26.183867	991.073363	51.951373	12.074089	
11/28/2019 18:47:31.007768749	82.631425	26.448545	989.712625	23.377930	27.237025	603.086731	77.280469	26.409649	991.180444	45.341635	12.048173	
11/28/2019 18:47:32.007768749	82.769415	26.591486	991.386247	24.588586	27.252577	602.888287	77.033086	26.249028	990.941840	41.193388	12.069975	
11/28/2019 18:47:33.007768749	82.867979	26.600350	992.196286	25.207289	27.385197	604.881254	77.063733	26.286069	990.727678	52.339394	12.049868	
11/28/2019 18:47:34.007768749	82.690564	26.601431	992.539764	24.722315	27.262537	604.853656	77.161798	26.253801	990.952878	42.163576	12.060158	
11/28/2019 18:47:35.007768749	82.848267	26.564677	991.095679	24.439270	27.287722	604.671642	77.182510	26.264384	991.234853	44.064907	12.067150	
11/28/2019 18:47:36.007768749	82.913976	26.635041	991.783186	24.690625	27.336949	607.093041	77.140876	26.167368	991.173978	51.519334	12.058568	
11/28/2019 18:47:37.007768749	82.743131	26.618369	990.116580	24.843639	27.468263	607.139690	77.086758	26.116633	990.480085	39.070930	12.004792	
11/28/2019 18:47:38.007768749	83.084820	26.603003	992.522416	24.537927	27.258291	608.087220	77.125631	26.134688	990.957294	48.178312	12.044296	
11/28/2019 18:47:39.007768749	82.775986	26.565051	992.209218	24.371497	27.354869	608.474909	77.172627	26.223713	991.536854	46.936427	12.058029	
11/28/2019 18:47:40.007768749	82.848267	26.560902	990.313788	24.227291	27.290008	608.247552	77.395225	26.223301	991.197478	45.711580	12.059041	
11/28/2019 18:47:41.007768749	82.959973	26.627641	992.871413	24.807198	27.371073	609.459236	77.345470	26.122961	991.169563	52.257912	12.069187	
11/28/2019 18:47:42.007768749	82.703706	26.581391	990.227919	24.659868	27.369033	610.930474	77.352041	26.164257	991.195584	48.987887	12.068280	
11/28/2019 18:47:43.007768749	82.986256	26.581391	990.506659	24.329937	27.383768	610.258264	77.479543	26.177020	991.270020	48.187215	12.069581	
11/28/2019 18:47:44.007768749	82.749702	26.565276	991.032677	24.196367	27.307274	610.510588	77.501412	26.210019	991.243527	45.459271	12.073655	
11/28/2019 18:47:45.007768749	83.025682	26.599110	991.147170	24.527148	27.257475	610.308197	77.372805	26.199753	990.390666	45.627477	12.032574	
11/28/2019 18:47:46.007768749	83.104533	26.934535	991.945382	25.801156	27.409321	614.228431	77.494341	26.138011	991.661912	58.802934	12.042640	
11/28/2019 18:47:47.007768749	83.097962	26.654449	990.695902	24.980781	27.374992	613.873602	77.416646	26.123893	991.182652	50.959176	12.049934	
11/28/2019 18:47:48.007768749	83.058537	26.824423	991.950901	25.197341	27.339357	615.001831	77.293559	26.186048	991.265447	54.530498	12.033493	
11/28/2019 18:47:49.007768749	83.058537	26.583337	991.113736	24.960646	27.171021	614.827700	77.184665	26.202653	990.972277	43.153152	12.036319	
11/28/2019 18:47:50.007768749	82.913976	26.793241	990.644254	25.377148	27.434302	616.804900	77.406921	26.293647	992.266230	53.506079	12.018604	
11/28/2019 18:47:51.007768749	83.117675	26.712740	992.828676	24.770507	27.323193	615.981558	77.268931	26.130952	990.696926	46.165627	12.064692	
11/28/2019 18:47:52.007768749	82.979685	26.646450	990.723894	24.737084	27.417566	618.241310	77.509743	26.324878	991.723101	51.124760	12.047792	
11/28/2019 18:47:53.007768749	83.124246	26.686455	991.854624	24.690847	27.318336	617.069706	77.261151	26.116421	991.071156	46.673905	12.053903	
11/28/2019 18:47:54.007768749	83.104533	26.695470	993.085572	24.923546	27.363726	619.192124	77.475732	26.214686	991.143698	51.789720	12.039749	
11/28/2019 18:47:55.007768749	83.124246	26.665816	991.204178	24.848012	27.280905	618.166401	77.321998	26.115807	990.663337	43.353580	12.073642	
11/28/2019 18:47:56.007768749	83.341087	26.750766	991.543240	24.106167	27.248658	622.093203	77.692469	26.297689	990.963917	52.790820	12.020299	
11/28/2019 18:47:57.007768749	83.170243	26.627042	991.665775	24.515119	27.274864	618.465383	77.306991	26.113427	990.757172	41.590583	12.052260	
11/28/2019 18:47:58.007768749	83.104533	26.729379	991.993876	25.415697	27.490632	624.006662	77.463747	26.166225	991.126350	49.143258	12.062143	
11/28/2019 18:47:59.007768749	83.157101	26.590962	991.166645	24.672851	27.360297	621.699599	77.337348	26.165400	991.228701	46.428149	12.075613	
11/28/2019 18:48:00.007768749	83.012540	26.672062	991.185017	25.055010	27.401361	623.932406	77.439671	26.249134	991.244156	42.677096	12.057885	
11/28/2019 18:48:01.007768749	83.124246	26.612349	990.517935	24.908522	27.369073	623.479670	77.339556	26.171210	991.478187	46.693292	12.055467	
11/28/2019 18:48:02.007768749	83.242523	26.844688	992.847837	25.823493	27.411321	626.369572	77.307910	26.129184	991.325372	52.400178	12.046649	
11/28/2019 18:48:03.007768749	83.038824	26.697523	992.011538	24.539818	27.291722	624.589501	77.253581	26.080110	990.889482	42.946171	12.072117	
11/28/2019 18:48:04.007768749	83.288520	26.740596	991.792804	25.043109	27.410504	626.356426	77.284176	26.199636	991.402965	52.504979	11.992727	
11/28/2019 18:48:05.007768749	82.940260	26.765459	991.729724	24.570485	27.377849	625.897123	77.157882	26.099096	990.917711	46.959746	12.050683	
11/28/2019 18:48:06.007768749	83.400226	26.739848	991.943174	24.537118	27.306784	627.335501	77.114198	26.198187	991.287840	43.454449	12.045334	
11/28/2019 18:48:07.007768749	83.019111	26.856354	993.151099	26.006504	27.462834	628.253465	77.257944	26.176195	990.591581	33.793462	11.998851	
11/28/2019 18:48:08.007768749	83.235952	26.740896	991.977237	24.958404	27.377645	628.670720	77.187819	26.185328	991.471250	51.515403	12.049040	
11/28/2019 18:48:09.007768749	82.894263	26.602029	991.884430	24.675182	27.398790	628.601726	77.203379	26.130327	991.453902	48.658028	12.072604	
11/28/2019 18:48:10.007768749	83.229381	26.667912	992.221361	24.582619	27.373319	630.557897	77.395435	26.245091	991.604824	41.634600	12.031089	
11/28/2019 18:48:11.007768749	82.894263	26.633960	991.501369	24.840716	27.362257	629.769383	77.286646	26.111341	991.224286	48.867630	12.074036	
11/28/2019 18:48:12.007768749	83.196526	26.708366	990.317257	25.445787	27.495979	633.424148	77.508350	26.213955	991.355652	49.095309	12.048410	
11/28/2019 18:48:13.007768749	82.683993	26.570623	990.415664	25.043669	27.540512	634.527410	77.473339	25.963896	991.694872	50.263304	12.033835	
11/28/2019 18:48:14.007768749	83.235952	26.650001	991.249361	25.198407	27.452629	635.003144	77.541756	26.221840	991.371107	43.494535	12.048029	
11/28/2019 18:48:15.007768749	83.045395	26.602104	990.839412	24.556717	27.322295	633.753348	77.473287	26.183867	991.020534	43.490603	12.071382	
11/28/2019 18:48:16.007768749	83.157101	26.749643	990.861884	25.547280	27.448139	636.887689	77.355115	26.164151	991.456424	48.435592	12.055690	
11/28/2019 18:48:17.007768749	83.242523	26.702495	992.726011	24.993700	27.353766	636.245709	77.169473	26.094323	991.405802	49.116007	12.063838	
11/28/2019 18:48:18.007768749	83.170243	26.729828	992.505858	24.785076	27.408749	637.977153	77.275055	26.208982	991.438290	49.091377	12.040235	
11/28/2019 18:48:19.007768749	83.196526	26.656096	991.094575	24.522790	27.265353	637.037506	77.404608	26.151293	990.908566	39.758938	12.068937	
11/28/2019 18:48:20.007768749	83.327945	26.703843	991.679337	24.940318	27.391156	640.311813	77.417251	26.217903	991.683833	52.883826	12.044782	
11/28/2019 18:48:21.007768749	83.117675	26.728406	991.248809	24.768265	27.348093	639.761824	77.287592	26.076893	991.001135	49.320367	12.070186	
11/28/2019 18:48:22.007768749	83.150530	26.610296	990.355027	24.467262	27.390299	642.831771	77.485720	26.243536	991.567606	48.170448	12.051669	
11/28/2019 18:48:23.007768749	83.281949	26.689674	990.440582	24.481463	27.429649	640.326265	77.502778	26.138011	990.864881	52.312143	12.029853	
11/28/2019 18:48:24.007768749	83.216239	26.587411	993.164898	25.039496	27.417811	644.434428	77.468424	26.096292	991.555460	49.385082	12.023203	
11/28/2019 18:48:25.007768749	83.301662	26.639232	990.307165	25.209884	27.412954	643.789816	77.357165	26.157410	991.676895	47.962157	12.046110	
11/28/2019 18:48:26.007768749	83.143959	26.762358	992.393967	25.590257	27.507326	645.050779	77.373671	26.179825	991.594257	47.129262	12.044467	
11/28/2019 18:48:27.007768749	83.262236	26.640280	992.502861	24.486180	27.321152	642.722035	77.363184	26.170279	991.215140	42.892980	12.060934	
11/28/2019 18:48:28.007768749	83.551357	26.757011	991.838143	25.010278	27.332826	643.717529	77.361633	26.186672	991.138654	41.668133	12.045426	
11/28/2019 18:48:29.007768749	83.078250	26.724481	991.891053	25.114030	27.340745	644.482392	77.386813	26.093911	991.123671	47.497896	12.066361	
11/28/2019 18:48:30.007768749	83.275378	26.789241	991.976133	26.293217	27.642518	647.656161	77.332195	26.155441	991.954611	49.792491	12.027593	
11/28/2019 18:48:31.007768749	83.242523	26.703468	992.324736	24.447680	27.267884	645.058663	77.494656	26.142784	990.906515	39.714921	12.067137	
11/28/2019 18:48:32.007768749	83.242523	26.651872	990.743293	24.691256	27.330541	646.785508	77.639611	26.252351	991.459739	45.437262	12.051012	
11/28/2019 18:48:33.007768749	83.459364	26.704442	990.878286	24.035230	27.256863	646.235518	77.508192	26.145070	991.223814	39.107084	12.047108	
11/28/2019 18:48:34.007768749	83.058537	26.761909	990.591267	25.223308	27.436465	651.020490	77.591906	26.111341	991.537326	48.703356	12.049067	
11/28/2019 18:48:35.007768749	83.314803	26.734651	990.956822	24.948472	27.308417	649.890283	77.440879	26.019098	991.196056	46.792851	12.054166	
11/28/2019 18:48:36.007768749	83.209668	26.746018	991.839799	25.241809	27.399402	651.203157	77.475942	26.068384	991.023213	42.825915	12.050723	
11/28/2019 18:48:37.007768749	83.262236	26.639756	991.130689	24.441657	27.321152	649.077456	77.583575	26.123173	991.158209	41.128672	12.072696	
11/28/2019 18:48:38.007768749	83.387084	26.812083	992.011538	25.139699	27.335316	652.627736	77.433809	26.072532	990.955086	47.509420	11.998970	
11/28/2019 18:48:39.007768749	83.255665	26.749793	991.789020	24.942345	27.335929	653.991868	77.362790	26.039333	991.344770	47.863909	12.059225	
11/28/2019 18:48:40.007768749	83.170243	26.825471	992.345632	25.160684	27.394667	654.469570	77.452128	26.057388	991.450908	48.628156	12.022520	
11/28/2019 18:48:41.007768749	83.281949	26.692401	992.603713	25.047273	27.397075	654.148916	77.420168	26.063198	991.412111	45.413943	12.056071	
11/28/2019 18:48:42.007768749	83.275378	26.720557	991.802424	24.491354	27.286089	655.539983	77.455282	26.157103	991.250779	44.049451	12.047608	
11/28/2019 18:48:43.007768749	83.518503	26.507252	989.355821	23.415869	27.467691	662.974363	78.214176	26.379254	990.977479	49.540453	12.010180	
11/28/2019 18:48:44.007768749	83.301662	26.683054	991.211196	24.202486	27.256291	654.989993	77.379138	26.092048	991.046555	41.525867	12.063286	
11/28/2019 18:48:45.007768749	83.479077	26.734501	991.472983	26.019197	27.532960	662.089248	77.550587	26.118400	991.022741	41.935897	12.025884	
11/28/2019 18:48:46.007768749	83.459364	26.745120	992.672392	24.480862	27.269068	657.636771	77.166765	26.009764	990.701184	40.789911	12.051524	
11/28/2019 18:48:47.007768749	83.262236	26.908475	992.133521	26.016331	27.486999	660.170527	77.314638	26.086333	991.349343	50.365484	12.051590	
11/28/2019 18:48:48.007768749	83.538215	26.687578	991.209303	24.443684	27.256332	658.570502	77.166608	26.070564	991.000192	39.352840	12.048094	
11/28/2019 18:48:49.007768749	83.452793	26.937080	991.181154	25.523427	27.327765	661.844146	77.239545	26.051059	991.458160	47.970020	12.008826	
11/28/2019 18:48:50.007768749	83.097962	26.681707	991.660019	24.747906	27.365073	661.474865	77.226955	26.025533	991.215769	46.832937	12.068924	
11/28/2019 18:48:51.007768749	83.656492	26.795112	992.448138	24.755657	27.340500	662.177956	77.259258	26.159177	991.419206	47.743652	12.020720	
11/28/2019 18:48:52.007768749	83.143959	26.687728	991.202602	24.704223	27.352869	662.691148	77.169920	26.050647	991.256459	47.118778	12.067465	
11/28/2019 18:48:53.007768749	83.400226	26.756787	992.153629	25.717259	27.508469	667.945938	77.250427	26.130433	991.806682	49.182033	12.039486	
11/28/2019 18:48:54.007768749	83.084820	26.671088	991.452798	24.806461	27.351481	664.977181	77.154675	26.021596	991.239426	49.158714	12.074391	
11/28/2019 18:48:55.007768749	83.367371	26.724930	992.438992	25.384605	27.434506	666.004872	77.326518	26.134169	991.421099	45.564072	12.052628	
11/28/2019 18:48:56.007768749	83.196526	26.631233	992.310305	26.150197	27.342705	663.007202	77.125079	26.095266	990.707808	43.807627	12.028946	
11/28/2019 18:48:57.007768749	83.308232	26.803635	991.934500	25.635837	27.411647	668.712759	77.227507	26.053028	991.666642	51.210174	12.041865	
11/28/2019 18:48:58.007768749	83.341087	26.734950	992.717179	24.669815	27.297967	667.253352	77.142085	25.968987	990.944205	44.177572	12.064022	
11/28/2019 18:48:59.007768749	83.485648	26.989350	991.647638	24.003793	27.423199	669.400083	77.405370	26.093392	991.117205	53.828074	12.023269	
11/28/2019 18:49:00.007768749	83.426509	26.750991	991.169168	24.842358	27.280905	668.733789	77.161693	25.990259	990.906987	40.082244	12.060119	
11/28/2019 18:49:01.007768749	83.327945	26.701490	990.643307	24.987788	27.380135	671.245863	77.282730	26.090387	990.896419	44.932916	12.033152	
11/28/2019 18:49:02.007768749	83.485648	26.645777	991.181548	24.438157	27.301600	671.094730	77.323207	26.056976	991.125407	41.723674	12.070554	
11/28/2019 18:49:03.007768749	83.485648	26.788343	991.486309	24.982504	27.357195	673.575923	77.318054	26.026464	990.623434	41.704287	12.009286	
11/28/2019 18:49:04.007768749	83.327945	26.736223	992.183592	24.721707	27.290008	672.153965	77.325362	25.993995	990.749284	42.860758	12.063365	
11/28/2019 18:49:05.007768749	83.630209	26.891686	993.182323	24.985850	27.458915	673.761221	77.489583	26.076893	990.705128	53.168357	12.017355	
11/28/2019 18:49:06.007768749	83.544786	26.755813	992.186589	24.993187	27.311846	674.167961	77.317582	25.959441	991.012174	47.024461	12.072223	
11/28/2019 18:49:07.007768749	83.413368	26.778323	991.692663	24.897140	27.350093	675.911236	77.244355	26.049398	990.994355	45.867990	12.027566	
11/28/2019 18:49:08.007768749	83.268807	26.667388	991.676105	24.610451	27.407811	674.276382	77.523280	25.941492	991.221606	49.291805	12.020798	
11/28/2019 18:49:09.007768749	83.544786	26.751515	991.187857	25.444169	27.417770	678.736090	77.314875	26.072744	991.515563	48.350178	12.054034	
11/28/2019 18:49:10.007768749	83.295091	26.656096	991.012254	24.506340	27.340133	675.779817	77.174835	26.015574	991.283267	43.939408	12.068898	
11/28/2019 18:49:11.007768749	83.380513	26.762732	991.190379	25.298690	27.463406	676.959956	77.301891	26.032486	991.443020	46.755386	12.060710	
11/28/2019 18:49:12.007768749	83.669634	26.683578	991.365587	24.102739	27.275272	675.396727	77.323207	26.009976	991.046555	40.785979	12.069502	
11/28/2019 18:49:13.007768749	83.393655	26.826220	991.383959	25.253918	27.423525	678.390450	77.405422	26.029481	991.740606	48.398127	12.032902	
11/28/2019 18:49:14.007768749	83.505361	26.757385	991.005236	24.134536	27.240984	676.527587	77.397195	26.035915	991.556567	38.019260	12.046254	
11/28/2019 18:49:15.007768749	83.669634	26.796385	990.387672	25.390315	27.333398	680.608805	77.607913	26.097964	991.561454	48.975052	12.027501	
11/28/2019 18:49:16.007768749	83.183385	26.581466	990.956980	25.087552	27.484958	681.428863	77.697698	26.189064	991.771043	44.887588	12.004384	
11/28/2019 18:49:17.007768749	83.446222	26.735217	992.406110	25.379014	27.445160	681.653589	77.588252	26.020453	991.031730	50.322777	12.011415	
11/28/2019 18:49:18.007768749	83.623638	26.699394	991.448460	24.378720	27.245801	679.907683	77.483460	26.044318	991.073049	39.129093	12.062104	
11/28/2019 18:49:19.007768749	83.321374	26.782922	991.072654	25.174507	27.376135	681.605615	77.601132	26.071707	991.388297	41.868561	12.055243	
11/28/2019 18:49:20.007768749	83.380513	26.756412	990.579044	24.827949	27.307886	682.034700	77.436963	25.944085	990.607193	45.240766	12.051445	
11/28/2019 18:49:21.007768749	83.630209	26.736298	991.809994	25.012192	27.355481	683.112333	77.617139	26.112177	992.000660	44.328740	12.032442	
11/28/2019 18:49:22.007768749	83.314803	26.677408	990.721449	24.666692	27.291396	682.677996	77.557553	26.039027	991.007287	37.946681	12.059738	
11/28/2019 18:49:23.007768749	83.406797	26.836689	990.628642	25.233535	27.392585	685.843881	77.521439	26.074300	991.683990	47.240345	12.039355	
11/28/2019 18:49:24.007768749	83.354229	26.704891	990.629746	24.437652	27.374706	685.054051	77.364288	26.007277	991.541113	44.699995	12.070435	
11/28/2019 18:49:25.007768749	83.433080	26.731101	991.346978	25.572862	27.462263	687.974181	77.378534	26.065378	991.300772	46.853635	12.061092	
11/28/2019 18:49:26.007768749	83.597354	26.688401	991.171061	24.560418	27.266170	685.086248	77.248771	26.086757	991.287525	39.238865	12.064798	
11/28/2019 18:49:27.007768749	83.833908	26.772527	991.290994	24.804649	27.283844	687.586492	77.270796	26.076999	991.169720	41.095139	12.016738	
11/28/2019 18:49:28.007768749	83.722202	26.778024	991.135656	24.757243	27.284620	687.384764	77.169420	25.968056	990.836966	40.276390	12.064876	
11/28/2019 18:49:29.007768749	83.807624	26.784119	991.924170	24.532586	27.292538	690.596645	77.283229	26.095360	991.182180	42.155713	12.026910	
11/28/2019 18:49:30.007768749	83.689347	26.766956	990.641494	24.721051	27.311519	690.203703	77.205587	25.964108	991.000821	43.116727	12.042509	
11/28/2019 18:49:31.007768749	83.564499	26.688925	989.804171	25.357478	27.460548	693.161945	77.495655	26.137492	991.548365	43.244848	12.045952	
11/28/2019 18:49:32.007768749	83.571070	26.746916	991.152767	24.339547	27.266210	690.693235	77.405922	26.075136	990.841068	39.270048	12.048528	
11/28/2019 18:49:33.007768749	83.301662	26.625962	989.367887	23.679212	27.450996	697.373919	77.610725	25.932771	991.451851	43.724835	12.017237	
11/28/2019 18:49:34.007768749	83.669634	26.740447	991.835069	24.990328	27.249515	693.194795	77.430050	25.960997	990.598519	40.664412	12.045623	
11/28/2019 18:49:35.007768749	83.728773	26.798662	990.446573	25.320587	27.223187	696.693174	77.482670	25.887009	990.250783	45.476037	12.013255	
11/28/2019 18:49:36.007768749	83.511932	26.682306	990.743055	24.513980	27.320295	694.455105	77.522543	26.046805	991.456110	42.583820	12.069778	
11/28/2019 18:49:37.007768749	83.531645	26.699918	992.691001	24.905646	27.350950	697.581562	77.659376	26.124835	991.266391	40.589483	12.046596	
11/28/2019 18:49:38.007768749	83.051966	26.704966	993.273555	26.258233	27.240127	695.543253	77.786065	25.944191	991.554359	45.252290	12.040919	
11/28/2019 18:49:39.007768749	83.426509	26.814478	991.732561	25.112188	27.333357	697.243815	77.502278	26.005816	991.257245	46.113746	12.054047	
11/28/2019 18:49:40.007768749	83.538215	26.968711	992.274666	24.581697	27.398340	696.879777	77.262622	26.027194	991.502316	45.896552	12.005252	
11/28/2019 18:49:41.007768749	83.564499	26.709863	992.430318	24.180268	27.229106	696.694479	77.303047	26.035291	991.114997	38.840630	12.043363	
11/28/2019 18:49:42.007768749	83.676205	26.736672	990.856208	25.124082	27.397361	698.226826	77.612538	26.180343	991.657182	49.359142	12.004779	
11/28/2019 18:49:43.007768749	83.531645	26.804084	991.403594	25.199776	27.321479	699.617240	77.379638	25.983412	991.203308	48.016659	12.066480	
11/28/2019 18:49:44.007768749	83.544786	26.791370	990.775938	25.551429	27.453037	700.679759	77.493499	26.008928	991.649451	43.120659	12.027133	
11/28/2019 18:49:45.007768749	83.380513	26.793016	991.529441	25.063124	27.309274	701.945984	77.395092	25.965145	991.314176	45.132033	12.054271	
11/28/2019 18:49:46.007768749	83.452793	26.934759	991.967145	25.671454	27.441649	703.076844	77.523252	26.040783	991.589841	47.078692	12.045400	
11/28/2019 18:49:47.007768749	83.531645	26.736747	992.307863	24.136539	27.281558	702.367838	77.408339	25.988185	991.548679	34.587582	12.015055	
11/28/2019 18:49:48.007768749	83.709060	26.732598	990.279330	24.686129	27.301641	703.841044	77.591512	26.198198	991.858569	41.501238	12.026541	
11/28/2019 18:49:49.007768749	83.682776	26.677708	991.554436	24.589563	27.358542	705.588918	77.505590	26.022940	991.239426	42.419546	12.070173	
11/28/2019 18:49:50.007768749	83.741915	26.746916	990.059020	25.030646	27.442180	707.072638	77.593272	26.151599	991.642985	38.964819	12.026870	
11/28/2019 18:49:51.007768749	83.433080	26.715659	989.845962	24.223350	27.304457	706.843965	77.558657	26.053970	991.381674	40.745893	12.059712	
11/28/2019 18:49:52.007768749	83.551357	26.872020	991.878516	24.900472	27.326908	707.427467	77.463614	26.034042	991.205044	42.038077	12.048436	
11/28/2019 18:49:53.007768749	83.373942	26.753792	991.784447	24.993532	27.342500	709.888283	77.460854	25.971686	990.960452	44.486461	12.053916	
11/28/2019 18:49:54.007768749	83.748486	27.012908	991.727988	23.576053	27.290048	710.787849	77.409181	26.235757	991.493485	38.289646	12.018459	
11/28/2019 18:49:55.007768749	83.571070	26.773276	990.672483	24.627310	27.276415	709.617561	77.509244	26.003541	990.854314	38.245628	12.065533	
11/28/2019 18:49:56.007768749	83.656492	26.766432	991.456504	25.149624	27.386666	710.712277	77.744299	26.061431	991.044505	40.064167	12.035899	
11/28/2019 18:49:57.007768749	83.557928	26.735624	990.406676	24.958700	27.356869	712.347793	77.663030	26.020347	991.381831	46.014187	12.066112	
11/28/2019 18:49:58.007768749	83.643351	27.074000	994.192963	26.882310	27.423770	710.751705	77.348439	25.940762	992.250618	53.568173	11.996420	
11/28/2019 18:49:59.007768749	83.702489	26.678681	990.864092	24.372834	27.274701	712.392473	77.661874	26.063516	991.386089	41.624116	12.072328	
11/28/2019 18:50:00.007768749	83.728773	26.753536	993.349094	25.097066	27.339317	714.704135	77.630728	26.083433	992.015800	49.496165	12.014556	
11/28/2019 18:50:01.007768749	83.465935	26.784044	991.782711	24.499331	27.252332	713.658036	77.421167	26.022633	991.044977	37.732108	12.065441	
11/28/2019 18:50:02.007768749	83.380513	26.870266	992.491507	25.372374	27.400463	716.335041	77.784067	25.958192	991.235796	53.366434	12.057254	
11/28/2019 18:50:03.007768749	83.525074	26.793465	990.207260	24.674733	27.292008	714.272419	77.596979	26.027819	991.242105	39.496416	12.045794	
11/28/2019 18:50:04.007768749	83.649922	26.826070	992.148976	25.174499	27.360012	715.123358	77.780913	26.119543	991.447278	42.135015	12.028960	
11/28/2019 18:50:05.007768749	83.695918	26.789391	991.502473	25.186817	27.295396	717.268772	77.610225	25.951663	991.092919	44.070150	12.070462	
11/28/2019 18:50:06.007768749	83.538215	26.764678	991.749120	24.823768	27.412137	718.278727	77.807748	26.147769	991.315912	40.586861	12.018761	
11/28/2019 18:50:07.007768749	83.472506	26.826444	991.782711	24.998465	27.280374	718.644071	77.598135	25.964320	990.819147	41.893191	12.067754	
11/28/2019 18:50:08.007768749	83.676205	26.857552	991.230042	25.657871	27.394830	720.054198	77.750318	26.043482	991.294463	46.644033	12.046806	
11/28/2019 18:50:09.007768749	83.728773	26.794962	991.739185	24.870558	27.263679	720.601556	77.597688	25.986735	990.957923	39.456331	12.050644	
11/28/2019 18:50:10.007768749	83.945614	26.847382	992.822210	24.752453	27.458058	721.124601	77.834532	26.028337	991.908876	50.547835	12.026187	
11/28/2019 18:50:11.007768749	83.741915	26.809356	991.237375	24.415315	27.256291	722.089876	77.755733	25.992228	990.894054	39.123851	12.066480	
11/28/2019 18:50:12.007768749	83.590783	26.784493	991.725071	24.991096	27.360869	724.532956	77.827461	26.023977	991.148114	44.053383	12.051130	
11/28/2019 18:50:13.007768749	83.367371	26.693299	991.049078	24.724478	27.363645	724.678174	77.792898	26.018167	991.368427	46.153832	12.071421	
11/28/2019 18:50:14.007768749	83.479077	26.851606	991.899332	25.366928	27.348705	725.204502	77.825858	25.998556	991.058381	41.364214	12.055046	
11/28/2019 18:50:15.007768749	83.373942	26.820798	993.097400	24.779670	27.320581	725.696013	77.761647	25.972204	991.208674	44.204552	12.061893	
11/28/2019 18:50:16.007768749	83.531645	26.753835	990.996011	24.706904	27.300294	724.909468	77.872487	26.130032	991.565713	45.617263	12.032324	
11/28/2019 18:50:17.007768749	83.465935	26.803710	991.858803	24.977577	27.310417	727.380145	77.714809	25.974691	991.033623	44.991079	12.066099	
11/28/2019 18:50:18.007768749	83.571070	26.711660	990.341938	24.811866	27.439894	728.591828	77.964742	26.131788	991.504524	42.981015	12.053469	
11/28/2019 18:50:19.007768749	83.689347	26.862075	990.594341	25.396123	27.225963	728.851382	77.599791	26.036740	990.799277	45.516123	12.035228	
11/28/2019 18:50:20.007768749	83.781340	26.820499	991.894602	25.050188	27.370543	727.440592	77.783278	26.069527	991.611762	42.860758	12.033126	
11/28/2019 18:50:21.007768749	83.781340	26.724556	989.938061	24.213795	27.263108	728.010295	77.625023	26.066522	991.075728	39.700776	12.054639	
11/28/2019 18:50:22.007768749	83.610496	26.869817	990.811262	24.809408	27.308417	730.281876	77.762304	26.066416	991.355809	47.796572	12.026962	
11/28/2019 18:50:23.007768749	83.531645	26.710462	991.363142	24.574714	27.270741	728.963740	77.707581	26.089455	991.118941	38.347808	12.043849	
11/28/2019 18:50:24.007768749	83.741915	26.789990	991.818036	25.555481	27.341031	731.086157	77.742091	26.050541	990.973063	39.765491	12.036910	
11/28/2019 18:50:25.007768749	83.807624	26.857627	993.108677	25.022692	27.291150	731.926581	77.601946	25.966913	991.095441	43.394976	12.058003	
11/28/2019 18:50:26.007768749	83.702489	26.789840	991.203074	24.953060	27.350093	731.929865	77.799969	26.082915	991.537012	41.272248	12.042233	
11/28/2019 18:50:27.007768749	83.531645	26.820723	991.720813	25.045847	27.291436	733.100152	77.651702	25.984862	990.939946	42.635700	12.070054	
11/28/2019 18:50:28.007768749	83.538215	26.722428	991.039457	24.739335	27.319479	734.472167	77.837134	26.153473	991.517456	40.138057	12.047450	
11/28/2019 18:50:29.007768749	83.426509	26.720632	991.026605	24.210255	27.300172	734.558243	77.712234	26.066003	991.570128	42.162266	12.041037	
11/28/2019 18:50:30.007768749	83.373942	27.031825	994.091007	27.534740	27.492877	734.801367	77.439828	26.001149	992.377254	48.022941	12.002676	
11/28/2019 18:50:31.007768749	83.709060	27.004791	993.638164	25.720928	27.114365	733.490462	77.810246	25.992334	991.086610	39.207954	12.039499	
11/28/2019 18:50:32.007768749	83.676205	26.817397	990.333896	25.260710	27.159143	737.604539	77.935646	26.071601	990.502634	33.215227	11.983383	
11/28/2019 18:50:33.007768749	83.669634	26.709040	991.067292	24.887762	27.367890	738.984437	77.718857	26.017648	991.211039	45.597605	12.070817	
11/28/2019 18:50:34.007768749	83.801053	26.879912	991.343824	25.581607	27.418913	739.681612	77.701904	26.039333	991.307552	46.712680	12.042193	
11/28/2019 18:50:35.007768749	83.728773	26.795337	991.261661	24.567073	27.245801	738.801760	77.586439	26.006134	990.983316	38.469376	12.066388	
11/28/2019 18:50:36.007768749	83.676205	26.663314	989.900528	22.892548	27.262537	741.556305	77.589699	25.923956	991.257402	39.558510	12.042141	
11/28/2019 18:50:37.007768749	83.577641	26.771522	990.967624	24.376189	27.321764	741.848709	77.904342	26.258067	991.838856	45.561451	12.032863	
11/28/2019 18:50:38.007768749	83.498790	26.829139	992.069573	24.869879	27.309193	741.294120	77.567830	25.994302	991.443020	43.671644	12.042246	
11/28/2019 18:50:39.007768749	83.735344	26.858300	991.970614	25.997822	27.448099	744.921286	77.718620	26.036116	990.992619	43.186685	12.051327	
11/28/2019 18:50:40.007768749	83.814195	26.721006	991.047027	24.200868	27.251475	741.190298	77.658325	26.080947	991.313547	40.643713	12.062090	
11/28/2019 18:50:41.007768749	83.695918	26.923841	991.062719	25.121477	27.291722	744.752408	77.697803	26.009446	992.009963	51.894250	11.995842	
11/28/2019 18:50:42.007768749	83.577641	26.754434	992.806203	24.745221	27.262210	743.381708	77.472288	25.956330	991.710483	46.840800	12.038080	
11/28/2019 18:50:43.007768749	83.669634	26.715509	991.787442	25.014354	27.405321	746.928713	77.966055	26.103775	992.133284	39.729337	12.019879	
11/28/2019 18:50:44.007768749	83.663063	26.804384	992.649052	24.868276	27.324826	745.052705	77.644736	26.030930	991.447436	44.611960	12.042719	
11/28/2019 18:50:45.007768749	83.958756	26.962915	991.793041	25.314428	27.365726	746.993760	77.661294	26.020135	991.141490	44.724625	12.035833	
11/28/2019 18:50:46.007768749	83.610496	26.763181	992.180122	24.318756	27.258536	745.157179	77.706529	26.079391	991.329001	36.411363	12.054915	
11/28/2019 18:50:47.007768749	83.571070	26.901973	991.341064	25.061297	27.349236	747.754676	77.825358	26.091318	991.729882	48.489822	12.030707	
11/28/2019 18:50:48.007768749	83.531645	26.763630	990.790208	24.271669	27.242984	746.385945	77.741040	26.052308	990.852264	37.177192	12.048147	
11/28/2019 18:50:49.007768749	83.728773	26.962841	991.594257	25.632386	27.402504	750.694519	77.841312	26.041302	991.347135	46.137065	12.038435	
11/28/2019 18:50:50.007768749	83.636780	26.778997	992.139436	24.288769	27.257720	748.225809	77.822993	26.049197	991.611605	39.145859	12.046162	
