
Time stamp	Inside_humidity (in %rH)	Inside_temperature (in °C)	Inside_pressure (in mbar)	Soil_moisture (in %VWC)	Soil_temperature (in °C)	Inside_CO2_ratio (in ppm)	Outside_humidity (in %rH)	Outside_temperature (in °C)	Outside_pressure (in mbar)	Outside_PAR (in µmol m^-2 s^-1)	Power_box_charge (in V)	
11/28/2019 19:14:24.007768749	73.773793	25.562477	995.776926	33.130195	27.149918	478.652635	76.440492	25.524177	990.748655	18.866260	12.016987	
11/28/2019 19:14:25.007768749	73.379536	25.623495	992.287755	32.505451	27.090200	481.246188	76.613492	25.566308	991.287840	20.056264	12.019550	
11/28/2019 19:14:26.007768749	73.970921	25.574775	991.412583	33.128014	27.170082	480.604207	76.816797	25.558318	991.329159	20.466294	12.044270	
11/28/2019 19:14:27.007768749	73.839502	25.520302	990.765213	32.250302	27.110364	479.047545	76.896857	25.609784	990.344145	24.348088	11.989455	
11/28/2019 19:14:28.007768749	74.108911	25.611753	991.410218	33.025628	27.159306	481.088487	77.213761	25.561641	991.344141	21.270898	12.042759	
11/28/2019 19:14:29.007768749	74.227188	25.532675	991.157972	32.622429	27.120202	480.503669	77.315032	25.553757	990.635265	22.142839	12.040577	
11/28/2019 19:14:30.007768749	73.911782	25.554586	991.034175	32.612192	27.116814	480.615374	77.381241	25.548359	990.650720	23.595365	12.037962	
11/28/2019 19:14:31.007768749	74.036630	25.526205	990.195197	32.439989	27.109834	481.286921	77.437463	25.543692	991.100171	23.277030	12.010495	
11/28/2019 19:14:32.007768749	74.674012	25.444699	988.924821	32.661749	27.289681	480.539150	77.394331	25.619224	990.744711	26.827655	12.006106	
11/28/2019 19:14:33.007768749	74.450600	25.644208	990.836495	33.208311	27.190492	483.350208	77.457385	25.580003	991.272071	19.813130	12.035320	
11/28/2019 19:14:34.007768749	74.752863	25.574625	990.972592	32.665322	27.116324	482.879727	77.378377	25.576066	991.033938	25.852495	12.024123	
11/28/2019 19:14:35.007768749	74.969705	25.650603	989.804566	33.112459	27.143754	483.398172	77.288302	25.563091	990.849899	25.188846	12.013781	
11/28/2019 19:14:36.007768749	74.989417	25.659874	991.513749	33.062133	27.200656	483.921880	77.239440	25.637491	991.125250	18.632300	12.037055	
11/28/2019 19:14:37.007768749	75.028843	25.597584	991.315674	32.268827	27.148857	485.473279	77.136013	25.591211	990.749441	22.768752	12.015607	
11/28/2019 19:14:38.007768749	75.547948	25.614149	992.260078	32.718719	27.133264	485.989757	76.986038	25.558837	991.187068	27.078653	12.039355	
11/28/2019 19:14:39.007768749	75.784502	25.587190	990.977402	32.667808	27.109181	486.735559	76.845289	25.572119	990.909194	25.517394	12.044848	
11/28/2019 19:14:40.007768749	76.001343	25.635942	991.581404	33.065259	27.186573	486.110008	76.928293	25.671103	990.954300	18.800505	11.992596	
11/28/2019 19:14:41.007768749	75.975059	25.692778	990.331136	33.502441	27.216248	485.960843	76.995763	25.833079	991.160574	10.137997	11.975985	
11/28/2019 19:14:42.007768749	76.211613	25.613924	989.956749	32.799502	27.102364	487.265835	76.727563	25.562679	990.679421	26.998482	12.022835	
11/28/2019 19:14:43.007768749	76.520448	25.713716	991.996635	33.387352	27.187389	488.380928	76.735238	25.675463	991.230437	16.428090	12.030050	
11/28/2019 19:14:44.007768749	76.566444	25.703697	991.220974	33.430773	27.201554	488.329018	76.635518	25.616525	991.141019	18.231173	12.033783	
11/28/2019 19:14:45.007768749	76.573015	25.681711	992.485436	33.012770	27.130407	489.396800	76.813723	25.635723	991.245734	18.769323	12.005370	
11/28/2019 19:14:46.007768749	76.822711	25.709118	990.395794	32.623403	27.123916	488.407210	76.724646	25.584776	990.847848	25.516084	12.023585	
11/28/2019 19:14:47.007768749	77.164400	25.687881	992.645266	32.944337	27.158776	488.666764	76.673892	25.611752	991.274278	21.554118	12.015857	
11/28/2019 19:14:48.007768749	76.862137	25.749946	991.236271	33.043471	27.201799	488.156202	76.749879	25.666542	991.022427	16.760569	12.030129	
11/28/2019 19:14:49.007768749	77.276106	25.663018	989.982296	33.322445	27.237515	489.618895	76.750378	25.749651	991.576909	25.815031	12.008235	
11/28/2019 19:14:50.007768749	77.512660	25.724709	992.183749	32.894818	27.122202	488.758756	76.512878	25.574193	991.425672	26.218508	12.028447	
11/28/2019 19:14:51.007768749	77.512660	25.674086	992.406742	32.866611	27.130447	491.055305	76.656282	25.743323	991.869922	32.641962	12.005133	
11/28/2019 19:14:52.007768749	77.538944	25.729757	991.136051	33.183835	27.200982	489.652407	76.537506	25.671103	991.088346	15.545936	12.038238	
11/28/2019 19:14:53.007768749	77.926630	25.798217	991.576752	33.429254	27.185430	491.759711	76.438442	25.639872	991.480395	32.316035	12.012099	
11/28/2019 19:14:54.007768749	77.821495	25.709193	991.307790	32.975076	27.166123	491.538269	76.424800	25.659589	991.185489	21.944761	12.034729	
11/28/2019 19:14:55.007768749	77.795211	25.761688	992.222623	33.447400	27.219759	492.885972	76.451137	25.713224	991.068633	26.889749	11.973895	
11/28/2019 19:14:56.007768749	78.176326	25.767484	990.532995	33.050747	27.187104	492.859691	76.333806	25.663631	991.248099	19.668243	12.012125	
11/28/2019 19:14:57.007768749	78.071191	25.741423	990.631639	33.724007	27.285110	493.191522	76.492508	25.739999	991.246206	17.565173	12.006908	
11/28/2019 19:14:58.007768749	78.301174	25.709343	990.011787	32.855819	27.125019	493.312426	76.338721	25.629289	991.195899	26.160345	12.042456	
11/28/2019 19:14:59.007768749	78.242035	25.711139	990.941288	32.879098	27.153673	494.217245	76.379750	25.735851	991.651187	27.962118	12.019655	
11/28/2019 19:15:00.007768749	78.432592	25.688030	991.142674	32.519993	27.092159	492.832746	76.291017	25.613414	990.720897	24.767292	12.043692	
11/28/2019 19:15:01.007768749	78.662576	25.782925	991.570523	33.196749	27.161592	494.509649	76.557166	25.673082	991.383724	32.582489	12.017355	
11/28/2019 19:15:02.007768749	78.885988	25.746246	989.293688	31.552311	27.262455	494.979478	76.290175	25.735851	990.906987	26.585831	12.005317	
11/28/2019 19:15:03.007768749	78.629721	25.788272	990.865039	33.537427	27.182287	495.530120	76.523864	25.657821	991.021320	28.746023	12.017658	
11/28/2019 19:15:04.007768749	78.702001	25.682309	991.255117	32.694982	27.090690	493.868984	76.433974	25.591116	990.647726	25.036367	12.039828	
11/28/2019 19:15:05.007768749	78.649434	25.767109	992.316457	33.675882	27.239474	496.759550	76.608630	25.679093	991.009966	23.865750	12.014964	
11/28/2019 19:15:06.007768749	78.905700	25.777953	991.501212	33.191695	27.209187	495.026789	76.593332	25.720907	991.077464	15.770993	12.039105	
11/28/2019 19:15:07.007768749	79.115971	25.685977	992.039136	32.797019	27.116855	496.264755	76.645348	25.685528	991.086767	24.564243	11.998681	
11/28/2019 19:15:08.007768749	78.997694	25.762212	990.498931	33.198445	27.174328	496.298268	76.530935	25.678056	991.259453	21.626697	12.039907	
11/28/2019 19:15:09.007768749	79.424805	25.858603	990.356998	33.641489	27.206697	497.132778	76.650763	25.791878	991.407853	20.058885	11.991308	
11/28/2019 19:15:10.007768749	79.056832	25.826822	992.871728	32.979654	26.984520	497.372618	76.817034	25.697561	990.574548	22.028864	12.008642	
11/28/2019 19:15:11.007768749	79.510227	25.851310	991.187068	33.503259	27.204084	497.034871	76.596644	25.730453	990.990096	19.617944	12.016422	
11/28/2019 19:15:12.007768749	79.299957	25.779150	992.742569	32.853199	27.157347	497.734678	76.456499	25.686978	991.440812	22.601857	12.037870	
11/28/2019 19:15:13.007768749	79.490514	25.764906	991.431981	33.888106	27.209758	498.585618	76.521000	25.655016	991.782082	19.121190	12.005449	
11/28/2019 19:15:14.007768749	79.477373	25.826223	991.114840	33.246774	27.192206	497.879896	76.391841	25.680649	991.088503	15.627417	12.036201	
11/28/2019 19:15:15.007768749	79.451089	25.885262	989.580549	33.430812	27.113140	500.204043	76.376991	25.663324	991.023528	26.858837	11.999929	
11/28/2019 19:15:16.007768749	79.753352	25.725158	990.977796	32.799347	27.081098	497.447527	76.252800	25.585401	990.722790	19.899854	12.038580	
11/28/2019 19:15:17.007768749	79.595650	25.768756	992.127213	32.877909	27.138080	498.502163	76.422488	25.634792	991.005394	30.448237	12.004082	
11/28/2019 19:15:18.007768749	79.832204	25.741872	991.707251	32.623131	27.144121	498.906935	76.349104	25.564953	990.993883	23.815180	12.016173	
11/28/2019 19:15:19.007768749	79.792778	25.909451	991.795563	33.437816	27.194941	499.034417	76.357383	25.658128	991.682568	22.163537	11.995014	
11/28/2019 19:15:20.007768749	80.042474	25.842638	991.153713	33.223856	27.176613	498.912850	76.384218	25.614451	991.182495	19.465194	12.039092	
11/28/2019 19:15:21.007768749	79.825633	25.794667	991.158681	33.591981	27.170654	499.304476	76.345949	25.617044	991.126036	24.741352	12.014596	
11/28/2019 19:15:22.007768749	80.108183	25.694126	992.348864	34.157409	27.047953	495.871151	76.412001	25.815130	990.567924	14.119350	12.020023	
11/28/2019 19:15:23.007768749	79.865058	25.747968	991.078963	32.943966	27.179716	501.259994	76.369973	25.638316	991.084088	25.733549	12.017382	
11/28/2019 19:15:24.007768749	80.173893	25.726057	990.838308	32.639289	27.096405	499.061352	76.285654	25.573262	991.040404	23.801035	12.042929	
11/28/2019 19:15:25.007768749	80.081899	25.879466	990.345250	33.043091	27.181144	499.458893	76.348000	25.727035	990.797226	21.012308	12.007013	
11/28/2019 19:15:26.007768749	80.298741	25.852583	992.440805	33.305303	27.238658	500.725119	76.375887	25.653672	991.407381	13.658750	12.013163	
11/28/2019 19:15:27.007768749	80.219889	25.894608	991.200709	33.428806	27.159633	501.735728	76.299348	25.623997	991.252829	25.011737	12.023966	
11/28/2019 19:15:28.007768749	80.357879	25.800088	990.010526	33.139186	27.143714	501.264594	76.311886	25.628358	991.302980	23.925224	12.037462	
11/28/2019 19:15:29.007768749	80.423588	25.894159	991.227440	33.423420	27.245434	503.220765	76.380355	25.697667	990.882858	17.363435	12.026147	
11/28/2019 19:15:30.007768749	80.311882	25.757164	990.905174	32.693638	27.090445	502.423052	76.238501	25.583326	991.060117	25.667523	12.044296	
11/28/2019 19:15:31.007768749	80.482727	25.757913	990.770338	32.862618	27.185920	505.396410	76.343085	25.704101	990.920076	24.216307	12.019353	
11/28/2019 19:15:32.007768749	80.351308	25.884813	991.289890	33.146715	27.211758	503.990881	76.335410	25.691751	991.057909	14.086857	12.019997	
11/28/2019 19:15:33.007768749	80.692997	25.806857	991.666642	32.711472	27.118243	504.697256	76.360038	25.681792	991.263711	27.720293	12.003714	
11/28/2019 19:15:34.007768749	80.357879	25.784123	990.916135	32.668830	27.157918	503.622253	76.246571	25.703371	991.016747	17.296098	12.019432	
11/28/2019 19:15:35.007768749	80.725852	25.852882	990.918343	33.156075	27.158571	504.839190	76.223047	25.606991	990.836809	27.359523	12.001730	
11/28/2019 19:15:36.007768749	80.495869	25.863651	990.956742	33.079226	27.191635	506.296630	76.314146	25.665505	991.162782	16.887379	12.033849	
11/28/2019 19:15:37.007768749	80.804703	25.852358	991.079909	33.361824	27.210860	506.550268	76.220444	25.662181	990.817411	20.415995	12.018473	
11/28/2019 19:15:38.007768749	80.587862	25.832618	990.079994	32.655331	27.170082	504.836559	76.285602	25.567346	991.009966	20.826025	12.008287	
11/28/2019 19:15:39.007768749	80.955835	25.817176	989.771921	32.965746	27.222208	507.624619	76.298139	25.636348	991.021163	22.596886	12.020601	
11/28/2019 19:15:40.007768749	80.876984	25.810258	989.934829	32.923231	27.146816	505.529798	76.340220	25.552095	990.613502	22.510162	12.020457	
11/28/2019 19:15:41.007768749	80.975548	25.856325	991.093628	33.165631	27.152204	507.489253	76.365110	25.609478	991.639520	24.375339	11.999706	
11/28/2019 19:15:42.007768749	80.995261	25.800013	990.773650	32.773974	27.085628	506.050874	76.324975	25.486004	991.141019	26.737270	12.043140	
11/28/2019 19:15:43.007768749	81.041257	25.980456	991.287288	33.687325	27.232494	507.012203	76.373232	25.564128	991.515091	19.033155	12.010390	
11/28/2019 19:15:44.007768749	81.041257	25.857780	990.971173	33.093642	27.168654	506.014078	76.341928	25.540475	991.024635	15.937889	12.039460	
11/28/2019 19:15:45.007768749	81.014973	25.795565	991.117994	32.681113	27.136366	505.876743	76.336961	25.486416	990.807951	19.382402	12.038238	
11/28/2019 19:15:46.007768749	81.231815	25.976232	991.552780	33.453262	27.190532	507.067398	76.541107	25.641333	991.620436	29.033175	11.990730	
11/28/2019 19:15:47.007768749	81.310666	25.880963	991.960521	33.300958	27.177470	507.994562	76.391132	25.529892	991.237218	18.295888	12.030707	
11/28/2019 19:15:48.007768749	81.251527	26.052916	990.724289	33.967917	27.228208	508.770593	76.407033	25.502291	991.465098	27.169309	12.005882	
11/28/2019 19:15:49.007768749	81.369804	25.879990	992.502151	33.139634	27.131264	508.459128	76.440283	25.481643	991.241791	23.493185	12.036910	
11/28/2019 19:15:50.007768749	81.034686	25.859052	991.106403	33.578481	27.251108	509.638616	76.446669	25.559249	990.941997	23.248740	12.019511	
11/28/2019 19:15:51.007768749	81.350091	25.922166	991.856595	33.180766	27.145999	508.642458	76.130659	25.544317	991.395078	21.934547	12.040577	
11/28/2019 19:15:52.007768749	81.106967	25.817700	990.771442	33.009692	27.179716	510.766192	76.188089	25.570775	991.356124	26.412654	12.008274	
11/28/2019 19:15:53.007768749	81.198960	25.880365	992.074540	32.362954	27.088771	508.566234	76.114757	25.519827	991.263397	25.848563	12.019169	
11/28/2019 19:15:54.007768749	81.415801	25.939479	990.880651	33.657443	27.186002	510.048640	76.287205	25.631575	991.874338	19.839070	11.999666	
11/28/2019 19:15:55.007768749	81.290953	25.869222	990.943338	32.797788	27.096690	508.514323	76.115861	25.491708	991.165147	24.991039	12.043981	
11/28/2019 19:15:56.007768749	81.389517	26.027978	992.308415	32.984076	27.169266	509.170755	76.171845	25.535596	991.000821	23.701476	11.994331	
11/28/2019 19:15:57.007768749	81.251527	25.938805	992.216394	33.354870	27.193023	509.488799	76.237949	25.571600	991.317805	13.187936	12.009115	
11/28/2019 19:15:58.007768749	81.612929	25.986177	993.061918	33.716644	27.313723	511.513310	76.271356	25.619224	990.943890	17.257323	11.997012	
11/28/2019 19:15:59.007768749	81.304095	25.868997	990.006505	32.726385	27.152204	508.411817	76.084610	25.599826	990.954457	16.001293	12.034282	
11/28/2019 19:16:00.007768749	81.606358	25.891956	990.980951	33.267365	27.218820	508.894782	76.281633	25.692693	991.204730	17.703507	12.010890	
11/28/2019 19:16:01.007768749	81.290953	25.927063	991.198107	32.844775	27.178287	508.585948	76.064398	25.605117	991.094498	16.818732	12.023374	
11/28/2019 19:16:02.007768749	81.823199	25.934431	990.764424	32.887649	27.131019	510.264167	76.110946	25.584988	991.753853	27.982816	12.018696	
11/28/2019 19:16:03.007768749	81.448656	25.912595	992.032197	32.437690	27.108324	509.073512	76.056171	25.595158	990.882387	17.279332	12.007814	
11/28/2019 19:16:04.007768749	81.665497	26.122499	992.084003	33.544956	27.225351	510.013812	76.076488	25.605117	991.062010	18.224891	11.994160	
11/28/2019 19:16:05.007768749	81.540649	25.895656	990.360232	32.780851	27.137183	509.247643	76.053911	25.581252	990.785873	18.010047	12.038133	
11/28/2019 19:16:06.007768749	81.474939	25.996646	991.680126	34.131871	27.292743	512.245314	76.361089	25.644751	991.158052	16.930086	12.019038	
11/28/2019 19:16:07.007768749	81.744348	25.843162	990.576207	32.804996	27.090445	510.444213	76.076383	25.503847	990.906829	24.745283	12.028263	
11/28/2019 19:16:08.007768749	81.488081	25.917867	991.374970	33.306607	27.197268	513.257239	76.195764	25.646519	990.696769	24.647035	11.997853	
11/28/2019 19:16:09.007768749	81.882338	25.917343	991.179892	33.178926	27.134937	512.895179	76.199076	25.537364	991.362118	23.370307	12.044152	
11/28/2019 19:16:10.007768749	81.652355	25.912894	991.045766	33.077541	27.114283	513.738888	76.247832	25.620473	991.142755	25.642893	12.013689	
11/28/2019 19:16:11.007768749	81.750919	25.975559	990.625173	33.638791	27.194737	514.310559	76.232482	25.622548	991.300772	15.037658	12.025438	
11/28/2019 19:16:12.007768749	81.810058	26.038672	989.733047	33.546797	27.189104	515.006419	76.195369	25.522208	990.733987	26.219818	12.001677	
11/28/2019 19:16:13.007768749	82.072895	26.196830	991.198107	31.612884	27.144285	517.136731	76.184830	25.617362	990.714274	15.015649	11.997130	
11/28/2019 19:16:14.007768749	81.777203	25.940751	992.576115	34.190417	27.252822	516.666250	76.437733	25.683760	990.530707	12.391196	11.993411	
11/28/2019 19:16:15.007768749	81.547220	25.948974	991.339803	32.829639	27.193308	515.087906	76.343532	25.612176	991.261032	14.817842	11.992885	
11/28/2019 19:16:16.007768749	81.994044	25.956193	992.690134	33.488434	27.275762	515.813995	76.508752	25.619955	990.432614	20.628218	12.015332	
11/28/2019 19:16:17.007768749	81.783774	25.869971	990.551841	32.438226	27.091588	515.300802	76.191900	25.506545	990.755907	23.432401	12.043692	
11/28/2019 19:16:18.007768749	81.711493	25.908446	989.500909	32.868578	27.097017	515.918469	76.266389	25.577929	991.130451	28.267346	12.004108	
11/28/2019 19:16:19.007768749	81.954618	25.916744	989.589301	32.570456	27.134611	515.097758	76.178759	25.604080	990.510994	18.180873	11.992741	
11/28/2019 19:16:20.007768749	82.000615	26.083542	992.932208	33.515971	27.231637	516.252932	76.296036	25.634274	990.852421	19.270008	11.968047	
11/28/2019 19:16:21.007768749	81.777203	25.976532	991.323639	33.090652	27.175185	515.771283	76.323372	25.604704	991.049392	14.565533	12.029367	
11/28/2019 19:16:22.007768749	81.750919	25.939029	991.197949	33.659060	27.193023	518.969367	76.194713	25.557800	991.353916	24.991039	12.032928	
11/28/2019 19:16:23.007768749	82.026899	25.901677	991.624299	32.521717	27.098935	515.597152	76.053963	25.578659	990.532128	20.842791	12.027501	
11/28/2019 19:16:24.007768749	81.895480	25.745540	991.435213	34.322444	27.078322	520.266475	76.075831	25.697773	991.160889	23.278341	11.993201	
11/28/2019 19:16:25.007768749	81.987473	25.976756	990.106488	33.011582	27.140938	518.445007	75.959262	25.733883	990.757958	7.710040	11.998957	
11/28/2019 19:16:26.007768749	82.151747	25.977280	991.878830	33.228102	27.161347	518.479172	76.082007	25.639978	991.788863	20.299399	12.004634	
11/28/2019 19:16:27.007768749	81.888909	25.965913	991.433400	33.047309	27.146285	518.188736	76.133918	25.577516	991.311811	21.008376	12.042377	
11/28/2019 19:16:28.007768749	82.151747	26.044168	991.958471	33.314098	27.139509	518.521883	76.161963	25.576373	991.088818	27.698285	12.013886	
11/28/2019 19:16:29.007768749	81.934905	25.913194	989.989946	33.043218	27.136938	517.919983	76.164618	25.569007	991.344770	25.294957	12.019550	
11/28/2019 19:16:30.007768749	82.112321	25.968308	992.135966	33.453438	27.202941	519.769049	76.250592	25.561324	991.390977	21.291596	12.007998	
11/28/2019 19:16:31.007768749	81.915193	25.960342	990.927804	32.927446	27.114569	518.411494	76.128846	25.520653	991.170349	23.134765	12.020536	
11/28/2019 19:16:32.007768749	82.230598	26.030523	991.397443	33.654706	27.235556	520.508283	76.296484	25.644857	991.247942	13.992540	12.010259	
11/28/2019 19:16:33.007768749	81.948047	25.938805	990.103965	32.580849	27.090159	518.347753	76.057827	25.440972	990.902414	23.368997	12.022612	
11/28/2019 19:16:34.007768749	82.125463	26.008837	990.554443	33.000926	27.126161	518.808372	76.072624	25.546910	991.526602	14.610861	11.990730	
11/28/2019 19:16:35.007768749	82.178030	25.907398	990.493254	32.659753	27.075138	518.615190	76.038114	25.440454	990.873713	21.668093	12.040393	
11/28/2019 19:16:36.007768749	82.125463	26.070528	990.942944	33.289962	27.186818	521.130550	76.087422	25.535184	991.464784	21.810359	12.005988	
11/28/2019 19:16:37.007768749	82.316020	26.023829	991.693925	33.198406	27.165837	520.489885	76.106031	25.571187	991.401072	14.209734	12.025451	
11/28/2019 19:16:38.007768749	82.164888	26.055311	990.566901	33.893688	27.292743	521.748881	76.107030	25.600344	991.309289	15.680609	12.009142	
11/28/2019 19:16:39.007768749	82.493436	25.986926	991.613260	32.879069	27.173185	521.434132	76.024368	25.535184	991.144648	15.340265	12.007972	
11/28/2019 19:16:40.007768749	82.092608	25.946397	991.645511	32.642308	27.138366	522.412544	76.017849	25.539438	991.141333	23.821733	12.005199	
11/28/2019 19:16:41.007768749	82.473723	26.140186	992.904373	34.465447	27.324540	523.207626	76.174500	25.628252	991.029837	15.160536	12.015148	
11/28/2019 19:16:42.007768749	82.355446	26.045441	991.731695	33.084428	27.186818	523.023643	76.064897	25.545142	991.175871	15.543315	12.036937	
11/28/2019 19:16:43.007768749	82.210885	26.047387	991.383092	33.673621	27.298457	521.509693	76.204490	25.647756	991.207095	15.173370	12.013334	
11/28/2019 19:16:44.007768749	82.158317	25.933758	991.799744	32.479806	27.093833	522.379031	75.993721	25.495031	991.136446	22.056115	12.023269	
11/28/2019 19:16:45.007768749	82.493436	25.993994	990.928356	33.051643	27.141754	524.206414	76.178706	25.596714	991.973059	27.861248	11.976983	
11/28/2019 19:16:46.007768749	82.302878	25.934356	990.785635	32.790707	27.088200	522.806801	75.971905	25.496893	990.801642	22.433651	12.037357	
11/28/2019 19:16:47.007768749	82.302878	26.114724	991.570995	33.658261	27.189716	523.164914	76.086870	25.592248	990.777671	19.974783	11.986498	
11/28/2019 19:16:48.007768749	82.243740	25.923139	990.712304	32.732151	27.099221	523.627512	75.999740	25.485379	990.777513	24.476208	12.012664	
11/28/2019 19:16:49.007768749	82.605142	26.135662	991.413687	34.039204	27.290538	525.096119	76.147165	25.625034	991.108373	14.110176	12.019314	
11/28/2019 19:16:50.007768749	82.440868	26.025102	991.064532	33.103333	27.171797	524.469252	76.011830	25.531966	991.331209	15.296248	12.014372	
11/28/2019 19:16:51.007768749	82.270024	25.961988	992.347208	33.288520	27.213146	526.583787	76.181518	25.540994	991.489541	24.910868	12.018643	
11/28/2019 19:16:52.007768749	82.408013	25.993321	991.885928	33.227703	27.157633	524.990329	76.100512	25.573262	991.432138	15.645494	12.019064	
11/28/2019 19:16:53.007768749	82.578858	25.910617	992.742017	34.512871	27.143754	526.325549	76.173344	25.709086	991.221763	16.901524	11.986275	
11/28/2019 19:16:54.007768749	82.421155	25.960267	990.977954	32.683948	27.104650	523.854869	76.256796	25.477695	991.115626	24.683189	12.031220	
11/28/2019 19:16:55.007768749	82.414584	26.040244	990.038360	33.058470	27.143754	524.772171	76.230722	25.507583	991.322850	28.148400	12.008314	
11/28/2019 19:16:56.007768749	82.427726	25.965614	989.478279	32.655458	27.114528	524.247810	76.216424	25.484966	990.786187	20.452149	12.033336	
11/28/2019 19:16:57.007768749	82.480294	26.045366	992.118619	33.426069	27.204942	526.935985	76.217685	25.536633	991.086767	23.306902	12.015805	
11/28/2019 19:16:58.007768749	82.421155	25.990145	990.209625	33.037403	27.154122	525.407584	76.279478	25.557186	990.714431	12.980955	12.014872	
11/28/2019 19:16:59.007768749	82.493436	26.067951	990.896343	33.594231	27.278334	527.540517	76.473137	25.598164	991.296514	14.884908	12.020260	
11/28/2019 19:17:00.007768749	82.224027	26.046115	992.338772	33.247670	27.185961	526.602838	76.295774	25.529479	990.878443	14.580989	12.025727	
11/28/2019 19:17:01.007768749	82.618284	26.098759	990.255439	33.090603	27.178573	527.354556	76.280924	25.547122	990.828135	19.577858	11.992911	
11/28/2019 19:17:02.007768749	82.519719	25.967036	992.932050	33.781502	26.988766	526.231579	76.303397	25.700165	991.989621	12.896853	11.959137	
11/28/2019 19:17:03.007768749	82.775986	26.024428	992.741308	32.464533	27.222820	526.603491	76.162804	25.498661	991.180444	22.012097	11.987471	
11/28/2019 19:17:04.007768749	82.585429	26.045516	991.935998	32.978719	27.135223	529.119513	76.230013	25.492851	991.174135	20.719913	12.033428	
11/28/2019 19:17:05.007768749	82.513148	26.119847	991.861011	33.905093	27.253108	530.560523	76.231773	25.516504	991.239897	15.530480	12.022573	
11/28/2019 19:17:06.007768749	82.664280	25.971260	990.137239	32.458571	27.081098	527.844751	76.076278	25.434950	990.372847	21.277451	12.011652	
11/28/2019 19:17:07.007768749	82.434297	26.035122	991.131478	33.170169	27.249393	530.101872	76.208144	25.597339	990.918183	16.852536	12.012900	
11/28/2019 19:17:08.007768749	82.736560	25.970960	990.653165	32.572706	27.083914	528.392109	76.035749	25.413996	990.807951	19.242757	12.039315	
11/28/2019 19:17:09.007768749	82.460581	25.947520	991.188881	34.905871	27.414056	530.049961	76.018848	25.495031	991.585111	21.907296	11.955378	
11/28/2019 19:17:10.007768749	82.749702	25.981280	991.172717	32.687337	27.089874	528.833678	75.938341	25.429765	990.893268	20.140367	12.037292	
11/28/2019 19:17:11.007768749	82.637996	26.108929	991.464861	33.301523	27.158490	530.666313	75.917577	25.536421	991.576909	17.037237	12.004082	
11/28/2019 19:17:12.007768749	82.736560	25.954770	990.437900	32.652633	27.076567	529.338324	75.894053	25.461726	991.066740	19.982646	12.014320	
11/28/2019 19:17:13.007768749	82.539432	26.088215	990.710490	32.947824	27.179144	529.622844	75.893001	25.512356	990.666489	18.972372	11.999482	
11/28/2019 19:17:14.007768749	82.644567	26.097861	990.125728	33.552290	27.143714	531.064517	75.949223	25.529479	991.385775	11.871123	12.009102	
11/28/2019 19:17:15.007768749	82.519719	26.010858	990.952407	32.682612	27.222208	531.387149	75.858438	25.469398	991.214033	19.473057	12.002426	
11/28/2019 19:17:16.007768749	82.565716	26.105154	992.702749	33.295475	27.148571	533.133709	75.812441	25.533628	991.000978	12.688561	12.017106	
11/28/2019 19:17:17.007768749	82.611713	26.036020	991.257088	32.904354	27.160449	532.357678	75.882961	25.543798	991.230594	16.619615	12.013334	
11/28/2019 19:17:18.007768749	82.605142	26.003415	990.861727	32.680665	27.079955	532.987175	75.781690	25.434644	990.924177	21.890530	12.042929	
11/28/2019 19:17:19.007768749	82.736560	26.102833	990.768997	32.996602	27.127345	532.593571	75.968436	25.503540	990.437187	19.691562	11.963894	
11/28/2019 19:17:20.007768749	82.486865	26.002816	991.435213	32.673710	27.079383	533.109395	75.954190	25.429352	990.768682	19.712260	12.026003	
11/28/2019 19:17:21.007768749	82.716848	26.055760	991.309051	33.250096	27.168082	534.940062	75.942809	25.494925	991.108373	22.569635	12.027356	
11/28/2019 19:17:22.007768749	82.480294	26.104779	989.823095	33.242518	27.058443	534.385473	75.987045	25.456741	990.911245	17.451199	12.015713	
11/28/2019 19:17:23.007768749	82.723419	26.042040	992.665216	33.202126	27.201268	534.725851	76.098751	25.534559	991.344456	15.131974	12.016396	
11/28/2019 19:17:24.007768749	82.690564	26.098385	992.398462	33.060575	27.188492	534.091754	75.976767	25.499698	991.099071	11.643444	12.029958	
11/28/2019 19:17:25.007768749	82.795699	26.026299	990.996011	32.648688	27.101548	534.587201	75.936790	25.516197	991.513198	22.478979	12.020128	
11/28/2019 19:17:26.007768749	82.572287	26.045142	991.717738	32.125473	27.283109	532.155950	75.620937	25.593709	991.670271	12.229543	11.963710	
11/28/2019 19:17:27.007768749	82.933689	26.172716	990.165863	33.486184	27.208085	532.750619	75.850868	25.561123	990.924177	15.318257	12.000323	
11/28/2019 19:17:28.007768749	82.723419	25.997694	989.823727	32.497202	27.118773	532.184863	75.739162	25.452592	990.895633	14.970321	12.036542	
11/28/2019 19:17:29.007768749	82.867979	26.109453	990.211046	33.381568	27.229677	534.533322	75.823980	25.539120	990.899734	16.842051	11.981938	
11/28/2019 19:17:30.007768749	82.657709	26.103956	991.430877	32.650588	27.157306	532.880070	75.815701	25.498873	990.866775	12.862009	12.008708	
11/28/2019 19:17:31.007768749	82.802270	26.105303	990.387672	33.518395	27.272660	535.352065	75.874892	25.580215	991.119098	12.388574	12.013189	
11/28/2019 19:17:32.007768749	82.789128	26.109902	991.767966	33.261180	27.172082	534.738334	75.779692	25.498661	991.281216	14.126942	12.036188	
11/28/2019 19:17:33.007768749	82.795699	26.115248	992.459809	33.287536	27.198982	534.472212	75.931218	25.587274	991.449329	14.892771	12.005712	
11/28/2019 19:17:34.007768749	82.828554	25.998069	990.504293	32.582651	27.080526	534.000415	75.791730	25.392829	990.847848	21.624076	12.039355	
11/28/2019 19:17:35.007768749	82.808841	26.124071	991.130532	33.205808	27.153959	534.078608	75.829000	25.496587	990.832236	14.013238	12.015765	
11/28/2019 19:17:36.007768749	82.808841	26.039645	990.924177	33.106080	27.116773	535.213415	75.823928	25.425616	991.136603	21.683549	12.035609	
11/28/2019 19:17:37.007768749	82.749702	25.987225	990.634161	32.775279	27.076567	534.663426	75.797749	25.411191	990.869612	19.008526	12.033060	
11/28/2019 19:17:38.007768749	82.999398	26.105528	990.963208	32.971734	27.125671	535.913875	75.857491	25.511318	991.519349	19.727716	12.005041	
11/28/2019 19:17:39.007768749	82.677422	25.998069	990.381601	32.587112	27.090731	534.935463	75.796645	25.422917	990.727206	17.184745	12.036174	
11/28/2019 19:17:40.007768749	83.124246	26.273406	992.347760	33.739220	27.258536	537.171555	75.898573	25.527087	991.121620	12.178973	12.007696	
11/28/2019 19:17:41.007768749	82.697135	26.013735	989.291638	32.599063	27.049912	535.769973	75.768153	25.438379	990.729257	20.597036	12.028263	
11/28/2019 19:17:42.007768749	83.032253	26.088290	990.832788	33.765753	27.210575	539.061363	75.901727	25.475314	991.231066	21.397708	12.025806	
11/28/2019 19:17:43.007768749	82.762844	26.067801	991.507441	33.019150	27.135223	538.008696	75.772569	25.447407	991.290362	17.922012	12.027304	
11/28/2019 19:17:44.007768749	83.019111	26.068924	991.850918	33.132222	27.198411	541.396024	75.922492	25.505096	991.478345	19.947803	12.002834	
11/28/2019 19:17:45.007768749	82.677422	25.998293	990.659079	32.454229	27.096405	537.840480	75.788865	25.408598	990.433249	14.803426	12.029840	
11/28/2019 19:17:46.007768749	83.025682	26.073747	990.619022	33.139254	27.150857	540.956424	76.046788	25.492332	991.718685	22.639322	11.983423	
11/28/2019 19:17:47.007768749	82.723419	26.120820	991.485520	33.276569	27.150816	540.679788	76.075227	25.475939	991.241791	15.566634	12.035741	
11/28/2019 19:17:48.007768749	82.999398	26.299990	990.885146	32.320585	27.292824	544.582278	76.219236	25.378605	990.294310	10.641033	11.994502	
11/28/2019 19:17:49.007768749	82.644567	26.025177	991.228544	32.615017	27.106895	539.778253	76.057013	25.427066	990.792811	15.254852	12.035531	
11/28/2019 19:17:50.007768749	82.867979	26.051611	992.169873	32.973567	27.195553	542.371152	76.171478	25.505508	991.075728	22.736530	12.002571	
11/28/2019 19:17:51.007768749	82.848267	26.120670	991.625798	33.051720	27.136938	541.238976	76.058773	25.487041	991.311811	14.861589	12.014977	
11/28/2019 19:17:52.007768749	82.900834	26.057257	990.868902	32.669366	27.143714	543.544724	76.130896	25.483411	991.230909	24.521536	12.020089	
11/28/2019 19:17:53.007768749	82.992827	26.046264	990.840910	32.675756	27.104609	542.233818	75.981473	25.444190	991.101593	23.654838	12.041996	
11/28/2019 19:17:54.007768749	82.946831	26.051312	990.408489	32.730504	27.094160	543.123523	75.949223	25.441491	991.248257	24.948332	12.015423	
11/28/2019 19:17:55.007768749	83.065108	26.110351	991.310707	33.298708	27.170368	543.086726	76.018191	25.493782	991.198107	12.732578	12.030208	
11/28/2019 19:17:56.007768749	82.881121	26.165016	991.397680	33.445044	27.152816	544.826055	76.090472	25.404037	991.728303	23.011887	11.991374	
11/28/2019 19:17:57.007768749	83.032253	25.988273	991.505470	31.733768	27.180287	544.773491	75.697529	25.285018	991.692821	27.875394	11.990782	
11/28/2019 19:17:58.007768749	83.176814	26.024877	990.727758	33.147533	27.167225	546.345920	76.002842	25.449269	991.056016	24.641793	11.987536	
11/28/2019 19:17:59.007768749	82.861408	26.056434	989.660662	32.749546	27.104323	543.959348	75.898810	25.400820	990.957294	22.116898	12.015187	
11/28/2019 19:18:00.007768749	83.038824	26.069448	992.042685	32.863504	27.144897	549.045925	76.192795	25.495962	991.473772	20.509001	12.012361	
11/28/2019 19:18:01.007768749	83.176814	26.083243	991.463994	33.063068	27.137754	547.462981	76.089920	25.425616	991.355652	19.286775	12.040761	
11/28/2019 19:18:02.007768749	82.762844	26.152302	991.963518	32.263995	27.191063	546.050222	76.181361	25.468573	990.856837	24.967720	11.988693	
11/28/2019 19:18:03.007768749	83.038824	26.062529	991.529756	32.729978	27.129264	547.513576	76.098199	25.436199	991.252672	21.723635	12.042929	
11/28/2019 19:18:04.007768749	83.275378	26.272208	991.051523	33.232496	27.238086	549.239106	76.143144	25.541724	990.556885	13.730018	11.987576	
11/28/2019 19:18:05.007768749	82.933689	26.030299	991.585977	32.573524	27.079955	547.386757	76.045184	25.424579	990.678949	18.559721	12.034374	
11/28/2019 19:18:06.007768749	83.111104	26.042040	989.634168	33.458230	27.204084	550.890390	75.909612	25.456741	991.639991	28.798944	11.984948	
11/28/2019 19:18:07.007768749	82.749702	26.077147	990.837599	32.739768	27.133509	548.936188	76.094493	25.454360	990.939160	12.530840	12.035991	
11/28/2019 19:18:08.007768749	83.104533	26.189504	990.187547	33.358668	27.235515	552.069878	76.224650	25.538094	991.053179	14.812600	12.002834	
11/28/2019 19:18:09.007768749	82.894263	26.143255	990.917948	33.307221	27.177797	550.946901	76.053306	25.417414	991.330102	12.749345	12.014872	
11/28/2019 19:18:10.007768749	82.973114	26.179485	991.406669	33.494112	27.174940	551.939111	76.121880	25.498142	991.348714	12.485512	12.006329	
11/28/2019 19:18:11.007768749	82.973114	26.046040	989.802753	32.508948	27.094119	550.268776	75.964729	25.382871	990.913138	17.437053	12.023834	
11/28/2019 19:18:12.007768749	82.749702	26.151927	990.224607	33.078155	27.128733	551.602017	75.873997	25.419806	990.408171	25.539403	11.973041	
11/28/2019 19:18:13.007768749	82.979685	26.040543	990.823405	32.455622	27.069750	551.071089	75.846452	25.334622	990.696454	20.105524	12.038054	
11/28/2019 19:18:14.007768749	82.867979	26.095284	991.993481	33.481480	27.189920	552.666515	75.901780	25.406418	991.206780	19.995481	12.023729	
11/28/2019 19:18:15.007768749	83.045395	26.126840	990.166178	33.118313	27.152530	552.438506	75.867269	25.391168	991.329001	13.365045	12.019274	
11/28/2019 19:18:16.007768749	82.808841	26.079393	989.943108	33.028033	27.159592	552.159238	75.876495	25.460170	991.156630	20.043430	11.998720	
11/28/2019 19:18:17.007768749	83.045395	26.015381	991.753063	31.865317	27.151347	549.848890	75.870976	25.322377	990.602777	19.553229	11.996762	
11/28/2019 19:18:18.007768749	83.045395	26.064251	992.110734	33.094800	27.108038	552.162522	75.793833	25.422917	991.204887	27.090177	11.968349	
11/28/2019 19:18:19.007768749	83.019111	26.034149	990.710962	32.816148	27.052117	550.859509	75.791572	25.344887	990.977793	22.611031	12.017763	
11/28/2019 19:18:20.007768749	83.295091	26.295317	990.946413	33.877587	27.218289	553.246733	75.906143	25.436612	990.966125	14.292527	11.992938	
11/28/2019 19:18:21.007768749	83.104533	26.099582	992.034405	32.955801	27.106038	552.319570	75.845244	25.368033	991.110581	20.677207	12.039736	
11/28/2019 19:18:22.007768749	83.262236	26.095433	990.897446	33.351344	27.184573	553.118598	75.917025	25.367197	991.169877	21.300499	12.007512	
11/28/2019 19:18:23.007768749	82.979685	26.109902	991.063980	33.154128	27.162409	552.235462	75.893343	25.390131	991.006973	11.872433	12.012795	
11/28/2019 19:18:24.007768749	83.341087	26.116895	990.877576	32.920473	27.181716	555.228533	75.959053	25.333267	991.387983	20.449528	12.012519	
11/28/2019 19:18:25.007768749	83.078250	26.131438	990.950828	32.858245	27.122528	553.556883	75.880306	25.299761	990.968176	16.830256	12.002636	
11/28/2019 19:18:26.007768749	83.341087	26.189879	991.116338	33.326010	27.189349	555.028774	75.942547	25.366065	991.339726	17.927254	12.011993	
11/28/2019 19:18:27.007768749	83.150530	26.094385	989.947524	32.546593	27.114242	554.234344	75.830341	25.208037	991.049078	22.319947	12.033139	
11/28/2019 19:18:28.007768749	83.301662	26.115698	991.503814	32.364055	27.142652	556.421156	75.818408	25.230028	991.296199	21.980915	11.984014	
11/28/2019 19:18:29.007768749	83.170243	26.110351	991.432533	33.041698	27.145142	556.295652	75.785948	25.227647	991.296828	18.471686	12.034939	
11/28/2019 19:18:30.007768749	83.084820	26.178811	991.053888	33.715494	27.236658	557.267496	75.843431	25.312831	990.968019	13.415615	12.026450	
11/28/2019 19:18:31.007768749	83.071679	26.093712	992.073122	32.833564	27.131795	556.042014	75.661100	25.292395	990.733515	12.555470	12.031654	
11/28/2019 19:18:32.007768749	82.986256	26.195300	991.721759	33.348685	27.230127	558.737419	75.801745	25.367621	991.351079	12.501239	11.998497	
11/28/2019 19:18:33.007768749	82.907405	26.157274	989.603417	33.114924	27.079669	556.030183	75.652374	25.290321	991.066897	17.337495	12.007118	
11/28/2019 19:18:34.007768749	82.887692	26.151254	990.003193	33.352659	27.121304	559.091595	75.557568	25.186870	991.031101	18.073451	12.024794	
11/28/2019 19:18:35.007768749	83.097962	26.088964	991.006892	33.057419	27.109426	558.318848	75.563088	25.266869	991.195584	18.566274	12.036135	
11/28/2019 19:18:36.007768749	82.946831	26.088440	991.425672	32.796893	27.128692	557.487623	75.507865	25.332548	990.595839	10.474138	12.032416	
11/28/2019 19:18:37.007768749	83.097962	26.073298	991.059170	32.646409	27.074567	557.819454	75.477823	25.258466	991.008073	20.880256	12.020601	
11/28/2019 19:18:38.007768749	83.097962	26.067651	990.488444	32.573690	27.063219	557.318092	75.372241	25.258878	990.777199	19.303541	12.033073	
11/28/2019 19:18:39.007768749	83.183385	26.158547	991.328212	33.154488	27.155918	558.670394	75.504054	25.325076	991.243841	15.932646	12.036464	
11/28/2019 19:18:40.007768749	83.143959	26.152900	991.084088	33.263839	27.200411	558.435153	75.536804	25.381209	990.976535	10.206373	12.030668	
11/28/2019 19:18:41.007768749	83.097962	26.163444	991.121306	33.342538	27.157061	558.416755	75.385330	25.357863	990.950671	11.581349	12.031995	
11/28/2019 19:18:42.007768749	83.097962	26.147329	992.868496	33.587608	26.945416	558.435153	75.425308	25.214778	991.526130	16.525027	12.003951	
11/28/2019 19:18:43.007768749	83.222810	26.131289	992.239970	32.866875	27.139183	559.554846	75.354683	25.321552	991.005079	9.758879	12.003806	
11/28/2019 19:18:44.007768749	83.354229	26.111174	989.789741	32.739592	27.083383	559.876163	75.379363	25.211254	991.125407	17.941400	12.015213	
11/28/2019 19:18:45.007768749	83.019111	26.199973	991.503972	33.089016	27.175470	560.060808	75.482895	25.276415	990.994197	11.519255	12.034676	
11/28/2019 19:18:46.007768749	83.308232	26.067726	990.544823	32.381588	27.079955	559.622524	75.492016	25.171620	990.666174	18.709850	12.033020	
11/28/2019 19:18:47.007768749	83.065108	26.062230	991.155369	32.679808	27.062648	559.778256	75.445862	25.158338	990.952564	21.473947	12.038501	
11/28/2019 19:18:48.007768749	83.249094	26.067127	990.565482	32.568041	27.063505	559.749343	75.296544	25.180129	990.630692	16.550968	12.033756	
11/28/2019 19:18:49.007768749	83.012540	26.099657	990.540645	32.787893	27.136897	560.100889	75.264793	25.277452	990.964232	10.146900	12.021666	
11/28/2019 19:18:50.007768749	83.038824	26.111099	989.951624	32.995579	27.129835	559.781540	75.427463	25.175356	991.129822	11.653928	12.009496	
11/28/2019 19:18:51.007768749	83.281949	26.116072	990.740453	32.541596	27.078281	560.771782	75.444416	25.172657	990.801956	20.736680	12.020378	
11/28/2019 19:18:52.007768749	83.019111	26.173389	990.450832	32.730066	27.109712	562.633993	75.405438	25.255767	991.383410	16.197790	12.026029	
11/28/2019 19:18:53.007768749	83.091391	26.090985	989.532844	32.857329	27.114528	560.944597	75.309686	25.229828	990.856994	14.440034	12.000271	
11/28/2019 19:18:54.007768749	83.308232	26.137833	991.290047	32.818905	27.102364	563.241146	75.193222	25.203888	991.250464	19.092629	12.038632	
11/28/2019 19:18:55.007768749	82.979685	26.247795	989.256627	32.395330	27.056729	562.921798	75.106196	25.197454	991.117047	21.146710	12.011836	
11/28/2019 19:18:56.007768749	83.209668	26.130840	990.296678	32.795549	27.155592	562.923113	75.305927	25.278182	990.748812	11.401620	12.033730	
11/28/2019 19:18:57.007768749	83.150530	26.133085	992.329389	33.165923	27.141754	564.098001	75.375999	25.204301	991.396971	11.871123	12.006053	
11/28/2019 19:18:58.007768749	83.012540	26.130915	992.142905	32.931617	27.139754	563.030219	75.395265	25.229309	991.053179	10.309864	12.021495	
11/28/2019 19:18:59.007768749	83.235952	26.098984	990.491913	32.687464	27.121876	563.172153	75.263741	25.245290	990.924020	11.754797	12.024544	
11/28/2019 19:19:00.007768749	83.124246	26.164792	991.825528	32.958579	27.187104	564.701869	75.310185	25.239786	990.803221	10.526018	12.000074	
11/28/2019 19:19:01.007768749	83.216239	26.167818	991.661832	32.816587	27.207717	562.856088	75.269261	25.447937	991.477401	8.100682	11.956035	
11/28/2019 19:19:02.007768749	83.452793	26.168791	990.392482	33.318227	27.083669	564.998220	75.273676	25.225986	990.864881	13.242167	12.006316	
11/28/2019 19:19:03.007768749	83.229381	26.137010	990.692196	33.219356	27.139183	564.396320	75.221661	25.193305	991.390505	16.778646	12.029288	
11/28/2019 19:19:04.007768749	83.354229	26.132112	991.085192	32.931324	27.101221	564.743265	75.129668	25.166847	991.270492	18.621815	12.032679	
11/28/2019 19:19:05.007768749	83.196526	26.127289	990.991595	32.614442	27.077424	564.272784	75.058543	25.150867	991.055858	20.631879	12.038750	
11/28/2019 19:19:06.007768749	83.426509	26.184532	991.209383	33.233314	27.170368	565.458186	75.198137	25.258360	991.230437	12.503589	12.034203	
11/28/2019 19:19:07.007768749	83.150530	26.162396	991.821428	33.083620	27.142571	565.520612	75.137342	25.252656	991.020219	11.542574	12.032035	
11/28/2019 19:19:08.007768749	83.354229	26.126092	989.799993	32.575813	27.080526	565.033701	75.100676	25.174213	990.882858	19.652787	12.024596	
11/28/2019 19:19:09.007768749	83.038824	26.104929	989.720353	32.497854	27.094690	564.854971	75.013046	25.227753	990.668225	14.566844	12.025622	
11/28/2019 19:19:10.007768749	83.281949	26.088814	990.551841	32.434544	27.083057	565.887924	74.998801	25.225679	990.845483	14.137427	12.036634	
11/28/2019 19:19:11.007768749	83.157101	26.126691	990.891927	32.610351	27.101221	566.610729	75.019670	25.216027	991.248099	20.836239	12.035596	
11/28/2019 19:19:12.007768749	83.058537	26.253516	993.270086	33.855137	26.972030	567.846726	75.288921	25.176181	991.576123	11.887889	12.010456	
11/28/2019 19:19:13.007768749	83.354229	26.072998	991.101987	32.463686	27.089016	567.033899	75.186046	25.246845	990.696297	13.250030	12.036542	
11/28/2019 19:19:14.007768749	83.143959	26.190403	991.121858	33.240677	27.155633	569.084692	75.333919	25.316673	991.123671	12.014698	12.031851	
11/28/2019 19:19:15.007768749	83.321374	26.179784	990.425679	33.012312	27.143959	568.141761	75.319673	25.331098	990.542853	12.656339	11.986472	
11/28/2019 19:19:16.007768749	83.117675	26.169390	991.473220	33.306198	27.155918	570.103847	75.325192	25.302873	991.020534	12.257833	12.033835	
11/28/2019 19:19:17.007768749	83.262236	26.209993	992.782941	32.901793	27.187920	569.631398	75.280195	25.354963	991.254723	5.581030	11.970452	
11/28/2019 19:19:18.007768749	83.262236	26.211266	991.480395	33.042400	27.160449	570.921274	75.371137	25.290109	991.213089	11.107915	12.034295	
11/28/2019 19:19:19.007768749	83.150530	26.169614	991.794934	32.334679	27.074036	570.432395	75.187755	25.283675	991.401387	18.368196	12.011087	
11/28/2019 19:19:20.007768749	83.334516	26.156900	990.960843	32.753647	27.150775	571.262305	75.401022	25.361704	990.689831	10.404451	12.011691	
11/28/2019 19:19:21.007768749	83.117675	26.130915	990.585747	32.687707	27.118773	571.146000	75.396212	25.348423	990.801485	10.679808	12.032968	
11/28/2019 19:19:22.007768749	83.242523	26.141384	991.182495	32.846129	27.094690	571.952912	75.381966	25.332548	990.779564	11.316206	12.032784	
11/28/2019 19:19:23.007768749	83.262236	26.194702	990.092689	33.077512	27.109426	573.432034	75.378155	25.291252	991.388297	17.067109	12.031916	
11/28/2019 19:19:24.007768749	83.347658	26.169689	992.422748	32.932922	27.107181	574.125925	75.545083	25.277864	991.197949	16.813490	12.032324	
11/28/2019 19:19:25.007768749	83.229381	26.194926	990.434273	33.068961	27.169511	573.708671	75.614000	25.316049	991.173664	10.820763	12.029774	
11/28/2019 19:19:26.007768749	83.268807	26.221510	991.502553	33.057789	27.146571	574.441990	75.617863	25.312831	991.197949	12.072861	12.029735	
11/28/2019 19:19:27.007768749	83.176814	26.137309	991.692506	32.580479	27.079098	573.439917	75.572970	25.238855	990.843590	20.719913	12.011993	
11/28/2019 19:19:28.007768749	83.419939	26.179260	991.566422	33.215879	27.139468	575.736466	75.585560	25.293327	991.235167	14.950934	12.036372	
11/28/2019 19:19:29.007768749	83.078250	26.110051	991.021795	32.524133	27.111957	573.145535	75.534701	25.140071	990.521718	21.843892	12.027908	
11/28/2019 19:19:30.007768749	83.130817	26.112522	990.540959	32.784201	27.135223	574.749508	75.513937	25.379653	990.933008	19.073241	12.013255	
11/28/2019 19:19:31.007768749	83.314803	26.199824	989.777521	33.062708	27.151061	575.756180	75.401179	25.361186	990.810159	10.784609	12.025267	
11/28/2019 19:19:32.007768749	83.341087	26.291617	992.581397	32.994458	27.145469	575.669441	75.430827	25.459239	991.184703	11.812960	11.972160	
11/28/2019 19:19:33.007768749	83.203097	26.103282	990.803298	32.796901	27.091017	575.039291	75.314206	25.273917	991.252201	20.245168	12.011599	
11/28/2019 19:19:34.007768749	83.630209	26.179559	988.968819	32.572978	27.324826	577.155130	75.130981	25.371039	991.337990	20.014868	11.986748	
11/28/2019 19:19:35.007768749	83.446222	26.127439	990.326169	32.503904	27.032564	574.630572	75.342303	25.292914	990.529606	19.924483	12.013124	
11/28/2019 19:19:36.007768749	83.281949	26.328221	990.285716	34.695156	27.306948	577.230702	75.527288	25.432357	991.046870	10.988969	11.997800	
11/28/2019 19:19:37.007768749	83.203097	26.121568	991.229096	32.387276	27.061545	575.561020	75.356943	25.283262	990.849899	18.974993	12.034374	
11/28/2019 19:19:38.007768749	83.433080	26.212314	991.189275	33.431221	27.219677	579.565363	75.641597	25.417213	991.458475	12.691182	12.008682	
11/28/2019 19:19:39.007768749	83.571070	26.342390	990.146465	31.657046	27.262414	574.631888	75.537513	25.295507	991.094655	12.962878	12.001112	
11/28/2019 19:19:40.007768749	83.203097	26.153948	990.516831	32.725430	27.087057	576.467154	75.552363	25.431225	991.103329	19.981335	12.010035	
11/28/2019 19:19:41.007768749	83.222810	26.141758	990.304957	32.575083	27.112814	575.388205	75.454351	25.334209	990.805900	11.833658	12.034663	
11/28/2019 19:19:42.007768749	83.544786	26.254040	991.833571	32.983043	27.127345	577.662408	75.487863	25.328600	991.204730	20.075652	11.998760	
11/28/2019 19:19:43.007768749	83.203097	26.157574	991.295410	32.473095	27.135468	576.769420	75.529891	25.342718	990.528184	11.941080	12.009313	
11/28/2019 19:19:44.007768749	83.189956	26.189654	990.036942	33.128550	27.159021	577.952843	75.532755	25.322790	991.141176	19.510522	12.002834	
11/28/2019 19:19:45.007768749	83.393655	26.227905	991.917784	33.140004	27.161592	578.646082	75.530495	25.353090	991.154108	10.697885	12.032219	
11/28/2019 19:19:46.007768749	83.465935	26.169989	991.215217	33.508606	27.198166	581.536648	75.520165	25.491295	990.795176	14.106244	12.005199	
11/28/2019 19:19:47.007768749	83.157101	26.131888	991.585425	32.518932	27.060117	579.124447	75.431379	25.276933	990.992147	20.637121	12.033993	
11/28/2019 19:19:48.007768749	83.360800	26.149126	990.956348	32.635393	27.083383	580.831578	75.564401	25.350603	991.585583	21.982225	12.015660	
11/28/2019 19:19:49.007768749	83.452793	26.200872	991.275145	33.062698	27.164409	580.114689	75.663965	25.363154	990.875920	9.075842	12.026857	
11/28/2019 19:19:50.007768749	83.183385	26.238075	990.786345	31.657960	27.220289	583.661686	75.388299	25.169535	991.650716	24.214726	11.963592	
11/28/2019 19:19:51.007768749	83.295091	26.147030	990.705680	32.538948	27.116202	581.274462	75.588373	25.295094	990.628642	10.480690	12.035991	
11/28/2019 19:19:52.007768749	83.393655	26.248768	990.325931	33.488113	27.183430	584.372008	75.548605	25.342295	991.359753	14.042839	12.008090	
11/28/2019 19:19:53.007768749	83.301662	26.177314	990.484738	33.029639	27.126121	584.029662	75.571524	25.298512	991.123042	14.494265	11.996565	
11/28/2019 19:19:54.007768749	83.459364	26.163744	989.937983	33.935667	27.111957	583.048619	75.830788	25.275790	989.987578	11.880296	11.989468	
11/28/2019 19:19:55.007768749	83.229381	26.184158	990.451621	32.915331	27.092976	583.664318	75.790259	25.290734	991.064218	19.037087	12.037489	
11/28/2019 19:19:56.007768749	83.433080	26.226707	991.139995	33.083289	27.193961	584.740636	75.741607	25.435904	991.094026	11.925624	11.996525	
11/28/2019 19:19:57.007768749	83.235952	26.141982	991.874889	32.646370	27.074567	583.672201	75.427016	25.275896	990.926542	19.592004	12.031838	
11/28/2019 19:19:58.007768749	83.419939	26.190478	991.706777	32.757104	27.087424	584.164364	75.681522	25.307328	991.549787	16.831567	11.997616	
11/28/2019 19:19:59.007768749	83.137388	26.163519	990.768368	32.476942	27.073138	583.565096	75.797934	25.321965	990.869769	19.859768	12.028855	
11/28/2019 19:20:00.007768749	83.446222	26.305412	991.804317	33.564407	27.226453	585.082329	75.907537	25.427902	990.913453	10.977444	12.005909	
11/28/2019 19:20:01.007768749	83.446222	26.190328	991.220422	32.643175	27.067505	584.150566	75.790968	25.313974	991.193691	19.401789	12.041260	
11/28/2019 19:20:02.007768749	83.203097	26.211266	991.212537	33.684482	27.257884	586.006862	75.978214	25.464943	990.946255	10.747144	12.020339	
11/28/2019 19:20:03.007768749	83.393655	26.152751	990.851240	32.452222	27.049341	584.531024	75.766944	25.296025	990.825770	17.663422	12.035912	
11/28/2019 19:20:04.007768749	83.327945	26.212089	991.282715	33.354821	27.187634	586.688270	75.978766	25.480818	991.164204	11.056305	11.995553	
11/28/2019 19:20:05.007768749	83.275378	25.931704	990.340834	34.123563	27.074567	584.528393	75.886877	25.260953	991.501844	18.195019	12.016343	
11/28/2019 19:20:06.007768749	83.663063	26.270679	991.749357	33.417828	27.163306	587.642368	75.834362	25.402375	991.519664	9.695474	12.004292	
11/28/2019 19:20:07.007768749	83.235952	26.180233	990.653402	33.045944	27.099793	586.633075	75.696977	25.341046	991.246363	16.911738	12.018446	
11/28/2019 19:20:08.007768749	83.465935	26.306160	991.268521	33.459623	27.201554	587.867094	75.623645	25.415445	990.923863	8.072121	12.013308	
11/28/2019 19:20:09.007768749	83.465935	26.158696	991.582271	32.657951	27.095262	587.999829	75.571577	25.302354	991.237218	19.466505	12.039355	
11/28/2019 19:20:10.007768749	83.347658	26.195749	991.706068	33.842933	27.193308	589.923802	75.715586	25.387950	991.318591	13.983366	12.021679	
11/28/2019 19:20:11.007768749	83.465935	26.121493	990.251023	32.591738	27.050198	587.924920	75.552416	25.324557	990.543010	16.137006	12.036595	
11/28/2019 19:20:12.007768749	83.334516	26.177880	990.704891	32.887222	27.143509	592.474653	75.639494	25.387432	991.569657	17.140727	11.978929	
11/28/2019 19:20:13.007768749	83.314803	26.178811	990.359365	32.820756	27.093547	588.783743	75.547948	25.326219	990.453434	13.310814	12.012296	
11/28/2019 19:20:14.007768749	83.702489	26.254414	992.606315	32.876936	27.140326	591.845808	75.864799	25.387750	991.538748	10.973513	11.991229	
11/28/2019 19:20:15.007768749	83.163672	26.142881	990.193066	32.458778	27.066036	590.793793	75.832392	25.312419	990.926385	11.939770	12.005922	
11/28/2019 19:20:16.007768749	83.557928	26.296665	991.551677	33.303529	27.167592	593.100856	75.776327	25.307540	991.250464	12.995101	12.011113	
11/28/2019 19:20:17.007768749	83.406797	26.211116	990.704024	32.890163	27.172042	591.563256	75.799799	25.317710	990.829871	8.809388	12.032889	
11/28/2019 19:20:18.007768749	83.288520	26.258788	991.515405	33.812369	27.232127	594.079931	75.811442	25.305359	991.160417	10.022712	12.016081	
11/28/2019 19:20:19.007768749	83.393655	26.175485	989.704898	32.511802	27.121345	594.271144	75.621437	25.259397	991.011860	16.706068	12.019642	
11/28/2019 19:20:20.007768749	83.255665	26.227456	991.139757	33.507886	27.224167	594.652918	75.765289	25.358699	991.035674	10.272399	12.014858	
11/28/2019 19:20:21.007768749	83.367371	26.226857	991.336649	33.277281	27.071179	594.911156	75.723156	25.159788	990.197796	9.086327	12.022599	
11/28/2019 19:20:22.007768749	83.459364	26.281223	989.941058	33.190789	27.118243	594.995917	75.557830	25.329436	991.381988	21.004444	11.989941	
11/28/2019 19:20:23.007768749	83.222810	26.201920	990.005006	33.144339	27.146285	594.743593	75.495485	25.309720	991.025107	7.867761	12.027619	
11/28/2019 19:20:24.007768749	83.511932	26.214142	992.246436	33.042408	27.126406	595.121420	75.384279	25.268837	991.086296	19.485892	11.968954	
