
Time stamp	Inside_humidity (in %rH)	Inside_temperature (in °C)	Inside_pressure (in mbar)	Soil_moisture (in %VWC)	Soil_temperature (in °C)	Inside_CO2_ratio (in ppm)	Outside_humidity (in %rH)	Outside_temperature (in °C)	Outside_pressure (in mbar)	Outside_PAR (in µmol m^-2 s^-1)	Power_box_charge (in V)	
6/30/2021 13:07:14.386792749	65.546967	25.595638	1002.605220	3.787537	20.428795	485.176276	76.833198	26.048985	1000.022680	71.915258	11.808058	
6/30/2021 13:07:15.386792749	65.468116	25.495621	1002.368271	4.149015	20.402997	484.789902	76.594726	26.115701	999.525758	81.767769	11.789712	
6/30/2021 13:07:16.386792749	65.757238	25.692329	1003.814169	4.023736	20.460878	485.690775	75.885983	26.127840	1000.641823	85.684406	11.732282	
6/30/2021 13:07:17.386792749	65.882086	25.586142	1001.841544	3.947827	20.444347	485.751232	75.892949	25.999805	999.840849	81.994138	11.800817	
6/30/2021 13:07:18.386792749	66.296055	25.696778	1002.413611	4.470202	20.476471	486.902459	75.262795	26.090069	1000.204354	78.240464	11.741784	
6/30/2021 13:07:19.386792749	66.289484	25.649256	1003.293908	4.053076	20.440673	485.243954	75.124200	26.011944	999.753324	51.972071	11.780986	
6/30/2021 13:07:20.386792749	66.466900	25.764639	1004.269615	4.371527	20.502187	486.654083	74.715855	26.011214	999.929003	56.778725	11.755451	
6/30/2021 13:07:21.386792749	66.440616	25.596836	1003.021082	3.957999	20.430468	485.685522	74.645021	26.003541	999.996501	80.842909	11.798846	
6/30/2021 13:07:22.386792749	66.657458	25.659650	1003.561056	4.407930	20.545822	485.083622	74.197198	26.093911	999.874123	93.411839	11.791565	
6/30/2021 13:07:23.386792749	66.703454	25.576048	1002.094656	3.953362	20.411202	485.010029	74.132540	26.012463	999.921751	103.784424	11.800975	
6/30/2021 13:07:24.386792749	66.920295	25.617924	1001.813866	4.689158	20.651216	483.755633	74.058841	26.093805	1000.242043	108.508286	11.755031	
6/30/2021 13:07:25.386792749	66.848015	25.555110	1001.851873	4.156009	20.470716	482.930322	73.579476	26.036328	999.705381	74.701364	11.801566	
6/30/2021 13:07:26.386792749	67.123995	25.608053	1002.171852	4.396190	20.576722	484.456103	73.547726	26.069633	999.744650	77.236743	11.757265	
6/30/2021 13:07:27.386792749	67.406546	25.601434	1002.955083	4.054034	20.420549	483.353492	73.120614	25.930390	1000.171552	58.217106	11.804996	
6/30/2021 13:07:28.386792749	67.505110	25.560456	1002.777668	4.400913	20.478104	485.192706	73.282076	26.003954	1000.162878	79.104541	11.786992	
6/30/2021 13:07:29.386792749	67.531394	25.570626	1002.959656	4.006219	20.472675	482.160206	72.999972	25.986523	999.825394	90.285390	11.787123	
6/30/2021 13:07:30.386792749	67.721951	25.629890	1003.472033	4.115604	20.448061	485.031058	73.088811	26.022221	1000.121087	86.247186	11.771734	
6/30/2021 13:07:31.386792749	67.721951	25.602407	1004.173968	3.972671	20.407242	483.808859	72.918413	25.942116	999.856618	84.274587	11.766701	
6/30/2021 13:07:32.386792749	67.984789	25.566627	1003.061217	4.261906	20.484635	482.708880	72.933763	26.021596	1000.245830	93.902041	11.777779	
6/30/2021 13:07:33.386792749	68.293623	25.539668	1004.640847	4.327488	20.278337	484.138722	72.764969	25.863674	1000.339979	80.889547	11.773574	
6/30/2021 13:07:34.386792749	68.674738	25.682384	1001.641261	3.966748	20.472430	483.477680	72.645903	25.988810	1000.420881	90.533767	11.757685	
6/30/2021 13:07:35.386792749	68.543319	25.580421	1003.456578	4.165835	20.400711	483.376490	72.823608	25.899784	999.760104	90.598483	11.799595	
6/30/2021 13:07:36.386792749	68.740448	25.693377	1003.223493	4.370643	20.356586	485.851770	72.569811	25.862118	1000.534270	81.532498	11.743426	
6/30/2021 13:07:37.386792749	68.799586	25.608278	1002.826319	3.964665	20.402140	484.540863	72.662803	25.805573	999.998709	85.010544	11.806783	
6/30/2021 13:07:38.386792749	69.042711	25.687506	1002.458004	4.183169	20.446102	485.383256	72.682464	25.859113	1000.235106	84.847580	11.774572	
6/30/2021 13:07:39.386792749	69.075566	25.671092	1002.561930	4.079320	20.443530	484.268826	72.311836	25.756287	999.823501	83.538630	11.804773	
6/30/2021 13:07:40.386792749	69.206985	25.708669	1003.603557	4.265184	20.501085	484.864811	72.452086	25.742486	1000.423246	85.816458	11.765767	
6/30/2021 13:07:41.386792749	68.950718	25.623645	1004.071620	4.166815	20.421121	484.615772	72.160152	25.793127	999.957075	88.477065	11.781735	
6/30/2021 13:07:42.386792749	69.423826	25.723287	1004.378746	4.159415	20.467083	485.276151	72.160205	25.687803	999.632996	83.955213	11.753572	
6/30/2021 13:07:43.386792749	69.627526	25.644807	1003.180913	4.114054	20.447163	483.910050	72.274408	25.739481	999.357331	88.277948	11.785244	
6/30/2021 13:07:44.386792749	69.712948	25.692704	1003.488514	4.312871	20.490553	487.071338	72.189196	25.705339	1000.272638	85.855233	11.786887	
6/30/2021 13:07:45.386792749	69.647238	25.591414	1002.461868	4.174570	20.458511	484.910807	72.090631	25.717690	999.838798	91.192174	11.803642	
6/30/2021 13:07:46.386792749	69.627526	25.634638	1002.663806	4.365017	20.489696	487.428798	72.018746	25.678881	1000.105790	85.406428	11.792038	
6/30/2021 13:07:47.386792749	70.034924	25.612277	1004.125001	4.152941	20.444918	484.990315	71.980029	25.706070	999.788334	90.105660	11.794522	
6/30/2021 13:07:48.386792749	70.258336	25.640359	1002.887113	4.262868	20.507820	487.437997	72.159338	25.652011	1000.292351	83.682206	11.793655	
6/30/2021 13:07:49.386792749	70.284620	25.660473	1002.415818	4.205128	20.377771	486.127091	71.765396	25.628252	1000.002967	85.198137	11.794706	
6/30/2021 13:07:50.386792749	70.324046	25.661746	1003.854936	4.250297	20.519453	488.082609	71.935531	25.692375	1000.217601	84.444103	11.770604	
6/30/2021 13:07:51.386792749	70.212340	25.638562	1001.934194	4.051886	20.460225	485.633612	71.615316	25.608123	999.644035	85.511229	11.805903	
6/30/2021 13:07:52.386792749	70.475178	25.624693	1002.843981	4.298117	20.479206	488.897405	71.961211	25.758785	1000.119194	90.165133	11.780105	
6/30/2021 13:07:53.386792749	70.751157	25.619570	1004.224512	4.056313	20.432428	487.158729	71.556729	25.606048	1000.147895	88.826311	11.760353	
6/30/2021 13:07:54.386792749	71.046850	25.688255	1003.016981	3.953668	20.469287	488.037266	71.816755	25.702652	1000.219808	89.157481	11.785467	
6/30/2021 13:07:55.386792749	70.954857	25.682309	1004.244620	4.102482	20.407814	487.696236	71.691355	25.563610	1000.239364	83.044497	11.784639	
6/30/2021 13:07:56.386792749	70.948286	25.714689	1003.705355	4.003296	20.384057	488.925003	71.795728	25.646201	999.941935	83.767619	11.744018	
6/30/2021 13:07:57.386792749	71.053421	25.597435	1002.836254	4.190456	20.417978	487.510275	71.622990	25.619330	999.834540	90.037013	11.807454	
6/30/2021 13:07:58.386792749	71.230837	25.651202	1004.814084	4.218837	20.413528	488.790300	71.564299	25.663843	1000.142850	93.612267	11.709060	
6/30/2021 13:07:59.386792749	71.171698	25.645930	1004.347520	3.919185	20.428754	489.887648	71.446232	25.535078	1000.602869	83.167375	11.743085	
6/30/2021 13:08:00.386792749	71.276833	25.755892	1002.101122	4.187765	20.472471	489.168127	71.622886	25.547735	999.882482	89.594761	11.766687	
6/30/2021 13:08:01.386792749	71.296546	25.681411	1003.088657	3.966999	20.461939	488.775186	71.492675	25.530823	999.838641	85.123208	11.798832	
6/30/2021 13:08:02.386792749	71.710516	25.765388	1004.491109	4.004145	20.449775	489.287716	71.828083	25.541300	999.817035	86.310591	11.756660	
6/30/2021 13:08:03.386792749	71.664519	25.633590	1002.283505	3.947631	20.390792	488.581341	71.638787	25.468774	1000.267751	87.234141	11.734529	
6/30/2021 13:08:04.386792749	71.703945	25.698275	1003.306051	4.448581	20.514922	489.810108	71.638892	25.555313	999.569756	91.864726	11.781564	
6/30/2021 13:08:05.386792749	71.743370	25.655576	1002.913450	4.002695	20.457368	488.448606	71.355237	25.542655	999.597829	89.284290	11.806639	
6/30/2021 13:08:06.386792749	71.894502	25.661521	1003.314173	4.497914	20.489696	490.483633	71.528290	25.589136	999.707746	92.583916	11.788398	
6/30/2021 13:08:07.386792749	71.933928	25.650977	1001.840282	3.962499	20.437856	489.672121	71.741505	25.531966	999.956761	85.630175	11.796204	
6/30/2021 13:08:08.386792749	72.308472	25.677711	1004.371019	4.447815	20.503003	488.978882	71.532049	25.649524	999.620535	91.822019	11.756358	
6/30/2021 13:08:09.386792749	72.170482	25.671541	1003.262052	4.115531	20.382016	489.412567	71.610296	25.581252	999.575751	90.427656	11.800935	
6/30/2021 13:08:10.386792749	72.006208	25.645331	1002.981971	4.480880	20.543781	490.868691	71.497590	25.649524	999.930896	93.184161	11.787609	
6/30/2021 13:08:11.386792749	72.439891	25.713118	1003.147244	3.922727	20.416304	489.380370	71.523874	25.558424	999.838484	85.740219	11.808649	
6/30/2021 13:08:12.386792749	72.407036	25.650828	1003.003735	4.377924	20.568191	490.634766	71.599809	25.678162	999.843371	92.920328	11.788490	
6/30/2021 13:08:13.386792749	72.768438	25.679957	1004.319607	4.479804	20.626561	495.528162	71.820513	25.772892	1000.320738	89.816158	11.748644	
6/30/2021 13:08:14.386792749	72.604164	25.686758	1002.102621	3.883165	20.381486	490.235909	71.618969	25.591623	999.600508	88.979061	11.764966	
6/30/2021 13:08:15.386792749	72.538455	25.679732	1001.889011	4.043570	20.518310	492.315616	71.796989	25.783687	1000.217286	91.027900	11.736422	
6/30/2021 13:08:16.386792749	72.939283	25.713267	1004.146685	4.162137	20.444632	489.528872	71.672589	25.691232	999.702859	90.167755	11.779593	
6/30/2021 13:08:17.386792749	72.912999	25.754213	1001.923549	4.250585	20.436183	492.768352	71.736195	25.761896	999.945879	82.410720	11.738222	
6/30/2021 13:08:18.386792749	72.847289	25.618972	1003.309757	4.003347	20.458225	490.668931	71.739612	25.642571	999.422935	89.486029	11.805837	
6/30/2021 13:08:19.386792749	73.208691	25.731478	1003.025813	4.222439	20.484349	492.195365	71.660760	25.802155	1000.320580	94.630134	11.768501	
6/30/2021 13:08:20.386792749	72.873573	25.634413	1003.344372	4.188709	20.422794	491.862217	71.879809	25.714060	999.619749	95.442601	11.806389	
6/30/2021 13:08:21.386792749	73.208691	25.730655	1001.901943	4.250306	20.441857	493.259200	71.770863	25.760129	1000.283048	83.599414	11.738577	
6/30/2021 13:08:22.386792749	73.353252	25.682983	1002.701813	4.060184	20.407242	492.849176	71.891295	25.667886	999.718313	88.052890	11.776465	
6/30/2021 13:08:23.386792749	73.287543	25.713941	1002.611291	4.464835	20.513289	494.304637	71.830054	25.779009	1000.029303	97.263761	11.719153	
6/30/2021 13:08:24.386792749	73.386107	25.698125	1003.014379	4.012471	20.384588	494.518196	72.069553	25.709075	999.700494	87.416492	11.781893	
6/30/2021 13:08:25.386792749	73.399249	25.830896	1002.446570	4.139418	20.462552	494.559592	71.840935	25.771124	1000.097116	85.877242	11.762640	
6/30/2021 13:08:26.386792749	73.386107	25.703472	1002.759611	3.944722	20.421692	493.552267	72.045134	25.743735	999.906611	90.969737	11.807782	
6/30/2021 13:08:27.386792749	73.642374	25.787898	1004.622475	4.498694	20.471573	495.789674	72.112947	25.764690	1000.099481	86.201858	11.735081	
6/30/2021 13:08:28.386792749	73.497813	25.634413	1003.186275	4.028506	20.423692	493.827588	72.023161	25.817193	999.561397	90.237441	11.790553	
6/30/2021 13:08:29.386792749	73.786934	25.745348	1002.719948	4.335996	20.559660	494.811915	72.214770	25.818749	1000.055482	89.833964	11.756108	
6/30/2021 13:08:30.386792749	73.819789	25.709193	1002.568396	3.861139	20.409528	494.915084	72.201181	25.744560	999.707274	86.328668	11.788411	
6/30/2021 13:08:31.386792749	73.872357	25.772830	1002.587005	4.382452	20.519739	496.426403	72.283739	25.817193	1000.029618	85.013165	11.791986	
6/30/2021 13:08:32.386792749	73.767222	25.778252	1003.089447	4.019934	20.458796	494.434088	72.185884	25.821447	999.827759	86.141074	11.783798	
6/30/2021 13:08:33.386792749	73.800076	25.709492	1003.056959	4.454750	20.586600	495.306710	72.517980	25.870733	999.967800	89.524804	11.783969	
6/30/2021 13:08:34.386792749	73.944637	25.714016	1003.405009	4.110164	20.408059	495.842901	72.324873	25.789592	999.943829	86.389451	11.797729	
6/30/2021 13:08:35.386792749	74.089198	25.646454	1002.439395	4.349957	20.549781	495.679285	72.415762	25.942741	999.677309	93.758465	11.773140	
6/30/2021 13:08:36.386792749	74.056343	25.671840	1002.877573	4.178555	20.393895	496.058428	72.442493	25.896048	999.726830	101.026608	11.800935	
6/30/2021 13:08:37.386792749	74.082627	25.677711	1003.140778	4.317252	20.455980	496.353463	72.574569	25.941598	1000.169344	92.075638	11.784928	
6/30/2021 13:08:38.386792749	74.016918	25.677337	1003.293356	4.036466	20.395609	496.959963	72.568445	25.841058	1000.114621	86.941747	11.802263	
6/30/2021 13:08:39.386792749	74.253472	25.693976	1003.283578	4.217921	20.506718	496.677411	72.688483	25.979369	999.858668	94.147796	11.781328	
6/30/2021 13:08:40.386792749	74.430887	25.709492	1003.868183	4.002462	20.459368	496.889654	72.779662	25.816156	1000.070780	84.274587	11.796217	
6/30/2021 13:08:41.386792749	74.490026	25.673712	1002.300064	4.256503	20.416876	497.973203	72.707144	25.972935	1000.409999	89.897369	11.752626	
6/30/2021 13:08:42.386792749	74.575448	25.729682	1002.884511	4.063955	20.443816	495.794274	72.701467	25.846762	999.488383	89.041155	11.768974	
6/30/2021 13:08:43.386792749	74.647728	25.769130	1003.470614	4.103266	20.408140	497.956120	72.740656	25.882872	1000.440751	86.839567	11.755780	
6/30/2021 13:08:44.386792749	74.549164	25.677262	1002.784843	3.939151	20.385690	497.241199	72.878331	25.900927	999.825709	89.650303	11.802814	
6/30/2021 13:08:45.386792749	74.700296	25.757988	1001.843199	4.325988	20.491166	496.610386	72.700074	25.940148	1000.145215	92.520512	11.767226	
6/30/2021 13:08:46.386792749	74.588590	25.703472	1003.686509	4.077501	20.390221	497.170890	72.885953	25.828295	1000.226117	84.952381	11.793773	
6/30/2021 13:08:47.386792749	74.687154	25.857181	1001.918739	4.336794	20.469899	497.288510	72.641539	25.832443	999.889263	86.530406	11.743926	
6/30/2021 13:08:48.386792749	74.595161	25.718988	1002.707805	4.066504	20.471573	496.795031	72.853151	25.825702	999.816720	86.865507	11.788569	
6/30/2021 13:08:49.386792749	74.897424	25.793693	1002.773961	4.286299	20.439571	498.853708	72.866003	25.854340	999.812462	87.698402	11.771773	
6/30/2021 13:08:50.386792749	74.963134	25.719961	1003.049389	4.008075	20.410345	497.108464	72.916153	25.758573	999.650658	85.321015	11.771537	
6/30/2021 13:08:51.386792749	75.009130	25.814557	1004.085024	4.340779	20.485451	499.726330	72.901066	25.666743	1000.193629	84.500955	11.784127	
6/30/2021 13:08:52.386792749	75.114265	25.731254	1003.385139	4.114149	20.406671	499.218400	72.895232	25.589136	999.967800	148.444956	11.792735	
6/30/2021 13:08:53.386792749	75.114265	25.762810	1002.229414	4.511186	20.487165	501.164056	72.604322	25.731078	999.571807	90.406958	11.724463	
6/30/2021 13:08:54.386792749	75.055127	25.677112	1003.154262	4.227446	20.411488	499.690849	72.651712	25.660732	999.567548	90.391502	11.805075	
6/30/2021 13:08:55.386792749	75.245684	25.794816	1002.883802	4.435017	20.504432	500.610783	72.547838	25.565271	1000.324996	84.111623	11.792800	
6/30/2021 13:08:56.386792749	75.225972	25.757015	1003.896412	4.236738	20.400426	500.554272	72.683568	25.504471	1000.204511	85.177439	11.782129	
6/30/2021 13:08:57.386792749	75.337678	25.772980	1002.576676	4.317964	20.557986	501.571459	72.284343	25.612790	999.972373	89.499134	11.787491	
6/30/2021 13:08:58.386792749	75.383674	25.762661	1002.688881	3.981466	20.431897	500.428769	72.249438	25.522420	999.819085	84.171096	11.809004	
6/30/2021 13:08:59.386792749	75.442813	25.709867	1003.397597	4.386031	20.506963	502.518990	72.185779	25.715309	999.762626	91.625523	11.771366	
6/30/2021 13:09:00.386792749	75.291681	25.889112	1003.067841	3.467011	20.474961	501.566860	72.112552	25.608228	999.613283	85.530617	11.756647	
6/30/2021 13:09:01.386792749	75.521664	25.772681	1002.752987	3.965294	20.455123	501.951918	72.230567	25.657302	1000.058005	88.532877	11.782248	
6/30/2021 13:09:02.386792749	75.593944	25.772232	1002.453036	3.990220	20.428795	499.861696	72.079645	25.578553	999.908661	85.158051	11.809767	
6/30/2021 13:09:03.386792749	75.620228	25.790068	1002.295334	4.049834	20.443530	502.022227	72.140782	25.644645	1000.217601	88.076209	11.777648	
6/30/2021 13:09:04.386792749	75.547948	25.752267	1003.688402	4.143444	20.444347	500.812511	72.001398	25.712610	1000.035927	90.037013	11.776767	
6/30/2021 13:09:05.386792749	75.692509	25.754138	1001.975433	4.377906	20.442102	501.590510	72.208646	25.802779	999.762784	91.863415	11.744754	
6/30/2021 13:09:06.386792749	75.593944	25.766061	1002.677053	3.850670	20.433530	501.698932	72.002397	25.645058	999.816720	85.654805	11.778200	
6/30/2021 13:09:07.386792749	75.633370	25.811381	1002.523766	4.032996	20.459123	503.549313	72.182967	25.698704	1000.244094	84.644531	11.773876	
6/30/2021 13:09:08.386792749	75.574232	25.726431	1003.847208	3.972425	20.404385	503.159655	72.002449	25.688639	999.538376	83.883944	11.773916	
6/30/2021 13:09:09.386792749	75.613657	25.784572	1003.718444	3.962877	20.409855	504.539555	72.276012	25.710218	1000.144901	90.743369	11.743873	
6/30/2021 13:09:10.386792749	75.685938	25.874194	1003.375913	4.343240	20.496554	503.218134	72.087372	25.829650	1000.582842	109.820897	11.726329	
6/30/2021 13:09:11.386792749	75.626799	25.704146	1002.668931	4.141907	20.462756	504.120985	72.286446	25.774860	999.466619	82.362771	11.779974	
6/30/2021 13:09:12.386792749	76.001343	25.894085	1004.518706	4.195676	20.458592	505.817602	72.282293	25.787518	1000.455891	72.818110	11.751548	
6/30/2021 13:09:13.386792749	76.014485	25.736002	1001.867328	3.831676	20.422264	505.113858	72.263474	25.700778	1000.027096	79.448545	11.790658	
6/30/2021 13:09:14.386792749	76.067052	25.899880	1004.745483	4.276582	20.456306	506.075840	72.432925	25.780046	1000.530641	86.492942	11.738301	
6/30/2021 13:09:15.386792749	76.067052	25.726057	1002.537092	4.102787	20.371812	505.615221	72.341326	25.753800	999.766570	89.484718	11.751890	
6/30/2021 13:09:16.386792749	76.211613	25.931961	1004.248246	4.246449	20.488023	506.615315	72.623982	25.807647	1000.447217	94.930392	11.754912	
6/30/2021 13:09:17.386792749	76.126191	25.768232	1003.944826	3.963534	20.356505	506.629777	72.316803	25.718103	1000.376882	84.172407	11.762495	
6/30/2021 13:09:18.386792749	76.191900	25.846562	1003.429847	4.507543	20.513494	506.926127	72.710561	25.818537	999.985934	85.594021	11.780263	
6/30/2021 13:09:19.386792749	76.152475	25.726132	1002.945857	4.059304	20.454551	505.054717	72.441099	25.797064	999.617699	87.103400	11.801553	
6/30/2021 13:09:20.386792749	76.106478	25.804761	1003.485674	4.409977	20.478634	506.914297	72.904720	25.802143	1000.261442	82.944938	11.789581	
6/30/2021 13:09:21.386792749	76.113049	25.756790	1003.106163	4.112845	20.393935	505.456204	72.657888	25.801837	999.954710	88.486239	11.800646	
6/30/2021 13:09:22.386792749	76.251039	25.847910	1002.543164	4.325993	20.615500	506.719800	72.855306	25.866373	999.915756	89.654234	11.777674	
6/30/2021 13:09:23.386792749	76.277323	25.794816	1004.071777	4.098939	20.439244	504.726169	72.639831	25.808377	999.906768	87.267674	11.784915	
6/30/2021 13:09:24.386792749	76.270752	25.742097	1003.302896	4.256758	20.521698	507.884173	72.677496	25.938593	1000.020944	88.091665	11.775046	
6/30/2021 13:09:25.386792749	76.349603	25.789020	1002.682572	3.941581	20.419978	505.717727	72.694606	25.781189	999.933104	82.264523	11.800173	
6/30/2021 13:09:26.386792749	76.323319	25.795191	1002.724995	4.154418	20.535862	505.688814	72.669926	25.925829	1000.044915	90.099108	11.761496	
6/30/2021 13:09:27.386792749	76.297036	25.815081	1001.718456	3.904741	20.460797	505.402978	72.843164	25.791666	1000.096959	87.478586	11.795468	
6/30/2021 13:09:28.386792749	76.356174	25.853706	1003.152369	3.921711	20.522596	507.098942	72.711008	25.880798	1000.151996	96.394713	11.767962	
6/30/2021 13:09:29.386792749	76.257610	25.783524	1003.649134	4.046315	20.400140	507.815832	72.696657	25.807234	1000.077560	98.545731	11.790382	
6/30/2021 13:09:30.386792749	76.329890	25.833965	1002.341225	4.051157	20.462511	507.999162	72.843478	25.867103	1000.593881	97.681654	11.758447	
6/30/2021 13:09:31.386792749	76.507306	25.698799	1004.479281	3.904430	20.525086	507.010888	72.571966	25.856414	999.928531	88.810855	11.759367	
6/30/2021 13:09:32.386792749	76.671579	25.769729	1003.255429	4.112248	20.472144	508.720651	72.877989	25.826326	1000.462357	89.932212	11.743453	
6/30/2021 13:09:33.386792749	76.638725	25.768232	1002.880253	3.927023	20.415447	509.145137	72.783735	25.674839	999.989720	84.436240	11.796270	
6/30/2021 13:09:34.386792749	76.809569	25.841964	1003.525652	4.056327	20.471042	508.691738	72.974687	25.770193	1000.213185	91.321605	11.778173	
6/30/2021 13:09:35.386792749	76.638725	25.777878	1001.584330	3.882404	20.393935	510.427130	72.781632	25.691232	1000.121087	92.695270	11.796204	
6/30/2021 13:09:36.386792749	76.671579	25.832019	1001.901943	4.258591	20.405283	510.982372	73.050831	25.691751	1000.114778	93.721000	11.766779	
6/30/2021 13:09:37.386792749	76.684721	25.767783	1001.470469	4.163765	20.469858	509.946134	72.878041	25.717796	999.956918	87.888616	11.797071	
6/30/2021 13:09:38.386792749	76.816140	25.879392	1002.034256	4.323900	20.429938	511.692693	72.971533	25.685528	1000.386028	88.232620	11.764821	
6/30/2021 13:09:39.386792749	76.757002	25.794891	1002.318753	3.993362	20.413488	511.510679	72.973241	25.669029	1000.105790	83.701593	11.797623	
6/30/2021 13:09:40.386792749	76.809569	25.926689	1003.881667	4.205242	20.486063	512.207855	72.736292	25.702746	999.725094	86.108852	11.760997	
6/30/2021 13:09:41.386792749	76.724147	25.779450	1001.994988	4.205666	20.433040	512.557432	73.055247	25.678162	999.906611	92.649942	11.770669	
6/30/2021 13:09:42.386792749	77.085549	25.911547	1003.886082	4.336023	20.519739	512.506174	72.765888	25.673696	999.497528	90.788697	11.752310	
6/30/2021 13:09:43.386792749	76.967272	25.800013	1004.058450	3.923493	20.420264	512.343873	72.979707	25.693412	1000.217443	88.747451	11.771918	
6/30/2021 13:09:44.386792749	77.059265	25.879017	1002.477402	4.544406	20.528801	514.307275	72.922434	25.733671	1000.382084	89.135472	11.752468	
6/30/2021 13:09:45.386792749	76.908133	25.726805	1002.926302	4.228504	20.477206	511.639467	72.809467	25.640602	1000.105632	88.456367	11.762771	
6/30/2021 13:09:46.386792749	76.802998	25.821999	1004.273716	4.199898	20.502758	514.196886	72.837511	25.601063	999.810411	90.707215	11.758132	
6/30/2021 13:09:47.386792749	76.776714	25.764008	1004.139984	4.052310	20.383445	512.181573	72.673633	25.583845	1000.129761	84.539730	11.781643	
6/30/2021 13:09:48.386792749	77.118404	25.869297	1004.309592	4.224592	20.549496	512.980602	72.810571	25.594841	1000.029618	86.807345	11.782931	
6/30/2021 13:09:49.386792749	77.177542	25.778252	1002.362594	4.100029	20.479492	511.119706	72.417523	25.586332	999.845264	87.726963	11.808347	
6/30/2021 13:09:50.386792749	77.105262	25.726955	1003.757870	4.049743	20.600478	513.652811	72.601142	25.752869	999.415047	90.185832	11.744964	
6/30/2021 13:09:51.386792749	77.164400	25.831345	1003.038035	3.895736	20.445775	512.050154	72.262580	25.599095	999.816720	84.936925	11.790487	
6/30/2021 13:09:52.386792749	77.046123	25.779524	1002.799588	4.223557	20.449449	514.332904	72.518480	25.686565	1000.204354	87.152659	11.781617	
6/30/2021 13:09:53.386792749	77.006698	25.737199	1003.315671	4.071141	20.435816	511.207098	72.174503	25.651080	1000.027410	89.116084	11.768448	
6/30/2021 13:09:54.386792749	77.460093	25.827047	1003.887186	4.127344	20.510106	512.933291	72.284790	25.659483	1000.418830	88.735926	11.771839	
6/30/2021 13:09:55.386792749	77.348387	25.799938	1004.414071	4.105778	20.410630	513.790798	72.356729	25.606048	1000.002967	86.818869	11.791604	
6/30/2021 13:09:56.386792749	77.341816	25.859876	1002.152534	4.143744	20.480920	513.922217	72.279928	25.699953	1000.243780	84.644531	11.783956	
6/30/2021 13:09:57.386792749	77.223539	25.816802	1003.272776	4.073630	20.359933	514.227767	72.316199	25.697667	1000.022680	85.009233	11.773166	
6/30/2021 13:09:58.386792749	77.276106	25.859427	1003.556798	4.077879	20.436999	514.521487	72.399756	25.689158	1000.329097	86.654595	11.777819	
6/30/2021 13:09:59.386792749	77.545515	25.757763	1002.981419	4.077852	20.480104	514.501120	72.203993	25.664150	999.868921	87.750282	11.794417	
6/30/2021 13:10:00.386792749	77.630937	25.854304	1002.150011	4.220087	20.393690	516.081432	72.446751	25.761166	1000.610914	85.507297	11.737657	
6/30/2021 13:10:01.386792749	77.466664	25.864324	1002.004451	4.059341	20.454551	516.394866	72.142043	25.690714	999.959440	84.169786	11.798938	
6/30/2021 13:10:02.386792749	77.400954	25.858154	1003.415102	4.441176	20.445816	517.004649	72.164910	25.817193	1000.105475	88.976440	11.759959	
6/30/2021 13:10:03.386792749	77.328674	25.790143	1001.876002	4.087924	20.471001	517.414021	72.128953	25.721426	999.895729	89.178179	11.793563	
6/30/2021 13:10:04.386792749	77.650650	25.937383	1003.940173	4.064005	20.475001	518.397032	71.919787	25.804535	999.957390	90.558397	11.735699	
6/30/2021 13:10:05.386792749	77.663792	25.821475	1004.159460	4.042922	20.374628	519.301199	72.086216	25.712398	999.935155	86.574424	11.797255	
6/30/2021 13:10:06.386792749	77.722931	25.816428	1004.672940	4.211739	20.440428	519.073841	72.075072	25.779009	1000.456520	86.124308	11.762916	
6/30/2021 13:10:07.386792749	77.887204	26.010291	1003.168061	4.463650	20.525453	519.601486	71.922651	25.770394	1000.246145	92.708105	11.767134	
6/30/2021 13:10:08.386792749	77.624366	25.858079	1003.842556	4.044071	20.441816	518.456174	71.839727	25.718621	999.963856	126.388217	11.743203	
6/30/2021 13:10:09.386792749	77.604654	25.964416	1004.429605	4.265836	20.479532	520.658753	72.014540	25.779009	999.723672	86.858954	11.730587	
6/30/2021 13:10:10.386792749	77.512660	25.905377	1001.480956	3.963689	20.375526	519.903099	71.697531	25.788036	999.978681	103.810364	11.772812	
6/30/2021 13:10:11.386792749	77.808353	25.931587	1004.315664	4.508195	20.489696	521.744934	72.184071	25.826527	1000.009748	84.892908	11.759998	
6/30/2021 13:10:12.386792749	77.801782	25.832094	1002.471093	3.989436	20.457654	519.200661	71.868928	25.774342	999.954710	85.075259	11.802617	
6/30/2021 13:10:13.386792749	77.834637	25.959069	1002.736429	4.398560	20.548067	520.049632	72.018194	25.799445	999.723358	86.699923	11.756989	
6/30/2021 13:10:14.386792749	77.782069	25.885187	1001.908804	4.032062	20.459939	518.839916	71.959712	25.773305	999.736133	83.348416	11.804405	
6/30/2021 13:10:15.386792749	77.828066	25.907398	1001.686601	4.542186	20.631378	520.488569	71.827794	25.833893	999.764834	89.555986	11.756647	
6/30/2021 13:10:16.386792749	77.762356	25.858753	1004.075798	3.945470	20.406099	519.976692	72.057067	25.779633	999.843214	83.454527	11.785020	
6/30/2021 13:10:17.386792749	77.814924	25.885337	1004.296583	4.320494	20.520270	522.128023	72.062087	25.821341	1000.476233	84.401396	11.765478	
6/30/2021 13:10:18.386792749	77.729501	25.789245	1003.306997	4.052885	20.436428	519.455615	71.929460	25.859113	999.786126	91.458628	11.800843	
6/30/2021 13:10:19.386792749	77.755785	25.716711	1003.542842	4.769545	20.392507	521.691054	72.355467	25.862637	999.834854	88.950500	11.731993	
6/30/2021 13:10:20.386792749	77.795211	25.906125	1002.556568	4.051066	20.478349	519.455615	71.740216	25.855377	1000.099166	87.554826	11.790106	
6/30/2021 13:10:21.386792749	77.828066	25.891058	1002.227364	4.111678	20.483451	519.702023	72.193402	25.868659	1000.265857	85.234291	11.786243	
6/30/2021 13:10:22.386792749	77.814924	25.868473	1002.494670	3.914242	20.427897	520.615389	71.858493	25.827776	1000.003124	83.167375	11.800002	
6/30/2021 13:10:23.386792749	77.952914	25.796238	1002.236038	4.379780	20.525698	521.865185	72.164753	25.988810	1000.125345	92.427506	11.744714	
6/30/2021 13:10:24.386792749	78.097474	25.874045	1002.279484	4.140740	20.447735	520.575961	71.893503	25.784925	999.922065	84.048218	11.805456	
6/30/2021 13:10:25.386792749	78.097474	25.833666	1002.915420	4.077829	20.421121	521.825757	72.178761	25.865029	1000.057376	87.963545	11.745358	
6/30/2021 13:10:26.386792749	78.064620	25.858603	1002.760163	3.989628	20.444347	520.962335	71.764292	25.749439	1000.002810	98.424164	11.805154	
6/30/2021 13:10:27.386792749	78.182897	25.849631	1002.278775	4.124604	20.418019	522.224614	72.161256	25.885677	1000.180068	84.847580	11.751101	
6/30/2021 13:10:28.386792749	78.090903	25.810707	1003.260396	4.170663	20.437571	520.572677	71.871582	25.833174	999.967957	90.496303	11.768790	
6/30/2021 13:10:29.386792749	78.169755	25.928111	1004.134937	3.900865	20.461123	522.177303	72.237637	25.859631	1000.405426	83.583958	11.763218	
6/30/2021 13:10:30.386792749	78.044907	25.826822	1004.119639	4.162598	20.381731	521.999888	72.022714	25.841058	999.709639	96.984472	11.790303	
6/30/2021 13:10:31.386792749	78.097474	25.917044	1003.341613	4.020294	20.405569	523.730018	72.011123	25.806197	1000.116514	82.837516	11.769894	
6/30/2021 13:10:32.386792749	78.031765	25.769654	1004.501201	4.187620	20.285113	524.146620	72.208199	25.621711	1000.245673	85.605546	11.739142	
6/30/2021 13:10:33.386792749	78.025194	25.864998	1002.915972	4.294802	20.460837	523.658393	71.956558	25.796132	1000.037820	88.702123	11.741521	
6/30/2021 13:10:34.386792749	78.163184	25.879766	1002.978502	3.952961	20.450878	523.149147	72.188329	25.707731	999.790699	82.012214	11.802893	
6/30/2021 13:10:35.386792749	78.373454	25.991449	1001.465896	4.211675	20.490349	524.639436	72.088476	25.739375	999.512354	86.904282	11.733570	
6/30/2021 13:10:36.386792749	78.281461	25.874644	1002.703626	3.810202	20.406671	525.482492	72.013883	25.652117	999.858354	81.891958	11.801527	
6/30/2021 13:10:37.386792749	78.327457	25.894908	1003.380881	4.419114	20.501044	526.156670	72.233589	25.707625	999.838798	89.669690	11.782247	
6/30/2021 13:10:38.386792749	78.169755	25.827870	1001.546640	3.979528	20.378628	526.290720	72.081248	25.581771	999.405116	81.647512	11.768343	
6/30/2021 13:10:39.386792749	78.077761	26.033026	1001.866776	4.196966	20.512677	526.662632	72.436869	25.521065	1000.324524	81.551885	11.749104	
6/30/2021 13:10:40.386792749	78.090903	25.837665	1003.807231	3.862881	20.395038	526.434622	72.005262	25.500735	1000.168715	86.963755	11.757909	
6/30/2021 13:10:41.386792749	78.255177	25.858603	1004.490714	4.540841	20.493941	527.944626	72.148509	25.505402	999.683461	90.718739	11.779435	
6/30/2021 13:10:42.386792749	78.399738	25.775375	1004.149130	4.228198	20.438387	526.847278	71.988808	25.479368	999.597986	84.763477	11.765991	
6/30/2021 13:10:43.386792749	78.478589	25.890160	1003.823395	4.475842	20.520841	528.789650	71.922494	25.400301	999.499579	87.902761	11.750641	
6/30/2021 13:10:44.386792749	78.399738	25.869372	1002.931112	4.016656	20.427366	529.009124	72.104563	25.257735	1000.072830	83.393743	11.779488	
6/30/2021 13:10:45.386792749	78.222322	25.880215	1002.235800	4.423828	20.510963	530.122902	71.909904	25.307540	1000.318058	83.338202	11.773074	
6/30/2021 13:10:46.386792749	78.504873	25.906575	1003.077618	3.933018	20.440387	528.767968	71.938948	25.298100	999.941621	83.599414	11.796217	
6/30/2021 13:10:47.386792749	78.465447	25.859352	1002.861644	4.268558	20.470430	528.590553	71.786555	25.331193	1000.064313	83.375666	11.767791	
6/30/2021 13:10:48.386792749	78.182897	25.842713	1002.828842	4.120414	20.374955	528.271205	71.823930	25.334728	1000.125345	89.179489	11.786624	
6/30/2021 13:10:49.386792749	78.590295	25.843686	1002.673189	4.050701	20.487165	530.870020	71.875184	25.341469	1000.000917	87.113884	11.781157	
6/30/2021 13:10:50.386792749	78.366883	25.864324	1002.802980	4.084285	20.382874	528.885588	71.467943	25.342200	999.685354	88.254629	11.795981	
6/30/2021 13:10:51.386792749	78.307745	25.870270	1002.765682	4.108783	20.495370	531.245879	71.768550	25.317604	1000.287621	87.240694	11.774257	
6/30/2021 13:10:52.386792749	78.518015	25.800612	1002.409510	4.179613	20.457082	528.612236	71.483897	25.292395	999.536954	89.648992	11.791867	
6/30/2021 13:10:53.386792749	78.465447	25.892256	1003.266468	4.171716	20.418019	529.533484	71.882754	25.379241	1000.269959	87.327147	11.780302	
6/30/2021 13:10:54.386792749	78.347170	25.916370	1001.533865	4.004605	20.476920	528.317201	71.522271	25.293221	999.711847	84.569602	11.800173	
6/30/2021 13:10:55.386792749	78.728285	25.834190	1002.831681	4.258231	20.496513	530.471816	71.724604	25.422198	1000.230533	88.664658	11.743584	
6/30/2021 13:10:56.386792749	78.511444	25.817925	1003.040086	3.955241	20.459082	528.537327	71.498247	25.262308	999.701437	84.494402	11.782707	
6/30/2021 13:10:57.386792749	78.386596	25.849706	1002.893579	4.101944	20.446673	531.101313	71.779537	25.415351	1000.105318	88.442222	11.772181	
6/30/2021 13:10:58.386792749	78.774282	25.852733	1002.130850	3.994989	20.435856	529.773325	71.481794	25.248507	999.705381	82.559538	11.797374	
6/30/2021 13:10:59.386792749	78.649434	25.891882	1003.394680	4.290644	20.438142	531.020490	71.751992	25.376235	999.935155	93.481526	11.776675	
6/30/2021 13:11:00.386792749	78.504873	25.906799	1001.992466	4.069973	20.471532	529.845602	71.526634	25.285442	999.869393	86.818869	11.790960	
6/30/2021 13:11:01.386792749	78.833420	25.871168	1003.709691	4.375435	20.432223	531.456143	71.677608	25.386194	1000.232741	90.445733	11.745056	
6/30/2021 13:11:02.386792749	78.603437	25.959369	1001.682028	4.176089	20.470716	530.038131	71.351978	25.288141	999.873808	87.492731	11.771221	
6/30/2021 13:11:03.386792749	78.610008	25.917193	1002.540167	3.821226	20.391976	532.671111	71.460373	25.271430	999.904717	84.114244	11.792249	
6/30/2021 13:11:04.386792749	78.708572	25.874868	1001.557047	3.918820	20.433856	532.081041	71.469389	25.293221	1000.040028	82.512900	11.794640	
6/30/2021 13:11:05.386792749	78.695430	25.838114	1002.987571	4.241835	20.410630	533.048285	71.339388	25.359112	1000.090492	84.313362	11.771011	
6/30/2021 13:11:06.386792749	78.629721	25.884813	1001.904703	3.982114	20.408100	533.077198	71.575023	25.296332	999.899673	83.911195	11.758671	
6/30/2021 13:11:07.386792749	78.570582	25.906350	1002.647957	4.017941	20.400426	534.146949	71.412563	25.319784	999.871601	83.375666	11.774901	
6/30/2021 13:11:08.386792749	78.820278	25.815979	1002.968567	4.187483	20.419121	533.460941	71.385385	25.454254	999.591362	88.417592	11.800856	
6/30/2021 13:11:09.386792749	78.879417	25.895507	1001.650487	4.052939	20.460225	534.756733	71.435035	25.401751	999.819085	84.340613	11.798675	
6/30/2021 13:11:10.386792749	78.708572	25.921417	1003.668846	4.128420	20.440387	534.601000	71.602174	25.407043	999.965435	88.916967	11.779856	
6/30/2021 13:11:11.386792749	78.702001	25.857555	1002.067059	3.781167	20.366669	535.915190	71.649169	25.388882	999.630788	82.985024	11.772063	
6/30/2021 13:11:12.386792749	78.800565	25.800537	1003.175236	4.166163	20.413161	535.131276	71.841173	25.490258	999.628109	89.196256	11.797939	
6/30/2021 13:11:13.386792749	78.649434	25.896180	1002.843824	3.980126	20.425937	536.113635	71.777933	25.415445	999.808046	81.789778	11.803984	
6/30/2021 13:11:14.386792749	78.853133	25.870120	1003.329707	4.167563	20.401283	535.774572	71.825586	25.494100	1000.110205	88.126508	11.773258	
6/30/2021 13:11:15.386792749	78.715143	25.918166	1002.706701	4.150761	20.398752	537.668981	72.117809	25.580945	999.468984	82.346005	11.773442	
6/30/2021 13:11:16.386792749	78.905700	25.843461	1002.591973	4.038272	20.416876	536.488178	72.138836	25.528961	999.668163	88.866397	11.804694	
6/30/2021 13:11:17.386792749	78.866275	25.849556	1001.750549	4.058078	20.382588	536.605798	72.130504	25.490777	999.937205	86.218625	11.790947	
6/30/2021 13:11:18.386792749	78.741427	25.912296	1002.896102	3.953481	20.412304	536.589368	72.394289	25.464319	999.766727	82.177799	11.780684	
6/30/2021 13:11:19.386792749	79.096258	25.886161	1003.803525	3.977176	20.404957	537.079563	72.382460	25.517753	1000.035769	90.925720	11.797715	
6/30/2021 13:11:20.386792749	78.905700	25.896330	1003.823237	4.045836	20.400140	537.079563	72.711849	25.562784	999.838798	85.729734	11.795560	
6/30/2021 13:11:21.386792749	78.715143	25.869147	1004.133833	4.059879	20.433571	537.107161	72.664512	25.605636	999.611075	89.363151	11.791710	
6/30/2021 13:11:22.386792749	79.056832	26.058861	1002.015648	3.458425	20.574395	536.928430	72.442256	25.623585	999.326579	89.117395	11.749892	
6/30/2021 13:11:23.386792749	78.997694	25.922390	1002.756299	4.046351	20.466470	538.211739	72.754140	25.582289	999.680938	82.944938	11.801198	
6/30/2021 13:11:24.386792749	78.839991	25.864399	1002.925987	4.014171	20.447735	538.242621	72.795930	25.640084	999.738026	90.223296	11.803104	
6/30/2021 13:11:25.386792749	79.201393	25.895132	1002.090635	3.985105	20.444347	538.487060	72.906323	25.591623	999.597829	85.161983	11.802998	
6/30/2021 13:11:26.386792749	79.023977	25.923064	1001.491365	4.019587	20.418876	538.943743	73.097090	25.589030	999.987827	79.991937	11.770039	
6/30/2021 13:11:27.386792749	79.102829	25.923289	1003.545759	4.080414	20.445204	539.130357	72.876438	25.596608	999.896043	86.489010	11.798846	
6/30/2021 13:11:28.386792749	79.109400	25.861448	1003.919831	4.068382	20.389078	539.726342	73.187665	25.609784	999.589626	89.262281	11.771313	
6/30/2021 13:11:29.386792749	78.964839	25.901003	1002.549945	4.061561	20.389650	539.886674	73.250377	25.626177	999.952502	86.103610	11.802354	
6/30/2021 13:11:30.386792749	79.201393	25.918241	1002.176190	4.241015	20.402140	538.956226	73.344868	25.663430	999.103429	87.222346	11.768028	
6/30/2021 13:11:31.386792749	78.938555	25.822074	1003.038745	4.200281	20.427366	539.845278	73.264571	25.648487	999.744492	89.611528	11.800318	
6/30/2021 13:11:32.386792749	79.299957	25.859127	1004.274030	4.134129	20.484022	539.703344	73.418252	25.646201	999.788334	89.304988	11.789002	
6/30/2021 13:11:33.386792749	79.260531	25.786069	1003.148900	4.333201	20.376628	540.510256	73.280025	25.660732	999.527966	87.266363	11.771313	
6/30/2021 13:11:34.386792749	79.247390	25.911098	1001.549320	3.967036	20.389935	540.928827	73.285440	25.534559	999.696707	82.510279	11.770367	
6/30/2021 13:11:35.386792749	79.161967	25.954321	1003.587550	3.773817	20.422264	540.591080	73.619297	25.545967	1000.267279	134.939641	11.753821	
6/30/2021 13:11:36.386792749	79.286815	25.901752	1004.045283	3.810042	20.421692	540.688987	73.354461	25.571494	1000.111941	84.340613	11.758487	
6/30/2021 13:11:37.386792749	79.142254	25.812578	1003.200468	3.986892	20.431325	541.346082	73.501467	25.619849	1000.311435	86.676603	11.733202	
6/30/2021 13:11:38.386792749	79.365667	25.916819	1002.884511	3.839719	20.433571	542.110283	73.497760	25.593073	999.714055	82.961705	11.799503	
6/30/2021 13:11:39.386792749	79.207964	25.933383	1002.460054	4.036448	20.458796	543.856842	73.405373	25.589242	999.711847	82.916377	11.806770	
6/30/2021 13:11:40.386792749	79.313099	25.959818	1003.964854	3.870162	20.465572	543.372562	73.450108	25.620261	999.484124	90.266003	11.776859	
6/30/2021 13:11:41.386792749	79.161967	25.874943	1003.047339	4.107789	20.408345	544.454143	73.460647	25.695593	999.740548	88.870329	11.796323	
6/30/2021 13:11:42.386792749	79.253960	25.891058	1002.757403	3.936488	20.416590	544.264898	73.281628	25.666542	999.952817	86.014265	11.800738	
6/30/2021 13:11:43.386792749	79.313099	25.944002	1002.780427	4.019378	20.475246	544.481740	73.532166	25.655334	999.816878	85.177439	11.796493	
6/30/2021 13:11:44.386792749	79.089687	25.864848	1003.198418	4.015206	20.472389	544.569132	73.383452	25.659695	999.985148	88.907793	11.773114	
6/30/2021 13:11:45.386792749	79.313099	25.848209	1002.896182	4.166086	20.457368	545.198629	73.405767	25.658033	999.817349	88.171836	11.786939	
6/30/2021 13:11:46.386792749	79.096258	25.906874	1002.355576	4.022082	20.408345	545.630999	73.560815	25.626802	999.727145	86.160462	11.799897	
6/30/2021 13:11:47.386792749	79.411663	25.897004	1002.112556	4.055570	20.468430	544.220870	73.115804	25.607710	999.976631	88.311481	11.775571	
6/30/2021 13:11:48.386792749	79.148825	25.864848	1002.990251	3.988442	20.426223	545.574488	73.354960	25.668722	999.715948	87.860055	11.786466	
6/30/2021 13:11:49.386792749	79.477373	25.933758	1002.542612	3.817269	20.418304	545.355677	73.133756	25.547735	999.674315	80.251838	11.799687	
6/30/2021 13:11:50.386792749	79.273673	25.960566	1003.811489	3.938471	20.419692	544.987702	73.326259	25.637904	1000.007068	81.470404	11.770538	
6/30/2021 13:11:51.386792749	79.510227	25.943777	1002.447517	4.049552	20.427611	546.358403	72.949822	25.562160	999.773194	80.515671	11.806284	
6/30/2021 13:11:52.386792749	79.339383	25.928111	1002.948854	4.026486	20.437571	546.454341	73.196653	25.600344	999.924116	80.908935	11.786518	
6/30/2021 13:11:53.386792749	79.280244	25.864998	1003.797768	4.027192	20.419978	546.213185	73.164246	25.626283	999.458260	87.208201	11.769000	
6/30/2021 13:11:54.386792749	79.437947	25.912146	1002.525974	3.884684	20.458225	546.175073	73.140826	25.578966	1000.077246	82.020078	11.799017	
6/30/2021 13:11:55.386792749	79.293386	25.907772	1001.843594	4.164572	20.480063	546.541733	72.903221	25.550540	999.783761	85.111413	11.802512	
6/30/2021 13:11:56.386792749	79.582508	25.922241	1003.336803	3.992158	20.465042	547.218542	73.126528	25.502704	1000.243780	82.043397	11.768172	
6/30/2021 13:11:57.386792749	79.326241	25.859726	1003.087002	4.020053	20.434999	547.432753	72.920226	25.528961	999.817035	87.901451	11.804536	
6/30/2021 13:11:58.386792749	79.674501	25.981355	1001.428993	4.147214	20.438387	545.970714	73.264256	25.422811	999.847158	83.079341	11.746042	
6/30/2021 13:11:59.386792749	79.497085	25.938431	1002.364802	4.041869	20.446918	547.617398	72.895047	25.417107	999.683461	84.048218	11.802683	
6/30/2021 13:12:00.386792749	79.635075	25.869971	1001.620996	4.179057	20.482880	547.639080	72.810571	25.416695	999.578430	148.312904	11.792551	
6/30/2021 13:12:01.386792749	79.497085	25.930581	1002.671928	4.064607	20.570476	550.712976	72.962859	25.526887	1000.502254	89.377567	11.741928	
6/30/2021 13:12:02.386792749	79.733639	25.949798	1002.558619	3.977194	20.449735	548.265294	72.796325	25.375399	999.915442	81.684977	11.804773	
6/30/2021 13:12:03.386792749	79.529940	25.972532	1003.179257	4.168857	20.513820	548.930273	72.980864	25.491920	999.908818	90.329408	11.748644	
6/30/2021 13:12:04.386792749	79.418234	25.891507	1004.104894	4.003443	20.359076	549.237138	72.946196	25.379548	999.624322	84.932994	11.758579	
6/30/2021 13:12:05.386792749	79.753352	25.951145	1003.299033	4.128767	20.507044	550.401511	72.814382	25.455704	1000.179439	95.322344	11.761221	
6/30/2021 13:12:06.386792749	79.424805	25.938206	1002.826319	3.855677	20.411202	550.007254	72.931346	25.341988	999.801266	85.037794	11.804326	
6/30/2021 13:12:07.386792749	79.819062	25.971859	1001.859758	4.101173	20.483206	551.080288	72.795826	25.382458	999.825394	88.179700	11.750365	
6/30/2021 13:12:08.386792749	79.457660	25.996347	1002.466835	4.057134	20.412916	551.293847	72.729959	25.208661	999.952345	83.951281	11.769749	
6/30/2021 13:12:09.386792749	79.792778	25.977505	1003.144327	4.016728	20.437611	552.522613	72.821557	25.264900	1000.103425	83.724913	11.773232	
6/30/2021 13:12:10.386792749	79.543082	25.922914	1002.471803	4.008918	20.448878	550.482987	72.513932	25.125964	999.624322	85.302938	11.798110	
6/30/2021 13:12:11.386792749	79.963622	25.992572	1003.994187	4.358113	20.473287	551.954878	72.862087	25.267187	1000.206404	102.988723	11.742519	
6/30/2021 13:12:12.386792749	79.543082	25.907772	1002.826082	4.078344	20.411488	552.111926	72.632156	25.127732	999.900616	86.792928	11.759197	
6/30/2021 13:12:13.386792749	79.897913	25.986552	1003.062321	4.323052	20.493411	553.184961	72.594282	25.216546	1000.033562	96.411479	11.774835	
6/30/2021 13:12:14.386792749	79.661359	25.960192	1002.524160	3.863556	20.439244	552.712511	72.561032	25.102724	999.865292	83.497234	11.804050	
6/30/2021 13:12:15.386792749	79.733639	25.996946	1002.767338	3.989946	20.416631	555.617528	72.440547	25.158857	1000.368365	87.684256	11.773403	
6/30/2021 13:12:16.386792749	79.681072	25.896854	1002.959893	3.965723	20.473532	554.280340	72.497426	25.143607	999.967800	86.799481	11.805640	
6/30/2021 13:12:17.386792749	79.628504	25.966063	1003.062873	4.388520	20.437897	556.251625	72.180417	25.215096	1000.140957	93.012023	11.774297	
6/30/2021 13:12:18.386792749	79.687643	25.922241	1002.587005	3.993134	20.399895	555.921109	72.262475	25.233151	999.928531	322.880651	11.816837	
6/30/2021 13:12:19.386792749	79.608791	26.050863	1002.949801	4.256863	20.445490	558.086892	72.043688	25.197147	1000.160198	119.375003	11.772089	
6/30/2021 13:12:20.386792749	79.694214	25.870794	1003.010358	4.185417	20.422264	556.815413	72.227860	25.264488	999.714212	326.017313	11.837075	
6/30/2021 13:12:21.386792749	79.556224	26.013510	1002.421890	4.222426	20.471899	558.204512	72.073626	25.188426	1000.298345	178.792946	11.780499	
6/30/2021 13:12:22.386792749	79.759923	25.919289	1003.456263	3.991980	20.449163	556.593971	72.062982	25.202851	999.946508	94.310760	11.761089	
6/30/2021 13:12:23.386792749	79.602221	26.028502	1002.991906	4.070010	20.461082	558.747271	71.970199	25.202121	999.983883	88.465541	11.777043	
6/30/2021 13:12:24.386792749	79.759923	25.922241	1002.815752	3.837982	20.403038	557.967303	71.967177	25.263439	999.774615	561.182727	11.856486	
6/30/2021 13:12:25.386792749	79.575937	26.028802	1004.278526	4.087614	20.466470	559.226951	72.024974	25.259291	999.767199	88.218475	11.730955	
6/30/2021 13:12:26.386792749	79.805920	25.903099	1003.617120	3.781459	20.398140	558.520577	72.212405	25.269461	999.655074	86.266573	11.757278	
6/30/2021 13:12:27.386792749	79.805920	25.918017	1003.547258	4.890948	20.421692	556.496718	72.199316	25.203158	1000.119351	88.026950	11.746935	
6/30/2021 13:12:28.386792749	79.759923	25.918241	1003.018875	4.025373	20.416590	557.924591	72.005157	25.251512	999.836590	90.016315	11.759565	
6/30/2021 13:12:29.386792749	79.792778	25.981429	1004.363211	4.178920	20.484308	559.985899	72.372920	25.277864	1000.151839	85.531927	11.756437	
6/30/2021 13:12:30.386792749	79.766494	25.965464	1001.582674	3.816562	20.452551	557.377886	72.026630	25.226610	1000.020629	81.258181	11.796887	
6/30/2021 13:12:31.386792749	79.838774	25.923214	1003.191875	4.411646	20.564762	558.994342	72.190037	25.279939	999.968743	88.607806	11.779238	
6/30/2021 13:12:32.386792749	79.878200	25.937982	1002.749676	4.011385	20.421978	558.075724	71.757669	25.225986	1000.162720	82.349937	11.777227	
6/30/2021 13:12:33.386792749	79.615362	25.934207	1004.354065	4.362468	20.481492	559.347203	71.936425	25.330262	1000.195523	85.837156	11.773442	
6/30/2021 13:12:34.386792749	79.950481	25.949424	1002.975505	3.875278	20.443530	558.544890	71.656949	25.243310	1000.026152	83.441692	11.795705	
6/30/2021 13:12:35.386792749	79.851916	25.860924	1003.211430	4.769395	20.446347	562.265366	71.649117	25.387019	1000.040499	89.796500	11.741770	
6/30/2021 13:12:36.386792749	79.825633	25.886685	1003.872441	4.183521	20.425937	559.645522	71.590136	25.327362	999.683618	88.004941	11.794430	
6/30/2021 13:12:37.386792749	79.799349	25.918840	1002.805108	4.229653	20.530474	562.068890	71.513440	25.354751	999.957233	90.077099	11.780513	
6/30/2021 13:12:38.386792749	79.825633	26.018932	1002.608531	3.350135	20.541822	562.354726	71.303931	25.355482	1000.318373	81.029191	11.766622	
6/30/2021 13:12:39.386792749	79.819062	25.986926	1001.921342	3.984913	20.490513	564.953540	71.491519	25.370626	1000.134805	154.938367	11.780868	
6/30/2021 13:12:40.386792749	79.812491	25.913568	1002.815832	4.014440	20.411488	562.185194	71.736695	25.376542	999.928689	88.967266	11.797623	
6/30/2021 13:12:41.386792749	79.878200	25.955444	1003.003183	4.172058	20.535903	564.304328	71.536911	25.421880	1000.125502	88.570342	11.784652	
6/30/2021 13:12:42.386792749	79.943910	25.965539	1003.999549	3.899092	20.472675	562.437518	71.696427	25.354645	999.952817	87.680325	11.795284	
6/30/2021 13:12:43.386792749	79.924197	25.955893	1004.161273	4.267195	20.527086	565.007419	71.777381	25.481337	1000.154204	108.134410	11.771366	
6/30/2021 13:12:44.386792749	79.746781	25.960417	1004.055613	4.005777	20.422264	564.143996	72.161441	25.362636	999.939570	87.558757	11.772509	
6/30/2021 13:12:45.386792749	80.035903	25.921385	1003.122249	4.087878	20.463940	565.150668	72.117862	25.416589	1000.694495	152.682548	11.751955	
6/30/2021 13:12:46.386792749	79.819062	25.964940	1003.437023	3.814050	20.399854	564.059889	72.000137	25.424992	999.512983	129.491346	11.769092	
6/30/2021 13:12:47.386792749	80.193605	25.956417	1002.469043	4.085753	20.457694	564.801091	72.203389	25.475833	999.926166	123.911271	11.746646	
6/30/2021 13:12:48.386792749	79.963622	26.001993	1002.114606	3.871024	20.432754	563.134040	72.043478	25.437755	999.836590	79.310211	11.804970	
6/30/2021 13:12:49.386792749	80.121325	26.004239	1003.114679	3.658314	20.493656	562.914567	72.269650	25.561229	1000.524175	124.718225	11.745766	
6/30/2021 13:12:50.386792749	80.035903	25.944900	1002.724443	3.926430	20.406671	563.871959	72.057120	25.493475	999.987827	99.360549	11.797531	
6/30/2021 13:12:51.386792749	79.924197	25.961315	1001.361260	4.036120	20.491125	564.286583	72.347897	25.620579	1000.362057	88.479686	11.767476	
6/30/2021 13:12:52.386792749	80.068758	25.970436	1002.421970	3.975484	20.450918	564.324042	71.990464	25.504365	1000.173288	84.036694	11.775703	
6/30/2021 13:12:53.386792749	80.114754	26.035646	1002.568002	4.014125	20.465368	564.601332	72.334598	25.547322	1000.495474	87.763117	11.778581	
6/30/2021 13:12:54.386792749	79.891342	26.003340	1003.583924	3.959130	20.440959	564.532338	72.057172	25.520970	1000.049173	83.986124	11.800252	
6/30/2021 13:12:55.386792749	80.200176	26.013435	1004.459962	4.255965	20.385445	566.822972	72.312625	25.567970	1000.449582	91.847960	11.762929	
6/30/2021 13:12:56.386792749	80.127896	25.997470	1001.819466	4.049091	20.465899	565.499583	72.074178	25.520346	999.891628	87.641550	11.791039	
6/30/2021 13:12:57.386792749	79.930768	25.944227	1003.726329	3.991178	20.408345	567.466268	71.893451	25.565790	1000.134176	88.816098	11.792748	
6/30/2021 13:12:58.386792749	80.154180	26.087467	1002.726808	4.380591	20.442428	569.141203	72.154685	25.622029	1000.817188	92.647321	11.743058	
6/30/2021 13:12:59.386792749	80.147609	25.961240	1003.456973	4.032254	20.450306	567.938718	71.813548	25.544730	1000.040185	94.314691	11.798464	
6/30/2021 13:13:00.386792749	80.187034	26.072100	1003.152606	4.261997	20.454633	569.029497	72.162650	25.564234	1000.556977	89.178179	11.755911	
6/30/2021 13:13:01.386792749	79.884771	25.982028	1001.448943	3.932289	20.426795	569.047896	71.802614	25.567970	999.908976	82.569752	11.780053	
6/30/2021 13:13:02.386792749	80.371021	26.065556	1003.432844	4.316080	20.477042	570.156411	72.143541	25.665811	1000.046651	97.206909	11.736737	
6/30/2021 13:13:03.386792749	79.996477	26.002143	1003.298875	3.961906	20.393038	570.103847	72.048946	25.589136	1000.099481	214.731495	11.818098	
6/30/2021 13:13:04.386792749	80.233031	26.087766	1003.793432	4.230875	20.486349	570.424511	71.854734	25.615594	1000.557134	1325.300676	11.920513	
6/30/2021 13:13:05.386792749	80.147609	25.996796	1003.075725	3.784569	20.438387	569.686592	72.099410	25.630326	999.598457	1192.163972	11.919567	
6/30/2021 13:13:06.386792749	80.022761	26.017659	1003.656466	4.516129	20.454306	570.695233	72.035908	25.674214	999.832647	340.395875	11.758815	
6/30/2021 13:13:07.386792749	80.206747	25.923588	1002.032443	4.112827	20.391078	569.732588	72.130899	25.639459	999.917650	90.619181	11.776846	
6/30/2021 13:13:08.386792749	80.062187	26.114051	1004.593931	4.207448	20.470470	571.491630	71.893004	25.638729	1000.309699	289.844808	11.805219	
6/30/2021 13:13:09.386792749	80.088470	25.949723	1001.939399	4.138383	20.415733	570.287177	72.049235	25.667886	1000.232741	375.059000	11.820884	
6/30/2021 13:13:10.386792749	80.292170	26.065855	1004.164190	4.459004	20.475532	571.847775	72.157445	25.677432	999.924587	98.440930	11.753677	
6/30/2021 13:13:11.386792749	80.114754	25.975783	1002.267579	4.137808	20.455409	569.506547	71.873790	25.656784	999.751273	101.502664	11.767450	
6/30/2021 13:13:12.386792749	80.331595	26.040319	1004.425190	4.394019	20.478961	571.641448	72.353469	25.659895	999.756475	92.816837	11.756161	
6/30/2021 13:13:13.386792749	80.068758	25.972308	1002.886167	3.869324	20.393364	571.197911	72.093838	25.619330	1000.101374	166.344273	11.781893	
6/30/2021 13:13:14.386792749	80.364450	26.002218	1003.492535	4.368619	20.514922	572.605408	72.384011	25.710112	1000.172023	209.928773	11.791513	
