
Time stamp	Inside_humidity (in %rH)	Inside_temperature (in °C)	Inside_pressure (in mbar)	Soil_moisture (in %VWC)	Soil_temperature (in °C)	Inside_CO2_ratio (in ppm)	Outside_humidity (in %rH)	Outside_temperature (in °C)	Outside_pressure (in mbar)	Outside_PAR (in µmol m^-2 s^-1)	Power_box_charge (in V)	
6/30/2021 12:59:02.386792749	66.742880	25.566103	1003.505781	4.424594	20.405528	484.047384	77.198411	26.035915	999.718313	110.796327	11.808505	
6/30/2021 12:59:03.386792749	66.756022	25.661371	1003.839401	4.305256	20.448878	485.052741	76.898251	26.055632	1000.127710	92.440340	11.785060	
6/30/2021 12:59:04.386792749	66.972863	25.665970	1003.050493	4.287023	20.393609	484.201801	76.751587	25.960171	1000.075352	82.449495	11.781551	
6/30/2021 12:59:05.386792749	67.071427	25.650902	1003.850283	4.583977	20.434183	484.113093	76.084715	26.078248	1000.191264	96.539328	11.773048	
6/30/2021 12:59:06.386792749	66.959721	25.591863	1003.689111	4.274417	20.362464	484.316137	76.064293	26.013606	999.805996	74.710538	11.801895	
6/30/2021 12:59:07.386792749	67.314552	25.781877	1003.654968	4.470913	20.437285	485.847823	75.666382	26.004885	1000.033876	77.602755	11.778555	
6/30/2021 12:59:08.386792749	67.097711	25.560980	1004.407999	4.415608	20.423978	483.662326	75.339990	26.025745	999.877752	87.210822	11.766096	
6/30/2021 12:59:09.386792749	67.202846	25.713716	1003.706774	4.623580	20.548312	486.290707	75.090294	25.986830	999.959283	90.679964	11.795232	
6/30/2021 12:59:10.386792749	67.590532	25.660174	1002.792728	4.107890	20.409528	485.071139	74.994937	25.945746	999.547836	91.952761	11.785270	
6/30/2021 12:59:11.386792749	67.662812	25.641332	1001.762850	4.472044	20.547496	488.209429	74.654799	26.030518	1000.276582	101.047306	11.779238	
6/30/2021 12:59:12.386792749	67.682525	25.645032	1003.106714	4.265184	20.418264	485.937846	74.619342	25.980713	999.852202	96.963774	11.818125	
6/30/2021 12:59:13.386792749	67.938792	25.630638	1004.016265	3.911187	20.499901	487.858536	74.315370	26.101594	999.825394	98.870348	11.747737	
6/30/2021 12:59:14.386792749	67.925650	25.691656	1003.192741	4.226675	20.423366	487.614096	74.263407	25.941280	999.987670	91.752333	11.812855	
6/30/2021 12:59:15.386792749	68.149063	25.729083	1002.961469	4.386254	20.471858	488.253446	73.958935	26.050128	999.950295	109.445981	11.783404	
6/30/2021 12:59:16.386792749	68.523607	25.681261	1004.141717	4.324360	20.426509	487.643009	73.992894	26.000324	999.722886	106.758123	11.791696	
6/30/2021 12:59:17.386792749	68.549890	25.712968	1003.049784	4.580147	20.423692	490.061779	73.824809	26.001149	1000.000759	95.676833	11.797755	
6/30/2021 12:59:18.386792749	68.536748	25.665895	1003.375519	4.217652	20.370955	489.061021	74.035474	25.984756	999.910869	98.159021	11.808702	
6/30/2021 12:59:19.386792749	68.668167	25.692329	1004.026989	4.589517	20.484594	491.222868	73.753028	26.062680	1000.215393	96.666409	11.786400	
6/30/2021 12:59:20.386792749	69.029569	25.708894	1002.284767	4.296812	20.428754	489.304146	73.711342	25.983825	999.667849	96.121706	11.784666	
6/30/2021 12:59:21.386792749	68.878438	25.651576	1003.408321	4.554323	20.436428	491.161758	73.543757	26.069114	1000.234948	103.905991	11.791342	
6/30/2021 12:59:22.386792749	68.891580	25.723661	1004.272217	4.372672	20.447735	488.534030	73.485722	26.028856	1000.022523	100.704613	11.807966	
6/30/2021 12:59:23.386792749	69.502678	25.767334	1002.686121	4.366904	20.461939	488.575426	73.322710	26.128571	1000.563601	104.352175	11.746764	
6/30/2021 12:59:24.386792749	69.338404	25.639685	1003.468169	4.321141	20.387119	488.742989	73.460438	26.064754	999.909133	110.232508	11.810726	
6/30/2021 12:59:25.386792749	69.581529	25.739402	1003.788385	4.487728	20.446673	489.081388	73.253137	26.095466	1000.224067	159.085304	11.795810	
6/30/2021 12:59:26.386792749	69.489536	25.593959	1003.786729	4.550630	20.383445	488.549144	73.386659	26.139154	999.694342	203.168908	11.793878	
6/30/2021 12:59:27.386792749	69.601242	25.751294	1003.685405	4.676546	20.471573	490.294388	73.167715	26.101795	999.681410	177.218853	11.812907	
6/30/2021 12:59:28.386792749	69.831225	25.608053	1004.576821	4.197135	20.392507	489.719432	73.404559	26.083846	999.889106	153.273618	11.788845	
6/30/2021 12:59:29.386792749	70.041495	25.698499	1003.261500	4.490090	20.479777	490.551974	73.192343	26.086333	1000.134805	137.366287	11.799437	
6/30/2021 12:59:30.386792749	69.949502	25.707397	1002.632108	4.249395	20.432999	488.558343	73.275347	26.082184	1000.162563	115.472511	11.814261	
6/30/2021 12:59:31.386792749	70.212340	25.619196	1004.319922	4.443821	20.539862	489.155644	73.262915	26.172247	1000.725562	109.818546	11.719548	
6/30/2021 12:59:32.386792749	70.159772	25.692254	1002.613341	4.233305	20.393935	488.385528	73.240784	26.089138	1000.099324	94.832143	11.808886	
6/30/2021 12:59:33.386792749	70.632880	25.661671	1003.376938	4.513097	20.418345	488.148972	73.146898	26.218009	1000.354962	99.306318	11.752455	
6/30/2021 12:59:34.386792749	70.455465	25.629815	1004.203695	4.361068	20.391650	488.018868	73.094225	26.147038	999.933104	100.017645	11.811146	
6/30/2021 12:59:35.386792749	70.882576	25.714615	1004.015398	4.295736	20.522882	487.579268	73.182565	26.165506	1000.162563	101.148176	11.744767	
6/30/2021 12:59:36.386792749	70.554029	25.741199	1002.291155	4.215035	20.410671	487.506991	72.976106	26.110304	1000.083869	90.599793	11.786663	
6/30/2021 12:59:37.386792749	70.928573	25.725308	1003.598826	4.644617	20.467328	489.239752	73.381639	26.162077	999.843214	94.991175	11.795731	
6/30/2021 12:59:38.386792749	70.961428	25.703173	1002.418578	4.326832	20.436387	487.186327	73.257947	26.151187	999.882639	95.319723	11.814274	
6/30/2021 12:59:39.386792749	71.171698	25.724934	1004.188004	4.490683	20.519127	489.657007	73.307360	26.178576	1000.211292	102.815546	11.784626	
6/30/2021 12:59:40.386792749	71.007424	25.760864	1003.099934	3.723007	20.437244	489.733231	73.319845	26.154817	1000.042236	91.568671	11.783180	
6/30/2021 12:59:41.386792749	71.040279	25.645705	1003.200154	4.296489	20.361893	489.004511	73.380692	26.106155	999.843214	95.502074	11.803340	
6/30/2021 12:59:42.386792749	71.460820	25.673337	1003.481021	4.309086	20.414631	490.875259	73.744330	26.248203	1000.540101	93.695060	11.761010	
6/30/2021 12:59:43.386792749	71.421394	25.735103	1002.289657	4.250047	20.408345	489.510473	73.361584	26.108536	999.711847	90.786076	11.798307	
6/30/2021 12:59:44.386792749	71.769654	25.750994	1003.477789	4.458912	20.411528	490.479686	73.549329	26.197774	1000.287778	90.716118	11.771589	
6/30/2021 12:59:45.386792749	71.401681	25.645855	1003.000660	4.409762	20.397895	490.286505	73.633095	26.172353	999.532853	91.851891	11.779934	
6/30/2021 12:59:46.386792749	71.795938	25.788197	1004.580684	4.581871	20.503615	491.743281	73.348047	26.249134	999.819557	94.338011	11.758868	
6/30/2021 12:59:47.386792749	71.763083	25.745947	1003.983305	4.469112	20.405528	491.328658	73.580371	26.140498	999.869393	87.212132	11.793287	
6/30/2021 12:59:48.386792749	72.111343	25.783674	1004.251952	4.845691	20.576967	492.654679	73.519286	26.164151	1000.079768	94.278538	11.788937	
6/30/2021 12:59:49.386792749	71.887931	25.745049	1002.990093	4.172920	20.406385	490.835179	73.584681	26.109679	999.913234	93.748251	11.815220	
6/30/2021 12:59:50.386792749	72.190195	25.746546	1002.858727	4.446274	20.534189	492.987826	73.549277	26.173803	1000.276582	102.002039	11.790645	
6/30/2021 12:59:51.386792749	71.999637	25.682384	1003.539136	4.416337	20.374914	490.561826	73.240442	26.095678	999.961491	99.545521	11.809451	
6/30/2021 12:59:52.386792749	72.439891	25.726506	1003.929529	4.414723	20.428509	491.600695	73.277712	26.138117	1000.191264	100.466450	11.775335	
6/30/2021 12:59:53.386792749	72.190195	25.666419	1003.911157	4.307978	20.387119	491.036907	73.004440	25.954668	999.832018	92.719900	11.786518	
6/30/2021 12:59:54.386792749	72.781580	25.767933	1002.767023	4.519033	20.431366	490.933085	73.111283	26.039133	1000.410313	104.980710	11.748236	
6/30/2021 12:59:55.386792749	72.426749	25.630264	1004.270167	4.526474	20.260458	490.998795	72.956026	25.801731	1000.348967	91.030521	11.768764	
6/30/2021 12:59:56.386792749	72.735583	25.787748	1003.174290	4.627027	20.451163	491.871417	72.735740	25.862425	1000.134491	95.653514	11.767883	
6/30/2021 12:59:57.386792749	72.623877	25.793693	1001.732492	4.279957	20.405242	489.620863	72.611577	25.875506	999.539004	89.511969	11.788740	
6/30/2021 12:59:58.386792749	72.807864	25.758212	1002.414005	4.512659	20.472144	490.609137	72.327081	25.797995	999.872544	102.018805	11.761562	
6/30/2021 12:59:59.386792749	72.847289	25.661895	1003.029362	4.376219	20.433897	490.613737	72.271306	25.808790	1000.116986	97.847239	11.780224	
6/30/2021 13:00:00.386792749	72.722441	25.710091	1004.079110	4.301677	20.472675	492.190765	72.284895	25.855377	1000.022837	99.941405	11.792327	
6/30/2021 13:00:01.386792749	73.011563	25.741349	1002.385933	4.108879	20.393609	493.158010	72.151978	25.744148	1000.243780	93.534717	11.791512	
6/30/2021 13:00:02.386792749	72.945853	25.731778	1004.340030	4.427097	20.410630	493.993835	71.810736	25.893149	999.972530	99.528754	11.759262	
6/30/2021 13:00:03.386792749	73.195549	25.709492	1002.956896	4.195566	20.403814	493.049588	71.737247	25.745397	999.994293	94.233210	11.800909	
6/30/2021 13:00:04.386792749	73.090414	25.799714	1004.306833	4.327114	20.424264	493.039074	71.488312	25.716653	1000.320423	98.004960	11.780302	
6/30/2021 13:00:05.386792749	73.169266	25.676514	1003.254245	4.351088	20.397568	492.889256	71.377448	25.754731	999.664219	99.528754	11.786650	
6/30/2021 13:00:06.386792749	73.208691	25.771857	1004.918325	4.699708	20.457123	494.281639	71.371691	25.788555	999.919857	97.785145	11.780710	
6/30/2021 13:00:07.386792749	73.418962	25.677038	1001.756778	4.330456	20.416590	493.176408	71.202345	25.751101	999.381459	102.118364	11.775203	
6/30/2021 13:00:08.386792749	73.451816	25.793993	1003.484018	4.567486	20.508636	495.593861	71.245135	25.725362	999.989878	164.649923	11.802644	
6/30/2021 13:00:09.386792749	73.491242	25.751219	1002.399417	4.237271	20.374914	494.762635	70.814764	25.657302	1000.092700	99.204138	11.817665	
6/30/2021 13:00:10.386792749	73.622661	25.651950	1002.674293	4.629977	20.452878	497.199150	71.040674	25.778596	1000.044758	106.064873	11.792971	
6/30/2021 13:00:11.386792749	73.570093	25.682833	1003.178942	4.348097	20.379731	494.617418	70.652698	25.689158	999.560768	96.737406	11.810884	
6/30/2021 13:00:12.386792749	74.049772	25.716561	1003.074859	4.353422	20.453694	494.118023	70.951440	25.706388	1000.158777	96.505796	11.782077	
6/30/2021 13:00:13.386792749	73.905212	25.588762	1003.282632	4.838779	20.323646	493.891982	70.673910	25.634792	999.731875	95.952190	11.754544	
6/30/2021 13:00:14.386792749	73.938066	25.782925	1003.328523	4.551195	20.389405	495.760761	70.663870	25.665399	1000.092700	94.338011	11.783522	
6/30/2021 13:00:15.386792749	73.905212	25.724635	1001.643706	4.327538	20.458225	494.828345	70.353142	25.553651	999.814513	96.615839	11.798464	
6/30/2021 13:00:16.386792749	74.207475	25.850936	1002.329003	4.430544	20.455735	495.788359	70.429733	25.543999	999.974109	104.116904	11.764992	
6/30/2021 13:00:17.386792749	73.977492	25.724784	1003.040163	4.326006	20.434142	495.092499	70.317080	25.559673	999.830439	102.920347	11.805561	
6/30/2021 13:00:18.386792749	74.010347	25.762661	1003.257242	4.454518	20.480349	495.875098	69.944587	25.478733	1000.035298	91.056461	11.798070	
6/30/2021 13:00:19.386792749	74.168049	25.714615	1003.549623	4.217101	20.383690	495.879697	70.141610	25.509350	999.832018	93.533407	11.811160	
6/30/2021 13:00:20.386792749	74.168049	25.710391	1004.743669	4.498042	20.468144	497.787905	70.063968	25.494407	1000.064471	94.235831	11.790435	
6/30/2021 13:00:21.386792749	74.378320	25.725383	1002.937026	4.234226	20.388792	496.091940	69.846075	25.454773	999.912920	93.657595	11.792117	
6/30/2021 13:00:22.386792749	74.154907	25.716112	1003.256138	4.389323	20.411488	497.115695	70.058895	25.583020	1000.149788	97.657024	11.783838	
6/30/2021 13:00:23.386792749	74.411174	25.688704	1002.673427	4.527404	20.396181	495.035988	69.725590	25.496375	999.101378	99.652943	11.778160	
6/30/2021 13:00:24.386792749	74.417745	25.820802	1003.409820	4.349505	20.435285	495.177259	69.497368	25.569632	1000.072516	100.859713	11.758579	
6/30/2021 13:00:25.386792749	74.536022	25.709418	1003.153315	4.404515	20.374343	495.997318	69.725933	25.559567	999.545471	100.269953	11.811475	
6/30/2021 13:00:26.386792749	74.496597	25.857256	1002.106799	4.516466	20.488594	496.135305	69.536793	25.587993	999.447064	98.834194	11.769053	
6/30/2021 13:00:27.386792749	74.654299	25.703622	1003.396650	4.375740	20.424754	495.999286	69.428189	25.569526	999.759632	96.940455	11.777779	
6/30/2021 13:00:28.386792749	74.555735	25.841590	1003.409425	4.466162	20.489411	497.137377	69.526307	25.578235	999.694028	94.480276	11.797137	
6/30/2021 13:00:29.386792749	74.660870	25.724934	1002.728859	4.347618	20.431897	496.114938	69.509748	25.531448	999.844950	94.542370	11.812842	
6/30/2021 13:00:30.386792749	74.601732	25.735927	1002.901464	4.690015	20.448306	498.811660	69.754029	25.597645	1000.029618	93.560658	11.795127	
6/30/2021 13:00:31.386792749	74.831715	25.746096	1003.159782	4.434169	20.358219	497.918008	69.574459	25.562266	999.812462	96.984472	11.811541	
6/30/2021 13:00:32.386792749	74.746293	25.769505	1002.448069	4.452867	20.504718	497.640056	69.886842	25.623691	999.943986	97.922168	11.792222	
6/30/2021 13:00:33.386792749	75.009130	25.815829	1003.251722	4.285797	20.416018	498.376659	69.596432	25.551683	999.773036	92.752122	11.809451	
6/30/2021 13:00:34.386792749	74.923708	25.790667	1003.669950	4.435085	20.473001	498.784715	69.839899	25.627321	1000.131969	95.279638	11.776176	
6/30/2021 13:00:35.386792749	75.015701	25.741049	1002.080148	4.371295	20.394752	499.391215	69.930394	25.617669	999.786126	89.471883	11.800055	
6/30/2021 13:00:36.386792749	74.963134	25.878942	1003.435209	4.393859	20.423407	499.406982	69.663849	25.631575	999.943986	90.413510	11.788214	
6/30/2021 13:00:37.386792749	74.969705	25.772606	1002.719081	4.232922	20.364138	499.996399	70.142610	25.607085	999.860562	93.660216	11.811265	
6/30/2021 13:00:38.386792749	75.028843	25.704146	1003.405876	4.410223	20.436387	499.201970	70.014764	25.622029	999.613283	94.723411	11.776964	
6/30/2021 13:00:39.386792749	74.982847	25.794816	1003.552383	4.909623	20.560803	502.227239	70.293451	25.631882	999.898251	95.007942	11.793471	
6/30/2021 13:00:40.386792749	75.107694	25.799714	1002.671691	4.421717	20.370097	500.277636	70.313769	25.622960	999.525758	90.678654	11.780434	
6/30/2021 13:00:41.386792749	75.258826	25.741274	1003.126742	4.670934	20.510351	503.697162	70.318474	25.730241	999.950295	91.286761	11.761457	
6/30/2021 13:00:42.386792749	75.107694	25.724934	1002.821509	4.311065	20.440101	500.193528	70.517758	25.651080	999.597829	92.344713	11.811935	
6/30/2021 13:00:43.386792749	75.337678	25.811306	1003.920855	4.373264	20.497901	502.597183	70.756125	25.714685	1000.248352	91.298285	11.778042	
6/30/2021 13:00:44.386792749	75.455955	25.693302	1002.332394	4.440146	20.420549	501.156173	70.676722	25.686565	999.845422	92.775441	11.795271	
6/30/2021 13:00:45.386792749	75.554519	25.880140	1004.188793	4.359796	20.431897	501.913143	70.759831	25.734814	999.957075	91.884114	11.755215	
6/30/2021 13:00:46.386792749	75.482238	25.762661	1003.795560	4.199665	20.385119	502.357342	70.804382	25.693931	1000.307176	86.512329	11.796401	
6/30/2021 13:00:47.386792749	75.672796	25.810632	1003.823395	4.609592	20.477859	502.379025	70.699799	25.744148	1000.097116	95.238242	11.761864	
6/30/2021 13:00:48.386792749	75.416529	25.757089	1004.429131	4.290051	20.380874	502.357342	71.069560	25.710324	999.456052	91.233570	11.781748	
6/30/2021 13:00:49.386792749	75.771360	25.815904	1002.556805	4.687179	20.421121	503.877860	70.936353	25.760023	999.806782	89.775802	11.759289	
6/30/2021 13:00:50.386792749	75.620228	25.778177	1003.080141	4.191121	20.393895	502.883019	70.973466	25.732528	999.481917	87.192745	11.782392	
6/30/2021 13:00:51.386792749	75.620228	25.833292	1003.482442	4.496469	20.463327	501.708131	71.229286	25.785750	999.699229	89.554676	11.768725	
6/30/2021 13:00:52.386792749	75.850211	25.846787	1001.203557	4.020198	20.503534	501.905259	71.130721	25.736888	999.644192	87.331078	11.761128	
6/30/2021 13:00:53.386792749	75.843640	25.743070	1003.948847	4.557464	20.519739	505.093492	71.426047	25.875612	1000.167450	95.568100	11.773994	
6/30/2021 13:00:54.386792749	75.705650	25.763185	1004.188004	4.521988	20.388262	502.818625	71.127410	25.806197	1000.131969	90.743369	11.784639	
6/30/2021 13:00:55.386792749	76.021056	25.843386	1003.019347	4.196592	20.408916	503.983650	71.292078	25.808896	1000.287935	84.992467	11.772430	
6/30/2021 13:00:56.386792749	75.712221	25.804612	1002.247234	4.232730	20.368669	503.385697	71.553260	25.746741	999.775401	88.425455	11.805522	
6/30/2021 13:00:57.386792749	76.053911	25.883915	1002.920625	4.370848	20.410100	504.787279	71.539723	25.791666	1000.193315	85.778994	11.783614	
6/30/2021 13:00:58.386792749	75.843640	25.767708	1003.160648	4.287598	20.358178	503.920572	71.448282	25.796027	999.867028	91.912675	11.789213	
6/30/2021 13:00:59.386792749	76.191900	25.963443	1004.524935	4.665239	20.457694	505.381949	71.626854	25.743936	1000.302761	86.701233	11.765124	
6/30/2021 13:01:00.386792749	75.712221	25.867800	1001.939713	4.509859	20.311727	504.996238	71.722054	25.796027	999.707589	88.900201	11.770630	
6/30/2021 13:01:01.386792749	76.218184	25.857930	1003.212849	4.561071	20.510922	505.378665	71.915714	25.830887	1000.073145	97.904091	11.795218	
6/30/2021 13:01:02.386792749	76.231326	25.820427	1002.929062	4.173882	20.359648	504.670974	71.751098	25.768013	1000.313957	264.730271	11.799503	
6/30/2021 13:01:03.386792749	76.165617	25.767933	1003.531566	4.579842	20.474389	505.671731	71.775121	25.903001	999.948559	93.885274	11.794522	
6/30/2021 13:01:04.386792749	76.415313	25.746022	1004.303126	4.336279	20.401814	504.750482	71.933823	25.885983	999.887212	92.324015	11.754689	
6/30/2021 13:01:05.386792749	76.329890	25.822448	1001.639605	4.319628	20.495370	505.934569	72.005709	25.909436	1000.121401	92.199827	11.779790	
6/30/2021 13:01:06.386792749	76.421883	25.768531	1003.222626	4.442162	20.390221	505.239362	72.076228	25.892005	999.591520	93.629034	11.810870	
6/30/2021 13:01:07.386792749	76.336461	25.864100	1002.856676	4.328431	20.437285	505.847830	71.930169	25.889719	1000.256712	87.441122	11.788634	
6/30/2021 13:01:08.386792749	76.349603	25.799489	1003.873859	4.205852	20.398752	504.962725	72.202075	25.861081	999.554145	92.855613	11.783049	
6/30/2021 13:01:09.386792749	76.651867	25.980157	1002.813544	4.364013	20.454878	505.412177	72.119175	25.855165	1000.062106	94.781573	11.769316	
6/30/2021 13:01:10.386792749	76.389029	25.858004	1002.551049	4.254779	20.407773	504.998206	71.997035	25.852572	999.926324	87.829143	11.806363	
6/30/2021 13:01:11.386792749	76.770144	25.948301	1002.087324	4.524805	20.478063	506.872901	72.390530	25.854128	999.959440	88.891027	11.790501	
6/30/2021 13:01:12.386792749	76.395600	25.800687	1003.867631	4.357293	20.373526	506.700086	72.390083	25.883391	999.867342	87.290993	11.802959	
6/30/2021 13:01:13.386792749	76.665008	25.862902	1004.058688	4.574247	20.500146	509.215446	72.376441	25.880480	1000.014163	87.177289	11.797413	
6/30/2021 13:01:14.386792749	76.415313	25.800762	1001.995383	4.301641	20.373240	507.807948	72.527311	25.860563	999.983411	88.174457	11.803997	
6/30/2021 13:01:15.386792749	76.770144	25.896704	1002.831444	4.350891	20.514636	509.470400	72.403829	25.999393	1000.105947	94.195745	11.761772	
6/30/2021 13:01:16.386792749	76.763573	25.774028	1002.692902	4.397639	20.442347	507.658784	72.236796	25.932676	999.751745	90.016315	11.786229	
6/30/2021 13:01:17.386792749	76.658437	25.795864	1003.595909	4.310344	20.400426	510.816788	72.707986	25.986111	1000.446902	89.264903	11.749156	
6/30/2021 13:01:18.386792749	76.802998	25.753090	1002.986782	4.434000	20.400997	508.974290	72.548942	25.925311	999.845736	91.780623	11.805022	
6/30/2021 13:01:19.386792749	76.835853	25.843461	1001.515099	4.476867	20.421447	510.641341	72.618962	25.963283	1000.328783	86.230420	11.772496	
6/30/2021 13:01:20.386792749	76.684721	25.837590	1003.294697	4.382064	20.460225	509.365263	72.715371	25.919807	999.737869	91.417232	11.776675	
6/30/2021 13:01:21.386792749	77.039552	25.995598	1001.875687	4.319682	20.603091	510.511890	72.515640	26.098377	999.764205	86.928912	11.753388	
6/30/2021 13:01:22.386792749	76.802998	25.848359	1002.752278	4.140676	20.409161	510.516490	72.758950	25.883285	999.876488	85.090715	11.803564	
6/30/2021 13:01:23.386792749	76.947559	25.847685	1003.036537	4.750495	20.447775	512.565315	72.965172	25.971061	1000.241729	86.931533	11.768632	
6/30/2021 13:01:24.386792749	76.960701	25.853182	1004.270561	4.258782	20.395038	511.726206	72.694055	25.906007	1000.385713	83.847791	11.785704	
6/30/2021 13:01:25.386792749	77.236681	25.864399	1002.375446	4.616262	20.487125	510.319361	72.968878	25.937343	1000.401325	89.584277	11.766595	
6/30/2021 13:01:26.386792749	76.967272	25.842713	1002.424335	4.303095	20.424223	511.316835	72.720338	25.845312	1000.005175	84.213803	11.780828	
6/30/2021 13:01:27.386792749	77.374670	25.838189	1002.519902	4.404054	20.511779	512.195372	73.008094	25.948033	999.957390	91.027900	11.793931	
6/30/2021 13:01:28.386792749	77.151258	25.859277	1003.545444	4.189703	20.433326	510.716250	72.725253	25.821447	999.958811	86.552415	11.774533	
6/30/2021 13:01:29.386792749	77.230110	25.818000	1002.281298	4.526141	20.401609	512.520635	72.931555	25.931121	999.919543	93.185471	11.769618	
6/30/2021 13:01:30.386792749	77.131546	25.831271	1001.860310	4.312501	20.368424	511.637499	72.622274	25.779009	999.864977	88.201708	11.788109	
6/30/2021 13:01:31.386792749	77.289248	25.900479	1002.930245	4.333128	20.422264	511.150587	72.861378	25.828295	1000.007540	87.043926	11.784101	
6/30/2021 13:01:32.386792749	77.223539	25.800986	1003.130686	4.398834	20.407283	510.535551	72.594386	25.839396	999.590891	90.416132	11.792814	
6/30/2021 13:01:33.386792749	77.170971	25.963593	1004.114909	4.371851	20.451163	511.074363	72.378649	25.807647	999.815142	87.964855	11.774783	
6/30/2021 13:01:34.386792749	77.400954	25.868623	1002.576281	4.192156	20.417978	510.814156	72.541819	25.800175	999.860876	84.830814	11.814852	
6/30/2021 13:01:35.386792749	77.151258	25.815155	1002.850762	4.171794	20.382588	511.891138	72.418627	25.772161	999.659175	83.454527	11.776820	
6/30/2021 13:01:36.386792749	77.440380	25.900479	1003.645822	4.213685	20.395323	511.678895	72.611577	25.774754	999.864977	83.995298	11.799884	
6/30/2021 13:01:37.386792749	77.203826	25.800388	1002.871816	4.417235	20.373812	512.149376	72.407640	25.818336	999.718471	89.467952	11.810778	
6/30/2021 13:01:38.386792749	77.499518	25.842264	1002.381912	4.385990	20.368995	511.848426	72.479711	25.847387	999.876173	90.967116	11.780526	
6/30/2021 13:01:39.386792749	77.223539	25.858828	1002.320566	4.337195	20.354260	512.722364	72.403225	25.802355	1000.007068	87.192745	11.797505	
6/30/2021 13:01:40.386792749	77.584941	25.822149	1003.795797	4.462870	20.382016	512.166459	72.167170	25.810970	999.913391	90.056401	11.805509	
6/30/2021 13:01:41.386792749	77.433809	25.837815	1001.550661	4.427257	20.405528	512.996369	72.245522	25.821035	999.832175	89.482097	11.803064	
6/30/2021 13:01:42.386792749	77.552086	25.795640	1002.106484	4.332485	20.431325	513.096907	72.070866	25.880798	999.654917	92.092405	11.808334	
6/30/2021 13:01:43.386792749	77.552086	25.801061	1003.377569	4.230988	20.344055	514.064151	72.333047	25.817605	999.873966	88.032192	11.803800	
6/30/2021 13:01:44.386792749	77.466664	25.848059	1003.211507	4.225047	20.395609	514.265879	72.024870	25.799032	1000.173759	85.859165	11.804983	
6/30/2021 13:01:45.386792749	77.742643	25.805734	1002.832942	4.442307	20.371200	514.550400	72.255090	25.889307	999.495320	91.208940	11.785861	
6/30/2021 13:01:46.386792749	77.604654	25.774103	1004.727426	4.450605	20.278867	516.317989	72.184780	25.747047	1000.331462	86.945678	11.746948	
6/30/2021 13:01:47.386792749	77.552086	25.880215	1001.647570	4.227865	20.423366	514.886831	72.085559	25.857451	999.528437	91.145536	11.782786	
6/30/2021 13:01:48.386792749	77.795211	25.763634	1004.702036	4.338918	20.380016	516.133343	72.267390	25.840952	999.884533	86.987074	11.765281	
6/30/2021 13:01:49.386792749	77.492947	25.853481	1003.574540	4.120528	20.399569	516.662303	72.055516	25.884946	999.627001	87.104710	11.779895	
6/30/2021 13:01:50.386792749	77.801782	25.879392	1002.671219	4.238115	20.416835	516.488172	72.284738	25.899265	999.851888	86.552415	11.810424	
6/30/2021 13:01:51.386792749	77.808353	25.826373	1002.310631	4.378708	20.432999	516.342955	72.059380	25.929459	999.917650	92.897009	11.810989	
6/30/2021 13:01:52.386792749	77.663792	25.895956	1003.186512	4.168228	20.426468	517.475131	72.273252	25.873220	999.828074	93.680914	11.799805	
6/30/2021 13:01:53.386792749	77.788640	25.901827	1002.426700	4.090545	20.446918	517.714971	72.196818	25.942116	1000.082133	106.878380	11.766398	
6/30/2021 13:01:54.386792749	77.808353	25.807905	1002.858807	4.378941	20.389690	517.937729	72.154186	25.913584	999.681567	127.582152	11.781065	
6/30/2021 13:01:55.386792749	77.657221	25.837965	1002.987334	4.300319	20.387690	518.813635	72.404066	25.901858	1000.055482	118.072334	11.808019	
6/30/2021 13:01:56.386792749	78.117187	25.785320	1004.052853	4.110602	20.427937	518.395064	72.246074	25.918770	999.514562	110.413548	11.777674	
6/30/2021 13:01:57.386792749	78.025194	25.879691	1002.178160	4.337505	20.436142	517.909468	72.055621	25.903001	999.749065	108.558585	11.776255	
6/30/2021 13:01:58.386792749	77.782069	25.854230	1001.656953	4.420687	20.443775	518.755809	72.374181	25.960796	999.972530	89.400615	11.787544	
6/30/2021 13:01:59.386792749	77.755785	25.859352	1003.715447	4.417965	20.422223	518.525167	72.118019	25.915140	999.867342	90.285390	11.804575	
6/30/2021 13:02:00.386792749	78.136900	25.853706	1003.022344	4.297770	20.395609	519.165180	72.288549	25.890238	1000.035455	83.493302	11.805706	
6/30/2021 13:02:01.386792749	77.992339	25.843162	1003.278848	4.315738	20.397609	520.095628	72.179813	25.890132	999.781867	88.283190	11.789528	
6/30/2021 13:02:02.386792749	77.933201	25.906949	1003.293593	4.308731	20.407487	518.965420	72.022110	25.945852	999.729510	94.349535	11.783785	
6/30/2021 13:02:03.386792749	78.163184	25.832842	1002.051210	4.394935	20.388547	519.874186	72.266786	25.986523	999.773351	90.664508	11.772010	
6/30/2021 13:02:04.386792749	77.972626	25.837665	1002.541823	4.394976	20.432428	519.055443	71.976718	25.971792	999.843528	92.521822	11.807638	
6/30/2021 13:02:05.386792749	78.064620	25.855203	1003.218211	4.311996	20.389160	519.700055	72.027867	26.011426	999.841163	89.568821	11.789252	
6/30/2021 13:02:06.386792749	78.064620	25.905901	1002.925750	4.116442	20.424223	519.234173	72.196266	25.840740	1000.133705	86.494252	11.747132	
6/30/2021 13:02:07.386792749	77.887204	25.812428	1003.512010	4.388575	20.364179	520.250045	72.017747	26.012050	999.517084	88.465541	11.775374	
6/30/2021 13:02:08.386792749	78.215751	25.911397	1002.181787	4.093345	20.401242	520.633787	72.227308	25.985074	999.703802	85.917327	11.752126	
6/30/2021 13:02:09.386792749	78.031765	25.937682	1003.601586	4.176905	20.452551	520.595675	72.074730	25.948858	999.855989	86.844809	11.808728	
6/30/2021 13:02:10.386792749	78.347170	25.864923	1003.183358	4.260242	20.376628	521.269200	72.302295	25.932465	1000.121087	85.527996	11.806297	
6/30/2021 13:02:11.386792749	78.209180	25.905901	1002.310788	4.316714	20.373526	521.428216	72.432768	25.987561	1000.335249	85.963966	11.780355	
6/30/2021 13:02:12.386792749	78.051478	25.880589	1004.047411	4.223288	20.439244	519.792046	72.152530	25.994514	999.990035	91.552944	11.779961	
6/30/2021 13:02:13.386792749	78.426022	25.860475	1003.955471	4.488617	20.372669	521.356592	72.568997	26.005721	1000.081818	88.929802	11.781157	
6/30/2021 13:02:14.386792749	78.261748	25.881562	1002.902725	4.123688	20.376057	521.318480	72.493063	25.977602	999.600351	89.053990	11.780552	
6/30/2021 13:02:15.386792749	78.143471	25.875018	1004.055770	4.378193	20.397895	522.282440	72.599092	25.990259	1000.087970	87.829143	11.789173	
6/30/2021 13:02:16.386792749	78.360312	25.827346	1003.087002	4.378636	20.427897	521.880952	72.610840	26.019522	999.740391	90.756204	11.810424	
6/30/2021 13:02:17.386792749	78.222322	25.869746	1003.052781	4.266543	20.391650	522.837029	72.582191	25.937132	1000.239364	86.946989	11.803879	
6/30/2021 13:02:18.386792749	78.307745	25.937308	1002.950668	4.265334	20.428754	521.731135	72.640383	25.982682	999.720521	87.543301	11.814944	
6/30/2021 13:02:19.386792749	78.491731	25.885711	1002.671533	4.292695	20.441775	521.838241	72.461417	26.002504	999.503994	90.428966	11.809096	
6/30/2021 13:02:20.386792749	78.406309	25.828469	1004.261730	4.397831	20.421692	522.615587	72.816880	26.013606	999.821293	89.404547	11.802775	
6/30/2021 13:02:21.386792749	78.288032	25.875692	1003.137309	4.238229	20.386833	524.029000	72.697813	25.933608	999.860404	86.965066	11.810134	
6/30/2021 13:02:22.386792749	78.596866	25.938206	1002.600489	4.308995	20.423121	523.789159	72.513327	25.937756	999.849365	84.940857	11.802302	
6/30/2021 13:02:23.386792749	78.406309	25.875168	1002.395002	4.284881	20.432428	523.326562	72.755691	25.949588	999.841006	125.972944	11.815825	
6/30/2021 13:02:24.386792749	78.590295	25.895806	1002.982366	4.157327	20.393364	524.357547	72.631552	25.944603	999.809625	97.605415	11.807112	
6/30/2021 13:02:25.386792749	78.570582	25.906724	1002.288473	4.202082	20.417406	524.096677	72.489147	25.921056	999.696550	123.267010	11.808111	
6/30/2021 13:02:26.386792749	78.465447	25.922241	1001.666573	4.361715	20.410059	525.056038	72.648557	25.907044	1000.081504	118.717906	11.782024	
6/30/2021 13:02:27.386792749	78.498302	25.880290	1003.374652	4.075832	20.369812	526.144187	72.463520	25.846762	999.696393	116.305405	11.779698	
6/30/2021 13:02:28.386792749	78.669146	25.817850	1002.402729	4.811478	20.321115	525.633625	72.481367	25.976671	999.365690	122.264599	11.777963	
6/30/2021 13:02:29.386792749	78.360312	25.917118	1002.981419	4.163765	20.382588	527.230367	72.583400	25.836592	999.856303	100.580425	11.809096	
6/30/2021 13:02:30.386792749	78.807136	25.944301	1001.654902	4.238671	20.408100	526.035766	72.332600	25.904038	999.578273	104.481606	11.777148	
6/30/2021 13:02:31.386792749	78.518015	25.886011	1001.760879	4.320339	20.425652	526.651465	72.493405	25.897710	999.481917	150.286813	11.811225	
6/30/2021 13:02:32.386792749	78.458876	25.932635	1001.392721	4.102386	20.382833	527.354556	72.243971	25.883391	999.745121	127.191510	11.763415	
6/30/2021 13:02:33.386792749	78.925413	26.039495	1002.702128	4.480943	20.478716	527.243503	72.132764	25.943154	1000.145215	127.942922	11.772115	
6/30/2021 13:02:34.386792749	78.485160	25.880365	1002.884116	4.235165	20.403242	528.242292	72.289416	25.770500	999.790699	112.736704	11.789081	
6/30/2021 13:02:35.386792749	78.833420	26.080922	1001.954301	4.734693	20.440999	528.747601	72.204493	25.851017	1000.053432	105.958762	11.768764	
6/30/2021 13:02:36.386792749	78.662576	25.917193	1002.711354	4.162844	20.385690	527.979454	72.214613	25.722770	1000.002967	97.031111	11.812618	
6/30/2021 13:02:37.386792749	78.715143	25.980980	1004.059949	4.669060	20.510677	529.411264	72.082957	25.735946	999.920172	97.486469	11.777385	
6/30/2021 13:02:38.386792749	78.728285	25.949948	1001.764663	4.156274	20.434142	527.593080	71.875946	25.751620	999.521499	108.831592	11.790855	
6/30/2021 13:02:39.386792749	78.498302	26.013660	1002.339490	4.767721	20.643256	529.614308	72.102065	25.833692	999.686297	107.144834	11.759709	
6/30/2021 13:02:40.386792749	78.728285	25.843761	1002.786341	4.449863	20.399283	527.461661	71.775226	25.807340	999.604766	107.880791	11.808387	
6/30/2021 13:02:41.386792749	78.642863	25.929309	1002.715217	4.359778	20.509208	526.714543	72.154870	25.827882	999.828231	102.827070	11.786729	
6/30/2021 13:02:42.386792749	78.833420	25.838040	1002.905880	4.352537	20.398711	527.706101	71.866011	25.776003	999.679202	105.667678	11.792722	
6/30/2021 13:02:43.386792749	78.728285	25.940452	1002.854626	4.394411	20.415488	529.036721	71.853868	25.823628	999.950295	96.724571	11.762035	
6/30/2021 13:02:44.386792749	78.964839	25.912445	1003.075963	4.390244	20.454551	526.842678	71.802561	25.697667	999.753166	99.607615	11.809175	
6/30/2021 13:02:45.386792749	78.807136	26.012911	1002.758664	4.273700	20.443244	528.150953	71.621886	25.717065	1000.013534	84.097478	11.783338	
6/30/2021 13:02:46.386792749	78.997694	25.837965	1003.818112	4.025081	20.484553	525.690788	71.879809	25.819479	998.903935	93.781784	11.782826	
6/30/2021 13:02:47.386792749	78.820278	26.012387	1003.047733	4.482480	20.413814	528.633918	71.669591	25.680956	999.915285	87.708886	11.763586	
6/30/2021 13:02:48.386792749	78.997694	25.901527	1001.599075	4.254707	20.404099	528.500530	71.977165	25.660626	999.919857	83.683516	11.778042	
6/30/2021 13:02:49.386792749	78.885988	25.960267	1003.575802	4.590037	20.520310	529.188507	71.777986	25.663007	999.845893	95.136062	11.790553	
6/30/2021 13:02:50.386792749	79.004265	25.918316	1002.941836	4.338367	20.419978	528.777167	71.889377	25.632094	999.991928	97.451354	11.811344	
6/30/2021 13:02:51.386792749	78.780853	25.950097	1004.010273	4.648794	20.438101	530.563807	71.960764	25.606355	999.808204	84.973079	11.774586	
6/30/2021 13:02:52.386792749	79.030548	25.933758	1003.667742	4.485417	20.467573	529.639274	71.895054	25.633131	999.591520	102.237310	11.808807	
6/30/2021 13:02:53.386792749	78.839991	25.907398	1003.315671	4.502195	20.459939	534.019477	71.984682	25.662594	999.820821	98.182340	11.784955	
6/30/2021 13:02:54.386792749	79.083116	25.938431	1003.426930	4.138515	20.397568	531.358236	71.764292	25.563610	999.748593	97.256169	11.812211	
6/30/2021 13:02:55.386792749	78.859704	25.919364	1002.168383	4.386277	20.392507	533.978733	72.020796	25.691550	1000.287149	118.318090	11.757160	
6/30/2021 13:02:56.386792749	79.056832	25.933533	1002.340279	4.127654	20.409202	532.663227	71.768655	25.581252	999.650501	94.687257	11.812224	
6/30/2021 13:02:57.386792749	79.050261	25.924411	1003.099854	4.363320	20.423978	533.891994	71.977507	25.714166	999.974423	93.825801	11.748092	
6/30/2021 13:02:58.386792749	79.155396	25.929010	1002.458398	4.248921	20.462756	532.756534	71.739112	25.619849	999.610918	92.708105	11.813604	
6/30/2021 13:02:59.386792749	78.997694	25.949349	1002.914868	4.568324	20.474144	533.639671	71.695665	25.680130	999.637254	95.379196	11.757764	
6/30/2021 13:03:00.386792749	79.175109	25.971110	1002.973298	4.165798	20.435285	532.935265	71.709517	25.623997	999.949823	85.018407	11.782773	
6/30/2021 13:03:01.386792749	79.043690	26.065481	1002.766234	4.551049	20.504146	533.713264	71.552970	25.638835	999.845422	91.392602	11.788240	
6/30/2021 13:03:02.386792749	79.260531	25.939703	1002.918812	4.164111	20.395323	533.418229	71.729177	25.662287	999.972373	85.257610	11.777424	
6/30/2021 13:03:03.386792749	79.083116	26.029251	1002.422994	4.524883	20.508963	534.497179	71.742214	25.673177	999.670371	87.966166	11.794193	
6/30/2021 13:03:04.386792749	78.971410	25.959593	1002.713324	4.250297	20.435244	533.855198	71.637788	25.621404	999.606660	83.577405	11.808768	
6/30/2021 13:03:05.386792749	79.207964	26.002143	1002.287212	4.585322	20.552557	535.676666	71.790970	25.738338	999.795114	96.718019	11.792984	
6/30/2021 13:03:06.386792749	79.050261	25.992273	1002.471488	4.338020	20.459082	533.934706	71.844747	25.725786	999.891156	89.361840	11.793011	
6/30/2021 13:03:07.386792749	79.365667	25.903399	1003.431188	4.153264	20.410059	536.551919	72.213457	25.746434	999.998709	84.622522	11.756305	
6/30/2021 13:03:08.386792749	78.997694	25.959369	1002.994351	4.142057	20.400997	534.993289	71.900574	25.712811	999.645771	84.794660	11.804089	
6/30/2021 13:03:09.386792749	79.240819	25.919214	1001.702607	4.391962	20.403569	536.015728	72.023556	25.815119	999.860404	91.646221	11.770209	
6/30/2021 13:03:10.386792749	78.964839	25.959518	1003.165301	4.158284	20.380302	535.737776	71.976166	25.707001	999.650344	86.865507	11.805154	
6/30/2021 13:03:11.386792749	79.352525	26.029401	1003.289098	4.356422	20.423692	536.205626	71.740216	25.798207	1000.011484	86.681846	11.782970	
6/30/2021 13:03:12.386792749	79.069974	25.886460	1003.327262	4.314631	20.412059	534.967660	71.981028	25.789285	999.621957	95.315792	11.811344	
6/30/2021 13:03:13.386792749	79.464231	25.971035	1002.924883	4.480032	20.469042	536.394871	71.869479	25.822590	999.810569	102.475203	11.779448	
6/30/2021 13:03:14.386792749	79.083116	25.980980	1002.839014	4.140794	20.395038	537.085479	72.120964	25.719658	999.727145	108.939014	11.812329	
6/30/2021 13:03:15.386792749	79.490514	26.082195	1002.948854	4.529748	20.516351	537.344370	72.002502	25.798725	999.657124	94.676772	11.778633	
6/30/2021 13:03:16.386792749	79.188251	25.981579	1003.272144	4.208844	20.400997	536.731302	72.276117	25.707107	999.624322	95.115364	11.784284	
6/30/2021 13:03:17.386792749	79.437947	25.997320	1002.164362	4.582504	20.445204	539.385311	72.257060	25.748603	999.794957	118.571709	11.791092	
6/30/2021 13:03:18.386792749	79.267102	25.913044	1003.167746	4.455744	20.395895	537.408111	72.475847	25.822178	999.622114	90.633326	11.797702	
6/30/2021 13:03:19.386792749	79.411663	25.966138	1003.834828	4.401008	20.496472	539.305803	72.426801	25.841058	999.596564	90.639879	11.765097	
6/30/2021 13:03:20.386792749	79.398521	25.938730	1002.309370	4.206906	20.443775	537.788569	72.310232	25.753281	999.661383	89.042466	11.807861	
6/30/2021 13:03:21.386792749	79.411663	25.951295	1003.082034	4.397293	20.436999	540.871664	72.686774	25.832549	999.911026	89.801742	11.785375	
6/30/2021 13:03:22.386792749	79.306528	25.991973	1002.415818	4.215892	20.412018	537.651235	72.373682	25.761578	999.688033	148.318146	11.811317	
6/30/2021 13:03:23.386792749	79.602221	25.936003	1003.239737	4.351926	20.480634	539.628435	72.682306	25.893667	999.906925	102.644719	11.781288	
6/30/2021 13:03:24.386792749	79.359096	25.959893	1002.609478	4.167959	20.399038	539.137588	72.467278	25.768426	999.694185	86.313212	11.812592	
6/30/2021 13:03:25.386792749	79.497085	25.982552	1003.869838	4.459952	20.425978	539.868276	72.703675	25.922093	999.912920	87.377717	11.779658	
6/30/2021 13:03:26.386792749	79.418234	25.907622	1002.194719	4.439326	20.413733	538.881317	72.431821	25.871358	999.503994	92.113103	11.797137	
6/30/2021 13:03:27.386792749	79.569366	26.050114	1003.502312	4.241073	20.482063	539.306456	72.521449	25.884322	999.836748	91.703073	11.753532	
6/30/2021 13:03:28.386792749	79.444518	26.013136	1003.001369	4.341910	20.418835	538.646077	72.602114	25.830369	999.534117	93.347124	11.804300	
6/30/2021 13:03:29.386792749	79.549653	25.976157	1002.843035	4.128457	20.379200	540.460977	72.424041	25.826114	999.676523	85.984664	11.808833	
6/30/2021 13:03:30.386792749	79.470802	26.150056	1003.277901	4.953393	20.549536	542.550535	72.745361	25.941280	999.676994	92.040795	11.772010	
6/30/2021 13:03:31.386792749	79.635075	25.975484	1002.376393	4.310067	20.438387	539.773653	72.388479	25.868447	999.654917	89.759035	11.810910	
6/30/2021 13:03:32.386792749	79.437947	26.072699	1002.096707	4.632758	20.665380	540.721184	72.639674	26.077517	999.436182	89.245515	11.761483	
6/30/2021 13:03:33.386792749	79.562795	25.923438	1002.958789	4.276833	20.422794	540.608163	72.265839	25.919913	999.626373	119.443379	11.809622	
6/30/2021 13:03:34.386792749	79.405092	25.998817	1002.757403	4.559593	20.554843	545.437817	72.378597	25.954774	1000.014163	90.195005	11.786532	
6/30/2021 13:03:35.386792749	79.674501	25.917942	1002.365354	4.326681	20.428182	541.926953	72.408035	25.928941	999.521342	113.572220	11.800147	
6/30/2021 13:03:36.386792749	79.529940	25.966886	1002.664910	4.383705	20.513494	544.211018	72.412003	25.990365	1000.011798	123.264389	11.786519	
6/30/2021 13:03:37.386792749	79.687643	25.918241	1002.443653	4.337697	20.426754	543.419873	72.426040	25.888270	999.609025	96.402305	11.806744	
6/30/2021 13:03:38.386792749	79.470802	25.994069	1003.084557	4.467694	20.419447	545.209144	72.392133	25.983211	999.934997	98.314121	11.758986	
6/30/2021 13:03:39.386792749	79.575937	25.950771	1002.880490	4.392792	20.387404	544.186705	72.352365	25.895741	999.772722	91.639668	11.802026	
6/30/2021 13:03:40.386792749	79.595650	26.108030	1004.350674	4.570641	20.454878	544.112449	72.029837	25.969717	999.536797	94.412940	11.752678	
6/30/2021 13:03:41.386792749	79.641646	25.944900	1003.077067	4.253402	20.366138	544.580962	72.141990	25.814600	999.893207	89.815887	11.807086	
6/30/2021 13:03:42.386792749	79.635075	26.098085	1002.431668	4.447081	20.487492	543.638684	72.085217	25.899053	1000.215236	90.144435	11.754360	
6/30/2021 13:03:43.386792749	79.654788	25.955444	1003.268833	4.453752	20.396181	543.439587	72.195452	25.905700	999.875859	93.673051	11.789896	
6/30/2021 13:03:44.386792749	79.661359	26.029401	1003.385059	4.711554	20.495370	544.131510	71.942207	25.922506	999.946508	103.304436	11.780855	
6/30/2021 13:03:45.386792749	79.621933	26.013809	1001.729338	4.500344	20.464756	542.363921	71.823430	25.899890	999.448957	97.346553	11.772312	
6/30/2021 13:03:46.386792749	79.832204	26.071202	1004.244225	4.524304	20.484308	542.662240	71.739007	25.920326	999.834540	94.905762	11.768370	
6/30/2021 13:03:47.386792749	79.641646	25.954770	1002.005870	4.420185	20.465858	542.443430	71.678922	25.887539	999.409689	129.035989	11.807861	
6/30/2021 13:03:48.386792749	79.865058	25.965688	1001.653956	4.474077	20.504718	546.169821	71.898104	25.909118	1000.439172	97.670130	11.754439	
6/30/2021 13:03:49.386792749	79.608791	26.028952	1003.179494	4.292960	20.431040	543.853558	71.610400	25.913478	999.632996	112.124936	11.811252	
6/30/2021 13:03:50.386792749	79.799349	25.957315	1002.805660	4.468460	20.429897	547.395303	71.881151	25.993995	1000.050595	110.711185	11.783062	
6/30/2021 13:03:51.386792749	79.523369	25.992572	1002.610739	4.061406	20.341769	546.266411	71.597206	25.903414	999.588997	139.924714	11.777858	
6/30/2021 13:03:52.386792749	79.779636	25.956717	1003.243600	4.504511	20.413202	548.152273	71.769050	26.058225	999.961019	136.284745	11.783719	
6/30/2021 13:03:53.386792749	79.523369	25.928635	1002.992064	4.336429	20.374098	547.125235	71.592791	25.919289	1000.046494	97.175997	11.785139	
6/30/2021 13:03:54.386792749	79.989906	26.018782	1002.938130	4.456213	20.456551	547.648279	71.756565	25.999287	999.956918	108.252045	11.782011	
6/30/2021 13:03:55.386792749	79.786207	25.902949	1004.198648	4.255760	20.485696	546.957672	71.585720	25.946477	999.366162	94.653453	11.769618	
6/30/2021 13:03:56.386792749	80.029332	26.129118	1003.702358	4.478974	20.502513	549.060376	71.848663	25.989635	999.820979	105.283588	11.781722	
6/30/2021 13:03:57.386792749	79.713927	25.913269	1003.277112	4.273236	20.421406	548.357285	71.769707	25.999911	999.494849	221.112241	11.792787	
6/30/2021 13:03:58.386792749	80.035903	26.102908	1003.583529	4.481181	20.509820	549.401407	72.020007	25.941905	999.705224	188.686853	11.804313	
6/30/2021 13:03:59.386792749	79.674501	26.028802	1004.066415	4.072266	20.364750	549.866636	71.810736	25.896979	999.512354	115.594078	11.787478	
6/30/2021 13:04:00.386792749	79.858487	26.019680	1002.210568	4.523387	20.540434	550.787884	71.907749	26.031449	999.727459	96.842207	11.754045	
6/30/2021 13:04:01.386792749	79.819062	25.939928	1003.477237	4.389651	20.390507	550.038135	72.130504	25.937968	999.475293	93.834704	11.809583	
6/30/2021 13:04:02.386792749	79.884771	25.982103	1003.440177	4.677066	20.578069	552.518014	71.963076	25.981750	999.812619	95.156760	11.790159	
6/30/2021 13:04:03.386792749	79.911055	25.987375	1002.151115	4.477793	20.446061	551.058606	72.108084	25.894492	999.606817	88.715228	11.771681	
6/30/2021 13:04:04.386792749	79.884771	25.956866	1003.307155	4.564230	20.487696	552.751939	72.166119	26.000430	999.880746	94.512498	11.790921	
6/30/2021 13:04:05.386792749	79.858487	25.960716	1001.851164	4.281124	20.462184	551.379923	72.031440	25.968680	999.628738	96.300125	11.780118	
6/30/2021 13:04:06.386792749	79.904484	26.024802	1002.512727	4.291692	20.483451	551.664443	71.886328	26.020559	999.827917	95.521462	11.788030	
6/30/2021 13:04:07.386792749	79.845345	25.981579	1004.432365	4.035504	20.363036	553.156711	72.079592	25.903414	999.845107	87.565310	11.769815	
6/30/2021 13:04:08.386792749	79.851916	26.046339	1002.938839	4.378074	20.481777	553.699469	72.021953	26.025438	1000.164771	97.632395	11.759354	
6/30/2021 13:04:09.386792749	79.950481	25.960791	1003.113890	4.422907	20.388507	553.966907	71.879257	25.909848	999.840849	89.998238	11.810778	
6/30/2021 13:04:10.386792749	79.891342	26.028952	1003.224754	4.592977	20.487451	553.898566	71.833813	25.911817	1000.145530	95.256319	11.773140	
6/30/2021 13:04:11.386792749	80.003048	25.976756	1002.739740	4.661934	20.301848	555.124712	71.851712	25.831819	1000.335720	87.219996	11.771984	
6/30/2021 13:04:12.386792749	79.930768	26.088215	1005.007349	4.615341	20.441285	554.572091	71.611399	25.903001	999.961334	88.872950	11.772496	
6/30/2021 13:04:13.386792749	80.009619	25.961015	1002.787603	4.461165	20.409487	553.647558	71.646015	25.906737	999.668320	91.045977	11.805535	
6/30/2021 13:04:14.386792749	80.016190	26.087916	1003.126979	4.426067	20.468756	554.319768	71.581856	25.827046	1000.009433	89.580616	11.791920	
6/30/2021 13:04:15.386792749	79.805920	25.971859	1003.795955	4.358501	20.382874	553.338725	71.566007	25.790841	999.921908	90.634636	11.805798	
6/30/2021 13:04:16.386792749	80.022761	26.055985	1003.937808	4.608657	20.475818	555.599793	71.662154	25.779315	999.920015	89.931173	11.792038	
6/30/2021 13:04:17.386792749	79.845345	25.987300	1002.207256	4.227464	20.443489	553.097569	71.134085	25.803498	999.801580	92.912465	11.800633	
6/30/2021 13:04:18.386792749	80.121325	26.009511	1003.171924	4.573924	20.476675	556.360709	71.456247	25.827670	1000.069043	101.899859	11.787990	
6/30/2021 13:04:19.386792749	79.937339	26.065855	1002.406041	4.188303	20.423652	553.760579	70.966343	25.780046	999.919700	109.104598	11.811922	
6/30/2021 13:04:20.386792749	80.233031	26.040768	1003.064686	4.286253	20.484022	556.080126	71.044195	25.899265	1000.099324	263.458785	11.813459	
6/30/2021 13:04:21.386792749	79.976764	26.003116	1003.059719	4.218765	20.436714	555.057687	71.152932	25.794989	999.930582	158.571784	11.821515	
6/30/2021 13:04:22.386792749	80.239602	26.025925	1003.666639	4.351274	20.403324	557.655186	70.838892	25.889931	1000.197573	217.675592	11.798320	
6/30/2021 13:04:23.386792749	80.003048	26.008313	1002.607822	4.162301	20.395283	556.928434	70.866727	25.856827	999.941935	199.473397	11.789988	
6/30/2021 13:04:24.386792749	80.371021	26.084515	1003.468169	4.235110	20.445816	557.649923	70.597870	25.937968	1000.370573	240.509411	11.769250	
6/30/2021 13:04:25.386792749	80.213318	26.123846	1002.894131	4.454554	20.449449	558.393757	70.713940	25.983412	1000.527804	226.360107	11.747172	
6/30/2021 13:04:26.386792749	80.127896	26.018557	1003.864239	4.227806	20.403814	558.595485	70.764090	25.872077	999.735818	160.314083	11.788779	
6/30/2021 13:04:27.386792749	80.318453	26.135064	1004.959092	4.702576	20.431121	559.632376	70.515865	25.928104	1000.123295	135.174912	11.753138	
6/30/2021 13:04:28.386792749	80.003048	25.981729	1002.079991	4.182900	20.398752	558.606000	70.564516	25.910780	1000.046651	121.262188	11.785967	
6/30/2021 13:04:29.386792749	80.173893	26.119098	1003.255901	4.812070	20.467613	559.628439	70.460485	25.919701	1000.342344	137.931417	11.766451	
6/30/2021 13:04:30.386792749	80.003048	26.039346	1002.176899	4.352195	20.382016	557.736662	70.474731	25.951557	1000.110362	178.163101	11.781656	
6/30/2021 13:04:31.386792749	80.285599	26.035122	1003.868340	4.874315	20.466470	558.716389	70.760988	25.978014	1000.097430	106.901699	11.764309	
6/30/2021 13:04:32.386792749	80.081899	26.029326	1001.704815	4.313573	20.423121	557.018457	70.434701	25.946784	999.814670	94.112953	11.797347	
6/30/2021 13:04:33.386792749	80.134467	25.972158	1003.277112	4.845650	20.525943	558.002784	70.799914	26.035185	1000.112727	89.260971	11.780132	
6/30/2021 13:04:34.386792749	80.246173	26.056060	1003.854541	4.225795	20.417733	557.502737	70.457620	25.927173	1000.040028	89.246826	11.807966	
6/30/2021 13:04:35.386792749	80.108183	26.003790	1003.406585	4.322404	20.516882	559.767089	70.615428	26.061230	1000.005332	89.597382	11.757436	
6/30/2021 13:04:36.386792749	80.325024	26.003640	1002.276725	4.257483	20.397609	558.506778	70.684739	25.918770	999.882482	87.702333	11.807296	
6/30/2021 13:04:37.386792749	80.160751	26.026524	1003.598117	4.400069	20.479247	559.108678	70.719959	26.070257	1000.260970	89.724192	11.740614	
6/30/2021 13:04:38.386792749	79.950481	25.983151	1003.558849	4.330187	20.406671	558.636881	70.793633	26.008420	999.906768	92.398944	11.808058	
6/30/2021 13:04:39.386792749	80.522153	25.978553	1004.824414	4.492634	20.334748	560.682422	70.524039	26.121618	999.807575	95.546092	11.732952	
6/30/2021 13:04:40.386792749	80.108183	25.982328	1004.101188	4.294802	20.461327	559.260464	70.803173	26.021596	999.858511	94.370233	11.793944	
6/30/2021 13:04:41.386792749	80.265886	26.067502	1003.311807	4.273550	20.440469	559.975385	70.738725	25.962246	1000.348810	91.178029	11.771327	
6/30/2021 13:04:42.386792749	80.233031	26.076773	1003.099145	4.129336	20.435856	559.778256	70.747898	25.976871	999.902038	87.998659	11.808676	
6/30/2021 13:04:43.386792749	80.154180	26.182586	1004.299420	4.385506	20.482104	560.145569	70.848775	26.004366	1000.020472	95.304267	11.762180	
6/30/2021 13:04:44.386792749	80.351308	25.972383	1003.516111	4.203614	20.382874	560.319047	70.773525	26.001774	1000.007225	91.625523	11.802144	
6/30/2021 13:04:45.386792749	80.259315	26.114350	1004.890096	4.463062	20.471573	561.071417	70.822491	26.044212	999.620064	111.048636	11.759105	
6/30/2021 13:04:46.386792749	80.226460	26.071501	1003.154971	4.178993	20.427366	559.669835	70.720458	26.039439	999.820979	119.329675	11.812763	
6/30/2021 13:04:47.386792749	80.226460	26.093487	1002.267736	4.868511	20.453449	559.790739	71.180424	25.967738	1000.609335	191.430522	11.775506	
6/30/2021 13:04:48.386792749	80.101612	25.955968	1003.954761	4.394402	20.399854	561.058934	71.012682	26.052827	999.834225	128.704820	11.810870	
6/30/2021 13:04:49.386792749	80.390734	26.019156	1003.585894	4.616604	20.492227	562.976340	70.966395	26.091836	1000.025045	108.531605	11.795271	
6/30/2021 13:04:50.386792749	80.200176	26.003939	1003.233113	4.294209	20.401283	561.955869	71.082807	26.051271	999.768621	100.122446	11.808360	
6/30/2021 13:04:51.386792749	80.173893	25.961539	1003.419912	4.492023	20.489125	563.619636	71.155849	26.111447	999.941621	98.006271	11.783483	
6/30/2021 13:04:52.386792749	80.298741	26.013884	1003.206935	4.166619	20.403854	562.881717	70.991970	25.970543	999.860719	94.198366	11.803511	
6/30/2021 13:04:53.386792749	80.206747	25.972308	1003.327419	4.423322	20.467042	563.627520	71.149777	26.131058	999.887055	103.946077	11.780079	
6/30/2021 13:04:54.386792749	80.482727	25.997694	1002.499085	4.392368	20.458225	562.982908	71.040174	26.060605	999.749065	96.386849	11.805916	
6/30/2021 13:04:55.386792749	80.403876	26.051387	1002.945700	4.486501	20.490268	563.685998	71.039332	26.105118	999.742599	108.748799	11.762929	
6/30/2021 13:04:56.386792749	80.173893	26.061406	1003.250224	4.134147	20.408671	564.336525	71.077892	26.001255	999.755531	89.927241	11.789751	
6/30/2021 13:04:57.386792749	80.522153	26.151478	1002.220189	4.448800	20.429938	563.895610	71.004270	26.113109	1000.412364	116.219992	11.751193	
6/30/2021 13:04:58.386792749	80.239602	26.067127	1003.854699	4.196661	20.438959	564.084855	70.863416	26.027819	999.703173	108.847047	11.796401	
6/30/2021 13:04:59.386792749	80.423588	26.056434	1002.337204	4.519589	20.446387	565.537695	70.846515	26.017024	1000.460464	103.599452	11.738064	
6/30/2021 13:05:00.386792749	80.371021	26.029625	1002.194562	4.253959	20.390221	565.316253	71.005112	25.978533	999.961334	103.082000	11.805035	
6/30/2021 13:05:01.386792749	80.259315	26.102983	1003.361168	4.631819	20.461654	565.803817	70.754022	26.102007	999.771143	119.544248	11.789265	
6/30/2021 13:05:02.386792749	80.548436	26.103657	1003.975263	4.371103	20.452266	564.338494	70.926313	26.017648	1000.096959	134.066390	11.790501	
6/30/2021 13:05:03.386792749	80.357879	26.067127	1004.267802	4.741400	20.497044	566.552250	70.853138	26.095985	999.924430	292.614147	11.810594	
6/30/2021 13:05:04.386792749	80.443301	26.040319	1003.667348	4.196656	20.421121	565.033701	70.976777	26.019204	999.748908	110.581754	11.809293	
6/30/2021 13:05:05.386792749	80.371021	26.029550	1002.862196	4.599306	20.507248	565.958233	71.149515	26.112272	999.717999	105.072676	11.788253	
