
Time stamp	Inside_humidity (in %rH)	Inside_temperature (in °C)	Inside_pressure (in mbar)	Soil_moisture (in %VWC)	Soil_temperature (in °C)	Inside_CO2_ratio (in ppm)	Outside_humidity (in %rH)	Outside_temperature (in °C)	Outside_pressure (in mbar)	Outside_PAR (in µmol m^-2 s^-1)	Power_box_charge (in V)	
6/30/2021 09:30:32.118187349	87.257369	16.486229	1005.431883	3.653933	18.728859	504.790563	88.442898	15.549040	1003.597328	5.893851	11.862544	
6/30/2021 09:30:33.118187349	87.158805	16.559812	1004.707790	3.767767	18.694571	505.219648	88.586145	15.551633	1003.632023	4.993620	11.857931	
6/30/2021 09:30:34.118187349	87.270511	16.471985	1007.493295	4.842961	19.122107	511.358241	88.888960	15.763508	1004.525725	14.495576	11.834407	
6/30/2021 09:30:35.118187349	87.461068	16.447978	1005.592346	3.504900	18.648936	504.189325	88.234731	15.355326	1003.047104	2.709239	11.885661	
6/30/2021 09:30:36.118187349	87.835612	16.569682	1006.734666	3.827787	18.711593	505.659901	88.240250	15.395891	1003.181150	7.346378	11.862833	
6/30/2021 09:30:37.118187349	87.605629	16.449176	1006.532965	3.644609	18.695388	505.196650	88.181217	15.337790	1002.848240	6.694524	11.876553	
6/30/2021 09:30:38.118187349	87.671338	16.438557	1005.616317	3.711504	18.741023	505.662532	88.443740	15.379085	1002.964309	5.245929	11.874556	
6/30/2021 09:30:39.118187349	87.467639	16.433435	1006.385669	3.613879	18.718614	505.328069	88.366806	15.268481	1002.977398	6.346588	11.884557	
6/30/2021 09:30:40.118187349	87.677909	16.575178	1006.277959	3.886982	18.775352	506.550921	88.315999	15.278958	1003.017139	4.808648	11.852872	
6/30/2021 09:30:41.118187349	88.190442	16.485705	1006.749806	4.151742	18.691714	507.648932	88.280280	15.492918	1003.855173	13.095970	11.815378	
6/30/2021 09:30:42.118187349	88.229868	16.427115	1006.581379	3.579145	18.683510	506.824274	88.539544	15.220856	1002.758507	3.763531	11.878525	
6/30/2021 09:30:43.118187349	88.249581	16.539023	1006.308317	4.595677	18.858336	508.769278	88.612796	15.276460	1003.297691	8.673676	11.880076	
6/30/2021 09:30:44.118187349	88.085307	16.417170	1006.567029	3.537919	18.677550	507.907823	88.334556	15.253749	1002.695267	3.621265	11.882940	
6/30/2021 09:30:45.118187349	88.183871	16.560560	1005.470757	3.702508	18.692081	508.638511	88.361339	15.352733	1003.478736	10.961718	11.853503	
6/30/2021 09:30:46.118187349	88.275865	16.448877	1005.380315	3.539857	18.691143	508.928294	88.538045	15.236837	1003.003577	8.007406	11.895780	
6/30/2021 09:30:47.118187349	88.525560	16.539098	1006.074917	4.156133	18.873888	511.824775	88.478065	15.309564	1002.883722	7.535281	11.862111	
6/30/2021 09:30:48.118187349	88.354716	16.443455	1006.579171	3.517844	18.705878	509.557792	88.179561	15.276471	1002.856914	6.572956	11.862360	
6/30/2021 09:30:49.118187349	88.446709	16.555213	1006.630345	3.924314	18.760616	509.760173	88.478855	15.385001	1003.364560	15.368556	11.855960	
6/30/2021 09:30:50.118187349	88.236439	16.485031	1006.788600	3.506044	18.644936	508.731166	88.357975	15.301786	1003.286023	1.564563	11.869693	
6/30/2021 09:30:51.118187349	88.499277	16.528554	1006.224103	3.963904	18.856908	512.550864	88.326829	15.339239	1003.125006	9.056455	11.860258	
6/30/2021 09:30:52.118187349	88.689834	16.464243	1006.494563	3.436600	18.650896	508.346108	88.003302	15.333535	1002.984022	1.951274	11.864923	
6/30/2021 09:30:53.118187349	88.886962	16.782355	1005.828033	3.494212	18.704817	510.701135	88.095637	15.405649	1003.145983	13.631499	11.828769	
6/30/2021 09:30:54.118187349	88.440138	16.499949	1005.518384	3.374907	18.654774	508.039905	88.122972	15.294526	1002.824897	4.837210	11.854528	
6/30/2021 09:30:55.118187349	88.656979	16.492399	1005.694616	3.866068	18.805027	511.134168	88.133512	15.373063	1003.356515	6.399508	11.877316	
6/30/2021 09:30:56.118187349	88.860678	16.591293	1004.680745	3.193242	18.692816	507.528680	87.838424	15.342563	1002.705991	0.946242	11.859942	
6/30/2021 09:30:57.118187349	88.886962	16.570281	1005.872978	3.955988	18.773923	509.235812	88.186421	15.382197	1003.301478	12.227961	11.863780	
6/30/2021 09:30:58.118187349	88.663550	16.512065	1006.862169	3.638518	18.693388	509.285755	88.000542	15.334572	1003.207329	6.033496	11.889078	
6/30/2021 09:30:59.118187349	88.413854	16.329568	1004.889307	3.644914	18.906747	512.914240	87.905237	15.424117	1003.485831	7.223500	11.842424	
6/30/2021 09:31:00.118187349	88.985526	16.522234	1004.531479	3.666394	18.623139	508.688454	87.809328	15.331355	1002.542294	7.348999	11.860849	
6/30/2021 09:31:01.118187349	89.110374	16.644462	1004.661821	4.028173	18.785271	510.600598	88.131646	15.416645	1003.155129	5.609320	11.845617	
6/30/2021 09:31:02.118187349	88.840966	16.506643	1005.527530	3.565663	18.630200	510.135379	87.827490	15.383234	1003.043160	3.387034	11.893138	
6/30/2021 09:31:03.118187349	88.735830	16.461217	1005.487867	3.753264	18.770494	512.013358	88.136561	15.487616	1003.389318	5.143749	11.854225	
6/30/2021 09:31:04.118187349	88.952672	16.441102	1006.602196	3.666244	18.678122	511.842511	87.731528	15.402950	1002.835779	8.562322	11.855934	
6/30/2021 09:31:05.118187349	89.307502	16.660577	1006.147302	3.986887	18.736533	512.404983	87.750898	15.383128	1003.251485	5.999963	11.874792	
6/30/2021 09:31:06.118187349	89.057807	16.506793	1006.415555	3.415353	18.632772	511.480451	87.859583	15.442066	1002.929456	3.269398	11.888762	
6/30/2021 09:31:07.118187349	88.946101	16.514011	1004.301391	3.730143	18.774168	512.259766	88.082995	15.495193	1003.365032	10.291787	11.865606	
6/30/2021 09:31:08.118187349	88.840966	16.581723	1006.600855	3.857200	18.819763	515.573502	87.926501	15.356363	1002.242343	6.798014	11.865593	
6/30/2021 09:31:09.118187349	89.136658	16.664801	1005.809187	4.025479	18.751799	513.755970	87.651730	15.383234	1003.078799	8.786069	11.852215	
6/30/2021 09:31:10.118187349	89.274648	16.512140	1006.671270	3.444857	18.636446	512.523919	88.034738	15.403882	1002.885772	2.486803	11.878998	
6/30/2021 09:31:11.118187349	89.340357	16.545792	1006.750121	3.730950	18.773025	515.159531	88.034396	15.479731	1003.338853	8.494986	11.871730	
6/30/2021 09:31:12.118187349	89.202367	16.507392	1005.040623	3.647846	18.670733	513.518761	87.737152	15.377011	1002.730277	7.391705	11.872440	
6/30/2021 09:31:13.118187349	89.333786	16.617952	1005.809819	3.843039	18.692286	513.262491	87.860739	15.361443	1003.107343	4.764631	11.856000	
6/30/2021 09:31:14.118187349	89.452063	16.643863	1006.575308	4.118646	18.834784	512.994401	87.948474	15.284556	1002.957528	6.012798	11.846564	
6/30/2021 09:31:15.118187349	89.169513	16.488175	1007.169610	3.848651	18.725431	516.216798	88.026721	15.454310	1003.793984	12.159585	11.837496	
6/30/2021 09:31:16.118187349	89.333786	16.454148	1003.941749	2.734325	18.458231	508.623397	87.491477	15.225724	1002.266472	-3.706353	11.810134	
6/30/2021 09:31:17.118187349	89.366641	16.617952	1006.024610	3.893880	18.711021	512.558085	88.039258	15.391531	1003.069339	5.877085	11.863004	
6/30/2021 09:31:18.118187349	89.373212	16.479909	1005.476908	3.504202	18.651753	511.086193	88.125180	15.354596	1002.917945	3.063728	11.879182	
6/30/2021 09:31:19.118187349	89.636049	16.551738	1004.420062	3.717805	18.751228	514.112778	88.086411	15.432107	1003.531409	10.454750	11.865619	
6/30/2021 09:31:20.118187349	89.537485	16.476958	1006.445440	3.449795	18.728819	512.475292	87.813848	15.405025	1002.691009	7.147260	11.863372	
6/30/2021 09:31:21.118187349	89.609766	16.665774	1006.638467	4.024361	18.733962	514.394667	88.182111	15.399627	1003.426693	11.476548	11.841622	
6/30/2021 09:31:22.118187349	89.406066	16.502045	1005.428177	3.498111	18.667345	512.738131	88.179561	15.432626	1003.353836	2.532130	11.860021	
6/30/2021 09:31:23.118187349	89.511202	16.555588	1004.927234	3.698113	18.714940	513.491164	88.078789	15.478588	1003.409030	7.927234	11.859232	
6/30/2021 09:31:24.118187349	89.642620	16.528854	1005.583909	3.658173	18.683183	513.495763	87.910047	15.377530	1003.242339	7.717632	11.888447	
6/30/2021 09:31:25.118187349	90.017164	16.633544	1007.001815	4.006867	18.750411	514.046406	88.223849	15.406580	1003.468483	12.071551	11.818387	
6/30/2021 09:31:26.118187349	89.826607	16.502719	1005.677506	3.539241	18.671019	513.104790	88.057420	15.414052	1003.030228	5.402340	11.896976	
6/30/2021 09:31:27.118187349	89.767468	16.525004	1005.591951	3.574690	18.755269	515.160183	88.000042	15.503797	1003.604266	2.392486	11.859035	
6/30/2021 09:31:28.118187349	89.583482	16.512738	1005.585722	3.582177	18.684612	514.345388	88.105914	15.381678	1003.255429	7.532660	11.894019	
6/30/2021 09:31:29.118187349	89.852890	16.592266	1007.070731	4.237604	18.696286	515.464418	88.123234	15.431377	1003.649371	11.635580	11.836431	
6/30/2021 09:31:30.118187349	89.971167	16.438632	1006.741842	3.536847	18.613220	513.847309	87.834665	15.463232	1003.137781	2.140177	11.857905	
6/30/2021 09:31:31.118187349	89.859461	16.529827	1006.184915	3.741697	18.744411	516.705678	88.038654	15.482631	1003.290911	9.872583	11.851544	
6/30/2021 09:31:32.118187349	89.590053	16.528929	1005.313449	3.561792	18.708981	513.847309	88.069406	15.410210	1002.977398	7.554669	11.896306	
6/30/2021 09:31:33.118187349	90.207721	16.655604	1006.377942	3.754148	18.702531	513.769769	87.937645	15.482631	1003.082743	4.864190	11.839060	
6/30/2021 09:31:34.118187349	89.846319	16.544520	1004.527143	3.595682	18.662243	513.555558	87.896406	15.474852	1003.255586	3.516464	11.857655	
6/30/2021 09:31:35.118187349	89.806894	16.572002	1006.917207	3.872925	18.815232	516.634053	88.207186	15.514592	1003.787833	8.849474	11.863937	
6/30/2021 09:31:36.118187349	89.774039	16.554614	1005.074844	3.425297	18.631058	514.255365	87.957857	15.458353	1003.235873	2.076773	11.887934	
6/30/2021 09:31:37.118187349	90.214292	16.592716	1006.065848	3.655770	18.696857	514.691018	87.930969	15.497574	1003.583924	5.487753	11.864318	
6/30/2021 09:31:38.118187349	89.938313	16.502344	1006.416659	3.406367	18.655998	515.010366	88.082890	15.485023	1003.093468	4.419316	11.891509	
6/30/2021 09:31:39.118187349	89.806894	16.587968	1005.954984	3.852468	18.795108	517.774113	88.189890	15.486367	1003.369448	10.168909	11.869575	
6/30/2021 09:31:40.118187349	90.010593	16.703426	1005.249815	3.224063	18.748371	516.283160	87.881661	15.452130	1003.568626	5.649406	11.860875	
6/30/2021 09:31:41.118187349	90.325998	16.608906	1006.998503	3.649141	18.680162	515.674029	87.853221	15.545304	1003.345476	4.727166	11.849166	
6/30/2021 09:31:42.118187349	90.299714	16.558207	1006.419970	3.576072	18.736819	516.132028	88.424526	15.665667	1003.802973	9.021611	11.851321	
6/30/2021 09:31:43.118187349	90.010593	16.528180	1004.589751	3.640588	18.703021	516.101146	87.958409	15.466862	1003.032279	8.580399	11.883703	
6/30/2021 09:31:44.118187349	90.082873	16.745676	1005.984789	4.184921	18.819558	517.146583	87.883474	15.494251	1003.516583	8.749915	11.865409	
6/30/2021 09:31:45.118187349	89.984309	16.478979	1005.435510	3.515609	18.676407	516.533515	88.107518	15.421312	1003.548599	5.446357	11.835143	
6/30/2021 09:31:46.118187349	90.358853	16.599559	1006.853338	3.687937	18.747268	520.299987	88.317393	15.569688	1003.921093	10.002014	11.851347	
6/30/2021 09:31:47.118187349	90.135441	16.512963	1005.499144	3.426118	18.665345	516.417863	87.951181	15.498199	1003.216003	3.845012	11.885398	
6/30/2021 09:31:48.118187349	90.115728	16.770913	1005.179323	4.056929	18.766576	518.625705	87.882317	15.483668	1003.656623	10.078253	11.852583	
6/30/2021 09:31:49.118187349	90.306285	16.590438	1005.155114	3.587780	18.646324	517.581584	88.155775	15.458766	1003.478579	6.056815	11.860586	
6/30/2021 09:31:50.118187349	90.247147	16.588417	1004.361476	3.845414	18.806456	517.737969	88.290058	15.579647	1003.954052	7.784969	11.860100	
6/30/2021 09:31:51.118187349	90.214292	16.507991	1005.192017	3.422133	18.652324	517.408106	87.893199	15.500379	1003.277507	3.433672	11.888223	
6/30/2021 09:31:52.118187349	90.628261	16.656054	1005.547400	3.862420	18.724940	519.272938	88.114798	15.486991	1003.531566	7.949243	11.863109	
6/30/2021 09:31:53.118187349	90.247147	16.497671	1004.992681	3.493593	18.688857	519.006164	88.146654	15.451612	1003.485360	6.055504	11.893796	
6/30/2021 09:31:54.118187349	90.444275	16.520331	1004.474233	3.793286	18.762821	522.130655	88.130200	15.568132	1003.481730	5.182524	11.861493	
6/30/2021 09:31:55.118187349	90.437704	16.521785	1005.314790	3.413298	18.698695	518.500201	88.015130	15.472460	1003.148662	5.380331	11.858878	
6/30/2021 09:31:56.118187349	90.398278	16.683087	1005.050479	3.648890	18.683836	518.477856	88.168969	15.515629	1003.765755	4.277051	11.843423	
6/30/2021 09:31:57.118187349	90.542839	16.555962	1004.213865	3.482230	18.705593	518.685499	87.969343	15.488759	1003.152763	5.527839	11.883703	
6/30/2021 09:31:58.118187349	90.536268	16.592341	1006.086823	3.868808	18.742125	521.620093	87.820472	15.397129	1003.010830	5.420417	11.836826	
6/30/2021 09:31:59.118187349	90.319427	16.555737	1007.117332	3.361543	18.628486	519.565352	88.102103	15.424011	1002.994746	1.684820	11.817520	
6/30/2021 09:32:00.118187349	90.799106	16.625620	1005.731282	3.609556	18.693143	518.828086	87.807829	15.537007	1003.579508	10.003324	11.841215	
6/30/2021 09:32:01.118187349	90.529697	16.596790	1005.547480	3.467809	18.638977	518.931255	87.804255	15.438636	1003.180836	2.815351	11.884794	
6/30/2021 09:32:02.118187349	90.424562	16.640313	1004.836082	4.090518	18.794292	521.950609	87.878401	15.493108	1003.428901	6.752686	11.866198	
6/30/2021 09:32:03.118187349	90.450846	16.597913	1004.415804	3.618050	18.668529	519.910982	87.622030	15.467899	1003.032436	8.144429	11.857366	
6/30/2021 09:32:04.118187349	90.799106	16.634559	1005.750363	3.561098	18.674570	521.256707	87.638141	15.639823	1003.882453	1.856957	11.833199	
6/30/2021 09:32:05.118187349	90.477130	16.570430	1005.511287	3.634610	18.661672	521.056957	87.741358	15.446733	1003.226885	8.315256	11.886870	
6/30/2021 09:32:06.118187349	90.582265	16.713820	1004.717648	3.978257	18.792863	522.910622	87.726770	15.454924	1003.551593	6.959667	11.840834	
6/30/2021 09:32:07.118187349	90.398278	16.524031	1005.492520	3.458225	18.650896	521.341477	87.417883	15.501416	1003.139831	4.870742	11.890260	
6/30/2021 09:32:08.118187349	90.785964	16.595111	1005.847903	3.678608	18.730247	524.004686	87.801943	15.621673	1003.627765	9.523337	11.869089	
6/30/2021 09:32:09.118187349	90.641403	16.598062	1004.780256	3.638499	18.649181	523.005245	87.694967	15.484292	1003.450349	7.879285	11.886541	
6/30/2021 09:32:10.118187349	90.470559	16.588716	1006.120414	4.140343	18.893195	525.021210	87.821418	15.600813	1003.632181	6.985607	11.834578	
6/30/2021 09:32:11.118187349	90.470559	16.550914	1005.618525	3.450214	18.637874	522.217383	87.510481	15.502866	1003.415497	2.858057	11.863530	
6/30/2021 09:32:12.118187349	90.674258	16.572826	1005.242639	3.795771	18.752575	522.985531	87.951419	15.568238	1003.828995	6.702387	11.848837	
6/30/2021 09:32:13.118187349	90.812248	16.539847	1005.468155	3.577043	18.659141	523.831871	87.578398	15.518328	1003.452557	4.952224	11.859811	
6/30/2021 09:32:14.118187349	90.785964	16.651755	1004.058450	3.212660	18.789516	524.370030	87.488665	15.545717	1003.365818	5.794293	11.822488	
6/30/2021 09:32:15.118187349	90.582265	16.592566	1006.434873	3.452540	18.644650	522.178618	87.605024	15.475265	1003.441833	4.331282	11.874030	
6/30/2021 09:32:16.118187349	90.562552	16.630592	1005.072085	3.803481	18.799353	525.529151	87.902820	15.530361	1003.755030	7.843131	11.876659	
6/30/2021 09:32:17.118187349	90.937096	16.582995	1005.896949	3.325474	18.639589	521.779762	87.662717	15.440923	1003.689269	-0.880161	11.840032	
6/30/2021 09:32:18.118187349	90.969950	16.730085	1005.921393	3.738724	18.670488	523.229971	87.592539	15.452956	1003.908003	8.535071	11.856538	
6/30/2021 09:32:19.118187349	90.647974	16.571927	1005.811395	3.562512	18.674489	522.782487	87.583708	15.454723	1003.441833	7.330922	11.862623	
6/30/2021 09:32:20.118187349	90.588836	16.573200	1005.572870	3.727435	18.755147	523.491493	87.677909	15.548204	1003.328129	3.252631	11.862636	
6/30/2021 09:32:21.118187349	90.897670	16.566655	1006.801138	3.424586	18.695102	524.032284	87.736548	15.480250	1003.443726	6.717843	11.865948	
6/30/2021 09:32:22.118187349	90.904241	16.657476	1006.904512	3.733285	18.703633	525.537687	87.885210	15.553813	1003.774272	6.197770	11.864634	
6/30/2021 09:32:23.118187349	90.753109	16.544520	1004.888203	3.413680	18.625384	523.470464	87.868466	15.450987	1003.369448	7.431791	11.864213	
6/30/2021 09:32:24.118187349	90.687400	16.619824	1006.704781	3.950075	18.789189	526.697461	87.796843	15.531917	1003.391683	5.549847	11.863898	
6/30/2021 09:32:25.118187349	90.897670	16.650332	1006.229860	3.494131	18.655998	525.140146	87.587124	15.406474	1003.187931	4.683149	11.887369	
6/30/2021 09:32:26.118187349	91.094798	16.662074	1005.950726	3.589718	18.678693	526.582471	88.084546	15.504009	1003.767805	6.857487	11.867223	
6/30/2021 09:32:27.118187349	90.858244	16.545343	1004.304625	3.339745	18.637058	524.956816	87.793636	15.492389	1003.347841	-0.815445	11.836655	
6/30/2021 09:32:28.118187349	90.858244	16.619524	1007.014115	4.047163	18.702245	527.719900	87.688501	15.545611	1003.124534	5.115188	11.831950	
6/30/2021 09:32:29.118187349	90.950237	16.587219	1004.275764	3.542273	18.677264	524.601324	88.014973	15.508782	1002.752512	2.488113	11.855448	
6/30/2021 09:32:30.118187349	91.180220	16.589090	1005.466579	3.536400	18.674693	527.329590	88.030637	15.527969	1003.727273	5.415445	11.866723	
6/30/2021 09:32:31.118187349	91.213075	16.730384	1004.593929	3.104981	18.762821	525.372756	87.786356	15.449432	1003.404772	4.809959	11.852280	
6/30/2021 09:32:32.118187349	91.160508	16.725562	1004.345232	3.824988	18.764861	524.981782	87.853117	15.496950	1003.837826	2.164807	11.833553	
6/30/2021 09:32:33.118187349	90.845102	16.645585	1005.560885	3.648653	18.674979	526.140903	87.988189	15.439261	1003.358566	6.012798	11.889065	
6/30/2021 09:32:34.118187349	90.910812	16.583818	1004.475889	3.733057	18.821191	527.774442	87.996626	15.579234	1003.588497	3.022332	11.863635	
6/30/2021 09:32:35.118187349	91.009376	16.613728	1006.356101	3.527364	18.634486	525.508774	87.656645	15.525175	1002.940495	2.388554	11.867525	
6/30/2021 09:32:36.118187349	91.140795	16.709222	1004.888360	3.713314	18.687755	526.844647	87.919720	15.495913	1004.109075	6.800635	11.803813	
6/30/2021 09:32:37.118187349	91.153937	16.640163	1004.931887	3.549974	18.661100	526.492449	87.897010	15.420169	1003.107029	6.487543	11.889919	
6/30/2021 09:32:38.118187349	91.226217	16.667421	1007.195632	3.880804	18.789720	527.696249	87.822075	15.505871	1003.566733	8.704587	11.872677	
6/30/2021 09:32:39.118187349	91.009376	16.477631	1003.820398	2.961702	18.637874	526.228295	87.685032	15.598951	1004.128945	11.946051	11.852254	
6/30/2021 09:32:40.118187349	91.088227	16.683985	1005.747131	3.599566	18.707878	526.923502	88.088304	15.546342	1003.603637	12.270668	11.864962	
6/30/2021 09:32:41.118187349	91.029089	16.635116	1005.051820	3.592349	18.676979	526.356430	87.850514	15.432308	1003.200863	6.796703	11.889156	
6/30/2021 09:32:42.118187349	91.528480	16.677965	1005.677900	4.035956	18.704205	527.348640	87.793583	15.521228	1003.336960	3.495766	11.843199	
6/30/2021 09:32:43.118187349	91.121082	16.555962	1005.466027	3.426506	18.678081	525.703934	87.733736	15.510338	1003.170111	5.578138	11.882941	
6/30/2021 09:32:44.118187349	90.989663	16.629918	1004.642423	3.455125	18.647222	526.266407	87.960302	15.461983	1003.323556	4.683149	11.870732	
6/30/2021 09:32:45.118187349	91.377349	16.667271	1004.901292	3.230597	18.523419	524.182753	87.935884	15.581414	1002.936237	2.819282	11.856446	
6/30/2021 09:32:46.118187349	91.226217	16.787702	1005.066328	3.298263	18.760249	526.463536	87.746982	15.486991	1003.054199	7.202802	11.857892	
6/30/2021 09:32:47.118187349	91.042231	16.682862	1006.988568	4.061420	18.829967	528.136502	87.971236	15.549040	1002.874733	-3.375183	11.825497	
6/30/2021 09:32:48.118187349	91.068514	16.619300	1005.577600	3.431963	18.634201	526.757255	87.953679	15.501723	1002.997583	1.398978	11.872006	
6/30/2021 09:32:49.118187349	91.357636	16.608906	1005.318416	3.444433	18.637874	526.922186	87.775526	15.490727	1003.295169	2.428640	11.886331	
6/30/2021 09:32:50.118187349	91.199933	16.661775	1004.307542	3.199867	18.720328	526.221064	87.710317	15.494981	1003.553329	0.868692	11.853923	
6/30/2021 09:32:51.118187349	91.029089	16.636762	1005.459875	3.534864	18.659753	527.244819	87.737047	15.429302	1003.324820	2.524267	11.859048	
6/30/2021 09:32:52.118187349	91.410203	16.591635	1005.149200	3.465912	18.662610	527.725152	88.025460	15.525281	1003.259530	2.983556	11.859968	
6/30/2021 09:32:53.118187349	91.311639	16.549941	1005.247450	3.341158	18.600484	527.110116	87.933729	15.453474	1003.172162	4.946982	11.842003	
6/30/2021 09:32:54.118187349	91.160508	16.609355	1005.827087	3.388954	18.644936	528.161468	87.699777	15.518847	1003.214110	1.316186	11.887855	
6/30/2021 09:32:55.118187349	91.252501	16.651231	1004.735310	3.556043	18.646079	528.682545	87.935569	15.461052	1003.159387	4.666383	11.880115	
6/30/2021 09:32:56.118187349	91.324781	16.677515	1004.914696	3.650472	18.693959	528.853391	87.861895	15.511269	1003.362981	5.972712	11.865567	
6/30/2021 09:32:57.118187349	90.956808	16.487502	1005.194383	3.844575	18.752616	528.387510	87.834061	15.491140	1003.574935	7.081234	11.852031	
6/30/2021 09:32:58.118187349	91.495626	16.719541	1005.535415	3.471256	18.650038	528.731171	87.571775	15.522371	1003.288546	8.004784	11.868103	
6/30/2021 09:32:59.118187349	91.193362	16.682937	1005.425260	3.482522	18.692816	529.032122	87.803152	15.517704	1003.579508	6.976433	11.884281	
6/30/2021 09:33:00.118187349	91.265643	16.640238	1006.992037	3.587653	18.656855	529.067603	87.848701	15.474228	1003.260316	5.567924	11.885293	
6/30/2021 09:33:01.118187349	91.403632	16.640537	1004.947184	3.534974	18.664488	528.932900	87.687896	15.466756	1003.319297	6.364665	11.888026	
6/30/2021 09:33:02.118187349	91.147366	16.640462	1005.159610	3.574189	18.706695	529.346871	87.840317	15.518741	1003.476843	6.114977	11.891023	
6/30/2021 09:33:03.118187349	91.416774	16.635789	1004.326623	3.564550	18.698490	529.162225	87.745379	15.509819	1003.321505	5.915860	11.864358	
6/30/2021 09:33:04.118187349	91.449629	16.651530	1006.284188	3.408551	18.657426	528.513013	87.590936	15.530467	1003.413289	2.184195	11.885306	
6/30/2021 09:33:05.118187349	91.219646	16.590138	1003.745962	3.496160	18.695959	528.297487	87.869308	15.505977	1003.568312	10.430120	11.869680	
6/30/2021 09:33:06.118187349	91.475913	16.672768	1004.570432	3.483576	18.682897	528.989410	87.805017	15.517704	1003.369448	7.715011	11.874779	
6/30/2021 09:33:07.118187349	91.515338	16.671944	1005.568612	3.512542	18.650610	528.786366	87.650574	15.503797	1003.394205	6.902815	11.883282	
6/30/2021 09:33:08.118187349	91.331352	16.667945	1004.310302	3.612885	18.714083	529.461860	87.520311	15.527250	1003.330336	4.213646	11.859758	
6/30/2021 09:33:09.118187349	91.344494	16.661999	1005.676559	3.412535	18.641834	529.052488	87.908734	15.548522	1003.277349	2.656319	11.889551	
6/30/2021 09:33:10.118187349	91.219646	16.646707	1004.423611	3.456388	18.673264	528.827762	87.536370	15.341514	1002.474796	-2.766036	11.805850	
6/30/2021 09:33:11.118187349	91.646757	16.657326	1006.044322	3.447862	18.641834	530.141953	87.671995	15.517704	1003.187931	3.024953	11.888972	
6/30/2021 09:33:12.118187349	91.410203	16.651306	1004.692730	3.477694	18.672121	531.157824	87.730424	15.517079	1003.292961	5.499277	11.888329	
6/30/2021 09:33:13.118187349	91.160508	16.667720	1004.624051	3.544608	18.676979	530.192548	87.879505	15.547897	1003.498606	3.578559	11.861138	
6/30/2021 09:33:14.118187349	91.659899	16.551214	1006.394343	3.625031	18.595382	531.564564	87.638089	15.591373	1003.108922	3.084426	11.844435	
6/30/2021 09:33:15.118187349	91.410203	16.551588	1004.169709	2.853772	18.475783	529.676071	87.535818	15.337260	1002.535828	-0.530914	11.811843	
6/30/2021 09:33:16.118187349	91.403632	16.556635	1006.082487	3.808711	18.576116	531.558649	87.971683	15.520815	1003.592755	0.580229	11.853857	
6/30/2021 09:33:17.118187349	91.351065	16.424912	1003.857064	3.153890	18.763106	534.162063	87.888783	15.520815	1003.597170	2.226901	11.851374	
6/30/2021 09:33:18.118187349	91.397061	16.649584	1005.910985	3.483088	18.653345	532.732884	87.796843	15.500368	1003.427164	4.269188	11.851347	
6/30/2021 09:33:19.118187349	91.429916	16.646932	1006.883381	4.068182	18.639262	533.570678	87.722355	15.560555	1002.901069	6.875564	11.856354	
6/30/2021 09:33:20.118187349	91.521909	16.657176	1004.981800	3.521751	18.626527	533.112679	87.825677	15.555475	1003.347527	1.956516	11.886633	
6/30/2021 09:33:21.118187349	91.456200	16.677366	1005.590770	3.554246	18.687755	533.787520	87.912650	15.530573	1003.209065	6.668583	11.884071	
6/30/2021 09:33:22.118187349	91.712467	16.752221	1005.733175	3.583153	18.767923	535.410544	88.058419	15.717133	1003.347999	1.550418	11.839428	
6/30/2021 09:33:23.118187349	91.397061	16.630442	1006.056860	3.292674	18.630813	533.580529	87.603183	15.551527	1003.189195	1.666743	11.857012	
6/30/2021 09:33:24.118187349	91.679612	16.662822	1004.423374	3.584539	18.599627	534.754764	87.819053	15.499024	1003.695263	6.627187	11.829308	
6/30/2021 09:33:25.118187349	91.423345	16.698603	1004.409338	3.503824	18.678652	533.974134	87.871883	15.514380	1003.498449	6.897573	11.869706	
6/30/2021 09:33:26.118187349	91.771605	16.689257	1004.184612	3.581753	18.666203	533.136993	87.729977	15.596146	1003.520370	0.868692	11.854646	
6/30/2021 09:33:27.118187349	91.482484	16.656203	1005.201243	3.540281	18.693388	533.998447	88.033082	15.572175	1003.402407	7.079924	11.890865	
6/30/2021 09:33:28.118187349	91.541622	16.625395	1005.629406	3.464321	18.706981	534.316480	87.908496	15.527250	1003.306051	7.347688	11.891929	
6/30/2021 09:33:29.118187349	91.666470	16.708997	1005.950174	3.521314	18.667060	534.020129	87.689552	15.546236	1003.231772	5.196669	11.889919	
6/30/2021 09:33:30.118187349	91.383920	16.667196	1006.555358	3.629381	18.665060	533.955735	87.747430	15.520190	1003.260002	8.207834	11.878840	
6/30/2021 09:33:31.118187349	91.745321	16.698678	1005.621127	3.622979	18.687469	534.052326	87.946766	15.512930	1003.179257	6.305192	11.892008	
6/30/2021 09:33:32.118187349	91.443058	16.630368	1004.549221	3.433823	18.696490	534.053642	87.892647	15.553083	1003.430637	7.038528	11.890589	
6/30/2021 09:33:33.118187349	91.791318	16.698678	1006.071053	3.512925	18.669591	534.236972	87.725666	15.485224	1003.192189	6.094279	11.884846	
6/30/2021 09:33:34.118187349	91.594190	16.693706	1005.041727	3.586814	18.703307	535.317237	88.004591	15.522371	1003.196762	6.729367	11.865396	
6/30/2021 09:33:35.118187349	91.686183	16.668319	1004.160326	3.512788	18.694531	535.235097	87.965427	15.555369	1003.511696	6.490164	11.879195	
6/30/2021 09:33:36.118187349	91.673041	16.636163	1004.221673	3.460546	18.702164	536.268051	87.901321	15.564397	1003.402250	5.562682	11.876199	
6/30/2021 09:33:37.118187349	91.673041	16.625395	1005.185946	3.502693	18.697633	536.367273	87.811483	15.534615	1003.402250	6.279251	11.889840	
6/30/2021 09:33:38.118187349	91.673041	16.659796	1005.197537	3.472159	18.642038	536.718819	87.938197	15.491764	1003.571149	4.802095	11.860284	
6/30/2021 09:33:39.118187349	91.817602	16.630892	1005.886777	3.448878	18.644365	536.404070	88.130490	15.532541	1003.533459	2.751946	11.885792	
6/30/2021 09:33:40.118187349	91.548193	16.672917	1004.977621	3.569744	18.727104	537.588157	88.059128	15.524445	1003.607895	5.499277	11.866881	
6/30/2021 09:33:41.118187349	91.705896	16.552262	1004.798155	3.367803	18.809844	538.682221	87.798499	15.510750	1003.769856	2.163497	11.854751	
6/30/2021 09:33:42.118187349	91.587619	16.688958	1006.281666	3.504991	18.711511	537.540846	87.959251	15.544161	1003.756609	3.982036	11.869628	
6/30/2021 09:33:43.118187349	91.857027	16.784077	1005.737905	3.181406	18.523949	535.279777	87.905737	15.427016	1002.870318	-0.796058	11.818164	
6/30/2021 09:33:44.118187349	91.725608	16.781874	1007.380223	3.668965	18.701143	539.021936	88.130752	15.709555	1004.144243	17.713721	11.844960	
6/30/2021 09:33:45.118187349	91.889882	16.667271	1005.837968	3.454300	18.656569	537.041451	87.742067	15.509195	1003.255743	3.741522	11.883992	
6/30/2021 09:33:46.118187349	91.751892	16.873999	1007.729377	4.008887	18.791475	540.071972	88.175540	15.522159	1003.523049	7.910468	11.863254	
6/30/2021 09:33:47.118187349	91.771605	16.698903	1004.916038	3.466273	18.652896	537.567127	88.056816	15.537727	1003.255743	4.029985	11.886055	
6/30/2021 09:33:48.118187349	91.797889	16.643007	1005.470757	3.626886	18.802782	540.223768	88.132960	15.697723	1003.877880	4.045440	11.859259	
6/30/2021 09:33:49.118187349	91.508767	16.641435	1005.028243	3.414911	18.627955	537.134758	87.874590	15.589299	1003.257951	3.804927	11.885674	
6/30/2021 09:33:50.118187349	91.942449	16.795369	1006.076887	3.804680	18.764861	538.065206	87.847754	15.629970	1003.548756	4.150241	11.833593	
6/30/2021 09:33:51.118187349	91.587619	16.700025	1006.571207	3.509838	18.723430	537.967300	88.028115	15.547379	1003.023762	6.941590	11.857590	
6/30/2021 09:33:52.118187349	91.581048	16.725861	1005.380867	4.123182	18.859153	540.034523	88.130857	15.641897	1003.497185	5.997342	11.875160	
6/30/2021 09:33:53.118187349	91.863598	16.794171	1004.374408	3.475337	18.671305	538.301762	87.758573	15.513343	1003.570992	8.333333	11.856827	
6/30/2021 09:33:54.118187349	91.995017	16.722535	1005.422500	3.589777	18.687755	538.517289	87.968082	15.708825	1003.551436	5.319547	11.855697	
6/30/2021 09:33:55.118187349	91.686183	16.703800	1005.377398	3.501736	18.650610	537.789885	88.022200	15.502760	1003.141882	2.958927	11.889275	
6/30/2021 09:33:56.118187349	91.883311	16.826552	1005.801854	3.807215	18.723471	537.660434	87.988556	15.545093	1003.594963	3.740211	11.861729	
6/30/2021 09:33:57.118187349	91.857027	16.626144	1005.627198	3.211995	18.719185	537.186669	87.744827	15.538976	1003.689111	3.250010	11.851268	
6/30/2021 09:33:58.118187349	91.653328	16.694978	1005.550555	3.738291	18.820620	540.567430	88.198407	15.571032	1003.661039	8.767992	11.870903	
6/30/2021 09:33:59.118187349	92.027872	16.672693	1004.536841	3.351845	18.642977	537.519816	88.070062	15.520296	1003.402407	1.937128	11.865462	
6/30/2021 09:34:00.118187349	91.922737	16.721936	1005.757618	3.574084	18.680122	538.560653	87.929313	15.636923	1003.848707	7.737020	11.854186	
6/30/2021 09:34:01.118187349	91.863598	16.721263	1003.952631	3.297935	18.772454	537.946270	87.841079	15.512930	1003.597170	3.291407	11.856854	
6/30/2021 09:34:02.118187349	91.942449	16.779628	1006.454428	4.032085	18.765106	541.162752	88.027772	15.554014	1003.577772	6.270348	11.862032	
6/30/2021 09:34:03.118187349	91.745321	16.704773	1005.896555	3.578935	18.667345	539.388595	88.059575	15.481594	1003.288703	5.057025	11.884833	
6/30/2021 09:34:04.118187349	91.988446	16.622069	1005.978481	3.504466	18.708450	541.294171	88.230368	15.640140	1003.208115	2.472657	11.821305	
6/30/2021 09:34:05.118187349	91.738750	16.657775	1004.908468	3.516850	18.687714	540.864433	88.239489	15.553189	1003.135416	5.519975	11.882967	
6/30/2021 09:34:06.118187349	92.205287	16.812457	1006.467438	3.786433	18.722655	541.466333	87.824230	15.560343	1003.625400	7.942690	11.835853	
6/30/2021 09:34:07.118187349	91.909595	16.693631	1005.563487	3.622081	18.671305	540.919628	88.105624	15.505871	1003.430637	7.760339	11.894242	
6/30/2021 09:34:08.118187349	91.824173	16.711393	1006.427698	3.815053	18.786904	543.205662	88.149413	15.650512	1003.586603	3.291407	11.860533	
6/30/2021 09:34:09.118187349	92.093581	16.678938	1005.775833	3.463341	18.614648	540.866401	87.919982	15.533060	1003.533774	2.039308	11.866132	
6/30/2021 09:34:10.118187349	91.988446	16.759214	1005.910511	3.650390	18.730247	543.830560	88.262461	15.679362	1003.564368	12.353460	11.854120	
6/30/2021 09:34:11.118187349	91.995017	16.736105	1005.666072	3.529648	18.673550	542.328441	88.128597	15.548828	1003.349892	6.382742	11.886541	
6/30/2021 09:34:12.118187349	92.001588	16.847939	1005.978166	3.845222	18.734819	543.672196	88.004405	15.549760	1003.328286	7.007616	11.868116	
6/30/2021 09:34:13.118187349	91.929308	16.699202	1005.508921	3.561373	18.680938	543.436303	87.898114	15.528699	1003.395784	7.123941	11.891811	
6/30/2021 09:34:14.118187349	92.021301	16.685183	1005.690358	3.613737	18.788985	545.169716	88.295630	15.664619	1003.260631	1.581329	11.844198	
6/30/2021 09:34:15.118187349	91.738750	16.668394	1005.467288	3.527483	18.712369	543.327882	88.071666	15.510750	1003.203228	6.588412	11.891443	
6/30/2021 09:34:16.118187349	92.244713	16.738351	1006.309421	3.449389	18.652365	543.659713	87.917275	15.640140	1003.721914	2.634310	11.860297	
6/30/2021 09:34:17.118187349	91.870169	16.678863	1005.586511	3.565358	18.677795	544.004691	88.223035	15.535134	1003.522420	6.914339	11.884005	
6/30/2021 09:34:18.118187349	91.929308	16.800342	1005.880391	3.804361	18.728859	544.379234	88.163816	15.567190	1003.437732	4.482721	11.848745	
6/30/2021 09:34:19.118187349	92.080439	16.688284	1006.237745	3.400562	18.637874	543.442871	87.851066	15.564291	1003.316932	2.203582	11.880693	
6/30/2021 09:34:20.118187349	91.896453	16.727957	1005.289478	3.624374	18.730533	546.525966	88.355558	15.614095	1003.549228	8.076053	11.863162	
6/30/2021 09:34:21.118187349	92.027872	16.647231	1006.435977	3.385544	18.709552	543.438271	88.139531	15.551633	1003.004364	4.645685	11.860389	
6/30/2021 09:34:22.118187349	92.119865	16.825878	1005.994962	3.768725	18.696000	544.076968	87.963928	15.593860	1003.549071	13.256312	11.867564	
6/30/2021 09:34:23.118187349	91.830743	16.708441	1006.793016	3.413634	18.620608	542.802206	87.842682	15.560449	1003.623507	0.498747	11.857537	
6/30/2021 09:34:24.118187349	92.126436	16.742350	1006.790888	4.009024	18.804741	543.134037	88.180455	15.605893	1003.227514	4.111466	11.854423	
6/30/2021 09:34:25.118187349	91.817602	16.694229	1005.276231	3.569821	18.698204	543.816761	88.209446	15.551527	1003.419755	7.365765	11.894361	
6/30/2021 09:34:26.118187349	92.284138	16.639307	1005.383074	3.798188	18.658039	543.254942	88.299941	15.676038	1003.597485	7.885838	11.810634	
6/30/2021 09:34:27.118187349	91.935879	16.915950	1005.740665	3.268741	18.643793	543.938981	87.801810	15.582864	1003.242654	7.329611	11.857590	
6/30/2021 09:34:28.118187349	92.316993	16.784152	1004.938905	3.909569	18.656079	542.482194	88.200667	15.580472	1003.656781	5.195359	11.827140	
6/30/2021 09:34:29.118187349	91.830743	16.652428	1005.052529	3.438862	18.702450	543.083442	88.143394	15.593966	1003.529201	4.864190	11.875068	
6/30/2021 09:34:30.118187349	92.152720	16.689706	1005.831345	3.867947	18.765351	544.375950	88.031688	15.647294	1003.569098	3.700126	11.874950	
6/30/2021 09:34:31.118187349	92.014730	16.763438	1004.657326	3.493383	18.712940	542.241702	88.210445	15.524445	1003.507595	9.318977	11.840111	
